==============================================================================
==============================================================================
 Sep. 3 2016                  LANDSAT 5                       Time: 17:16
                            Image Assessment System
                            GEOMETRIC VERIFY Report
==============================================================================
Order ID: 0501609028013_03551                          Path / Row - 13 / 32
Reference Image: L51GNC1009262150100_HDF.L1G

Color mapping per rank
----------------------
Rank  1 is Green: total residual <= 0.5
Rank  2 is Cyan: 0.5 < total residual <=  1
Rank  3 is Blue:  1 < total residual <=  2
Rank  4 is Yellow:  2 < total residual <=  3
Rank  5 is Red:  3 < total residual

Percentage of residuals by rank
-------------------------------
Rank   1 -- 100.0%
Rank   2 --  0.0%
Rank   3 --  0.0%
Rank   4 --  0.0%
Rank   5 --  0.0%

       GCP    Latitude    Longitude  Sample   Line     Total    Rank
        ID                           Residual Residual Residual
              (Degree)    (Degree)   (Pixel)  (Pixel)  (Pixel)
----------------------------------------------------------------------
0130320091   41.24568    -74.13628     0.03      0.04     0.05     1 
0130320092   41.24539    -74.09869     0.07      0.05     0.09     1 
0130320093   41.24509    -74.06110     0.13      0.03     0.13     1 
0130320094   41.24478    -74.02351     0.17      0.00     0.17     1 
0130320095   41.24445    -73.98592     0.09      0.05     0.10     1 
0130320165   41.22055    -74.17419     0.14      0.16     0.21     1 
0130320166   41.22028    -74.13662     0.18      0.00     0.18     1 
0130320167   41.21999    -74.09904     0.18      0.04     0.18     1 
0130320168   41.21969    -74.06146     0.11      0.11     0.16     1 
0130320169   41.21938    -74.02389     0.17     -0.00     0.17     1 
0130320170   41.21905    -73.98632    -0.00     -0.02     0.02     1 
0130320172   41.21837    -73.91117    -0.00      0.15     0.15     1 
0130320173   41.21801    -73.87360     0.19     -0.08     0.21     1 
0130320174   41.21763    -73.83603     0.11     -0.00     0.12     1 
0130320175   41.21725    -73.79846     0.15     -0.03     0.15     1 
0130320240   41.19516    -74.17451     0.14      0.07     0.15     1 
0130320241   41.19488    -74.13695     0.06      0.12     0.14     1 
0130320242   41.19459    -74.09939     0.10      0.14     0.17     1 
0130320243   41.19429    -74.06183     0.13      0.11     0.17     1 
0130320244   41.19398    -74.02427     0.16      0.04     0.17     1 
0130320245   41.19366    -73.98671     0.16      0.11     0.19     1 
0130320246   41.19332    -73.94915     0.03     -0.06     0.07     1 
0130320247   41.19297    -73.91159     0.19     -0.02     0.19     1 
0130320248   41.19261    -73.87404     0.06     -0.03     0.07     1 
0130320249   41.19224    -73.83648     0.08     -0.01     0.08     1 
0130320250   41.19185    -73.79892     0.10      0.07     0.12     1 
0130320251   41.19145    -73.76137     0.08      0.02     0.08     1 
0130320252   41.19104    -73.72381     0.08      0.05     0.10     1 
0130320253   41.19062    -73.68626     0.09      0.07     0.11     1 
0130320254   41.19019    -73.64871     0.03      0.04     0.05     1 
0130320255   41.18974    -73.61115     0.06      0.02     0.06     1 
0130320315   41.16976    -74.17483     0.18      0.11     0.21     1 
0130320316   41.16948    -74.13728     0.13      0.06     0.14     1 
0130320317   41.16919    -74.09974     0.04      0.06     0.07     1 
0130320318   41.16889    -74.06219     0.19      0.10     0.22     1 
0130320319   41.16858    -74.02465     0.24      0.04     0.25     1 
0130320320   41.16826    -73.98710     0.21      0.02     0.21     1 
0130320321   41.16792    -73.94956     0.08     -0.01     0.09     1 
0130320324   41.16684    -73.83693     0.12      0.02     0.12     1 
0130320325   41.16645    -73.79939     0.09     -0.00     0.09     1 
0130320326   41.16606    -73.76185     0.09      0.14     0.16     1 
0130320327   41.16565    -73.72431     0.12      0.05     0.13     1 
0130320328   41.16522    -73.68677    -0.01      0.07     0.07     1 
0130320329   41.16479    -73.64923     0.04      0.06     0.08     1 
0130320330   41.16434    -73.61169    -0.01      0.01     0.01     1 
0130320331   41.16389    -73.57415     0.00      0.03     0.03     1 
0130320332   41.16342    -73.53662    -0.05      0.11     0.12     1 
0130320333   41.16293    -73.49908     0.08     -0.01     0.08     1 
0130320334   41.16244    -73.46155     0.06      0.03     0.07     1 
0130320335   41.16193    -73.42402     0.07      0.02     0.07     1 
0130320336   41.16141    -73.38648     0.10     -0.01     0.11     1 
0130320391   41.14408    -74.13762     0.15      0.02     0.16     1 
0130320392   41.14379    -74.10008     0.17      0.04     0.18     1 
0130320393   41.14350    -74.06255     0.18      0.08     0.19     1 
0130320394   41.14318    -74.02502     0.16      0.10     0.18     1 
0130320395   41.14286    -73.98749     0.11      0.00     0.11     1 
0130320396   41.14252    -73.94996     0.09      0.02     0.10     1 
0130320397   41.14218    -73.91243     0.10     -0.08     0.13     1 
0130320399   41.14144    -73.83738     0.08      0.10     0.13     1 
0130320400   41.14106    -73.79985     0.04      0.14     0.14     1 
0130320401   41.14066    -73.76232     0.07      0.08     0.11     1 
0130320402   41.14025    -73.72480     0.09      0.03     0.10     1 
0130320403   41.13983    -73.68727     0.08      0.01     0.08     1 
0130320404   41.13940    -73.64975     0.11      0.01     0.11     1 
0130320405   41.13895    -73.61223    -0.06      0.02     0.07     1 
0130320406   41.13849    -73.57470     0.02      0.02     0.03     1 
0130320407   41.13802    -73.53718     0.05      0.06     0.08     1 
0130320408   41.13754    -73.49966     0.03      0.10     0.11     1 
0130320409   41.13704    -73.46214     0.03      0.07     0.07     1 
0130320410   41.13654    -73.42462     0.02      0.01     0.02     1 
0130320411   41.13602    -73.38711     0.07      0.02     0.07     1 
0130320412   41.13549    -73.34959     0.01      0.03     0.03     1 
0130320413   41.13494    -73.31207     0.05      0.04     0.07     1 
0130320414   41.13439    -73.27456    -0.15      0.03     0.15     1 
0130320465   41.11896    -74.17547     0.14     -0.01     0.14     1 
0130320466   41.11868    -74.13795     0.03      0.08     0.08     1 
0130320467   41.11839    -74.10043     0.18      0.00     0.18     1 
0130320468   41.11810    -74.06291     0.11     -0.01     0.11     1 
0130320469   41.11778    -74.02540     0.11     -0.01     0.11     1 
0130320470   41.11746    -73.98788     0.18      0.04     0.18     1 
0130320471   41.11713    -73.95037     0.12      0.00     0.12     1 
0130320472   41.11678    -73.91285     0.16     -0.10     0.18     1 
0130320474   41.11604    -73.83782     0.16      0.01     0.16     1 
0130320475   41.11566    -73.80031     0.08      0.10     0.13     1 
0130320476   41.11526    -73.76280     0.14      0.05     0.15     1 
0130320477   41.11485    -73.72529     0.08     -0.01     0.09     1 
0130320478   41.11443    -73.68778     0.07     -0.03     0.08     1 
0130320479   41.11400    -73.65027     0.08      0.02     0.08     1 
0130320480   41.11355    -73.61276     0.12      0.00     0.12     1 
0130320481   41.11310    -73.57525     0.03      0.05     0.06     1 
0130320482   41.11263    -73.53775     0.04      0.05     0.06     1 
0130320483   41.11214    -73.50024     0.04      0.08     0.09     1 
0130320484   41.11165    -73.46274     0.01      0.08     0.09     1 
0130320485   41.11114    -73.42523     0.02     -0.03     0.03     1 
0130320486   41.11062    -73.38773     0.07     -0.20     0.21     1 
0130320540   41.09356    -74.17579     0.12      0.04     0.13     1 
0130320541   41.09328    -74.13828     0.08      0.02     0.08     1 
0130320542   41.09300    -74.10078     0.20      0.04     0.20     1 
0130320543   41.09270    -74.06328     0.18      0.07     0.19     1 
0130320544   41.09239    -74.02577     0.09      0.03     0.09     1 
0130320545   41.09206    -73.98827     0.13     -0.04     0.13     1 
0130320546   41.09173    -73.95077     0.04      0.02     0.05     1 
0130320548   41.09102    -73.87577     0.07     -0.04     0.08     1 
0130320549   41.09065    -73.83827     0.10      0.09     0.13     1 
0130320550   41.09026    -73.80078     0.12      0.03     0.12     1 
0130320551   41.08987    -73.76328     0.02     -0.02     0.03     1 
0130320552   41.08946    -73.72578     0.05      0.01     0.05     1 
0130320553   41.08904    -73.68828     0.10     -0.07     0.13     1 
0130320554   41.08860    -73.65079     0.04      0.07     0.09     1 
0130320555   41.08816    -73.61330     0.07      0.05     0.09     1 
0130320556   41.08770    -73.57580     0.02      0.08     0.08     1 
0130320557   41.08723    -73.53831     0.09     -0.01     0.09     1 
0130320558   41.08675    -73.50082     0.09      0.05     0.10     1 
0130320559   41.08626    -73.46333     0.02      0.02     0.03     1 
0130320560   41.08575    -73.42584    -0.01     -0.09     0.09     1 
0130320614   41.06842    -74.21359     0.15      0.00     0.15     1 
0130320615   41.06816    -74.17610     0.14      0.06     0.16     1 
0130320616   41.06788    -74.13861     0.09     -0.02     0.09     1 
0130320617   41.06759    -74.10112     0.15      0.07     0.16     1 
0130320618   41.06730    -74.06364     0.14      0.04     0.15     1 
0130320619   41.06699    -74.02615     0.10      0.03     0.10     1 
0130320620   41.06666    -73.98866     0.19      0.04     0.19     1 
0130320621   41.06633    -73.95118     0.20      0.06     0.21     1 
0130320623   41.06562    -73.87620     0.02      0.03     0.03     1 
0130320624   41.06525    -73.83872     0.13      0.01     0.13     1 
0130320625   41.06487    -73.80124     0.06      0.06     0.08     1 
0130320626   41.06447    -73.76375    -0.01      0.02     0.03     1 
0130320627   41.06406    -73.72627     0.03     -0.01     0.03     1 
0130320628   41.06364    -73.68879     0.07     -0.03     0.07     1 
0130320629   41.06321    -73.65131     0.09      0.01     0.09     1 
0130320630   41.06276    -73.61383     0.11      0.01     0.11     1 
0130320631   41.06231    -73.57635     0.07     -0.02     0.08     1 
0130320632   41.06184    -73.53887     0.05      0.03     0.06     1 
0130320633   41.06136    -73.50140    -0.04      0.01     0.05     1 
0130320634   41.06086    -73.46392    -0.19     -0.08     0.21     1 
0130320635   41.06036    -73.42644    -0.18     -0.14     0.22     1 
0130320689   41.04302    -74.21389     0.16      0.10     0.19     1 
0130320690   41.04275    -74.17642     0.13      0.08     0.15     1 
0130320691   41.04248    -74.13894     0.16      0.12     0.20     1 
0130320692   41.04219    -74.10147     0.15      0.08     0.17     1 
0130320693   41.04190    -74.06400     0.03      0.05     0.05     1 
0130320694   41.04159    -74.02652     0.09     -0.02     0.09     1 
0130320695   41.04126    -73.98905     0.07     -0.05     0.09     1 
0130320696   41.04093    -73.95158     0.16     -0.01     0.16     1 
0130320697   41.04058    -73.91411     0.07     -0.08     0.11     1 
0130320698   41.04022    -73.87664     0.04      0.08     0.09     1 
0130320699   41.03985    -73.83917     0.07     -0.03     0.08     1 
0130320700   41.03947    -73.80170     0.13      0.04     0.14     1 
0130320701   41.03907    -73.76423     0.14     -0.07     0.16     1 
0130320702   41.03867    -73.72676     0.11     -0.03     0.12     1 
0130320703   41.03824    -73.68929     0.10      0.02     0.10     1 
0130320704   41.03781    -73.65183     0.02     -0.04     0.04     1 
0130320705   41.03737    -73.61436     0.07      0.08     0.10     1 
0130320706   41.03691    -73.57690    -0.01      0.01     0.01     1 
0130320707   41.03644    -73.53943    -0.01     -0.07     0.07     1 
0130320734   41.01919    -72.52833     0.02     -0.22     0.22     1 
0130320735   41.01838    -72.49090    -0.12     -0.11     0.16     1 
0130320736   41.01756    -72.45347    -0.18     -0.08     0.19     1 
0130320764   41.01762    -74.21420     0.08      0.20     0.21     1 
0130320765   41.01736    -74.17673     0.06      0.12     0.13     1 
0130320766   41.01708    -74.13927     0.16     -0.04     0.17     1 
0130320767   41.01680    -74.10182     0.15      0.08     0.17     1 
0130320768   41.01650    -74.06436     0.14      0.05     0.15     1 
0130320769   41.01619    -74.02690     0.12      0.08     0.14     1 
0130320770   41.01586    -73.98944     0.09      0.06     0.11     1 
0130320771   41.01553    -73.95198     0.09      0.00     0.09     1 
0130320772   41.01518    -73.91452     0.16     -0.05     0.17     1 
0130320773   41.01483    -73.87707     0.09      0.04     0.10     1 
0130320774   41.01445    -73.83961     0.14      0.07     0.16     1 
0130320775   41.01407    -73.80216     0.13      0.01     0.13     1 
0130320776   41.01367    -73.76470     0.09      0.03     0.10     1 
0130320777   41.01327    -73.72725     0.10      0.05     0.11     1 
0130320778   41.01285    -73.68980     0.05      0.04     0.07     1 
0130320779   41.01242    -73.65235    -0.00     -0.06     0.06     1 
0130320809   40.99381    -72.52928    -0.05     -0.04     0.06     1 
0130320810   40.99300    -72.49186    -0.21      0.02     0.21     1 
0130320813   40.99050    -72.37963     0.02     -0.03     0.04     1 
0130320814   40.98964    -72.34222    -0.00      0.04     0.04     1 
0130320815   40.98877    -72.30481    -0.09      0.00     0.09     1 
0130320816   40.98789    -72.26740     0.03     -0.10     0.10     1 
0130320817   40.98700    -72.23000    -0.05     -0.04     0.06     1 
0130320839   40.99222    -74.21450     0.12      0.07     0.14     1 
0130320840   40.99195    -74.17705     0.11      0.07     0.13     1 
0130320841   40.99168    -74.13961     0.10      0.09     0.13     1 
0130320842   40.99139    -74.10216     0.13      0.03     0.13     1 
0130320843   40.99110    -74.06472     0.14      0.04     0.14     1 
0130320844   40.99079    -74.02727     0.09      0.04     0.10     1 
0130320845   40.99047    -73.98983     0.09      0.08     0.12     1 
0130320846   40.99013    -73.95238     0.15      0.02     0.16     1 
0130320847   40.98978    -73.91494     0.12     -0.01     0.12     1 
0130320848   40.98943    -73.87750     0.07      0.02     0.08     1 
0130320849   40.98906    -73.84006     0.06      0.08     0.10     1 
0130320850   40.98867    -73.80262     0.14      0.04     0.14     1 
0130320851   40.98828    -73.76518     0.12      0.06     0.13     1 
0130320852   40.98787    -73.72774     0.06      0.01     0.06     1 
0130320853   40.98745    -73.69030     0.09     -0.01     0.10     1 
0130320855   40.98658    -73.61543    -0.10      0.01     0.10     1 
0130320869   40.97909    -73.09141     0.21      0.10     0.23     1 
0130320879   40.97228    -72.71725     0.20      0.10     0.22     1 
0130320882   40.97001    -72.60503     0.14     -0.03     0.14     1 
0130320883   40.96922    -72.56763    -0.00     -0.13     0.13     1 
0130320888   40.96513    -72.38063    -0.08      0.26     0.27     1 
0130320889   40.96427    -72.34324     0.10     -0.11     0.15     1 
0130320890   40.96340    -72.30584    -0.01     -0.02     0.03     1 
0130320891   40.96252    -72.26845     0.01      0.12     0.12     1 
0130320892   40.96163    -72.23106     0.06      0.05     0.07     1 
0130320893   40.96072    -72.19367     0.01      0.03     0.04     1 
0130320913   40.96706    -74.25223     0.13      0.04     0.13     1 
0130320914   40.96681    -74.21480     0.09      0.20     0.22     1 
0130320915   40.96655    -74.17737     0.15      0.01     0.15     1 
0130320916   40.96628    -74.13993     0.14      0.06     0.15     1 
0130320917   40.96599    -74.10250     0.16      0.03     0.16     1 
0130320918   40.96570    -74.06507     0.13      0.07     0.15     1 
0130320919   40.96539    -74.02764     0.10      0.05     0.11     1 
0130320920   40.96507    -73.99021     0.08      0.07     0.10     1 
0130320921   40.96473    -73.95279     0.11      0.02     0.11     1 
0130320923   40.96403    -73.87793     0.12      0.02     0.13     1 
0130320924   40.96366    -73.84050     0.10     -0.12     0.16     1 
0130320925   40.96328    -73.80308     0.12      0.06     0.13     1 
0130320926   40.96288    -73.76565     0.14      0.06     0.15     1 
0130320927   40.96247    -73.72823     0.16      0.01     0.16     1 
0130320928   40.96205    -73.69080    -0.09     -0.07     0.11     1 
0130320943   40.95431    -73.12955     0.07     -0.14     0.16     1 
0130320944   40.95370    -73.09215     0.15     -0.20     0.25     1 
0130320945   40.95307    -73.05474     0.06     -0.09     0.11     1 
0130320946   40.95244    -73.01733     0.04      0.04     0.06     1 
0130320947   40.95179    -72.97993     0.05     -0.03     0.06     1 
0130320948   40.95113    -72.94252     0.04     -0.05     0.06     1 
0130320949   40.95045    -72.90512     0.08      0.00     0.08     1 
0130320950   40.94977    -72.86772     0.08     -0.06     0.10     1 
0130320951   40.94907    -72.83032     0.09      0.09     0.13     1 
0130320952   40.94836    -72.79292    -0.12     -0.02     0.12     1 
0130320953   40.94764    -72.75553    -0.13      0.09     0.16     1 
0130320954   40.94690    -72.71813     0.05      0.08     0.09     1 
0130320955   40.94616    -72.68073    -0.03      0.02     0.04     1 
0130320956   40.94540    -72.64334     0.23     -0.02     0.23     1 
0130320957   40.94463    -72.60595     0.02      0.07     0.07     1 
0130320958   40.94384    -72.56856    -0.19      0.04     0.20     1 
0130320962   40.94059    -72.41902    -0.01     -0.01     0.01     1 
0130320963   40.93975    -72.38163     0.05      0.07     0.09     1 
0130320965   40.93803    -72.30687     0.01      0.08     0.08     1 
0130320967   40.93625    -72.23212    -0.18      0.10     0.20     1 
0130320988   40.94166    -74.25252     0.13      0.07     0.15     1 
0130320989   40.94141    -74.21510     0.14      0.01     0.14     1 
0130320990   40.94115    -74.17768     0.15      0.06     0.16     1 
0130320991   40.94088    -74.14026     0.10      0.13     0.16     1 
0130320992   40.94060    -74.10285     0.13      0.06     0.15     1 
0130320993   40.94030    -74.06543     0.12      0.13     0.17     1 
0130320994   40.93999    -74.02802     0.17      0.03     0.17     1 
0130320995   40.93967    -73.99060     0.16      0.06     0.17     1 
0130320996   40.93933    -73.95319     0.12      0.04     0.13     1 
0130320998   40.93863    -73.87836     0.06      0.05     0.08     1 
0130320999   40.93826    -73.84095     0.04      0.03     0.05     1 
0130321000   40.93788    -73.80353     0.04     -0.04     0.06     1 
0130321001   40.93748    -73.76612     0.08     -0.02     0.08     1 
0130321018   40.92892    -73.13027     0.08     -0.00     0.08     1 
0130321019   40.92831    -73.09288     0.05     -0.05     0.07     1 
0130321020   40.92769    -73.05548     0.05      0.02     0.05     1 
0130321021   40.92705    -73.01809     0.03     -0.05     0.06     1 
0130321022   40.92640    -72.98070    -0.20     -0.01     0.20     1 
0130321023   40.92574    -72.94331    -0.10     -0.11     0.15     1 
0130321024   40.92507    -72.90592     0.04     -0.05     0.06     1 
0130321025   40.92438    -72.86854     0.03     -0.03     0.05     1 
0130321026   40.92368    -72.83115     0.04     -0.16     0.17     1 
0130321027   40.92297    -72.79377     0.08     -0.07     0.11     1 
0130321028   40.92225    -72.75638     0.03     -0.02     0.04     1 
0130321029   40.92152    -72.71900    -0.02      0.02     0.03     1 
0130321030   40.92077    -72.68162     0.02      0.03     0.03     1 
0130321031   40.92001    -72.64424     0.00     -0.03     0.03     1 
0130321032   40.91924    -72.60687     0.11     -0.17     0.20     1 
0130321033   40.91846    -72.56949     0.10      0.05     0.11     1 
0130321036   40.91604    -72.45737     0.09      0.15     0.17     1 
0130321037   40.91521    -72.42000    -0.08      0.11     0.13     1 
0130321038   40.91437    -72.38264    -0.03      0.10     0.10     1 
0130321039   40.91352    -72.34527    -0.00      0.10     0.10     1 
0130321040   40.91265    -72.30791     0.06     -0.01     0.06     1 
0130321063   40.91626    -74.25280     0.19      0.05     0.20     1 
0130321064   40.91601    -74.21540     0.12      0.04     0.13     1 
0130321065   40.91575    -74.17800     0.00      0.05     0.05     1 
0130321066   40.91548    -74.14059     0.02      0.04     0.05     1 
0130321067   40.91519    -74.10319     0.07     -0.00     0.07     1 
0130321069   40.91459    -74.02839     0.03     -0.00     0.03     1 
0130321070   40.91427    -73.99099     0.08      0.08     0.11     1 
0130321071   40.91393    -73.95359     0.10      0.07     0.12     1 
0130321073   40.91323    -73.87879     0.01      0.10     0.10     1 
0130321074   40.91286    -73.84139     0.02      0.04     0.04     1 
0130321075   40.91248    -73.80399     0.13      0.03     0.14     1 
0130321076   40.91208    -73.76660    -0.17     -0.09     0.19     1 
0130321084   40.90850    -73.46745    -0.13      0.01     0.13     1 
0130321085   40.90799    -73.43006     0.06     -0.25     0.26     1 
0130321087   40.90695    -73.35529     0.10     -0.02     0.10     1 
0130321088   40.90641    -73.31790     0.08      0.07     0.11     1 
0130321089   40.90586    -73.28051     0.14      0.05     0.15     1 
0130321090   40.90530    -73.24313     0.26      0.00     0.26     1 
0130321091   40.90472    -73.20575     0.09      0.08     0.12     1 
0130321092   40.90413    -73.16837     0.07      0.07     0.10     1 
0130321093   40.90353    -73.13098     0.15     -0.08     0.16     1 
0130321094   40.90292    -73.09360     0.03      0.05     0.06     1 
0130321095   40.90230    -73.05623     0.05     -0.04     0.06     1 
0130321096   40.90166    -73.01885     0.09      0.00     0.09     1 
0130321097   40.90101    -72.98147     0.03      0.02     0.03     1 
0130321098   40.90035    -72.94410     0.02      0.26     0.26     1 
0130321099   40.89968    -72.90672     0.06     -0.17     0.18     1 
0130321100   40.89899    -72.86935     0.00      0.03     0.03     1 
0130321101   40.89830    -72.83198    -0.02      0.03     0.04     1 
0130321102   40.89759    -72.79461     0.08     -0.01     0.08     1 
0130321103   40.89687    -72.75724    -0.00     -0.03     0.03     1 
0130321104   40.89614    -72.71988     0.14      0.03     0.14     1 
0130321105   40.89539    -72.68251     0.01     -0.00     0.01     1 
0130321106   40.89463    -72.64515    -0.02     -0.04     0.04     1 
0130321107   40.89386    -72.60778    -0.08     -0.13     0.15     1 
0130321108   40.89308    -72.57042    -0.04     -0.08     0.09     1 
0130321109   40.89229    -72.53306     0.04      0.07     0.08     1 
0130321110   40.89148    -72.49570     0.05      0.04     0.06     1 
0130321111   40.89066    -72.45835    -0.02      0.04     0.05     1 
0130321112   40.88983    -72.42099     0.00      0.01     0.01     1 
0130321113   40.88899    -72.38364     0.01     -0.04     0.04     1 
0130321114   40.88814    -72.34628    -0.08      0.14     0.16     1 
0130321138   40.89086    -74.25309     0.03      0.04     0.05     1 
0130321139   40.89061    -74.21570    -0.03      0.02     0.03     1 
0130321140   40.89035    -74.17831     0.08      0.05     0.09     1 
0130321141   40.89008    -74.14092     0.06      0.07     0.10     1 
0130321142   40.88979    -74.10353     0.13     -0.01     0.13     1 
0130321143   40.88950    -74.06615     0.02     -0.02     0.03     1 
0130321144   40.88919    -74.02876     0.04     -0.04     0.05     1 
0130321145   40.88887    -73.99137     0.11     -0.01     0.11     1 
0130321146   40.88853    -73.95399     0.13      0.00     0.13     1 
0130321148   40.88783    -73.87922     0.03      0.03     0.05     1 
0130321149   40.88746    -73.84183     0.02      0.08     0.08     1 
0130321150   40.88708    -73.80445     0.13      0.01     0.13     1 
0130321155   40.88499    -73.61755     0.10      0.01     0.10     1 
0130321156   40.88454    -73.58017     0.10     -0.01     0.10     1 
0130321160   40.88260    -73.43066     0.03      0.07     0.08     1 
0130321161   40.88209    -73.39329     0.08      0.07     0.10     1 
0130321162   40.88156    -73.35592     0.06      0.08     0.10     1 
0130321163   40.88102    -73.31854     0.06      0.09     0.10     1 
0130321164   40.88047    -73.28117    -0.07      0.08     0.11     1 
0130321165   40.87991    -73.24380     0.18      0.02     0.18     1 
0130321166   40.87933    -73.20643     0.09      0.05     0.11     1 
0130321167   40.87874    -73.16907     0.06      0.04     0.07     1 
0130321168   40.87814    -73.13170     0.05      0.02     0.05     1 
0130321169   40.87753    -73.09433     0.05     -0.05     0.07     1 
0130321170   40.87691    -73.05697     0.11     -0.06     0.12     1 
0130321171   40.87627    -73.01961     0.09      0.04     0.10     1 
0130321172   40.87562    -72.98225     0.05     -0.00     0.05     1 
0130321173   40.87497    -72.94488     0.03      0.00     0.03     1 
0130321174   40.87429    -72.90753     0.02      0.02     0.03     1 
0130321175   40.87361    -72.87017     0.09      0.05     0.10     1 
0130321176   40.87291    -72.83281    -0.01     -0.05     0.05     1 
0130321177   40.87221    -72.79545     0.03      0.01     0.03     1 
0130321178   40.87148    -72.75810     0.01     -0.01     0.02     1 
0130321179   40.87075    -72.72075     0.09     -0.07     0.11     1 
0130321181   40.86925    -72.64605    -0.04      0.10     0.11     1 
0130321183   40.86770    -72.57135    -0.05     -0.03     0.06     1 
0130321184   40.86691    -72.53400    -0.04      0.11     0.12     1 
0130321185   40.86610    -72.49666    -0.00     -0.17     0.17     1 
0130321187   40.86446    -72.42198     0.20      0.03     0.20     1 
0130321213   40.86546    -74.25338     0.17      0.09     0.19     1 
0130321214   40.86521    -74.21600     0.07      0.01     0.07     1 
0130321215   40.86495    -74.17863     0.07      0.08     0.11     1 
0130321216   40.86468    -74.14125     0.05      0.05     0.07     1 
0130321217   40.86439    -74.10388     0.04      0.01     0.04     1 
0130321218   40.86410    -74.06650    -0.10     -0.03     0.10     1 
0130321219   40.86379    -74.02913    -0.06     -0.01     0.06     1 
0130321220   40.86347    -73.99176     0.03      0.05     0.06     1 
0130321222   40.86279    -73.91702    -0.01     -0.02     0.02     1 
0130321223   40.86243    -73.87965    -0.08      0.06     0.10     1 
0130321224   40.86206    -73.84228    -0.02      0.05     0.05     1 
0130321225   40.86168    -73.80491    -0.21     -0.16     0.27     1 
0130321230   40.85959    -73.61807     0.02      0.05     0.06     1 
0130321231   40.85914    -73.58071     0.11      0.08     0.13     1 
0130321232   40.85868    -73.54335     0.07      0.04     0.08     1 
0130321233   40.85820    -73.50598     0.13      0.02     0.13     1 
0130321234   40.85771    -73.46862     0.06      0.02     0.06     1 
0130321235   40.85721    -73.43126     0.13     -0.07     0.15     1 
0130321236   40.85669    -73.39390     0.00     -0.02     0.02     1 
0130321237   40.85616    -73.35654     0.12      0.00     0.12     1 
0130321238   40.85563    -73.31919     0.10     -0.01     0.10     1 
0130321239   40.85508    -73.28183     0.06      0.02     0.06     1 
0130321240   40.85451    -73.24447     0.10     -0.02     0.11     1 
0130321241   40.85394    -73.20712     0.04      0.06     0.07     1 
0130321242   40.85335    -73.16977    -0.02      0.03     0.04     1 
0130321243   40.85275    -73.13241     0.07     -0.10     0.12     1 
0130321244   40.85214    -73.09506     0.10      0.00     0.10     1 
0130321245   40.85152    -73.05771     0.09     -0.03     0.10     1 
0130321247   40.85024    -72.98301     0.18      0.02     0.18     1 
0130321248   40.84958    -72.94567     0.14      0.06     0.15     1 
0130321249   40.84891    -72.90832     0.12      0.11     0.16     1 
0130321250   40.84822    -72.87098    -0.04     -0.01     0.04     1 
0130321251   40.84753    -72.83364     0.07     -0.08     0.10     1 
0130321252   40.84682    -72.79630     0.09      0.02     0.09     1 
0130321253   40.84610    -72.75896     0.02     -0.03     0.04     1 
0130321254   40.84537    -72.72162     0.01      0.07     0.07     1 
0130321256   40.84387    -72.64694    -0.12     -0.05     0.12     1 
0130321257   40.84310    -72.60961     0.07      0.02     0.07     1 
0130321258   40.84232    -72.57228    -0.09      0.01     0.09     1 
0130321259   40.84153    -72.53495    -0.23     -0.00     0.23     1 
0130321260   40.84072    -72.49762    -0.05     -0.22     0.22     1 
0130321287   40.84029    -74.29102     0.13      0.08     0.15     1 
0130321288   40.84006    -74.25366     0.16      0.06     0.17     1 
0130321289   40.83981    -74.21630     0.14      0.06     0.15     1 
0130321290   40.83955    -74.17894     0.13      0.01     0.13     1 
0130321291   40.83928    -74.14158     0.05      0.05     0.07     1 
0130321292   40.83899    -74.10422     0.01     -0.02     0.02     1 
0130321293   40.83870    -74.06686    -0.06      0.01     0.06     1 
0130321294   40.83839    -74.02950     0.02     -0.01     0.02     1 
0130321295   40.83807    -73.99214     0.08      0.02     0.09     1 
0130321297   40.83739    -73.91743    -0.06      0.02     0.07     1 
0130321298   40.83703    -73.88007    -0.02     -0.07     0.07     1 
0130321299   40.83666    -73.84272    -0.06     -0.02     0.06     1 
0130321303   40.83507    -73.69330    -0.05      0.07     0.09     1 
0130321304   40.83464    -73.65595     0.15     -0.19     0.24     1 
0130321305   40.83420    -73.61860     0.06      0.04     0.07     1 
0130321306   40.83375    -73.58125     0.06     -0.01     0.06     1 
0130321307   40.83328    -73.54390     0.07      0.00     0.08     1 
0130321308   40.83280    -73.50656     0.07      0.00     0.07     1 
0130321309   40.83231    -73.46921     0.07     -0.02     0.07     1 
0130321310   40.83181    -73.43186     0.03      0.03     0.04     1 
0130321311   40.83130    -73.39451     0.11      0.00     0.11     1 
0130321312   40.83077    -73.35717    -0.05      0.06     0.08     1 
0130321313   40.83023    -73.31983     0.02      0.04     0.05     1 
0130321314   40.82968    -73.28248     0.09     -0.04     0.10     1 
0130321315   40.82912    -73.24514    -0.05      0.09     0.10     1 
0130321316   40.82855    -73.20780     0.06      0.02     0.06     1 
0130321317   40.82796    -73.17046     0.01     -0.03     0.03     1 
0130321318   40.82736    -73.13313    -0.01     -0.17     0.17     1 
0130321319   40.82675    -73.09579     0.09     -0.04     0.10     1 
0130321320   40.82613    -73.05845     0.14      0.03     0.14     1 
0130321321   40.82549    -73.02112    -0.02     -0.01     0.02     1 
0130321322   40.82485    -72.98378    -0.02     -0.04     0.04     1 
0130321323   40.82419    -72.94645     0.07     -0.10     0.12     1 
0130321324   40.82352    -72.90912     0.08     -0.03     0.09     1 
0130321325   40.82284    -72.87179     0.02     -0.02     0.03     1 
0130321326   40.82214    -72.83446     0.07     -0.04     0.08     1 
0130321327   40.82143    -72.79714     0.02      0.13     0.13     1 
0130321328   40.82071    -72.75981     0.01      0.18     0.18     1 
0130321329   40.81998    -72.72249     0.02      0.03     0.04     1 
0130321330   40.81924    -72.68516    -0.06      0.04     0.07     1 
0130321331   40.81849    -72.64784     0.07      0.07     0.10     1 
0130321332   40.81772    -72.61052    -0.09      0.09     0.13     1 
0130321333   40.81694    -72.57320    -0.14     -0.07     0.15     1 
0130321362   40.81489    -74.29129     0.10      0.05     0.11     1 
0130321363   40.81465    -74.25395     0.18      0.09     0.20     1 
0130321364   40.81441    -74.21660     0.06      0.07     0.09     1 
0130321365   40.81415    -74.17925     0.14      0.03     0.14     1 
0130321366   40.81388    -74.14191     0.05      0.01     0.05     1 
0130321367   40.81359    -74.10456    -0.02      0.07     0.07     1 
0130321368   40.81330    -74.06722    -0.09      0.07     0.12     1 
0130321369   40.81299    -74.02987    -0.07     -0.02     0.08     1 
0130321370   40.81267    -73.99253    -0.10     -0.04     0.10     1 
0130321371   40.81233    -73.95519     0.01     -0.03     0.03     1 
0130321372   40.81199    -73.91784    -0.04     -0.06     0.07     1 
0130321373   40.81164    -73.88050    -0.21     -0.02     0.21     1 
0130321374   40.81127    -73.84316    -0.21     -0.06     0.22     1 
0130321377   40.81009    -73.73114     0.06      0.00     0.06     1 
0130321378   40.80967    -73.69380    -0.03      0.16     0.16     1 
0130321379   40.80924    -73.65646    -0.08     -0.08     0.12     1 
0130321380   40.80880    -73.61913     0.04      0.07     0.08     1 
0130321381   40.80835    -73.58179     0.09      0.11     0.14     1 
0130321382   40.80788    -73.54446     0.02      0.04     0.04     1 
0130321383   40.80741    -73.50712     0.03      0.03     0.04     1 
0130321384   40.80692    -73.46979    -0.01      0.01     0.01     1 
0130321385   40.80642    -73.43246     0.00      0.04     0.04     1 
0130321386   40.80590    -73.39513    -0.09      0.21     0.23     1 
0130321387   40.80538    -73.35780     0.05      0.09     0.10     1 
0130321388   40.80484    -73.32047     0.02      0.03     0.04     1 
0130321389   40.80429    -73.28314     0.00      0.01     0.01     1 
0130321390   40.80373    -73.24581    -0.03      0.03     0.04     1 
0130321391   40.80316    -73.20849    -0.02     -0.00     0.02     1 
0130321392   40.80257    -73.17116    -0.03      0.01     0.03     1 
0130321393   40.80197    -73.13384    -0.03      0.08     0.08     1 
0130321394   40.80136    -73.09651    -0.03      0.02     0.03     1 
0130321395   40.80074    -73.05919     0.06      0.03     0.07     1 
0130321396   40.80011    -73.02187    -0.00     -0.15     0.15     1 
0130321397   40.79946    -72.98455     0.08     -0.03     0.09     1 
0130321399   40.79813    -72.90992     0.01      0.04     0.04     1 
0130321400   40.79745    -72.87260     0.04      0.01     0.04     1 
0130321401   40.79676    -72.83529    -0.01      0.01     0.01     1 
0130321402   40.79605    -72.79798     0.03      0.01     0.03     1 
0130321403   40.79533    -72.76067    -0.03     -0.01     0.03     1 
0130321405   40.79386    -72.68605    -0.05     -0.00     0.05     1 
0130321406   40.79310    -72.64874    -0.01     -0.02     0.03     1 
0130321437   40.78949    -74.29156     0.14      0.04     0.14     1 
0130321438   40.78925    -74.25423     0.05     -0.01     0.05     1 
0130321439   40.78901    -74.21690     0.08      0.06     0.10     1 
0130321440   40.78874    -74.17956     0.10      0.05     0.11     1 
0130321441   40.78847    -74.14223     0.06     -0.17     0.18     1 
0130321442   40.78819    -74.10490    -0.09     -0.08     0.12     1 
0130321443   40.78789    -74.06757     0.02     -0.11     0.12     1 
0130321444   40.78759    -74.03024     0.01     -0.05     0.05     1 
0130321446   40.78693    -73.95558     0.09     -0.05     0.10     1 
0130321447   40.78659    -73.91826    -0.13     -0.07     0.15     1 
0130321448   40.78623    -73.88093    -0.05     -0.03     0.06     1 
0130321449   40.78587    -73.84360    -0.08     -0.03     0.08     1 
0130321450   40.78549    -73.80627    -0.04      0.03     0.05     1 
0130321452   40.78469    -73.73162     0.01     -0.01     0.01     1 
0130321453   40.78428    -73.69430     0.04      0.04     0.06     1 
0130321454   40.78385    -73.65698    -0.03      0.01     0.04     1 
0130321455   40.78341    -73.61965     0.04     -0.01     0.04     1 
0130321456   40.78295    -73.58233     0.03      0.01     0.03     1 
0130321457   40.78249    -73.54501     0.00      0.06     0.06     1 
0130321458   40.78201    -73.50769     0.03      0.05     0.05     1 
0130321459   40.78152    -73.47037    -0.02      0.06     0.06     1 
0130321460   40.78102    -73.43306    -0.09     -0.13     0.16     1 
0130321461   40.78051    -73.39574     0.06      0.08     0.10     1 
0130321462   40.77998    -73.35842     0.02      0.02     0.03     1 
0130321463   40.77945    -73.32111    -0.01     -0.01     0.02     1 
0130321464   40.77890    -73.28379    -0.01     -0.05     0.05     1 
0130321465   40.77834    -73.24648     0.08      0.07     0.11     1 
0130321466   40.77776    -73.20917    -0.04     -0.11     0.12     1 
0130321467   40.77718    -73.17186     0.07     -0.04     0.07     1 
0130321468   40.77658    -73.13455     0.08      0.01     0.08     1 
0130321469   40.77597    -73.09724     0.02      0.03     0.04     1 
0130321470   40.77535    -73.05993    -0.07      0.05     0.09     1 
0130321471   40.77472    -73.02263    -0.00      0.01     0.01     1 
0130321472   40.77407    -72.98532    -0.01      0.01     0.01     1 
0130321473   40.77341    -72.94802     0.08     -0.02     0.09     1 
0130321474   40.77275    -72.91071     0.04      0.03     0.05     1 
0130321475   40.77206    -72.87341     0.11      0.00     0.11     1 
0130321476   40.77137    -72.83611     0.14     -0.02     0.14     1 
0130321477   40.77066    -72.79882    -0.10     -0.06     0.11     1 
0130321479   40.76922    -72.72422     0.14     -0.01     0.14     1 
0130321512   40.76409    -74.29183     0.06      0.04     0.08     1 
0130321513   40.76385    -74.25451     0.10      0.03     0.11     1 
0130321514   40.76360    -74.21720     0.01     -0.01     0.01     1 
0130321515   40.76334    -74.17988     0.04      0.03     0.05     1 
0130321516   40.76307    -74.14256    -0.00     -0.02     0.02     1 
0130321517   40.76279    -74.10524    -0.07     -0.13     0.14     1 
0130321518   40.76249    -74.06793     0.04     -0.02     0.04     1 
0130321519   40.76219    -74.03061    -0.07     -0.06     0.10     1 
0130321520   40.76187    -73.99330     0.13     -0.03     0.13     1 
0130321521   40.76154    -73.95598     0.07     -0.09     0.11     1 
0130321522   40.76119    -73.91867    -0.14     -0.03     0.14     1 
0130321523   40.76084    -73.88135    -0.12     -0.02     0.12     1 
0130321524   40.76047    -73.84404    -0.04     -0.11     0.12     1 
0130321525   40.76009    -73.80673     0.01      0.00     0.01     1 
0130321526   40.75970    -73.76942     0.00      0.04     0.04     1 
0130321527   40.75929    -73.73211    -0.06     -0.02     0.06     1 
0130321528   40.75888    -73.69480    -0.03      0.04     0.05     1 
0130321529   40.75845    -73.65749     0.03      0.03     0.04     1 
0130321530   40.75801    -73.62018     0.02      0.07     0.07     1 
0130321531   40.75756    -73.58287     0.00      0.08     0.08     1 
0130321532   40.75709    -73.54557    -0.05      0.02     0.05     1 
0130321533   40.75662    -73.50826    -0.16      0.04     0.17     1 
0130321534   40.75613    -73.47096     0.04      0.03     0.05     1 
0130321535   40.75563    -73.43365     0.04     -0.01     0.04     1 
0130321536   40.75512    -73.39635    -0.03      0.01     0.03     1 
0130321537   40.75459    -73.35905     0.00      0.02     0.02     1 
0130321538   40.75405    -73.32175    -0.04     -0.05     0.06     1 
0130321539   40.75351    -73.28445     0.10     -0.00     0.10     1 
0130321540   40.75294    -73.24715     0.04     -0.02     0.04     1 
0130321541   40.75237    -73.20985     0.06      0.13     0.14     1 
0130321542   40.75179    -73.17256     0.04      0.03     0.05     1 
0130321543   40.75119    -73.13526    -0.02      0.09     0.09     1 
0130321544   40.75058    -73.09797    -0.02     -0.02     0.03     1 
0130321545   40.74996    -73.06067     0.04     -0.03     0.05     1 
0130321546   40.74933    -73.02338    -0.14     -0.11     0.17     1 
0130321547   40.74868    -72.98609    -0.18     -0.02     0.18     1 
0130321548   40.74803    -72.94880    -0.10     -0.00     0.10     1 
0130321550   40.74668    -72.87422    -0.07      0.15     0.17     1 
0130321551   40.74598    -72.83694    -0.25     -0.02     0.25     1 
0130321587   40.73868    -74.29210     0.14      0.07     0.16     1 
0130321588   40.73845    -74.25480     0.03      0.03     0.05     1 
0130321589   40.73820    -74.21749     0.10     -0.07     0.12     1 
0130321590   40.73794    -74.18019     0.03     -0.02     0.04     1 
0130321591   40.73767    -74.14289    -0.06      0.02     0.06     1 
0130321592   40.73739    -74.10558     0.09     -0.02     0.09     1 
0130321593   40.73709    -74.06828     0.03      0.00     0.03     1 
0130321594   40.73679    -74.03098    -0.08     -0.03     0.09     1 
0130321595   40.73647    -73.99368     0.08      0.02     0.08     1 
0130321596   40.73613    -73.95638    -0.12     -0.03     0.12     1 
0130321597   40.73579    -73.91908    -0.01      0.04     0.05     1 
0130321598   40.73544    -73.88178    -0.02     -0.13     0.13     1 
0130321599   40.73507    -73.84448    -0.07     -0.03     0.08     1 
0130321600   40.73469    -73.80718    -0.12     -0.03     0.12     1 
0130321601   40.73430    -73.76989     0.06     -0.05     0.08     1 
0130321602   40.73389    -73.73259    -0.07     -0.00     0.07     1 
0130321603   40.73348    -73.69529    -0.04     -0.01     0.04     1 
0130321604   40.73305    -73.65800     0.00     -0.05     0.05     1 
0130321605   40.73261    -73.62071    -0.07      0.05     0.09     1 
0130321606   40.73216    -73.58341    -0.06     -0.04     0.07     1 
0130321607   40.73170    -73.54612    -0.02     -0.02     0.03     1 
0130321608   40.73122    -73.50883     0.05     -0.09     0.10     1 
0130321609   40.73073    -73.47154    -0.04     -0.02     0.05     1 
0130321610   40.73023    -73.43425    -0.05      0.03     0.06     1 
0130321611   40.72972    -73.39696    -0.18      0.00     0.18     1 
0130321612   40.72920    -73.35967     0.05     -0.01     0.05     1 
0130321613   40.72866    -73.32239    -0.03      0.02     0.04     1 
0130321614   40.72811    -73.28510    -0.05      0.05     0.07     1 
0130321615   40.72755    -73.24782    -0.04      0.06     0.07     1 
0130321616   40.72698    -73.21053     0.02     -0.02     0.03     1 
0130321617   40.72640    -73.17325     0.02     -0.01     0.03     1 
0130321618   40.72580    -73.13597    -0.09     -0.02     0.09     1 
0130321619   40.72519    -73.09869    -0.10      0.04     0.10     1 
0130321661   40.71350    -74.32966     0.08      0.04     0.09     1 
0130321662   40.71328    -74.29237    -0.01      0.06     0.06     1 
0130321663   40.71305    -74.25508     0.08     -0.02     0.08     1 
0130321664   40.71280    -74.21779    -0.04     -0.01     0.05     1 
0130321665   40.71254    -74.18050    -0.04     -0.09     0.10     1 
0130321666   40.71227    -74.14321    -0.08     -0.05     0.10     1 
0130321667   40.71199    -74.10592    -0.04      0.01     0.04     1 
0130321668   40.71169    -74.06864    -0.10      0.00     0.10     1 
0130321669   40.71138    -74.03135     0.02     -0.02     0.02     1 
0130321670   40.71107    -73.99406     0.02     -0.00     0.02     1 
0130321671   40.71073    -73.95677    -0.05     -0.05     0.07     1 
0130321672   40.71039    -73.91949    -0.14     -0.00     0.14     1 
0130321673   40.71004    -73.88220    -0.01     -0.05     0.05     1 
0130321674   40.70967    -73.84492    -0.02      0.01     0.02     1 
0130321675   40.70929    -73.80764    -0.03     -0.01     0.03     1 
0130321677   40.70850    -73.73307    -0.04      0.09     0.10     1 
0130321678   40.70808    -73.69579     0.10     -0.00     0.10     1 
0130321679   40.70765    -73.65851    -0.06      0.00     0.06     1 
0130321680   40.70721    -73.62123    -0.00      0.07     0.07     1 
0130321681   40.70676    -73.58395     0.03     -0.02     0.03     1 
0130321682   40.70630    -73.54667     0.05     -0.06     0.07     1 
0130321683   40.70582    -73.50939    -0.02     -0.03     0.03     1 
0130321684   40.70534    -73.47212    -0.01      0.03     0.03     1 
0130321685   40.70484    -73.43484    -0.01      0.02     0.02     1 
0130321686   40.70433    -73.39757    -0.06     -0.03     0.07     1 
0130321687   40.70380    -73.36030    -0.03     -0.08     0.09     1 
0130321688   40.70327    -73.32302     0.00     -0.00     0.01     1 
0130321689   40.70272    -73.28575    -0.00      0.01     0.01     1 
0130321690   40.70216    -73.24848    -0.14     -0.05     0.15     1 
0130321691   40.70159    -73.21121    -0.26     -0.06     0.26     1 
0130321692   40.70101    -73.17394    -0.15      0.06     0.16     1 
0130321736   40.68810    -74.32992     0.08      0.04     0.09     1 
0130321737   40.68788    -74.29264     0.03      0.08     0.09     1 
0130321738   40.68764    -74.25536     0.12      0.02     0.12     1 
0130321739   40.68740    -74.21809     0.10      0.00     0.10     1 
0130321740   40.68714    -74.18081    -0.05      0.04     0.07     1 
0130321741   40.68687    -74.14354    -0.02      0.16     0.16     1 
0130321742   40.68659    -74.10626    -0.08      0.06     0.10     1 
0130321743   40.68629    -74.06899    -0.18      0.05     0.19     1 
0130321744   40.68598    -74.03172    -0.14      0.01     0.14     1 
0130321745   40.68567    -73.99444    -0.07     -0.04     0.08     1 
0130321746   40.68534    -73.95717    -0.04     -0.07     0.08     1 
0130321748   40.68464    -73.88263     0.04      0.01     0.04     1 
0130321749   40.68427    -73.84536    -0.09      0.05     0.10     1 
0130321750   40.68389    -73.80809    -0.03     -0.00     0.03     1 
0130321751   40.68350    -73.77082     0.01      0.00     0.01     1 
0130321752   40.68310    -73.73355    -0.04      0.01     0.04     1 
0130321753   40.68268    -73.69629    -0.06      0.05     0.08     1 
0130321754   40.68226    -73.65902     0.01     -0.02     0.03     1 
0130321755   40.68182    -73.62175     0.05      0.04     0.06     1 
0130321756   40.68137    -73.58449     0.07      0.01     0.08     1 
0130321757   40.68090    -73.54722     0.05      0.09     0.11     1 
0130321758   40.68043    -73.50996     0.06      0.01     0.06     1 
0130321759   40.67994    -73.47270     0.02      0.04     0.04     1 
0130321760   40.67944    -73.43544     0.01      0.02     0.03     1 
0130321761   40.67893    -73.39818     0.00     -0.01     0.01     1 
0130321762   40.67841    -73.36092     0.00      0.01     0.01     1 
0130321763   40.67787    -73.32366    -0.06     -0.06     0.09     1 
0130321764   40.67733    -73.28640    -0.22     -0.03     0.23     1 
0130321811   40.66270    -74.33017     0.07      0.07     0.10     1 
0130321812   40.66248    -74.29291     0.06      0.02     0.07     1 
0130321813   40.66224    -74.25565     0.10      0.03     0.11     1 
0130321814   40.66199    -74.21838    -0.05      0.02     0.06     1 
0130321815   40.66174    -74.18112    -0.14     -0.03     0.14     1 
0130321817   40.66118    -74.10660    -0.07     -0.05     0.08     1 
0130321818   40.66089    -74.06934    -0.23      0.03     0.23     1 
0130321820   40.66027    -73.99483     0.02      0.04     0.04     1 
0130321821   40.65993    -73.95757    -0.02     -0.04     0.05     1 
0130321822   40.65959    -73.92031    -0.13      0.02     0.13     1 
0130321824   40.65887    -73.84580    -0.08      0.00     0.08     1 
0130321825   40.65849    -73.80854    -0.12     -0.01     0.12     1 
0130321826   40.65810    -73.77129    -0.03      0.03     0.04     1 
0130321827   40.65770    -73.73403    -0.10     -0.04     0.10     1 
0130321828   40.65729    -73.69678    -0.02      0.01     0.02     1 
0130321829   40.65686    -73.65953    -0.05     -0.00     0.05     1 
0130321830   40.65642    -73.62228    -0.00     -0.04     0.04     1 
0130321831   40.65597    -73.58503    -0.03     -0.03     0.04     1 
0130321832   40.65551    -73.54778     0.00      0.03     0.03     1 
0130321833   40.65503    -73.51053    -0.04     -0.00     0.04     1 
0130321834   40.65455    -73.47328    -0.08      0.02     0.09     1 
0130321835   40.65405    -73.43603    -0.02      0.03     0.03     1 
0130321836   40.65354    -73.39879    -0.21     -0.06     0.22     1 
0130321837   40.65301    -73.36154     0.00      0.01     0.01     1 
0130321838   40.65248    -73.32430     0.11     -0.02     0.12     1 
0130321839   40.65193    -73.28705    -0.02      0.01     0.02     1 
0130321840   40.65137    -73.24981    -0.02     -0.03     0.03     1 
0130321842   40.65022    -73.17533     0.06     -0.03     0.06     1 
0130321886   40.63729    -74.33043     0.10      0.07     0.12     1 
0130321887   40.63707    -74.29318     0.10      0.06     0.11     1 
0130321888   40.63684    -74.25593     0.04     -0.00     0.04     1 
0130321889   40.63659    -74.21868    -0.06      0.03     0.07     1 
0130321890   40.63633    -74.18143    -0.09     -0.02     0.10     1 
0130321891   40.63606    -74.14419    -0.01      0.02     0.02     1 
0130321892   40.63578    -74.10694     0.04      0.02     0.05     1 
0130321894   40.63518    -74.03245     0.02     -0.05     0.06     1 
0130321895   40.63486    -73.99521    -0.06     -0.00     0.06     1 
0130321896   40.63453    -73.95796    -0.02     -0.00     0.02     1 
0130321897   40.63419    -73.92072    -0.05      0.04     0.06     1 
0130321898   40.63384    -73.88348    -0.23     -0.05     0.24     1 
0130321899   40.63347    -73.84623    -0.06      0.04     0.07     1 
0130321900   40.63309    -73.80899    -0.08     -0.12     0.15     1 
0130321901   40.63270    -73.77175    -0.04      0.03     0.05     1 
0130321902   40.63230    -73.73451    -0.18     -0.02     0.19     1 
0130321903   40.63189    -73.69727    -0.05      0.05     0.07     1 
0130321904   40.63146    -73.66004    -0.05      0.01     0.05     1 
0130321905   40.63102    -73.62280    -0.04      0.02     0.04     1 
0130321906   40.63057    -73.58556    -0.00      0.04     0.04     1 
0130321907   40.63011    -73.54833    -0.03      0.03     0.04     1 
0130321908   40.62964    -73.51109    -0.12      0.01     0.12     1 
0130321909   40.62915    -73.47386    -0.01     -0.08     0.08     1 
0130321910   40.62865    -73.43662    -0.01     -0.02     0.03     1 
0130321911   40.62814    -73.39939    -0.08      0.06     0.10     1 
0130321961   40.61189    -74.33068     0.09      0.04     0.09     1 
0130321962   40.61167    -74.29345     0.01     -0.02     0.02     1 
0130321963   40.61144    -74.25621    -0.03     -0.02     0.04     1 
0130321964   40.61119    -74.21898    -0.08     -0.01     0.08     1 
0130321965   40.61093    -74.18174    -0.10     -0.07     0.12     1 
0130321966   40.61066    -74.14451     0.12     -0.02     0.12     1 
0130321967   40.61038    -74.10728    -0.03     -0.00     0.03     1 
0130321968   40.61009    -74.07005    -0.00      0.08     0.08     1 
0130321969   40.60978    -74.03282     0.02      0.02     0.03     1 
0130321970   40.60946    -73.99559    -0.06     -0.05     0.07     1 
0130321971   40.60913    -73.95836    -0.08     -0.04     0.09     1 
0130321972   40.60879    -73.92113    -0.05     -0.03     0.06     1 
0130321974   40.60807    -73.84667     0.09      0.16     0.18     1 
0130321975   40.60769    -73.80944     0.03     -0.10     0.11     1 
0130321976   40.60730    -73.77222    -0.10      0.03     0.11     1 
0130321977   40.60690    -73.73499    -0.03      0.01     0.03     1 
0130321978   40.60649    -73.69777    -0.03      0.04     0.05     1 
0130321979   40.60606    -73.66054    -0.09      0.07     0.11     1 
0130321980   40.60563    -73.62332    -0.10      0.07     0.12     1 
0130321981   40.60518    -73.58610    -0.08      0.02     0.08     1 
0130321982   40.60471    -73.54888    -0.09     -0.01     0.09     1 
0130321983   40.60424    -73.51166     0.08     -0.02     0.08     1 
0130322035   40.58670    -74.36815     0.08      0.03     0.08     1 
0130322036   40.58649    -74.33093     0.10      0.03     0.11     1 
0130322037   40.58627    -74.29371     0.05     -0.04     0.06     1 
0130322038   40.58603    -74.25649    -0.07     -0.08     0.10     1 
0130322039   40.58579    -74.21927    -0.03      0.02     0.03     1 
0130322040   40.58553    -74.18205    -0.09     -0.06     0.11     1 
0130322041   40.58526    -74.14484     0.15      0.01     0.15     1 
0130322042   40.58498    -74.10762     0.07     -0.01     0.07     1 
0130322043   40.58469    -74.07040    -0.09     -0.17     0.19     1 
0130322045   40.58406    -73.99597    -0.15     -0.06     0.16     1 
0130322046   40.58373    -73.95875    -0.04     -0.06     0.07     1 
0130322047   40.58339    -73.92154    -0.19     -0.01     0.19     1 
0130322048   40.58304    -73.88432    -0.14     -0.08     0.16     1 
0130322050   40.58229    -73.80989    -0.24      0.01     0.24     1 
0130322054   40.58067    -73.66105    -0.10     -0.08     0.13     1 
0130322110   40.56129    -74.36839     0.11     -0.02     0.12     1 
0130322111   40.56108    -74.33119     0.04     -0.11     0.12     1 
0130322112   40.56086    -74.29398     0.09     -0.10     0.13     1 
0130322113   40.56063    -74.25677    -0.04     -0.03     0.05     1 
0130322114   40.56038    -74.21957     0.07      0.04     0.08     1 
0130322115   40.56013    -74.18236    -0.05     -0.07     0.08     1 
0130322116   40.55986    -74.14516     0.11     -0.05     0.12     1 
0130322117   40.55958    -74.10796    -0.09     -0.12     0.15     1 
0130322185   40.53589    -74.36863    -0.03     -0.04     0.05     1 
0130322186   40.53568    -74.33144     0.11     -0.04     0.11     1 
0130322187   40.53546    -74.29425     0.03     -0.08     0.09     1 
0130322188   40.53523    -74.25705    -0.00     -0.03     0.03     1 
0130322189   40.53498    -74.21986     0.07     -0.11     0.13     1 
0130322190   40.53472    -74.18267     0.10     -0.05     0.12     1 
0130322191   40.53446    -74.14548     0.05     -0.10     0.11     1 
0130322260   40.51049    -74.36887     0.10     -0.07     0.13     1 
0130322262   40.51006    -74.29451    -0.06     -0.09     0.11     1 
0130322263   40.50982    -74.25733    -0.05     -0.02     0.06     1 
0130322264   40.50958    -74.22016    -0.06     -0.14     0.16     1 
0130322335   40.48508    -74.36911    -0.04     -0.13     0.13     1 
0130322336   40.48487    -74.33194     0.01     -0.12     0.12     1 
0130322337   40.48465    -74.29478    -0.01     -0.11     0.11     1 
0130322409   40.45987    -74.40650    -0.08     -0.05     0.09     1 
0130322410   40.45968    -74.36934    -0.03     -0.05     0.06     1 
0130322411   40.45947    -74.33219    -0.01     -0.05     0.05     1 
0130322412   40.45925    -74.29504    -0.08      0.00     0.08     1 
0130322413   40.45902    -74.25789     0.05     -0.09     0.11     1 
0130322415   40.45851    -74.18360     0.20      0.02     0.20     1 
0130322416   40.45825    -74.14645     0.16     -0.16     0.22     1 
0130322484   40.43447    -74.40672     0.07      0.02     0.07     1 
0130322485   40.43427    -74.36958     0.03     -0.02     0.04     1 
0130322486   40.43407    -74.33245     0.02     -0.08     0.09     1 
0130322487   40.43384    -74.29531     0.02     -0.12     0.12     1 
0130322488   40.43361    -74.25817     0.09     -0.02     0.09     1 
0130322489   40.43337    -74.22104     0.00     -0.03     0.03     1 
0130322490   40.43311    -74.18390     0.04     -0.14     0.14     1 
0130322491   40.43284    -74.14677    -0.02     -0.04     0.04     1 
0130322492   40.43256    -74.10963     0.02     -0.10     0.10     1 
0130322559   40.40907    -74.40694     0.08      0.00     0.08     1 
0130322560   40.40887    -74.36982    -0.00     -0.03     0.03     1 
0130322561   40.40866    -74.33270    -0.04     -0.15     0.15     1 
0130322562   40.40844    -74.29557     0.14     -0.06     0.16     1 
0130322563   40.40821    -74.25845     0.06     -0.03     0.07     1 
0130322564   40.40796    -74.22133    -0.00     -0.08     0.08     1 
0130322565   40.40771    -74.18421     0.02     -0.04     0.04     1 
0130322566   40.40744    -74.14709     0.11     -0.16     0.19     1 
0130322567   40.40716    -74.10997     0.05      0.02     0.05     1 
0130322568   40.40687    -74.07285     0.10     -0.10     0.14     1 
0130322569   40.40657    -74.03573     0.04     -0.05     0.06     1 
0130322570   40.40625    -73.99861     0.09     -0.00     0.09     1 
0130322634   40.38366    -74.40717     0.12      0.03     0.13     1 
0130322635   40.38347    -74.37006    -0.05     -0.01     0.05     1 
0130322636   40.38326    -74.33295     0.09      0.00     0.09     1 
0130322637   40.38304    -74.29584     0.14      0.05     0.15     1 
0130322638   40.38281    -74.25873     0.05     -0.02     0.06     1 
0130322639   40.38256    -74.22162     0.12      0.00     0.12     1 
0130322640   40.38231    -74.18452     0.10     -0.09     0.13     1 
0130322641   40.38204    -74.14741     0.05     -0.06     0.08     1 
0130322642   40.38176    -74.11030     0.08     -0.03     0.08     1 
0130322643   40.38147    -74.07320     0.12     -0.07     0.14     1 
0130322644   40.38116    -74.03610    -0.02     -0.09     0.09     1 
0130322645   40.38085    -73.99899    -0.03     -0.05     0.06     1 
0130322709   40.35826    -74.40739     0.10      0.01     0.10     1 
0130322710   40.35806    -74.37029     0.06     -0.13     0.14     1 
0130322711   40.35785    -74.33320     0.03     -0.03     0.05     1 
0130322712   40.35763    -74.29610    -0.09     -0.07     0.12     1 
0130322713   40.35740    -74.25901     0.07     -0.01     0.07     1 
0130322715   40.35690    -74.18482     0.10     -0.05     0.11     1 
0130322716   40.35663    -74.14773     0.12     -0.01     0.12     1 
0130322717   40.35636    -74.11064     0.10      0.01     0.10     1 
0130322718   40.35607    -74.07355    -0.08     -0.09     0.12     1 
0130322719   40.35576    -74.03646     0.08     -0.03     0.08     1 
0130322720   40.35545    -73.99937    -0.10     -0.11     0.15     1 
0130322783   40.33304    -74.44469    -0.01     -0.05     0.05     1 
0130322784   40.33285    -74.40761    -0.00     -0.05     0.05     1 
0130322785   40.33266    -74.37053     0.14     -0.04     0.14     1 
0130322786   40.33245    -74.33345     0.09     -0.04     0.10     1 
0130322787   40.33223    -74.29637     0.10     -0.13     0.16     1 
0130322788   40.33200    -74.25929     0.02     -0.01     0.02     1 
0130322789   40.33175    -74.22221     0.11     -0.13     0.17     1 
0130322790   40.33150    -74.18513     0.05     -0.03     0.06     1 
0130322791   40.33123    -74.14805    -0.02     -0.04     0.04     1 
0130322792   40.33095    -74.11097     0.10     -0.06     0.12     1 
0130322793   40.33066    -74.07389     0.05     -0.02     0.05     1 
0130322794   40.33036    -74.03682     0.02     -0.09     0.09     1 
0130322795   40.33004    -73.99974    -0.05     -0.05     0.07     1 
0130322858   40.30763    -74.44490     0.02      0.01     0.03     1 
0130322859   40.30745    -74.40783     0.03      0.01     0.03     1 
0130322860   40.30725    -74.37077     0.14     -0.00     0.14     1 
0130322861   40.30704    -74.33370     0.08     -0.02     0.08     1 
0130322862   40.30683    -74.29663     0.10     -0.01     0.10     1 
0130322863   40.30659    -74.25956     0.06      0.00     0.06     1 
0130322864   40.30635    -74.22250     0.03     -0.08     0.09     1 
0130322865   40.30609    -74.18543     0.10     -0.12     0.15     1 
0130322866   40.30583    -74.14837     0.03     -0.11     0.11     1 
0130322867   40.30555    -74.11131    -0.00     -0.04     0.04     1 
0130322868   40.30526    -74.07424     0.11     -0.01     0.12     1 
0130322869   40.30496    -74.03718     0.02      0.00     0.02     1 
0130322870   40.30464    -74.00012    -0.03     -0.13     0.13     1 
0130322933   40.28223    -74.44511     0.03     -0.09     0.09     1 
0130322934   40.28204    -74.40805     0.12      0.04     0.12     1 
0130322935   40.28185    -74.37100     0.08     -0.07     0.10     1 
0130322936   40.28164    -74.33395     0.02      0.00     0.02     1 
0130322937   40.28142    -74.29690     0.03     -0.05     0.06     1 
0130322938   40.28119    -74.25984     0.05     -0.08     0.10     1 
0130322939   40.28095    -74.22279     0.03     -0.07     0.07     1 
0130322940   40.28069    -74.18574    -0.02      0.04     0.04     1 
0130322941   40.28043    -74.14869     0.04     -0.02     0.05     1 
0130322942   40.28015    -74.11164     0.03     -0.10     0.10     1 
0130322943   40.27986    -74.07459     0.02     -0.03     0.03     1 
0130322944   40.27955    -74.03754     0.03     -0.06     0.07     1 
0130322945   40.27924    -74.00049     0.01      0.01     0.02     1 
0130323008   40.25682    -74.44531     0.12     -0.02     0.13     1 
0130323009   40.25664    -74.40828     0.08      0.03     0.08     1 
0130323010   40.25644    -74.37124     0.03     -0.01     0.03     1 
0130323011   40.25623    -74.33420     0.05     -0.06     0.07     1 
0130323012   40.25602    -74.29716    -0.02     -0.10     0.11     1 
0130323014   40.25554    -74.22308     0.04     -0.08     0.09     1 
0130323015   40.25529    -74.18604     0.10     -0.07     0.12     1 
0130323016   40.25502    -74.14901     0.01     -0.04     0.04     1 
0130323017   40.25474    -74.11197     0.08     -0.04     0.09     1 
0130323018   40.25445    -74.07493     0.08     -0.04     0.09     1 
0130323019   40.25415    -74.03790     0.05     -0.01     0.05     1 
0130323020   40.25384    -74.00086     0.01     -0.06     0.06     1 
0130323083   40.23141    -74.44552     0.08     -0.03     0.09     1 
0130323085   40.23104    -74.37147     0.03     -0.08     0.09     1 
0130323086   40.23083    -74.33445     0.13     -0.13     0.19     1 
0130323087   40.23061    -74.29742     0.04     -0.09     0.10     1 
0130323088   40.23038    -74.26040     0.06     -0.04     0.07     1 
0130323089   40.23014    -74.22337    -0.06     -0.01     0.06     1 
0130323090   40.22988    -74.18635     0.01     -0.08     0.08     1 
0130323091   40.22962    -74.14933     0.05     -0.10     0.11     1 
0130323092   40.22934    -74.11230    -0.05     -0.04     0.07     1 
0130323093   40.22905    -74.07528    -0.03     -0.09     0.09     1 
0130323094   40.22875    -74.03826     0.00     -0.08     0.08     1 
0130323095   40.22843    -74.00124    -0.02     -0.13     0.13     1 
0130323157   40.20618    -74.48274    -0.01     -0.09     0.09     1 
0130323158   40.20601    -74.44573     0.03     -0.04     0.05     1 
0130323159   40.20583    -74.40872     0.00     -0.13     0.13     1 
0130323160   40.20563    -74.37171     0.03     -0.07     0.08     1 
0130323161   40.20542    -74.33469    -0.03     -0.16     0.16     1 
0130323162   40.20521    -74.29768     0.05     -0.11     0.12     1 
0130323163   40.20498    -74.26067     0.07     -0.08     0.11     1 
0130323164   40.20473    -74.22366     0.11     -0.08     0.14     1 
0130323165   40.20448    -74.18665     0.05     -0.07     0.09     1 
0130323166   40.20421    -74.14964     0.08     -0.07     0.10     1 
0130323168   40.20365    -74.07563     0.08     -0.06     0.09     1 
0130323169   40.20334    -74.03862    -0.02     -0.07     0.07     1 
0130323232   40.18078    -74.48293     0.00     -0.09     0.09     1 
0130323233   40.18060    -74.44594     0.05     -0.05     0.07     1 
0130323234   40.18042    -74.40894     0.06     -0.02     0.06     1 
0130323235   40.18023    -74.37194    -0.04     -0.03     0.05     1 
0130323236   40.18002    -74.33494     0.02     -0.10     0.10     1 
0130323237   40.17980    -74.29794     0.09     -0.11     0.14     1 
0130323238   40.17957    -74.26095     0.07      0.01     0.07     1 
0130323239   40.17933    -74.22395     0.06     -0.13     0.15     1 
0130323240   40.17907    -74.18695     0.06     -0.14     0.15     1 
0130323241   40.17881    -74.14996     0.03     -0.09     0.09     1 
0130323243   40.17824    -74.07597     0.02     -0.00     0.02     1 
0130323244   40.17794    -74.03898     0.03     -0.03     0.04     1 
0130323307   40.15537    -74.48313     0.09     -0.13     0.16     1 
0130323308   40.15520    -74.44614     0.11     -0.06     0.12     1 
0130323309   40.15502    -74.40916     0.07     -0.01     0.07     1 
0130323310   40.15482    -74.37217     0.02     -0.02     0.03     1 
0130323311   40.15461    -74.33519     0.06     -0.05     0.07     1 
0130323312   40.15440    -74.29821    -0.02     -0.12     0.12     1 
0130323313   40.15417    -74.26122    -0.04     -0.07     0.08     1 
0130323314   40.15393    -74.22424     0.06     -0.03     0.06     1 
0130323315   40.15367    -74.18726     0.07     -0.04     0.08     1 
0130323316   40.15340    -74.15028     0.06     -0.09     0.10     1 
0130323317   40.15313    -74.11330    -0.04     -0.09     0.10     1 
0130323318   40.15284    -74.07631     0.07     -0.14     0.16     1 
0130323319   40.15254    -74.03933     0.03     -0.02     0.04     1 
0130323382   40.12996    -74.48332     0.04      0.03     0.05     1 
0130323383   40.12979    -74.44635    -0.05     -0.06     0.07     1 
0130323384   40.12961    -74.40938    -0.09     -0.17     0.19     1 
0130323385   40.12942    -74.37241     0.12     -0.05     0.13     1 
0130323386   40.12921    -74.33544     0.04     -0.09     0.10     1 
0130323387   40.12899    -74.29847     0.02     -0.04     0.04     1 
0130323388   40.12876    -74.26150     0.10      0.02     0.10     1 
0130323389   40.12852    -74.22453     0.05     -0.14     0.14     1 
0130323390   40.12827    -74.18756     0.09      0.00     0.09     1 
0130323391   40.12800    -74.15059     0.05      0.00     0.05     1 
0130323393   40.12743    -74.07666     0.02     -0.04     0.04     1 
0130323394   40.12714    -74.03969    -0.01     -0.23     0.23     1 
0130323457   40.10456    -74.48351     0.04      0.08     0.09     1 
0130323458   40.10439    -74.44656     0.03     -0.03     0.04     1 
0130323459   40.10420    -74.40960     0.01     -0.05     0.05     1 
0130323460   40.10401    -74.37264    -0.04     -0.09     0.09     1 
0130323461   40.10380    -74.33568     0.06     -0.05     0.08     1 
0130323462   40.10359    -74.29873     0.02     -0.11     0.11     1 
0130323463   40.10336    -74.26177     0.08      0.01     0.08     1 
0130323464   40.10312    -74.22482     0.08      0.05     0.09     1 
0130323465   40.10286    -74.18786     0.13      0.04     0.13     1 
0130323466   40.10260    -74.15091     0.05     -0.05     0.07     1 
0130323467   40.10232    -74.11396     0.09     -0.02     0.09     1 
0130323468   40.10203    -74.07700     0.02     -0.09     0.10     1 
0130323469   40.10173    -74.04005     0.01     -0.02     0.02     1 
0130323531   40.07931    -74.52065     0.03      0.03     0.04     1 
0130323532   40.07915    -74.48371     0.14     -0.03     0.15     1 
0130323533   40.07898    -74.44676     0.08     -0.02     0.09     1 
0130323534   40.07880    -74.40982     0.08      0.13     0.15     1 
0130323535   40.07860    -74.37287     0.04     -0.06     0.07     1 
0130323536   40.07840    -74.33593     0.04      0.07     0.09     1 
0130323537   40.07818    -74.29899    -0.00     -0.01     0.01     1 
0130323538   40.07795    -74.26205     0.23      0.05     0.24     1 
0130323539   40.07771    -74.22511    -0.14      0.04     0.15     1 
0130323540   40.07746    -74.18816    -0.04      0.01     0.04     1 
0130323541   40.07719    -74.15122     0.02     -0.07     0.07     1 
0130323542   40.07692    -74.11428     0.02      0.01     0.02     1 
0130323543   40.07663    -74.07734     0.05     -0.06     0.07     1 
0130323544   40.07633    -74.04041    -0.01     -0.01     0.01     1 
0130323606   40.05390    -74.52083     0.07     -0.02     0.07     1 
0130323607   40.05374    -74.48390     0.11     -0.04     0.11     1 
0130323608   40.05358    -74.44697     0.02      0.02     0.03     1 
0130323609   40.05339    -74.41004    -0.02      0.06     0.06     1 
0130323610   40.05320    -74.37311    -0.02      0.01     0.02     1 
0130323611   40.05299    -74.33618     0.01     -0.23     0.23     1 
0130323612   40.05277    -74.29925     0.10     -0.03     0.11     1 
0130323613   40.05255    -74.26232     0.10     -0.10     0.14     1 
0130323615   40.05205    -74.18847     0.03      0.03     0.04     1 
0130323616   40.05179    -74.15154    -0.03      0.02     0.03     1 
0130323617   40.05151    -74.11461    -0.05      0.01     0.06     1 
0130323618   40.05122    -74.07769    -0.02     -0.04     0.04     1 
0130323619   40.05092    -74.04076    -0.02     -0.16     0.16     1 
0130323681   40.02850    -74.52100    -0.01      0.01     0.01     1 
0130323682   40.02834    -74.48409     0.11      0.16     0.20     1 
0130323683   40.02817    -74.44717    -0.02      0.01     0.02     1 
0130323684   40.02799    -74.41026     0.01     -0.03     0.03     1 
0130323685   40.02779    -74.37334    -0.02     -0.06     0.07     1 
0130323686   40.02759    -74.33643    -0.06     -0.09     0.11     1 
0130323688   40.02714    -74.26260     0.06     -0.14     0.15     1 
0130323689   40.02690    -74.22568     0.04     -0.02     0.05     1 
0130323690   40.02665    -74.18877     0.09     -0.07     0.11     1 
0130323691   40.02638    -74.15185     0.01      0.03     0.03     1 
0130323692   40.02611    -74.11494    -0.05      0.06     0.08     1 
0130323693   40.02582    -74.07803     0.01     -0.00     0.01     1 
0130323756   40.00309    -74.52118    -0.05     -0.05     0.07     1 
0130323757   40.00293    -74.48428    -0.04      0.00     0.04     1 
0130323758   40.00276    -74.44738    -0.03      0.00     0.03     1 
0130323759   40.00258    -74.41047     0.08      0.19     0.21     1 
0130323760   40.00239    -74.37357    -0.02     -0.05     0.06     1 
0130323761   40.00218    -74.33667    -0.02     -0.03     0.04     1 
0130323762   40.00196    -74.29977     0.10     -0.02     0.10     1 
0130323763   40.00173    -74.26287    -0.00      0.01     0.01     1 
0130323764   40.00149    -74.22597     0.07      0.01     0.08     1 
0130323765   40.00124    -74.18907     0.10      0.01     0.10     1 
0130323766   40.00098    -74.15217     0.00      0.04     0.04     1 
0130323767   40.00070    -74.11527    -0.03      0.03     0.04     1 
0130323768   40.00041    -74.07837     0.01     -0.03     0.03     1 
0130323831   39.97768    -74.52136    -0.02     -0.02     0.03     1 
0130323832   39.97752    -74.48447    -0.04     -0.08     0.09     1 
0130323833   39.97736    -74.44758    -0.03     -0.00     0.03     1 
0130323834   39.97717    -74.41069    -0.02     -0.00     0.02     1 
0130323835   39.97698    -74.37380     0.01     -0.09     0.09     1 
0130323836   39.97678    -74.33692    -0.02     -0.04     0.04     1 
0130323837   39.97656    -74.30003     0.05     -0.01     0.05     1 
0130323838   39.97633    -74.26314    -0.03      0.00     0.03     1 
0130323839   39.97609    -74.22625     0.07     -0.00     0.07     1 
0130323840   39.97584    -74.18937    -0.01     -0.04     0.04     1 
0130323841   39.97557    -74.15248     0.05     -0.02     0.05     1 
0130323842   39.97530    -74.11560     0.02     -0.12     0.12     1 
0130323843   39.97501    -74.07871     0.05      0.06     0.08     1 
0130323905   39.95242    -74.55841    -0.06      0.01     0.06     1 
0130323906   39.95228    -74.52154     0.02     -0.03     0.03     1 
0130323907   39.95212    -74.48466    -0.05      0.07     0.08     1 
0130323908   39.95195    -74.44779     0.02     -0.08     0.08     1 
0130323909   39.95177    -74.41091    -0.02     -0.02     0.03     1 
0130323910   39.95157    -74.37404     0.18     -0.05     0.19     1 
0130323911   39.95137    -74.33716     0.01     -0.04     0.04     1 
0130323912   39.95115    -74.30029     0.09      0.00     0.09     1 
0130323913   39.95092    -74.26341     0.01      0.01     0.01     1 
0130323914   39.95068    -74.22654    -0.03     -0.08     0.09     1 
0130323915   39.95043    -74.18967     0.07      0.01     0.07     1 
0130323916   39.95017    -74.15280     0.02     -0.01     0.02     1 
0130323917   39.94989    -74.11593     0.00     -0.03     0.03     1 
0130323918   39.94961    -74.07905    -0.03     -0.11     0.11     1 
0130323980   39.92702    -74.55858    -0.07      0.01     0.07     1 
0130323981   39.92687    -74.52171     0.02     -0.12     0.12     1 
0130323982   39.92671    -74.48485     0.14     -0.06     0.15     1 
0130323983   39.92654    -74.44799     0.01     -0.02     0.02     1 
0130323984   39.92636    -74.41113    -0.06     -0.07     0.09     1 
0130323985   39.92617    -74.37427     0.02     -0.03     0.03     1 
0130323986   39.92596    -74.33741     0.05     -0.02     0.05     1 
0130323987   39.92575    -74.30055    -0.07     -0.03     0.08     1 
0130323988   39.92552    -74.26369     0.01      0.06     0.06     1 
0130323989   39.92528    -74.22683     0.06     -0.10     0.12     1 
0130323990   39.92503    -74.18997     0.06     -0.01     0.06     1 
0130323991   39.92476    -74.15311     0.01     -0.04     0.04     1 
0130323992   39.92449    -74.11625    -0.03      0.00     0.03     1 
0130323993   39.92420    -74.07940    -0.02      0.25     0.25     1 
0130324055   39.90161    -74.55874    -0.04     -0.05     0.07     1 
0130324056   39.90146    -74.52189     0.03     -0.04     0.05     1 
0130324057   39.90131    -74.48504    -0.06     -0.04     0.07     1 
0130324058   39.90113    -74.44819    -0.16     -0.08     0.18     1 
0130324059   39.90095    -74.41135    -0.05     -0.06     0.08     1 
0130324060   39.90076    -74.37450    -0.02     -0.02     0.03     1 
0130324061   39.90056    -74.33765     0.01     -0.04     0.05     1 
0130324062   39.90034    -74.30080     0.11      0.04     0.12     1 
0130324063   39.90011    -74.26396    -0.02      0.06     0.06     1 
0130324064   39.89987    -74.22711     0.13     -0.02     0.13     1 
0130324065   39.89962    -74.19027    -0.09      0.04     0.10     1 
0130324066   39.89936    -74.15342     0.09     -0.04     0.10     1 
0130324067   39.89908    -74.11658    -0.22     -0.07     0.23     1 
0130324130   39.87620    -74.55890    -0.06     -0.01     0.06     1 
0130324131   39.87606    -74.52207    -0.03     -0.03     0.05     1 
0130324132   39.87590    -74.48523     0.04     -0.00     0.04     1 
0130324134   39.87555    -74.41156    -0.10     -0.16     0.19     1 
0130324135   39.87535    -74.37473    -0.00      0.07     0.07     1 
0130324136   39.87515    -74.33790     0.01      0.01     0.01     1 
0130324139   39.87447    -74.22740    -0.02      0.02     0.02     1 
0130324140   39.87421    -74.19057     0.00     -0.05     0.05     1 
0130324141   39.87395    -74.15373     0.03     -0.03     0.05     1 
0130324205   39.85079    -74.55906    -0.02     -0.02     0.03     1 
0130324206   39.85065    -74.52224    -0.02      0.07     0.08     1 
0130324207   39.85049    -74.48542    -0.02     -0.02     0.03     1 
0130324208   39.85032    -74.44860     0.02      0.12     0.12     1 
0130324209   39.85014    -74.41178     0.03     -0.06     0.07     1 
0130324210   39.84995    -74.37496    -0.07     -0.11     0.13     1 
0130324211   39.84974    -74.33814     0.05      0.05     0.07     1 
0130324212   39.84953    -74.30132    -0.05     -0.04     0.07     1 
0130324213   39.84930    -74.26450    -0.00      0.04     0.04     1 
0130324214   39.84906    -74.22768    -0.01      0.04     0.04     1 
0130324215   39.84881    -74.19087     0.03     -0.04     0.05     1 
0130324216   39.84855    -74.15405    -0.04      0.04     0.06     1 
0130324279   39.82552    -74.59604     0.01      0.01     0.01     1 
0130324280   39.82539    -74.55923    -0.02      0.02     0.03     1 
0130324281   39.82524    -74.52242     0.02      0.07     0.07     1 
0130324282   39.82508    -74.48561     0.06      0.05     0.07     1 
0130324283   39.82491    -74.44880     0.01     -0.09     0.09     1 
0130324285   39.82454    -74.37519    -0.01      0.01     0.01     1 
0130324286   39.82434    -74.33838    -0.02     -0.11     0.12     1 
0130324287   39.82412    -74.30158    -0.04      0.00     0.04     1 
0130324288   39.82389    -74.26477    -0.04     -0.13     0.13     1 
0130324289   39.82366    -74.22797    -0.01      0.03     0.03     1 
0130324290   39.82340    -74.19116    -0.01     -0.01     0.01     1 
0130324291   39.82314    -74.15436    -0.03     -0.19     0.20     1 
0130324354   39.80011    -74.59618     0.06      0.01     0.06     1 
0130324355   39.79998    -74.55939     0.01      0.08     0.08     1 
0130324356   39.79983    -74.52259    -0.06      0.01     0.06     1 
0130324357   39.79968    -74.48580     0.08     -0.04     0.09     1 
0130324358   39.79951    -74.44901     0.10      0.05     0.11     1 
0130324360   39.79913    -74.37542     0.02      0.17     0.17     1 
0130324361   39.79893    -74.33863    -0.20     -0.08     0.21     1 
0130324362   39.79872    -74.30183     0.06      0.04     0.07     1 
0130324363   39.79849    -74.26504     0.06      0.05     0.08     1 
0130324364   39.79825    -74.22825     0.00      0.05     0.05     1 
0130324365   39.79800    -74.19146     0.06      0.03     0.07     1 
0130324367   39.79746    -74.11788     0.01      0.04     0.04     1 
0130324429   39.77470    -74.59633     0.06      0.10     0.12     1 
0130324430   39.77457    -74.55955     0.15      0.21     0.26     1 
0130324431   39.77443    -74.52277     0.11      0.06     0.12     1 
0130324433   39.77410    -74.44921     0.03      0.13     0.14     1 
0130324434   39.77392    -74.41243     0.08      0.05     0.09     1 
0130324436   39.77352    -74.33887     0.10     -0.05     0.12     1 
0130324437   39.77331    -74.30209    -0.04     -0.02     0.04     1 
0130324440   39.77259    -74.19176     0.01      0.03     0.04     1 
0130324442   39.77206    -74.11821     0.24     -0.02     0.24     1 
0130324504   39.74930    -74.59648     0.09      0.14     0.17     1 
0130324505   39.74916    -74.55971    -0.04     -0.08     0.09     1 
0130324506   39.74902    -74.52295    -0.06      0.01     0.06     1 
0130324507   39.74886    -74.48618     0.09     -0.02     0.09     1 
0130324508   39.74869    -74.44941    -0.12     -0.11     0.16     1 
0130324509   39.74851    -74.41265     0.27      0.03     0.27     1 
0130324510   39.74832    -74.37588     0.04      0.04     0.06     1 
0130324512   39.74790    -74.30235     0.10      0.08     0.13     1 
0130324514   39.74744    -74.22882     0.14      0.09     0.16     1 
0130324515   39.74719    -74.19205     0.19      0.14     0.23     1 
0130324579   39.72389    -74.59663    -0.05     -0.02     0.05     1 
0130324580   39.72375    -74.55988    -0.06      0.02     0.06     1 
0130324581   39.72361    -74.52312     0.01      0.08     0.08     1 
0130324582   39.72345    -74.48637    -0.01      0.08     0.08     1 
0130324583   39.72328    -74.44961     0.04      0.02     0.05     1 
0130324584   39.72310    -74.41286     0.09     -0.17     0.19     1 
0130324585   39.72291    -74.37611     0.09      0.24     0.26     1 
0130324588   39.72227    -74.26585     0.03      0.07     0.07     1 
0130324589   39.72203    -74.22910     0.12      0.12     0.17     1 
0130324590   39.72178    -74.19235     0.04      0.10     0.11     1 
0130324591   39.72152    -74.15560     0.17     -0.03     0.18     1 
0130324653   39.69860    -74.63352    -0.07      0.02     0.07     1 
0130324654   39.69848    -74.59678    -0.15      0.01     0.15     1 
0130324655   39.69835    -74.56004    -0.07      0.05     0.09     1 
0130324656   39.69820    -74.52330     0.06      0.04     0.07     1 
0130324657   39.69805    -74.48656    -0.02      0.12     0.13     1 
0130324659   39.69770    -74.41308     0.00     -0.00     0.01     1 
0130324660   39.69750    -74.37634     0.04     -0.02     0.05     1 
0130324661   39.69730    -74.33960    -0.07      0.00     0.07     1 
0130324663   39.69686    -74.26612    -0.02      0.12     0.12     1 
0130324665   39.69637    -74.19265     0.03      0.10     0.11     1 
0130324666   39.69611    -74.15591     0.10      0.15     0.18     1 
0130324732   39.67264    -74.48674     0.07      0.04     0.07     1 
0130324733   39.67247    -74.45002    -0.04      0.05     0.06     1 
0130324734   39.67229    -74.41329     0.00      0.06     0.06     1 
0130324735   39.67210    -74.37657     0.01     -0.01     0.01     1 
0130324736   39.67189    -74.33984    -0.07     -0.08     0.11     1 
0130324738   39.67145    -74.26639     0.03      0.01     0.03     1 
0130324739   39.67122    -74.22967     0.02      0.08     0.09     1 
0130324740   39.67097    -74.19294    -0.08      0.10     0.13     1 
0130324811   39.64649    -74.34008    -0.17      0.11     0.21     1 
0130324812   39.64627    -74.30337     0.03      0.05     0.06     1 
0130324813   39.64605    -74.26666     0.04      0.11     0.11     1 
0130324814   39.64581    -74.22995    -0.02      0.03     0.04     1 
0130324815   39.64556    -74.19324     0.02      0.05     0.05     1 
----------------------------------------------------------------------
---------------------------------------------------
Total correlated GCPs in Upper Left Quadrant: 582

GCP statistics this quadrant only (in Pixels)
Line residual statistics:
  Mean: 0.035
  Median: 0.043
  Standard Deviation: 0.088

Sample residual statistics:
  Mean: 0.011
  Median: 0.015
  Standard Deviation: 0.059

Quadrant RMSE: 0.112

---------------------------------------------------
Total correlated GCPs in Upper Right Quadrant: 185

GCP statistics this quadrant only (in Pixels)
Line residual statistics:
  Mean: 0.011
  Median: 0.019
  Standard Deviation: 0.086

Sample residual statistics:
  Mean: -0.001
  Median: -0.001
  Standard Deviation: 0.076

Quadrant RMSE: 0.115

---------------------------------------------------
Total correlated GCPs in Lower Left Quadrant: 379

GCP statistics this quadrant only (in Pixels)
Line residual statistics:
  Mean: 0.025
  Median: 0.024
  Standard Deviation: 0.064

Sample residual statistics:
  Mean: -0.022
  Median: -0.024
  Standard Deviation: 0.070

Quadrant RMSE: 0.101

---------------------------------------------------
Total correlated GCPs in Lower Right Quadrant: 0

GCP statistics this quadrant only (in Pixels)
Line residual statistics:
  Mean: 0.000
  Median: 0.000
  Standard Deviation: 0.000

Sample residual statistics:
  Mean: 0.000
  Median: 0.000
  Standard Deviation: 0.000

Quadrant RMSE: 0.000

---------------------------------------------------
---------------------------------------------------
Total correlated GCPs in scene: 1146

GCP statistics entire scene (in Pixels)
Line residual statistics:
  Mean: 0.028
  Median: 0.030
  Standard Deviation: 0.081

Sample residual statistics:
  Mean: -0.002
  Median: 0.002
  Standard Deviation: 0.067

Scene RMSE: 0.109

