Tue. Sep. 27, 2016             LANDSAT 5                 Time: 06:05
                         Image Assessment System
                           GCP Residual Report
----------------------------------------------------------------------------
WOID: L19999614            Path/Row: 013 / 032

L0R Reference Image: L51XXX1094173140100_HDF.162711034
Acquisition Date: Jun 22, 1994

Band Number:  5

GLS date for each WRS-2 path/row used:
Path  Row   Date
013   032   10-20-2000


Point_ID         Latitude  Longitude    Height       Across    Along    Residual  Residual
                                                      Scan      Scan      In y      in x
                                                    Residual  Residual    dir       dir
                   (deg)     (deg)     (meters)     (meters)  (meters)  (meters)  (meters)

0130320001_01   40.899350  -72.547400    -5.607      -0.546    -1.244    -0.341    -1.319
0130320002_01   40.985966  -74.209579   109.451      -1.472     0.799    -1.569     0.545
0130320004_01   41.050400  -73.531986   -15.842      -0.051     0.140    -0.069     0.131
0130320005_01   40.837345  -73.132134    -7.643      -1.672    -4.111    -0.961    -4.333
0130320007_01   41.024323  -74.206980    78.507      -7.078     3.684    -7.576     2.450
0130320008_01   40.742508  -74.255819    36.008      -1.223     2.622    -1.630     2.383
0130320009_01   40.528315  -74.193730   -22.011      -6.446     0.252    -6.382    -0.831
0130320010_01   40.471312  -74.278993    -4.971      -2.134     1.727    -2.380     1.347
0130320011_01   40.320072  -74.446563    15.000      -0.803    -0.932    -0.618    -1.049
0130320012_01   40.704794  -73.791026   -15.364       4.710    -1.999     4.986    -1.177
0130320014_01   41.031222  -73.762948    33.541      -0.632    -0.142    -0.591    -0.243
0130320015_01   40.849362  -73.315786    24.221      -1.956     2.990    -2.430     2.620
0130320017_01   40.997453  -73.842051    24.670      -6.198     2.983    -6.599     1.905
0130320019_01   40.348265  -74.045041   -22.951      -7.175    -0.598    -6.960    -1.794
0130320020_01   40.017080  -74.100998   -32.000       3.762    -0.190     3.749     0.450
0130320021_01   40.830719  -73.926433   -25.000       0.658    -2.899     1.146    -2.744
0130320023_01   40.627324  -74.207084   -29.527       3.528     1.754     3.195     2.325
0130320024_01   40.707930  -73.860221   -11.161      -3.796    -2.431    -3.324    -3.031
0130320025_01   40.799067  -73.664494    23.537      -2.561    -1.261    -2.306    -1.670
0130320026_01   40.761740  -73.733483    20.856      -3.476    -0.027    -3.415    -0.607
0130320027_01   40.706608  -73.311220   -27.502      -5.188     5.680    -6.069     4.729
0130320028_01   40.815703  -72.604548   -29.085      -1.170     0.091    -1.180    -0.108
0130320029_01   40.857797  -73.395655    36.005      -5.379     0.339    -5.357    -0.566
0130320030_01   40.813219  -72.576184   -27.298      -5.701     3.056    -6.146     2.054
0130320031_01   40.559868  -74.308164    -2.814       1.476    -2.945     1.966    -2.650
0130320032_01   40.761611  -73.377712    17.883      -4.764     2.760    -5.158     1.922
0130320033_01   40.949976  -72.368043    21.203      -2.530     5.868    -3.492     5.360
0130320034_01   40.466811  -74.389095   -32.000       4.565    -5.606     5.459    -4.754
0130320035_01   40.997535  -73.674050    -2.958      -2.117    -0.575    -1.984    -0.919
0130320036_01   40.888862  -73.901991   -15.490       3.020    -5.457     3.903    -4.869
0130320037_01   40.440476  -74.232983   -21.941      -3.095    -0.117    -3.018    -0.632
0130320038_01   40.672778  -74.004221   -30.000       6.821     0.222     6.697     1.367
0130320040_01   41.137758  -73.265178   -27.482       3.720    -1.710     3.955    -1.061
0130320041_01   40.663038  -73.913156   -23.863       0.669    -2.108     1.023    -1.962
0130320042_01   40.929434  -72.332519   -24.015       4.046    -4.037     4.651    -3.302
0130320043_01   40.929749  -72.231324   -27.177      -1.938     1.035    -2.102     0.693
0130320044_01   40.028130  -74.336771   -11.875       3.326    -2.145     3.653    -1.550
0130320045_01   40.832091  -72.510748   -29.489       1.645     3.263     1.061     3.493
0130320046_01   40.254409  -74.299644    18.888       0.413     3.014    -0.087     3.043
0130320049_01   40.862059  -72.411392   -29.885       2.975    -1.807     3.222    -1.283
0130320050_01   39.798738  -74.181290   -31.000      -0.863    -1.085    -0.657    -1.212
0130320052_01   39.950177  -74.537004   -11.575       4.291    -2.824     4.721    -2.056
0130320054_01   40.703019  -73.251655   -30.243       5.729    -0.132     5.668     0.833
0130320055_01   40.651400  -74.099636   -31.000       7.235     2.219     6.770     3.405
0130320056_01   40.852614  -73.157330     5.136      -6.029     1.083    -6.127     0.056
0130320058_01   40.879527  -72.958272    -1.812      -6.095     1.949    -6.341     0.899
0130320060_01   40.794862  -74.027647   -29.864       3.157    -6.002     4.132    -5.384
0130320061_01   41.083545  -73.462677   -15.734      -0.793     0.957    -0.938     0.812
0130320065_01   40.809518  -72.824205   -22.039      -6.411     2.103    -6.681     0.996
0130320066_01   40.928985  -74.139706   -20.218       6.901    -0.175     6.846     0.987
0130320067_01   40.063206  -74.055365   -31.609       4.399    -3.749     4.977    -2.951
0130320071_01   40.773303  -73.441769    28.159       2.513     3.141     1.952     3.519
0130320072_01   40.647365  -74.003179    17.815       0.528     2.898     0.044     2.947
0130320073_01   40.943221  -72.577493   -28.992       3.771    -2.065     4.053    -1.403
0130320074_01   40.910900  -74.179838     3.081       4.242     0.001     4.196     0.715
0130320076_01   40.946991  -72.439437   -30.802       6.854    -2.196     7.113    -1.015
0130320079_01   40.881471  -74.043115   -29.200       1.219    -0.861     1.358    -0.641
0130320081_01   40.857971  -73.640532   -28.120       2.837     4.069     2.119     4.489
0130320083_01   40.853379  -73.922152   -30.795      -3.986    -4.417    -3.176    -5.019
0130320085_01   39.891523  -74.273525   -15.133      -3.321    -1.672    -2.978    -2.205
0130320086_01   40.056895  -74.111730   -31.615       3.674     2.585     3.194     3.170
0130320087_01   40.728748  -73.614036   -10.000       1.822     1.627     1.528     1.911
0130320089_01   39.737284  -74.496768    -4.243      -0.106     1.174    -0.289     1.143
0130320091_01   40.964243  -72.562108   -21.427       3.231     3.390     2.606     3.884
0130320092_01   40.783988  -73.900165   -28.172       6.394    -1.295     6.530    -0.201
0130320093_01   40.897519  -72.877234    -6.312      -6.292     2.552    -6.637     1.459
0130320097_01   40.439273  -74.345128   -24.866       1.406    -2.795     1.872    -2.515
0130320098_01   40.698016  -73.954843   -27.807      -3.929    -2.583    -3.428    -3.202
0130320099_01   40.019276  -74.452868    22.019       1.148    -2.725     1.607    -2.488
0130320100_01   40.993042  -74.038294   -10.698      -5.797     3.510    -6.289     2.493
0130320101_01   40.629209  -73.748405   -29.343       3.251    -1.516     3.466    -0.946
0130320102_01   40.875895  -72.537230   -18.903      -2.452     0.938    -2.587     0.513
0130320103_01   40.822648  -73.960004   -32.000      -0.232    -5.822     0.760    -5.774
0130320104_01   40.655550  -73.407608   -31.619       7.012    -2.273     7.295    -1.061
0130320105_01   40.241116  -74.248640     5.368      -4.215     1.472    -4.389     0.745
0130320109_01   40.669321  -73.349073   -30.091       2.431    -1.388     2.630    -0.958
0130320110_01   40.091202  -74.221786   -21.000       0.940     0.950     0.777     1.098
0130320111_01   40.738885  -74.160992   -25.810       3.216    -0.002     3.183     0.541
0130320113_01   40.731814  -73.492118    -4.000       3.853    -0.445     3.875     0.210
0130320114_01   40.607318  -74.061930   -16.425       1.591     2.441     1.169     2.677
0130320115_01   40.917360  -72.568463   -30.156       5.673     3.113     5.060     4.022
0130320116_01   40.702132  -73.671759   -17.716      -3.772    -1.209    -3.510    -1.823
0130320117_01   40.776091  -74.078402   -30.000       2.114     3.964     1.430     4.265
0130320118_01   39.862333  -74.318378    11.564      -1.506     0.408    -1.541     0.151
0130320119_01   40.563395  -74.225203   -30.000       5.980     2.527     5.482     3.499
0130320120_01   40.896528  -72.504059   -30.689      -1.499    -4.069    -0.808    -4.265
0130320121_01   40.680789  -73.435051   -27.000       0.480     0.082     0.461     0.163
0130320122_01   39.777713  -74.115680   -31.000      -5.027     3.359    -5.514     2.464
0130320123_01   39.852418  -74.381952    12.098      -0.399    -1.761    -0.082    -1.799
0130320127_01   39.940846  -74.171874   -31.275      -0.340     1.834    -0.635     1.753
0130320128_01   41.014471  -72.560613   -29.827       0.264     2.993    -0.253     2.995
0130320129_01   40.819865  -72.716444   -26.181      -2.644    -2.949    -2.121    -3.352
0130320130_01   40.853632  -72.900702     9.669      -6.257    -0.797    -6.041    -1.836
0130320131_01   40.680451  -73.315076   -30.082       7.374    -2.386     7.669    -1.112
0130320132_01   40.661770  -73.865621   -31.124      -1.063     2.544    -1.466     2.331
0130320133_01   39.928397  -74.499233    -2.226      -5.683    -3.179    -5.047    -4.087
0130320134_01   40.956359  -72.248032   -20.000       2.635    -3.866     3.230    -3.371
0130320135_01   40.756389  -73.954640   -26.334       3.316    -4.267     3.996    -3.646
0130320137_01   40.719578  -73.948467   -28.586      -0.036    -4.850     0.790    -4.783
0130320138_01   40.768890  -74.282184    68.379       0.564    -3.552     1.169    -3.402
0130320139_01   40.535371  -74.324711    27.678      -3.674     1.534    -3.863     0.898
0130320140_01   40.787891  -74.002503    -7.496       4.479    -5.153     5.292    -4.325
0130320141_01   39.760479  -74.550185    -8.647      -2.368    -1.832    -2.008    -2.201
0130320143_01   40.739764  -73.586449    -4.148      -1.713     0.674    -1.797     0.379
0130320144_01   40.567967  -74.109615   -28.000       1.124    -3.427     1.696    -3.186
0130320145_01   40.841022  -73.693899   -21.153      -1.860     3.785    -2.462     3.422
0130320146_01   40.359030  -74.260052    -3.216      -7.670     5.234    -8.427     3.872
0130320147_01   40.693247  -74.129254   -27.591       4.679     2.009     4.287     2.769
0130320148_01   40.930916  -73.054675    26.962      -3.338     0.933    -3.451     0.361
0130320149_01   39.721836  -74.125495   -32.323       3.873     3.464     3.239     4.071
0130320150_01   40.915771  -73.406010   -29.813       2.019    -0.489     2.075    -0.141
0130320153_01   39.912061  -74.191174   -20.784       1.778    -4.434     2.512    -4.067
0130320155_01   40.839914  -73.898529    -9.132      -1.789     0.036    -1.759    -0.262
0130320156_01   40.105804  -74.110038   -22.342      -5.586     2.780    -5.964     1.801
0130320157_01   39.763305  -74.513741    -9.916      -3.057     3.665    -3.618     3.099
0130320159_01   40.201374  -74.437308    54.059      -4.796     5.420    -5.624     4.538
0130320161_01   40.809960  -72.776533   -20.008      -5.370     4.418    -6.045     3.453
0130320162_01   40.900078  -72.383912   -17.865       6.411    -0.192     6.339     0.887
0130320163_01   40.845585  -74.050038   -30.000      -7.046     2.246    -7.309     1.037
0130320164_01   40.899689  -74.090223   -19.733      -0.237    -1.207    -0.017    -1.226
0130320165_01   40.692493  -74.296142    -3.000      -0.610     6.797    -1.728     6.601
0130320166_01   40.016077  -74.184675   -12.000      -6.975     1.977    -7.197     0.776
0130320167_01   40.916827  -72.727714   -19.271       3.473    -0.791     3.548    -0.197
0130320168_01   39.978490  -74.074451   -31.558       2.004    -4.743     2.785    -4.334
0130320169_01   39.921786  -74.081534   -32.589       0.165     1.689    -0.115     1.695
0130320170_01   40.424301  -73.991981   -33.000       1.393     5.487     0.458     5.645
0130320172_01   40.899444  -73.359390   -31.400       3.483    -2.862     3.915    -2.235
0130320173_01   40.309954  -74.322725     2.801      -7.700     3.084    -8.093     1.748
0130320174_01   40.937192  -73.491733   -31.420       1.858     0.837     1.695     1.138
0130320175_01   40.872765  -72.883009    -0.176      -5.480     0.338    -5.466    -0.587
0130320177_01   40.664484  -74.187478   -22.741       5.303     2.052     4.895     2.916
0130320178_01   40.705311  -73.925254   -25.051       1.198    -1.481     1.440    -1.256
0130320180_01   40.917522  -72.450905   -33.449       7.122    -1.274     7.223    -0.061
0130320181_01   39.928303  -74.234517   -25.016       0.168    -3.190     0.716    -3.112
0130320182_01   39.694903  -74.449840     6.929      -4.067     3.407    -4.570     2.674
0130320183_01   39.739425  -74.380511    -6.000      -3.316    -4.403    -2.510    -4.896
0130320185_01   39.701100  -74.135905   -31.000       3.065     0.118     3.009     0.637
0130320186_01   40.910012  -73.542577   -32.000      -2.610    -4.680    -1.783    -5.049
0130320187_01   41.078182  -74.142764    72.984      -5.801     0.502    -5.786    -0.471
0130320188_01   40.865901  -74.198549    87.717      -0.875     1.044    -1.023     0.886
0130320192_01   39.654049  -74.170411   -31.072       5.592     4.397     4.776     5.281
0130320193_01   40.650922  -73.485425   -31.895       3.112    -2.494     3.489    -1.934
0130320195_01   39.780236  -74.379795     2.529       3.493    -4.319     4.186    -3.663
0130320196_01   40.812603  -74.016361   -29.000       3.933    -0.825     4.026    -0.150
0130320198_01   40.705603  -73.816936   -13.366      -0.758     0.429    -0.811     0.298
0130320199_01   40.977429  -72.471774   -30.925       1.598     0.239     1.523     0.504
0130320200_01   40.747370  -74.103318   -30.000       6.509    -1.564     6.691    -0.447
0130320201_01   40.052140  -74.283781    -5.601      -3.903     1.563    -4.098     0.886
0130320203_01   41.122474  -73.547177    34.697       1.155     1.843     0.835     2.012
0130320204_01   40.769089  -74.152081    -0.606       5.332     0.746     5.143     1.633
0130320205_01   39.979539  -74.177731   -18.677      -1.646     3.183    -2.150     2.863
0130320206_01   41.060581  -73.657789    51.464      -7.352     3.302    -7.793     2.026
0130320207_01   40.793519  -73.936634   -29.778       0.074    -3.560     0.682    -3.494
0130320208_01   40.601214  -73.571644   -33.444       1.169     1.496     0.904     1.673
0130320209_01   40.839389  -74.156879     8.131       1.171     2.277     0.786     2.445
0130320210_01   39.810792  -74.434897     9.651       4.700    -6.286     5.708    -5.397
0130320211_01   40.675652  -73.495869   -26.000      -5.411     0.751    -5.458    -0.167
0130320212_01   40.849862  -72.702959   -12.009      -0.824     5.833    -1.801     5.612
0130320213_01   39.685678  -74.502041   -18.889       1.982     2.010     1.627     2.319
0130320215_01   40.747555  -72.998914   -27.739       3.134    -6.264     4.136    -5.649
0130320217_01   40.885661  -72.344248   -28.139      -5.292    -0.499    -5.150    -1.383
0130320218_01   40.695822  -74.225091   -13.310       5.542     6.502     4.383     7.341
0130320219_01   40.947778  -72.936569    28.548      -4.802     0.764    -4.867    -0.053
0130320220_01   40.475355  -74.321773   -29.128      -2.203    -3.915    -1.496    -4.225
0130320222_01   40.725609  -74.194195    -5.529      -2.003     1.857    -2.272     1.498
0130320223_01   40.057509  -74.157801   -23.011      -0.883     0.933    -1.017     0.773
0130320224_01   40.637419  -74.074636   -28.778       1.359    -1.919     1.674    -1.660
0130320225_01   40.612418  -73.415371   -30.753      -3.152    -5.665    -2.154    -6.112
0130320226_01   40.717149  -73.426031   -15.000       2.710     2.145     2.312     2.571
0130320227_01   39.679411  -74.330674   -24.707      -3.402    -0.452    -3.265    -1.017
0130320228_01   39.810248  -74.203935   -31.493       1.084    -2.635     1.524    -2.410
0130320231_01   39.933407  -74.271678    -2.177      -4.409     0.459    -4.411    -0.288
0130320232_01   40.599152  -73.473831   -31.431       7.726    -2.687     8.070    -1.349
0130320234_01   40.727253  -73.694350    -4.845       1.576    -2.587     1.994    -2.283
0130320235_01   40.713223  -73.560018   -12.000      -1.942     0.064    -1.921    -0.262
0130320238_01   40.852851  -73.983022    51.961      -4.250    -0.041    -4.170    -0.750
0130320239_01   40.908143  -73.234863   -32.000       1.103    -4.334     1.814    -4.087
0130320240_01   40.954851  -72.751360     2.228       5.279    -1.895     5.514    -0.982
0130320241_01   40.919174  -72.682748   -23.991       0.252    -2.024     0.579    -1.953
0130320243_01   39.781308  -74.554253    -7.748       4.753     5.325     3.798     6.054
0130320245_01   40.858243  -72.571340   -21.524      -4.740    -0.990    -4.520    -1.773
0130320246_01   39.842550  -74.147108   -33.000       4.148    -1.129     4.288    -0.410
0130320248_01   40.759794  -72.767545   -29.822       6.881    -0.762     6.903     0.405
0130320249_01   40.704794  -74.193381   -29.595       3.114     1.117     2.895     1.627
0130320250_01   39.769614  -74.416319     0.927      -3.785     3.728    -4.347     3.039
0130320251_01   40.868023  -73.011309    -3.641      -4.789     1.602    -4.994     0.776
0130320252_01   39.992080  -74.538829    -3.391       3.235    -3.249     3.753    -2.652
0130320255_01   40.966998  -72.723141    10.382      -5.598     3.526    -6.118     2.537
0130320256_01   40.877729  -73.984778   -28.275       2.233    -0.142     2.237     0.238
