Sat. Sep. 24, 2016             LANDSAT 5                 Time: 14:54
                         Image Assessment System
                           GCP Residual Report
----------------------------------------------------------------------------
WOID: L19930718            Path/Row: 014 / 032

L0R Reference Image: L51XXX1096202140100_HDF.162681948
Acquisition Date: Jul 20, 1996

Band Number:  5

GLS date for each WRS-2 path/row used:
Path  Row   Date
014   032   09-23-1999


Point_ID         Latitude  Longitude    Height       Across    Along    Residual  Residual
                                                      Scan      Scan      In y      in x
                                                    Residual  Residual    dir       dir
                   (deg)     (deg)     (meters)     (meters)  (meters)  (meters)  (meters)

0140320001_01   39.805434  -75.427445   -32.455       0.959     0.692     0.814     0.859
0140320002_01   40.844760  -73.788842   -27.396      -0.592    -1.312    -0.340    -1.400
0140320003_01   40.948134  -74.065321   -15.668       0.440    -0.716     0.563    -0.622
0140320005_01   39.597576  -74.342643   -30.984      -0.334     0.075    -0.345     0.010
0140320007_01   40.869077  -74.151518    -4.729       4.333     2.405     3.805     3.170
0140320008_01   40.462764  -74.295361    -1.381      -1.841    -1.535    -1.524    -1.851
0140320009_01   40.348343  -74.123108   -16.496      -4.926    -0.505    -4.745    -1.417
0140320010_01   40.600232  -75.454805    41.220       3.993    -0.246     3.969     0.503
0140320011_01   40.627047  -74.167714   -25.800       5.495     0.236     5.349     1.258
0140320012_01   39.992673  -75.274339    41.869      -5.512    -1.047    -5.214    -2.058
0140320014_01   41.034599  -75.065550   265.632      -3.574    -0.237    -3.462    -0.897
0140320016_01   39.989676  -74.158986   -27.474      -1.157     1.459    -1.412     1.215
0140320017_01   40.909079  -74.530737   203.203      -5.015     1.953    -5.287     0.983
0140320021_01   40.155362  -75.136205    49.267       0.003    -3.033     0.571    -2.977
0140320024_01   40.171667  -75.246519    38.178       0.387     4.490    -0.458     4.481
0140320025_01   39.957452  -75.178311   -28.973      -2.041    -0.271    -1.953    -0.648
0140320026_01   40.603280  -74.097800    16.189       2.621     2.984     2.015     3.419
0140320027_01   40.482680  -74.484165    -1.784       0.416    -0.174     0.439    -0.093
0140320028_01   40.569220  -74.938214   144.014      -5.445    -2.173    -4.939    -3.149
0140320030_01   39.894887  -74.752838   -18.246      -4.195     1.584    -4.417     0.770
0140320031_01   39.881033  -75.875588   125.109      -2.837    -1.112    -2.573    -1.621
0140320032_01   40.330097  -74.257896    13.724      -5.601     1.934    -5.863     0.851
0140320033_01   40.003845  -75.232910    52.481      -2.378    -3.537    -1.671    -3.916
0140320034_01   40.535374  -74.198250    -6.496      -3.183     0.255    -3.176    -0.345
0140320035_01   39.870199  -75.139147   -27.239       5.499     0.407     5.324     1.429
0140320036_01   40.001070  -75.091614   -24.348       5.526     0.901     5.258     1.919
0140320038_01   40.890743  -73.900892     7.681       2.120    -1.753     2.405    -1.326
0140320039_01   40.269896  -74.815696    13.164      -3.685    -0.793    -3.470    -1.467
0140320041_01   40.998681  -75.557052   469.341       0.046    -0.084     0.065    -0.073
0140320043_01   40.361513  -75.731967    69.510       0.411     1.862     0.059     1.906
0140320044_01   39.857539  -75.095281   -28.243       0.589     1.426     0.312     1.511
0140320045_01   40.451689  -74.342177    -5.624      -0.693     0.572    -0.789     0.432
0140320046_01   40.685601  -74.318581    -1.702       3.156     0.283     3.045     0.867
0140320047_01   39.699187  -75.558709   -18.511       3.367    -1.159     3.526    -0.507
0140320048_01   40.336427  -75.155640    96.453      -0.718    -0.821    -0.550    -0.940
0140320049_01   40.788161  -74.002499    -1.738      -0.053    -2.539     0.418    -2.503
0140320050_01   40.675469  -75.347048    64.468       3.801    -4.662     4.604    -3.869
0140320051_01   40.597285  -74.376918    -7.258      -2.208     5.161    -3.133     4.656
0140320053_01   40.856112  -75.180698   173.073       2.783     0.724     2.599     1.229
0140320054_01   40.804332  -75.086663    81.998       1.271    -3.145     1.836    -2.850
0140320055_01   40.510479  -75.296268   109.912      -1.474    -0.950    -1.267    -1.207
0140320057_01   40.030276  -75.260073    68.982      -1.147     3.854    -1.846     3.570
0140320058_01   40.484142  -74.509639     4.000       3.962    -2.195     4.298    -1.416
0140320059_01   40.902666  -75.128109   122.481       0.850    -1.055     1.033    -0.877
0140320061_01   40.520817  -74.633328    -8.987       0.250     3.006    -0.316     2.999
0140320062_01   40.610151  -74.463327    -6.471      -2.101    -1.791    -1.730    -2.151
0140320064_01   40.056895  -74.111730   -31.615       0.788     1.549     0.481     1.668
0140320065_01   40.950594  -73.704930   -13.516      -2.551    -0.702    -2.378    -1.166
0140320067_01   40.389696  -75.284427   135.939       0.299     0.841     0.138     0.882
0140320068_01   40.547533  -74.424500    -1.385       5.351     3.079     4.678     4.022
0140320069_01   40.818104  -73.935885   -28.955       0.164    -1.907     0.514    -1.843
0140320070_01   39.663913  -75.771067    -4.805       5.763     2.967     5.105     3.993
0140320071_01   39.781890  -75.708972    46.435       1.814    -2.579     2.267    -2.192
0140320073_01   40.653594  -75.423230    85.425       4.799     0.011     4.712     0.906
0140320074_01   40.253826  -75.004116    25.831       0.786    -2.923     1.319    -2.723
0140320075_01   40.865901  -74.198549    87.717       1.318     3.320     0.673     3.505
0140320077_01   40.042458  -75.355071    79.994       0.761     1.743     0.423     1.854
0140320080_01   39.698992  -75.856837    71.774      -7.001     0.034    -6.875    -1.275
0140320082_01   39.981445  -74.784500   -17.666       1.884     2.455     1.390     2.763
0140320083_01   40.135578  -74.189587   -12.000      -3.518     3.383    -4.090     2.662
0140320084_01   39.960343  -75.699571   106.569      -2.195    -0.277    -2.100    -0.681
0140320086_01   40.312531  -75.487469    80.078      -2.185     0.931    -2.316     0.507
0140320087_01   40.004607  -75.503549   109.849      -3.906    -0.690    -3.704    -1.406
0140320089_01   40.670550  -75.265739    79.887       3.544     0.515     3.385     1.166
0140320090_01   40.639498  -73.881963   -30.612       2.297    -2.854     2.784    -2.374
0140320091_01   40.381208  -75.480896    71.216       2.367    -1.328     2.574    -0.862
0140320092_01   41.113810  -75.555881   487.482      -6.100     5.363    -6.980     4.130
0140320093_01   40.322671  -75.132656    75.205      -0.140    -1.871     0.214    -1.862
0140320094_01   40.832035  -73.866282   -22.096      -4.657     0.313    -4.635    -0.562
0140320095_01   40.717101  -73.805011     1.958      -1.798    -0.983    -1.587    -1.301
0140320096_01   40.254028  -75.279625    70.075       4.068    -0.661     4.119     0.111
0140320098_01   40.309000  -75.232542    74.660      -5.386    -1.686    -4.971    -2.661
0140320101_01   40.212760  -74.758033   -21.440       4.009     0.572     3.829     1.312
0140320102_01   40.428235  -74.518888     1.000      -1.157    -1.314    -0.892    -1.506
0140320104_01   40.791652  -74.952587   127.661      -1.983    -1.153    -1.731    -1.501
0140320105_01   40.254409  -74.299644    18.888      -0.629     1.399    -0.881     1.255
0140320107_01   40.479406  -74.321379   -24.555       1.588     2.535     1.084     2.786
0140320108_01   40.735811  -75.691287   173.733      -1.795    -1.403    -1.497    -1.711
0140320109_01   40.817986  -73.839486   -29.568      -2.589    -2.165    -2.142    -2.610
0140320110_01   40.900594  -74.572825   165.435      -1.134    -0.935    -0.940    -1.130
0140320111_01   39.952023  -75.592018    88.933       5.654    -1.118     5.762    -0.040
0140320112_01   40.528496  -75.214881   150.581      -1.182    -2.146    -0.758    -2.327
0140320113_01   40.725801  -73.733809    -6.983      -2.306     3.163    -2.858     2.675
0140320114_01   40.280053  -74.032592   -16.000      -4.489    -1.784    -4.078    -2.592
0140320115_01   40.269180  -74.890854    37.984      -1.529     5.423    -2.514     5.039
0140320116_01   39.760487  -75.110907   -16.325      -1.533     1.417    -1.770     1.104
0140320117_01   40.327078  -74.134683    -9.000       3.762    -2.558     4.169    -1.808
0140320118_01   40.347979  -74.799234    29.081       0.454    -1.898     0.800    -1.778
0140320119_01   40.286497  -75.264935    68.530       0.453    -1.069     0.646    -0.964
0140320120_01   40.412426  -75.110909   123.086      -2.036    -1.952    -1.633    -2.295
0140320121_01   40.057739  -75.809959   162.289       0.646     4.422    -0.190     4.463
0140320122_01   39.775908  -75.568087    48.602       2.725     0.874     2.513     1.368
0140320124_01   40.260965  -74.044859   -15.000      -2.011     1.485    -2.255     1.082
0140320125_01   40.090599  -74.761985   -19.718      -4.937     2.324    -5.282     1.359
0140320126_01   40.782797  -74.039200   -29.000       3.114     0.200     3.018     0.777
0140320127_01   40.842410  -73.934073    29.268      -2.963    -6.304    -1.738    -6.743
0140320128_01   41.019962  -74.551360   261.667       2.093    -1.415     2.318    -0.999
0140320129_01   39.928058  -74.123579   -31.000       3.836     0.220     3.722     0.934
0140320130_01   39.872511  -75.217380   -31.000       6.246     1.423     5.867     2.567
0140320131_01   40.207776  -74.019167   -27.000       2.690    -1.721     2.959    -1.187
0140320132_01   39.577394  -74.225817   -31.025       0.658    -4.998     1.578    -4.784
0140320133_01   40.139070  -74.810416   -32.000       2.790    -1.410     3.002    -0.862
0140320134_01   40.384341  -75.082235   121.076      -2.242     2.185    -2.608     1.727
0140320135_01   40.858007  -74.604423   243.915      -4.253     0.593    -4.285    -0.210
0140320136_01   41.142711  -75.030982   319.000       0.569    -1.350     0.812    -1.219
0140320139_01   40.089761  -74.988621    -2.654       3.130     0.705     2.942     1.278
0140320141_01   39.930005  -75.056409   -28.000       2.487     1.358     2.188     1.799
0140320142_01   40.223492  -74.722734   -19.000      -1.009     0.482    -1.082     0.285
0140320144_01   40.224945  -74.138805     3.529      -1.652     0.556    -1.729     0.237
0140320145_01   40.639411  -74.236033   -26.267       4.836     1.560     4.456     2.434
0140320147_01   39.849263  -75.697741    77.010      -0.216     1.356    -0.464     1.291
0140320149_01   40.035091  -75.801955   141.802      -1.256     2.135    -1.629     1.862
0140320150_01   40.151009  -74.155238   -19.789      -6.529     3.508    -7.070     2.222
0140320151_01   40.694316  -73.905547   -11.117      -2.885     0.015    -2.839    -0.524
0140320152_01   39.752212  -75.225056    -5.000      -1.360    -2.513    -0.864    -2.722
0140320153_01   39.946933  -75.983185   107.179       0.332    -2.095     0.723    -1.994
0140320154_01   40.061203  -74.145443   -28.296       0.505    -1.689     0.808    -1.564
0140320155_01   40.679373  -74.016902   -31.000       4.983    -0.267     4.940     0.667
0140320156_01   40.545954  -74.556664   -14.713       2.993    -3.352     3.563    -2.732
0140320158_01   40.054038  -74.897177   -24.000      -0.186     2.239    -0.601     2.164
0140320160_01   40.863265  -73.999593   -30.000      -0.162    -0.063    -0.150    -0.093
0140320161_01   40.751314  -74.373350    23.838      -2.004     0.826    -2.123     0.437
0140320162_01   40.038203  -75.217202    58.313      -0.486     1.287    -0.717     1.173
0140320163_01   40.245369  -75.378350    34.762      -4.683     2.145    -4.997     1.232
0140320164_01   40.756094  -73.687744     6.704       2.262    -1.172     2.435    -0.729
0140320166_01   40.180768  -75.454458    11.792       2.114    -1.295     2.321    -0.876
0140320167_01   40.047982  -74.685815   -13.844      -3.903     2.733    -4.344     1.954
0140320168_01   40.725186  -75.556897   100.790       4.174     2.879     3.564     3.605
0140320169_01   40.482150  -74.627521    -6.990      -1.900    -1.151    -1.651    -1.485
0140320171_01   40.738841  -73.956691   -29.439       3.153    -0.809     3.243    -0.207
0140320172_01   41.040536  -74.560500   350.538       0.219     4.606    -0.643     4.561
0140320173_01   40.275648  -75.127271    32.041       1.929    -2.225     2.310    -1.823
0140320175_01   40.136247  -74.966428    18.302      -0.952    -0.954    -0.756    -1.114
0140320176_01   39.781216  -75.811963    87.145      -2.736    -0.911    -2.512    -1.405
0140320179_01   40.809197  -75.617710   157.267       3.204     1.531     2.863     2.101
0140320182_01   40.615281  -73.760014   -30.019       1.505    -0.230     1.516     0.055
0140320183_01   39.935350  -75.131554   -31.000       5.078    -0.312     5.045     0.644
0140320184_01   40.303536  -74.639447    -4.498      -3.392     0.170    -3.363    -0.468
0140320185_01   40.051410  -74.655903     3.968      -2.616     3.258    -3.179     2.710
0140320186_01   40.409024  -74.513721    -3.080      -0.930    -0.364    -0.846    -0.531
0140320188_01   40.470472  -75.389520   144.556      -0.235     1.286    -0.469     1.219
0140320191_01   40.620949  -75.478000    48.317       4.693    -0.687     4.739     0.201
0140320193_01   40.086216  -74.913316   -28.990       3.586     0.496     3.428     1.158
0140320194_01   40.077526  -75.130068    25.598      -6.926    -4.147    -6.024    -5.366
0140320195_01   40.067056  -74.978071   -21.573       0.460     1.326     0.203     1.388
0140320196_01   40.804703  -75.648610   192.210       0.863     0.939     0.676     1.084
0140320197_01   39.942830  -74.184843   -32.886      -1.287     4.130    -2.039     3.813
0140320198_01   40.472393  -74.857966    14.866      -2.786    -2.082    -2.346    -2.563
0140320200_01   40.637419  -74.074636   -28.778       0.832     1.022     0.624     1.158
0140320202_01   39.968397  -75.560543    98.338      -4.112    -0.980    -3.851    -1.729
0140320203_01   40.148954  -75.013971    35.787       0.714    -0.526     0.800    -0.383
0140320205_01   40.149740  -74.333476     0.859      -2.720    -3.948    -1.935    -4.385
0140320206_01   39.565970  -74.775314   -17.062       1.544     0.554     1.411     0.834
0140320207_01   40.200172  -75.468687    49.100       3.042     0.314     2.930     0.877
0140320208_01   40.909406  -74.123574   -10.782       2.429    -0.708     2.515    -0.242
0140320209_01   40.522565  -74.520339    -8.094       0.460     1.127     0.240     1.192
0140320210_01   40.209449  -75.569575     8.166       2.012     0.546     1.876     0.913
0140320211_01   39.936623  -74.811678   -24.896      -4.682     1.194    -4.821     0.296
0140320212_01   39.798738  -74.181290   -31.000      -0.950     1.459    -1.209     1.254
0140320213_01   40.594835  -74.280858   -25.276       0.782    -1.999     1.139    -1.817
0140320214_01   39.538679  -74.258016   -31.000       6.517    -4.514     7.240    -3.209
0140320215_01   40.043780  -75.086747    -2.464       2.704    -0.581     2.764    -0.064
0140320216_01   40.217498  -75.296750    75.995       0.673    -0.922     0.835    -0.779
0140320217_01   40.197160  -75.202200    54.415      -0.120     1.027    -0.308     0.986
0140320218_01   40.093001  -75.033668    13.399      -1.079    -0.648    -0.937    -0.838
0140320219_01   39.796021  -75.740303    91.852       0.775    -0.577     0.872    -0.420
0140320220_01   39.770279  -75.499035    28.196      -5.240    -1.364    -4.887    -2.319
0140320222_01   41.025517  -74.264774    82.617      -3.696     6.420    -4.826     5.615
0140320223_01   40.286308  -75.488693    60.200       0.585     1.250     0.343     1.337
0140320224_01   40.350552  -75.265186   100.892      -3.684    -2.612    -3.127    -3.251
0140320225_01   39.975758  -74.582504    -7.995      -2.536     2.159    -2.895     1.645
0140320226_01   40.196717  -74.864888    24.075       1.442     1.263     1.179     1.510
0140320227_01   39.831415  -75.548209    80.896       3.727    -2.179     4.069    -1.442
0140320229_01   40.738885  -74.160992   -25.810       3.043     1.711     2.667     2.248
0140320230_01   40.391268  -75.769757    82.405       3.615     2.802     3.029     3.426
0140320231_01   39.746889  -74.531364   -16.000       1.196     1.192     0.949     1.394
0140320232_01   40.782947  -74.125950    -4.197       5.484     1.866     5.035     2.855
0140320236_01   39.670713  -74.157270   -31.040       0.876    -4.503     1.700    -4.258
0140320238_01   39.605302  -74.863598   -10.390       0.748     0.284     0.680     0.419
0140320239_01   39.997234  -75.947357   189.926      -1.176    -0.096    -1.132    -0.313
0140320240_01   40.338783  -74.183275    -7.460      -3.543    -0.097    -3.463    -0.759
0140320241_01   39.790937  -75.921746   117.178      -2.196    -0.392    -2.078    -0.795
0140320242_01   40.088858  -75.764932   125.467      -1.881    -0.841    -1.685    -1.176
0140320243_01   39.730341  -74.260167   -16.282      -1.953     1.062    -2.120     0.676
0140320244_01   40.357070  -74.976918     8.311      -3.180    -4.642    -2.255    -5.151
0140320245_01   40.306679  -75.391401    69.328      -1.269     0.422    -1.322     0.179
0140320246_01   39.646675  -75.375066   -19.949       3.350     1.551     2.999     2.150
0140320247_01   40.664464  -73.950398    -8.931      -3.168    -2.258    -2.693    -2.809
0140320248_01   40.649103  -75.769519   147.981      -1.174    -3.229    -0.546    -3.388
0140320250_01   41.041520  -74.118968    52.280       1.122     0.530     1.001     0.729
0140320251_01   39.809990  -75.059115    -1.683       1.584    -0.748     1.695    -0.438
0140320252_01   40.823104  -75.734883   123.508      -0.950    -1.631    -0.624    -1.777
0140320253_01   40.539395  -75.461832   159.768      -4.858    -4.036    -4.012    -4.868
0140320254_01   39.737013  -74.496770    -4.248       0.960     0.507     0.845     0.677
0140320256_01   40.071099  -74.944295   -23.633       1.608    -0.349     1.644    -0.042
0140320257_01   40.475196  -74.443876    -0.153       2.769    -0.336     2.780     0.187
0140320258_01   40.181039  -75.135904    41.321       3.129    -1.671     3.386    -1.055
0140320259_01   40.284090  -75.355979    57.892      -0.606    -0.855    -0.433    -0.952
0140320260_01   40.190818  -75.264210    56.206      -5.077     0.710    -5.116    -0.251
0140320261_01   39.692468  -76.057938    85.242       0.941     1.538     0.640     1.686
0140320262_01   40.637763  -74.192415   -30.628       4.770    -0.816     4.834     0.089
0140320263_01   40.719912  -74.153415   -22.633       3.345     1.170     3.064     1.773
