==============================================================================
==============================================================================
Mon. Sep. 19 2016                  LANDSAT 5                       Time: 14:00
                            Image Assessment System
                            GEOMETRIC VERIFY Report
==============================================================================
Order ID: 0501609181821_07238                          Path / Row - 13 / 32
Reference Image: L51XXX1099187152200_HDF.L1G

Color mapping per rank
----------------------
Rank  1 is Green: total residual <= 0.5
Rank  2 is Cyan: 0.5 < total residual <=  1
Rank  3 is Blue:  1 < total residual <=  2
Rank  4 is Yellow:  2 < total residual <=  3
Rank  5 is Red:  3 < total residual

Percentage of residuals by rank
-------------------------------
Rank   1 -- 99.9%
Rank   2 --  0.1%
Rank   3 --  0.0%
Rank   4 --  0.0%
Rank   5 --  0.0%

       GCP    Latitude    Longitude  Sample   Line     Total    Rank
        ID                           Residual Residual Residual
              (Degree)    (Degree)   (Pixel)  (Pixel)  (Pixel)
----------------------------------------------------------------------
0130320093   41.25330    -74.07388     0.33     -0.07     0.34     1 
0130320094   41.25300    -74.03700     0.34      0.05     0.35     1 
0130320095   41.25268    -74.00012     0.36      0.15     0.39     1 
0130320096   41.25236    -73.96324     0.03     -0.11     0.11     1 
0130320166   41.22847    -74.14796     0.15     -0.01     0.15     1 
0130320167   41.22819    -74.11110    -0.31      0.14     0.34     1 
0130320168   41.22790    -74.07423     0.10      0.09     0.14     1 
0130320171   41.22696    -73.96364    -0.03      0.02     0.03     1 
0130320172   41.22662    -73.92678    -0.28     -0.12     0.30     1 
0130320173   41.22627    -73.88992     0.28     -0.02     0.28     1 
0130320174   41.22591    -73.85306    -0.00     -0.06     0.06     1 
0130320175   41.22554    -73.81620     0.14     -0.03     0.14     1 
0130320176   41.22515    -73.77934    -0.15     -0.05     0.16     1 
0130320242   41.20279    -74.11144    -0.18      0.09     0.20     1 
0130320243   41.20250    -74.07459    -0.09      0.10     0.13     1 
0130320244   41.20220    -74.03774     0.27      0.08     0.29     1 
0130320246   41.20156    -73.96405     0.05      0.02     0.05     1 
0130320249   41.20051    -73.85350     0.24      0.04     0.24     1 
0130320250   41.20014    -73.81666     0.31     -0.05     0.31     1 
0130320252   41.19936    -73.74297     0.19      0.01     0.19     1 
0130320254   41.19853    -73.66929     0.48      0.00     0.48     1 
0130320255   41.19810    -73.63244     0.09      0.05     0.10     1 
0130320256   41.19766    -73.59560    -0.08      0.01     0.08     1 
0130320257   41.19720    -73.55876     0.22     -0.08     0.24     1 
0130320315   41.17794    -74.18546    -0.03      0.13     0.13     1 
0130320317   41.17739    -74.11178    -0.06     -0.17     0.18     1 
0130320318   41.17710    -74.07495     0.26      0.08     0.28     1 
0130320320   41.17649    -74.00128     0.27      0.10     0.29     1 
0130320321   41.17616    -73.96445     0.09      0.17     0.19     1 
0130320323   41.17548    -73.89078     0.02     -0.08     0.08     1 
0130320324   41.17512    -73.85395     0.35      0.06     0.35     1 
0130320327   41.17396    -73.74346     0.18      0.11     0.21     1 
0130320328   41.17356    -73.70663     0.41      0.04     0.41     1 
0130320329   41.17314    -73.66980     0.18     -0.01     0.18     1 
0130320330   41.17271    -73.63297     0.08      0.04     0.09     1 
0130320331   41.17226    -73.59615     0.14      0.03     0.14     1 
0130320333   41.17134    -73.52249     0.21      0.05     0.21     1 
0130320334   41.17086    -73.48567     0.25      0.02     0.25     1 
0130320335   41.17037    -73.44885     0.10     -0.03     0.11     1 
0130320336   41.16987    -73.41202     0.16      0.04     0.17     1 
0130320337   41.16936    -73.37520     0.22     -0.02     0.22     1 
0130320390   41.15254    -74.18577     0.22      0.10     0.24     1 
0130320391   41.15227    -74.14895     0.01     -0.01     0.01     1 
0130320393   41.15170    -74.07531     0.37      0.12     0.39     1 
0130320395   41.15109    -74.00167     0.19      0.07     0.21     1 
0130320396   41.15076    -73.96485     0.15      0.10     0.18     1 
0130320397   41.15043    -73.92803     0.19      0.17     0.26     1 
0130320399   41.14972    -73.85439     0.27      0.06     0.28     1 
0130320401   41.14896    -73.78076     0.23      0.00     0.23     1 
0130320402   41.14857    -73.74394     0.22      0.04     0.23     1 
0130320403   41.14816    -73.70713     0.28      0.04     0.28     1 
0130320404   41.14774    -73.67031    -0.02      0.06     0.06     1 
0130320405   41.14731    -73.63350     0.34      0.09     0.36     1 
0130320406   41.14687    -73.59669     0.10      0.04     0.11     1 
0130320407   41.14641    -73.55988     0.27      0.07     0.27     1 
0130320408   41.14595    -73.52307     0.24      0.09     0.26     1 
0130320409   41.14547    -73.48625     0.12      0.05     0.13     1 
0130320410   41.14498    -73.44945     0.25      0.13     0.28     1 
0130320411   41.14448    -73.41264     0.20      0.09     0.22     1 
0130320412   41.14397    -73.37583     0.20      0.05     0.21     1 
0130320413   41.14344    -73.33902     0.18      0.09     0.20     1 
0130320414   41.14290    -73.30222     0.16     -0.03     0.16     1 
0130320415   41.14236    -73.26542    -0.02     -0.06     0.07     1 
0130320416   41.14180    -73.22861    -0.14     -0.13     0.19     1 
0130320466   41.12687    -74.14928     0.13     -0.00     0.13     1 
0130320467   41.12660    -74.11247     0.40      0.17     0.43     1 
0130320475   41.12395    -73.81803     0.47      0.04     0.47     1 
0130320476   41.12357    -73.78123     0.21      0.04     0.21     1 
0130320477   41.12317    -73.74443    -0.02      0.07     0.07     1 
0130320478   41.12276    -73.70763     0.25      0.11     0.27     1 
0130320479   41.12235    -73.67083     0.28     -0.01     0.28     1 
0130320480   41.12192    -73.63403     0.36      0.04     0.36     1 
0130320481   41.12147    -73.59723     0.08      0.09     0.12     1 
0130320482   41.12102    -73.56043     0.13      0.07     0.15     1 
0130320483   41.12055    -73.52363     0.32      0.05     0.32     1 
0130320484   41.12008    -73.48684     0.43      0.07     0.44     1 
0130320485   41.11959    -73.45004     0.30      0.08     0.31     1 
0130320486   41.11908    -73.41325     0.04      0.03     0.05     1 
0130320487   41.11857    -73.37646     0.07      0.01     0.07     1 
0130320488   41.11805    -73.33966    -0.17      0.07     0.18     1 
0130320489   41.11751    -73.30287    -0.18      0.01     0.18     1 
0130320490   41.11696    -73.26608    -0.24      0.01     0.24     1 
0130320491   41.11640    -73.22929    -0.00     -0.00     0.00     1 
0130320541   41.10147    -74.14961     0.14      0.01     0.14     1 
0130320545   41.10029    -74.00244     0.05      0.04     0.06     1 
0130320546   41.09997    -73.96564    -0.04     -0.03     0.05     1 
0130320547   41.09963    -73.92885     0.07      0.01     0.07     1 
0130320550   41.09855    -73.81848     0.21      0.00     0.21     1 
0130320551   41.09817    -73.78170     0.15      0.00     0.15     1 
0130320552   41.09777    -73.74491    -0.24     -0.02     0.24     1 
0130320553   41.09737    -73.70812     0.35      0.03     0.35     1 
0130320554   41.09695    -73.67134     0.30      0.00     0.30     1 
0130320555   41.09652    -73.63455     0.11     -0.08     0.13     1 
0130320556   41.09608    -73.59777     0.24      0.02     0.24     1 
0130320557   41.09562    -73.56099     0.18      0.06     0.19     1 
0130320558   41.09516    -73.52420     0.04      0.09     0.10     1 
0130320559   41.09468    -73.48742     0.29     -0.06     0.30     1 
0130320560   41.09419    -73.45064     0.03      0.10     0.10     1 
0130320561   41.09369    -73.41386    -0.12     -0.02     0.12     1 
0130320562   41.09318    -73.37708    -0.17     -0.06     0.18     1 
0130320615   41.07634    -74.18671     0.21     -0.03     0.21     1 
0130320619   41.07521    -74.03960     0.47     -0.01     0.47     1 
0130320621   41.07457    -73.96604     0.28     -0.02     0.28     1 
0130320622   41.07423    -73.92927     0.02      0.03     0.03     1 
0130320624   41.07353    -73.85572     0.07     -0.01     0.07     1 
0130320625   41.07315    -73.81894     0.05     -0.10     0.11     1 
0130320626   41.07277    -73.78217     0.23      0.07     0.24     1 
0130320627   41.07238    -73.74539    -0.04      0.04     0.06     1 
0130320628   41.07197    -73.70862     0.09     -0.05     0.10     1 
0130320629   41.07155    -73.67185     0.21     -0.01     0.21     1 
0130320630   41.07112    -73.63508     0.22     -0.00     0.22     1 
0130320631   41.07068    -73.59831     0.17      0.04     0.17     1 
0130320632   41.07023    -73.56154     0.20      0.03     0.20     1 
0130320633   41.06976    -73.52477     0.05     -0.02     0.05     1 
0130320634   41.06929    -73.48800     0.13     -0.00     0.13     1 
0130320635   41.06880    -73.45124     0.01      0.01     0.01     1 
0130320636   41.06830    -73.41447    -0.12     -0.02     0.12     1 
0130320637   41.06779    -73.37771    -0.12      0.02     0.12     1 
0130320689   41.05119    -74.22379     0.23      0.09     0.24     1 
0130320690   41.05094    -74.18703     0.41      0.13     0.43     1 
0130320691   41.05067    -74.15026     0.36      0.09     0.37     1 
0130320692   41.05040    -74.11350     0.11      0.05     0.12     1 
0130320693   41.05011    -74.07673     0.21      0.01     0.21     1 
0130320694   41.04981    -74.03997     0.38      0.03     0.38     1 
0130320695   41.04949    -74.00320     0.34      0.18     0.39     1 
0130320696   41.04917    -73.96644     0.24      0.03     0.25     1 
0130320697   41.04883    -73.92968     0.28      0.12     0.31     1 
0130320699   41.04813    -73.85616     0.41      0.06     0.41     1 
0130320700   41.04776    -73.81940     0.24      0.01     0.24     1 
0130320701   41.04738    -73.78263     0.15      0.03     0.16     1 
0130320702   41.04698    -73.74588     0.19     -0.11     0.22     1 
0130320703   41.04657    -73.70912     0.22     -0.00     0.22     1 
0130320704   41.04616    -73.67236     0.17     -0.02     0.17     1 
0130320705   41.04573    -73.63560     0.23      0.04     0.24     1 
0130320706   41.04529    -73.59885     0.09      0.01     0.09     1 
0130320707   41.04483    -73.56209    -0.08     -0.01     0.08     1 
0130320708   41.04437    -73.52534     0.01     -0.03     0.03     1 
0130320709   41.04389    -73.48859    -0.12     -0.02     0.12     1 
0130320710   41.04341    -73.45183    -0.14     -0.05     0.15     1 
0130320711   41.04291    -73.41508    -0.12      0.14     0.18     1 
0130320736   41.02661    -72.49665     0.02     -0.03     0.04     1 
0130320737   41.02581    -72.45993    -0.09      0.02     0.09     1 
0130320738   41.02499    -72.42321    -0.21     -0.24     0.32     1 
0130320739   41.02416    -72.38650    -0.26     -0.17     0.31     1 
0130320765   41.02554    -74.18734     0.20      0.13     0.24     1 
0130320767   41.02500    -74.11384     0.41      0.14     0.43     1 
0130320768   41.02471    -74.07708     0.15      0.06     0.16     1 
0130320769   41.02441    -74.04033     0.09      0.00     0.09     1 
0130320770   41.02410    -74.00359     0.26     -0.03     0.26     1 
0130320771   41.02377    -73.96684     0.38      0.11     0.40     1 
0130320772   41.02344    -73.93009     0.30      0.04     0.31     1 
0130320774   41.02273    -73.85659     0.42     -0.04     0.42     1 
0130320775   41.02236    -73.81985     0.30      0.02     0.30     1 
0130320776   41.02198    -73.78310     0.05      0.01     0.05     1 
0130320777   41.02158    -73.74636     0.30     -0.00     0.30     1 
0130320778   41.02118    -73.70961     0.12     -0.02     0.12     1 
0130320779   41.02076    -73.67287     0.16     -0.01     0.16     1 
0130320780   41.02033    -73.63613    -0.04      0.03     0.05     1 
0130320781   41.01989    -73.59939    -0.10     -0.07     0.12     1 
0130320782   41.01944    -73.56265    -0.22     -0.04     0.23     1 
0130320783   41.01897    -73.52590    -0.18      0.01     0.18     1 
0130320807   41.00433    -72.64445     0.01     -0.37     0.37     1 
0130320809   41.00280    -72.57103     0.05      0.00     0.05     1 
0130320810   41.00202    -72.53432    -0.07     -0.04     0.08     1 
0130320811   41.00123    -72.49761     0.08      0.11     0.14     1 
0130320812   41.00043    -72.46091    -0.31     -0.05     0.31     1 
0130320815   40.99795    -72.35080    -0.24     -0.06     0.25     1 
0130320816   40.99710    -72.31410    -0.31     -0.12     0.33     1 
0130320817   40.99624    -72.27740    -0.24     -0.07     0.25     1 
0130320818   40.99536    -72.24070    -0.12     -0.14     0.18     1 
0130320819   40.99448    -72.20401     0.05     -0.03     0.06     1 
0130320820   40.99358    -72.16732    -0.10     -0.14     0.17     1 
0130320839   41.00039    -74.22439     0.12      0.13     0.18     1 
0130320841   40.99987    -74.15091     0.07      0.11     0.13     1 
0130320842   40.99959    -74.11418     0.09      0.12     0.15     1 
0130320843   40.99931    -74.07744     0.39      0.05     0.39     1 
0130320844   40.99901    -74.04070     0.17      0.01     0.18     1 
0130320845   40.99870    -74.00397     0.24      0.01     0.24     1 
0130320846   40.99837    -73.96723     0.30     -0.04     0.30     1 
0130320847   40.99804    -73.93050     0.20      0.15     0.25     1 
0130320848   40.99769    -73.89377    -0.11     -0.02     0.11     1 
0130320849   40.99733    -73.85703     0.22      0.04     0.22     1 
0130320850   40.99696    -73.82030     0.18      0.03     0.18     1 
0130320851   40.99658    -73.78357     0.24      0.04     0.24     1 
0130320852   40.99619    -73.74684     0.17      0.04     0.18     1 
0130320853   40.99578    -73.71011     0.23      0.04     0.23     1 
0130320854   40.99536    -73.67338    -0.06     -0.08     0.10     1 
0130320855   40.99494    -73.63665    -0.20     -0.07     0.22     1 
0130320856   40.99450    -73.59992    -0.06     -0.23     0.24     1 
0130320857   40.99404    -73.56320    -0.27     -0.20     0.33     1 
0130320881   40.97969    -72.68206     0.07     -0.16     0.17     1 
0130320883   40.97819    -72.60866    -0.13     -0.08     0.16     1 
0130320884   40.97742    -72.57196     0.02      0.01     0.02     1 
0130320885   40.97664    -72.53527    -0.13     -0.06     0.15     1 
0130320887   40.97505    -72.46188    -0.08      0.03     0.09     1 
0130320889   40.97341    -72.38850    -0.11     -0.11     0.15     1 
0130320890   40.97257    -72.35182     0.13      0.04     0.14     1 
0130320891   40.97172    -72.31513     0.12     -0.00     0.12     1 
0130320892   40.97086    -72.27844     0.18      0.06     0.19     1 
0130320893   40.96999    -72.24176    -0.05     -0.05     0.07     1 
0130320894   40.96911    -72.20508     0.01      0.04     0.04     1 
0130320895   40.96821    -72.16840     0.01      0.02     0.03     1 
0130320914   40.97499    -74.22469    -0.09      0.22     0.24     1 
0130320915   40.97474    -74.18796     0.16      0.24     0.29     1 
0130320918   40.97391    -74.07779     0.18      0.06     0.19     1 
0130320919   40.97361    -74.04107     0.31      0.01     0.31     1 
0130320920   40.97330    -74.00435    -0.03      0.04     0.05     1 
0130320921   40.97297    -73.96763     0.09     -0.01     0.09     1 
0130320922   40.97264    -73.93091     0.38      0.10     0.39     1 
0130320924   40.97193    -73.85747     0.10     -0.01     0.10     1 
0130320925   40.97156    -73.82075     0.25      0.08     0.26     1 
0130320926   40.97118    -73.78404     0.14      0.02     0.14     1 
0130320927   40.97079    -73.74732     0.26      0.08     0.28     1 
0130320928   40.97039    -73.71060     0.05      0.03     0.06     1 
0130320929   40.96997    -73.67389    -0.14     -0.01     0.14     1 
0130320943   40.96291    -73.15997     0.06      0.23     0.24     1 
0130320944   40.96232    -73.12327    -0.02     -0.02     0.03     1 
0130320945   40.96171    -73.08657    -0.14     -0.04     0.15     1 
0130320946   40.96110    -73.04987     0.03     -0.06     0.07     1 
0130320947   40.96047    -73.01317     0.06      0.01     0.06     1 
0130320951   40.95785    -72.86639    -0.07     -0.00     0.07     1 
0130320953   40.95647    -72.79301     0.27     -0.07     0.28     1 
0130320954   40.95576    -72.75632    -0.01      0.01     0.01     1 
0130320955   40.95504    -72.71963     0.15     -0.27     0.31     1 
0130320956   40.95431    -72.68295    -0.05      0.22     0.22     1 
0130320957   40.95356    -72.64626     0.18      0.08     0.19     1 
0130320958   40.95281    -72.60958     0.12      0.08     0.14     1 
0130320959   40.95204    -72.57289     0.03      0.06     0.07     1 
0130320962   40.94967    -72.46286    -0.00     -0.00     0.00     1 
0130320963   40.94886    -72.42618    -0.18     -0.06     0.19     1 
0130320964   40.94803    -72.38950    -0.09      0.08     0.12     1 
0130320965   40.94720    -72.35283    -0.00      0.01     0.01     1 
0130320966   40.94635    -72.31616    -0.12      0.01     0.12     1 
0130320967   40.94549    -72.27949    -0.02     -0.05     0.05     1 
0130320968   40.94462    -72.24282    -0.14      0.07     0.16     1 
0130320969   40.94373    -72.20615    -0.38      0.06     0.39     1 
0130320989   40.94959    -74.22498     0.12     -0.02     0.12     1 
0130320990   40.94933    -74.18827     0.36      0.03     0.36     1 
0130320991   40.94907    -74.15156     0.07      0.05     0.08     1 
0130320992   40.94879    -74.11486     0.07      0.01     0.07     1 
0130320993   40.94851    -74.07815     0.26      0.07     0.27     1 
0130320994   40.94821    -74.04144     0.32      0.09     0.33     1 
0130320995   40.94790    -74.00473     0.21      0.06     0.22     1 
0130320996   40.94757    -73.96803     0.22      0.05     0.23     1 
0130320997   40.94724    -73.93132     0.40      0.01     0.40     1 
0130320998   40.94689    -73.89462    -0.08      0.05     0.10     1 
0130320999   40.94654    -73.85791     0.13      0.09     0.16     1 
0130321000   40.94617    -73.82121     0.17      0.03     0.17     1 
0130321001   40.94579    -73.78450     0.26     -0.04     0.26     1 
0130321002   40.94539    -73.74780     0.07     -0.02     0.07     1 
0130321003   40.94499    -73.71110    -0.14     -0.05     0.15     1 
0130321004   40.94457    -73.67440    -0.19     -0.05     0.20     1 
0130321009   40.94232    -73.49090    -0.02      0.05     0.06     1 
0130321010   40.94183    -73.45421     0.17      0.02     0.17     1 
0130321012   40.94082    -73.38082     0.38      0.29     0.48     1 
0130321019   40.93693    -73.12399     0.42      0.05     0.42     1 
0130321020   40.93633    -73.08730     0.16      0.08     0.18     1 
0130321021   40.93571    -73.05061     0.12      0.05     0.13     1 
0130321022   40.93509    -73.01393     0.27      0.02     0.27     1 
0130321024   40.93380    -72.94057     0.15     -0.02     0.15     1 
0130321025   40.93314    -72.90389     0.42      0.01     0.42     1 
0130321026   40.93246    -72.86721     0.13      0.01     0.13     1 
0130321027   40.93178    -72.83053     0.22      0.01     0.22     1 
0130321028   40.93108    -72.79385     0.23      0.09     0.24     1 
0130321029   40.93037    -72.75718     0.13      0.06     0.14     1 
0130321030   40.92965    -72.72051     0.05     -0.04     0.07     1 
0130321031   40.92892    -72.68383    -0.00     -0.00     0.01     1 
0130321032   40.92818    -72.64716     0.14     -0.01     0.14     1 
0130321033   40.92743    -72.61049    -0.23     -0.06     0.24     1 
0130321034   40.92666    -72.57382    -0.14      0.17     0.22     1 
0130321037   40.92429    -72.46383    -0.00     -0.00     0.00     1 
0130321038   40.92348    -72.42716    -0.13     -0.04     0.14     1 
0130321039   40.92265    -72.39050     0.22      0.06     0.22     1 
0130321040   40.92182    -72.35384    -0.02     -0.05     0.05     1 
0130321041   40.92097    -72.31718    -0.08     -0.05     0.10     1 
0130321042   40.92011    -72.28053    -0.30     -0.07     0.31     1 
0130321063   40.92443    -74.26198     0.14      0.01     0.14     1 
0130321065   40.92393    -74.18859     0.03     -0.03     0.04     1 
0130321066   40.92367    -74.15189    -0.07     -0.03     0.07     1 
0130321068   40.92311    -74.07850     0.18     -0.02     0.18     1 
0130321069   40.92281    -74.04181     0.09      0.00     0.09     1 
0130321070   40.92250    -74.00511     0.15     -0.02     0.15     1 
0130321071   40.92218    -73.96842     0.16      0.13     0.21     1 
0130321072   40.92184    -73.93173     0.24      0.03     0.24     1 
0130321073   40.92150    -73.89504     0.04     -0.03     0.05     1 
0130321074   40.92114    -73.85835    -0.02      0.06     0.06     1 
0130321075   40.92077    -73.82166     0.06     -0.00     0.06     1 
0130321076   40.92039    -73.78497     0.03      0.00     0.03     1 
0130321077   40.92000    -73.74828    -0.14     -0.05     0.15     1 
0130321082   40.91786    -73.56485     0.04      0.05     0.06     1 
0130321083   40.91739    -73.52816    -0.02      0.03     0.04     1 
0130321084   40.91692    -73.49148    -0.15      0.16     0.22     1 
0130321085   40.91643    -73.45480     0.02     -0.05     0.05     1 
0130321086   40.91594    -73.41812     0.05     -0.03     0.06     1 
0130321087   40.91543    -73.38144    -0.19     -0.18     0.26     1 
0130321088   40.91491    -73.34476     0.14      0.08     0.16     1 
0130321089   40.91438    -73.30808     0.26      0.04     0.26     1 
0130321090   40.91383    -73.27140     0.19      0.20     0.28     1 
0130321091   40.91328    -73.23473    -0.17     -0.11     0.20     1 
0130321093   40.91213    -73.16138    -0.05     -0.02     0.06     1 
0130321094   40.91154    -73.12470     0.22     -0.01     0.22     1 
0130321095   40.91094    -73.08803     0.21      0.02     0.21     1 
0130321096   40.91032    -73.05136     0.28      0.02     0.28     1 
0130321097   40.90970    -73.01469     0.25      0.07     0.26     1 
0130321098   40.90906    -72.97802     0.33      0.08     0.34     1 
0130321099   40.90841    -72.94136     0.27     -0.02     0.27     1 
0130321100   40.90775    -72.90469     0.30      0.02     0.30     1 
0130321101   40.90708    -72.86802     0.20      0.02     0.20     1 
0130321102   40.90639    -72.83136     0.16      0.04     0.16     1 
0130321103   40.90570    -72.79470     0.04     -0.01     0.04     1 
0130321104   40.90499    -72.75804     0.07      0.03     0.07     1 
0130321105   40.90427    -72.72138     0.12     -0.03     0.12     1 
0130321106   40.90354    -72.68472     0.05      0.02     0.06     1 
0130321107   40.90280    -72.64806     0.10      0.04     0.10     1 
0130321108   40.90205    -72.61141     0.02     -0.06     0.06     1 
0130321109   40.90128    -72.57475    -0.06     -0.05     0.08     1 
0130321110   40.90050    -72.53810     0.01      0.10     0.10     1 
0130321111   40.89971    -72.50145     0.03     -0.09     0.10     1 
0130321112   40.89891    -72.46480    -0.17     -0.02     0.17     1 
0130321113   40.89810    -72.42815     0.02     -0.01     0.02     1 
0130321114   40.89728    -72.39150    -0.06      0.04     0.07     1 
0130321115   40.89644    -72.35486    -0.18     -0.01     0.18     1 
0130321116   40.89560    -72.31821    -0.26      0.03     0.26     1 
0130321138   40.89903    -74.26226     0.03     -0.03     0.04     1 
0130321139   40.89878    -74.22558     0.03      0.03     0.05     1 
0130321140   40.89853    -74.18890     0.04      0.03     0.05     1 
0130321141   40.89827    -74.15221    -0.17      0.06     0.18     1 
0130321143   40.89771    -74.07885     0.08      0.01     0.08     1 
0130321144   40.89741    -74.04217     0.08     -0.08     0.11     1 
0130321145   40.89710    -74.00549     0.21      0.08     0.23     1 
0130321146   40.89677    -73.96882     0.06      0.00     0.06     1 
0130321148   40.89610    -73.89546     0.08      0.03     0.08     1 
0130321149   40.89574    -73.85878    -0.01     -0.07     0.07     1 
0130321150   40.89537    -73.82211    -0.05     -0.05     0.07     1 
0130321151   40.89499    -73.78543    -0.05      0.00     0.05     1 
0130321152   40.89460    -73.74876    -0.21     -0.01     0.21     1 
0130321155   40.89335    -73.63874     0.02      0.02     0.03     1 
0130321156   40.89291    -73.60207     0.19      0.12     0.23     1 
0130321157   40.89246    -73.56540     0.03      0.05     0.06     1 
0130321158   40.89200    -73.52873    -0.09     -0.05     0.10     1 
0130321159   40.89153    -73.49206    -0.00     -0.02     0.02     1 
0130321160   40.89104    -73.45539     0.41      0.20     0.45     1 
0130321161   40.89054    -73.41872    -0.02      0.07     0.07     1 
0130321162   40.89003    -73.38206     0.16      0.08     0.18     1 
0130321163   40.88952    -73.34539     0.13     -0.04     0.13     1 
0130321164   40.88898    -73.30873     0.36      0.06     0.36     1 
0130321165   40.88844    -73.27206     0.23      0.08     0.24     1 
0130321166   40.88788    -73.23540     0.34      0.15     0.37     1 
0130321167   40.88732    -73.19874     0.18      0.21     0.27     1 
0130321168   40.88674    -73.16208     0.22      0.10     0.24     1 
0130321169   40.88615    -73.12542     0.19      0.07     0.20     1 
0130321170   40.88555    -73.08876     0.28      0.13     0.31     1 
0130321171   40.88493    -73.05211     0.25     -0.00     0.25     1 
0130321172   40.88431    -73.01545     0.16      0.09     0.18     1 
0130321173   40.88367    -72.97880     0.46      0.10     0.47     1 
0130321174   40.88302    -72.94214     0.21      0.02     0.21     1 
0130321175   40.88236    -72.90549     0.35      0.14     0.38     1 
0130321176   40.88169    -72.86884     0.15      0.05     0.16     1 
0130321177   40.88101    -72.83219     0.14      0.10     0.18     1 
0130321178   40.88031    -72.79554     0.21      0.04     0.21     1 
0130321179   40.87961    -72.75889     0.22      0.06     0.23     1 
0130321180   40.87889    -72.72225     0.12     -0.04     0.13     1 
0130321181   40.87816    -72.68560     0.02      0.02     0.03     1 
0130321182   40.87742    -72.64896    -0.01     -0.03     0.03     1 
0130321183   40.87666    -72.61232     0.10     -0.04     0.10     1 
0130321184   40.87590    -72.57568     0.08      0.04     0.09     1 
0130321185   40.87512    -72.53904     0.06      0.04     0.07     1 
0130321186   40.87434    -72.50240    -0.08     -0.02     0.09     1 
0130321187   40.87353    -72.46577    -0.16      0.13     0.20     1 
0130321188   40.87272    -72.42913    -0.05     -0.02     0.05     1 
0130321189   40.87190    -72.39250    -0.37     -0.04     0.38     1 
0130321213   40.87362    -74.26254     0.05      0.07     0.09     1 
0130321214   40.87338    -74.22587     0.18      0.02     0.19     1 
0130321215   40.87313    -74.18921     0.04      0.08     0.09     1 
0130321216   40.87287    -74.15254     0.02      0.00     0.02     1 
0130321217   40.87259    -74.11587    -0.04      0.04     0.05     1 
0130321218   40.87231    -74.07921    -0.01      0.04     0.04     1 
0130321219   40.87201    -74.04254    -0.06      0.07     0.09     1 
0130321220   40.87170    -74.00588     0.02      0.03     0.04     1 
0130321221   40.87138    -73.96921     0.19     -0.03     0.19     1 
0130321224   40.87034    -73.85922    -0.07     -0.06     0.09     1 
0130321225   40.86997    -73.82256     0.17     -0.15     0.23     1 
0130321226   40.86959    -73.78590    -0.07     -0.11     0.13     1 
0130321228   40.86880    -73.71258     0.05      0.02     0.05     1 
0130321230   40.86796    -73.63926     0.11      0.03     0.11     1 
0130321231   40.86752    -73.60260     0.25      0.03     0.25     1 
0130321232   40.86707    -73.56595     0.36      0.09     0.37     1 
0130321233   40.86660    -73.52929     0.25      0.10     0.27     1 
0130321234   40.86613    -73.49264     0.24      0.12     0.27     1 
0130321235   40.86565    -73.45598     0.02      0.05     0.06     1 
0130321236   40.86515    -73.41933     0.24      0.09     0.25     1 
0130321237   40.86464    -73.38268     0.12      0.09     0.15     1 
0130321238   40.86412    -73.34602     0.25      0.05     0.25     1 
0130321239   40.86359    -73.30937     0.26      0.15     0.30     1 
0130321240   40.86305    -73.27272     0.34      0.09     0.35     1 
0130321241   40.86249    -73.23608     0.24      0.03     0.24     1 
0130321242   40.86193    -73.19943     0.12      0.00     0.12     1 
0130321243   40.86135    -73.16278     0.19      0.04     0.19     1 
0130321244   40.86076    -73.12614     0.04      0.05     0.07     1 
0130321245   40.86016    -73.08949     0.27      0.07     0.27     1 
0130321246   40.85954    -73.05285     0.08      0.01     0.08     1 
0130321247   40.85892    -73.01621     0.29      0.02     0.29     1 
0130321248   40.85828    -72.97957     0.29      0.07     0.29     1 
0130321250   40.85698    -72.90629     0.31      0.11     0.33     1 
0130321251   40.85630    -72.86965     0.25      0.09     0.27     1 
0130321252   40.85562    -72.83302     0.30      0.07     0.30     1 
0130321253   40.85493    -72.79638     0.27      0.09     0.29     1 
0130321254   40.85422    -72.75975     0.22      0.10     0.24     1 
0130321255   40.85350    -72.72312     0.08      0.19     0.21     1 
0130321256   40.85278    -72.68649     0.10     -0.01     0.11     1 
0130321257   40.85203    -72.64986    -0.12     -0.04     0.12     1 
0130321258   40.85128    -72.61323     0.03     -0.08     0.08     1 
0130321259   40.85052    -72.57660     0.03      0.01     0.03     1 
0130321260   40.84974    -72.53998    -0.17     -0.05     0.18     1 
0130321261   40.84895    -72.50335    -0.12     -0.02     0.13     1 
0130321288   40.84822    -74.26282     0.34      0.06     0.35     1 
0130321289   40.84798    -74.22617     0.20      0.00     0.20     1 
0130321290   40.84773    -74.18952     0.14     -0.02     0.14     1 
0130321291   40.84747    -74.15286    -0.00      0.03     0.03     1 
0130321292   40.84719    -74.11621     0.03     -0.04     0.05     1 
0130321293   40.84691    -74.07956    -0.02     -0.05     0.05     1 
0130321294   40.84661    -74.04291    -0.00     -0.01     0.01     1 
0130321295   40.84630    -74.00625    -0.11     -0.03     0.11     1 
0130321296   40.84598    -73.96960     0.08     -0.07     0.11     1 
0130321297   40.84564    -73.93295    -0.04     -0.10     0.10     1 
0130321298   40.84530    -73.89630     0.05     -0.01     0.05     1 
0130321299   40.84494    -73.85966    -0.03     -0.01     0.03     1 
0130321300   40.84457    -73.82301     0.05      0.01     0.06     1 
0130321301   40.84419    -73.78636    -0.15     -0.02     0.15     1 
0130321302   40.84380    -73.74971    -0.10     -0.11     0.15     1 
0130321303   40.84340    -73.71307    -0.03      0.01     0.03     1 
0130321304   40.84298    -73.67642     0.33     -0.01     0.33     1 
0130321305   40.84256    -73.63978     0.17      0.02     0.17     1 
0130321306   40.84212    -73.60314     0.21     -0.00     0.21     1 
0130321307   40.84167    -73.56649     0.41      0.01     0.41     1 
0130321308   40.84121    -73.52985     0.32      0.02     0.32     1 
0130321309   40.84074    -73.49321     0.28      0.06     0.29     1 
0130321310   40.84025    -73.45657     0.24      0.07     0.25     1 
0130321311   40.83976    -73.41993     0.06      0.03     0.07     1 
0130321312   40.83925    -73.38329     0.18      0.15     0.24     1 
0130321313   40.83873    -73.34666     0.21      0.16     0.26     1 
0130321314   40.83820    -73.31002     0.07      0.04     0.08     1 
0130321315   40.83765    -73.27338     0.15      0.14     0.21     1 
0130321316   40.83710    -73.23675     0.21      0.06     0.22     1 
0130321317   40.83653    -73.20012     0.25      0.05     0.25     1 
0130321318   40.83596    -73.16348     0.16      0.12     0.20     1 
0130321319   40.83537    -73.12685     0.02     -0.07     0.08     1 
0130321320   40.83477    -73.09022     0.20      0.02     0.20     1 
0130321321   40.83416    -73.05359     0.12      0.04     0.12     1 
0130321322   40.83353    -73.01697     0.22      0.04     0.23     1 
0130321323   40.83290    -72.98034     0.14      0.05     0.14     1 
0130321324   40.83225    -72.94371     0.30     -0.03     0.30     1 
0130321325   40.83159    -72.90709     0.12      0.09     0.15     1 
0130321326   40.83092    -72.87047     0.14      0.01     0.14     1 
0130321328   40.82954    -72.79722     0.23      0.04     0.23     1 
0130321329   40.82884    -72.76060     0.25      0.01     0.25     1 
0130321330   40.82812    -72.72399     0.11      0.01     0.11     1 
0130321331   40.82739    -72.68737     0.10      0.12     0.16     1 
0130321332   40.82665    -72.65076     0.03      0.02     0.04     1 
0130321333   40.82590    -72.61414     0.05      0.04     0.06     1 
0130321334   40.82514    -72.57753    -0.19     -0.05     0.20     1 
0130321362   40.82305    -74.29975     0.15      0.05     0.16     1 
0130321363   40.82282    -74.26310     0.19      0.04     0.19     1 
0130321364   40.82258    -74.22646     0.09     -0.03     0.10     1 
0130321365   40.82233    -74.18982     0.18      0.03     0.18     1 
0130321366   40.82207    -74.15318     0.16      0.03     0.17     1 
0130321367   40.82179    -74.11655     0.02     -0.04     0.04     1 
0130321368   40.82151    -74.07991    -0.07      0.03     0.08     1 
0130321369   40.82121    -74.04327    -0.08      0.03     0.09     1 
0130321370   40.82090    -74.00663     0.04     -0.01     0.05     1 
0130321372   40.82024    -73.93336    -0.06     -0.06     0.09     1 
0130321373   40.81990    -73.89673     0.00     -0.07     0.07     1 
0130321374   40.81954    -73.86009     0.04     -0.04     0.06     1 
0130321375   40.81918    -73.82346    -0.11     -0.05     0.12     1 
0130321376   40.81880    -73.78682     0.03     -0.14     0.14     1 
0130321377   40.81840    -73.75019     0.21     -0.02     0.22     1 
0130321378   40.81800    -73.71356    -0.05      0.02     0.06     1 
0130321379   40.81759    -73.67693     0.28      0.05     0.29     1 
0130321380   40.81716    -73.64030     0.21      0.03     0.22     1 
0130321381   40.81672    -73.60367     0.32      0.10     0.34     1 
0130321382   40.81627    -73.56704     0.45      0.16     0.47     1 
0130321383   40.81581    -73.53041     0.40      0.11     0.42     1 
0130321384   40.81534    -73.49379     0.01      0.01     0.01     1 
0130321385   40.81486    -73.45716     0.22      0.06     0.23     1 
0130321386   40.81436    -73.42053     0.22      0.06     0.23     1 
0130321387   40.81385    -73.38391     0.19      0.03     0.19     1 
0130321388   40.81334    -73.34729     0.32      0.05     0.32     1 
0130321389   40.81280    -73.31066     0.20      0.14     0.24     1 
0130321390   40.81226    -73.27404     0.04      0.02     0.05     1 
0130321391   40.81171    -73.23742     0.00      0.03     0.03     1 
0130321392   40.81114    -73.20080     0.05      0.07     0.08     1 
0130321393   40.81057    -73.16419    -0.01      0.11     0.11     1 
0130321394   40.80998    -73.12757     0.15      0.09     0.17     1 
0130321395   40.80938    -73.09095     0.22      0.32     0.39     1 
0130321396   40.80877    -73.05434     0.10      0.12     0.15     1 
0130321397   40.80814    -73.01772     0.21      0.09     0.23     1 
0130321398   40.80751    -72.98111     0.20      0.09     0.22     1 
0130321399   40.80686    -72.94450     0.15      0.06     0.16     1 
0130321400   40.80620    -72.90789     0.26      0.18     0.31     1 
0130321401   40.80553    -72.87128     0.19      0.13     0.23     1 
0130321402   40.80485    -72.83467     0.13      0.09     0.16     1 
0130321403   40.80416    -72.79806     0.19      0.10     0.22     1 
0130321404   40.80345    -72.76146     0.05      0.11     0.12     1 
0130321405   40.80274    -72.72486    -0.17     -0.02     0.17     1 
0130321406   40.80201    -72.68825    -0.04      0.06     0.07     1 
0130321407   40.80127    -72.65165    -0.12      0.01     0.12     1 
0130321408   40.80052    -72.61505    -0.26     -0.12     0.29     1 
0130321437   40.79765    -74.30001     0.07      0.01     0.08     1 
0130321438   40.79742    -74.26338     0.12      0.04     0.13     1 
0130321439   40.79718    -74.22676     0.24      0.01     0.24     1 
0130321440   40.79693    -74.19013     0.10      0.03     0.10     1 
0130321441   40.79666    -74.15351     0.06     -0.04     0.07     1 
0130321442   40.79639    -74.11688    -0.07     -0.00     0.07     1 
0130321443   40.79610    -74.08026    -0.16     -0.02     0.16     1 
0130321444   40.79581    -74.04363    -0.07     -0.03     0.08     1 
0130321445   40.79550    -74.00701    -0.06     -0.00     0.06     1 
0130321446   40.79518    -73.97039     0.12     -0.00     0.12     1 
0130321447   40.79484    -73.93377    -0.03     -0.03     0.05     1 
0130321448   40.79450    -73.89715    -0.17     -0.05     0.17     1 
0130321449   40.79414    -73.86053    -0.14     -0.03     0.14     1 
0130321450   40.79378    -73.82391    -0.10     -0.06     0.12     1 
0130321451   40.79340    -73.78729    -0.14     -0.05     0.15     1 
0130321452   40.79301    -73.75067     0.05      0.12     0.13     1 
0130321453   40.79260    -73.71405     0.04      0.04     0.06     1 
0130321454   40.79219    -73.67743     0.19     -0.02     0.19     1 
0130321455   40.79176    -73.64082     0.14      0.05     0.15     1 
0130321456   40.79133    -73.60420     0.39      0.04     0.39     1 
0130321457   40.79088    -73.56759     0.37      0.09     0.38     1 
0130321458   40.79042    -73.53097     0.04      0.10     0.11     1 
0130321459   40.78995    -73.49436     0.06      0.03     0.07     1 
0130321460   40.78946    -73.45775     0.09      0.17     0.20     1 
0130321461   40.78897    -73.42114    -0.02      0.12     0.12     1 
0130321462   40.78846    -73.38453     0.18      0.09     0.20     1 
0130321463   40.78794    -73.34792     0.21      0.05     0.21     1 
0130321464   40.78741    -73.31131     0.13      0.12     0.17     1 
0130321465   40.78687    -73.27470     0.03      0.03     0.05     1 
0130321466   40.78632    -73.23809     0.16      0.01     0.16     1 
0130321467   40.78575    -73.20149     0.02      0.04     0.04     1 
0130321468   40.78518    -73.16488     0.41      0.08     0.42     1 
0130321469   40.78459    -73.12828    -0.02      0.04     0.04     1 
0130321470   40.78399    -73.09168     0.03      0.08     0.09     1 
0130321471   40.78338    -73.05508     0.21      0.04     0.22     1 
0130321472   40.78275    -73.01848     0.06     -0.00     0.06     1 
0130321473   40.78212    -72.98188     0.10      0.03     0.11     1 
0130321474   40.78147    -72.94528     0.14      0.07     0.16     1 
0130321475   40.78081    -72.90869     0.22      0.20     0.30     1 
0130321476   40.78015    -72.87209     0.13     -0.02     0.13     1 
0130321477   40.77947    -72.83550     0.05      0.16     0.16     1 
0130321478   40.77877    -72.79890    -0.07      0.11     0.12     1 
0130321479   40.77807    -72.76231    -0.11     -0.02     0.11     1 
0130321512   40.77224    -74.30028     0.02      0.09     0.09     1 
0130321513   40.77202    -74.26367     0.21     -0.04     0.22     1 
0130321514   40.77178    -74.22705     0.00     -0.01     0.01     1 
0130321515   40.77153    -74.19044    -0.00     -0.05     0.05     1 
0130321516   40.77126    -74.15383    -0.06     -0.05     0.08     1 
0130321517   40.77099    -74.11722    -0.28     -0.04     0.28     1 
0130321518   40.77070    -74.08061    -0.18     -0.00     0.18     1 
0130321521   40.76978    -73.97078     0.23     -0.05     0.23     1 
0130321522   40.76944    -73.93417    -0.11     -0.07     0.13     1 
0130321523   40.76910    -73.89757    -0.08      0.01     0.09     1 
0130321524   40.76874    -73.86096    -0.16     -0.08     0.18     1 
0130321525   40.76838    -73.82435    -0.08     -0.04     0.09     1 
0130321526   40.76800    -73.78775     0.01     -0.00     0.01     1 
0130321527   40.76761    -73.75114    -0.02      0.06     0.06     1 
0130321528   40.76721    -73.71454     0.13      0.06     0.14     1 
0130321529   40.76679    -73.67794     0.04      0.02     0.04     1 
0130321530   40.76637    -73.64133     0.08      0.04     0.09     1 
0130321531   40.76593    -73.60473     0.16      0.03     0.16     1 
0130321532   40.76548    -73.56813    -0.01     -0.10     0.10     1 
0130321533   40.76502    -73.53153    -0.01     -0.02     0.02     1 
0130321534   40.76455    -73.49493     0.02     -0.01     0.02     1 
0130321535   40.76407    -73.45834     0.14      0.03     0.15     1 
0130321536   40.76357    -73.42174     0.04     -0.06     0.07     1 
0130321537   40.76307    -73.38514     0.27      0.16     0.32     1 
0130321538   40.76255    -73.34855     0.16      0.04     0.17     1 
0130321539   40.76202    -73.31195     0.05      0.13     0.14     1 
0130321540   40.76148    -73.27536     0.11      0.09     0.14     1 
0130321541   40.76092    -73.23877     0.17      0.12     0.21     1 
0130321542   40.76036    -73.20217     0.19      0.09     0.21     1 
0130321543   40.75978    -73.16558     0.14      0.06     0.16     1 
0130321544   40.75920    -73.12899     0.21     -0.01     0.21     1 
0130321545   40.75860    -73.09240     0.16      0.03     0.16     1 
0130321546   40.75799    -73.05582     0.15      0.03     0.15     1 
0130321547   40.75736    -73.01923     0.04     -0.03     0.05     1 
0130321548   40.75673    -72.98265    -0.00     -0.04     0.04     1 
0130321549   40.75608    -72.94606     0.09     -0.02     0.09     1 
0130321550   40.75543    -72.90948    -0.00      0.03     0.03     1 
0130321551   40.75476    -72.87290     0.09      0.01     0.09     1 
0130321552   40.75408    -72.83632    -0.08     -0.00     0.08     1 
0130321553   40.75339    -72.79974     0.07      0.11     0.13     1 
0130321587   40.74684    -74.30054     0.16     -0.06     0.17     1 
0130321588   40.74661    -74.26395     0.18      0.05     0.19     1 
0130321589   40.74638    -74.22735     0.00     -0.03     0.03     1 
0130321590   40.74612    -74.19075    -0.02      0.02     0.02     1 
0130321591   40.74586    -74.15415    -0.09      0.04     0.09     1 
0130321592   40.74559    -74.11756    -0.21     -0.02     0.21     1 
0130321593   40.74530    -74.08096    -0.18     -0.04     0.18     1 
0130321594   40.74500    -74.04436    -0.01     -0.04     0.04     1 
0130321597   40.74404    -73.93458    -0.03     -0.06     0.07     1 
0130321598   40.74370    -73.89799    -0.06     -0.07     0.09     1 
0130321599   40.74334    -73.86139    -0.03      0.01     0.03     1 
0130321600   40.74298    -73.82480     0.02     -0.02     0.02     1 
0130321601   40.74260    -73.78821     0.03     -0.01     0.03     1 
0130321602   40.74221    -73.75162     0.18      0.02     0.18     1 
0130321603   40.74181    -73.71503     0.08     -0.00     0.08     1 
0130321604   40.74139    -73.67844    -0.10     -0.06     0.11     1 
0130321605   40.74097    -73.64185    -0.01      0.03     0.03     1 
0130321606   40.74053    -73.60526    -0.10      0.02     0.10     1 
0130321607   40.74009    -73.56868     0.10      0.02     0.10     1 
0130321608   40.73963    -73.53209     0.13      0.06     0.15     1 
0130321609   40.73915    -73.49550     0.08      0.06     0.10     1 
0130321610   40.73867    -73.45892     0.40      0.06     0.41     1 
0130321611   40.73818    -73.42234    -0.12      0.05     0.13     1 
0130321612   40.73767    -73.38576     0.01      0.01     0.01     1 
0130321613   40.73715    -73.34917     0.23      0.06     0.23     1 
0130321614   40.73662    -73.31259     0.05      0.03     0.06     1 
0130321615   40.73608    -73.27601     0.14      0.01     0.14     1 
0130321616   40.73553    -73.23944     0.07      0.00     0.07     1 
0130321617   40.73497    -73.20286     0.14     -0.01     0.14     1 
0130321618   40.73439    -73.16628     0.19      0.02     0.19     1 
0130321619   40.73381    -73.12971     0.04      0.05     0.07     1 
0130321620   40.73321    -73.09313     0.11     -0.00     0.11     1 
0130321621   40.73260    -73.05656    -0.07      0.07     0.10     1 
0130321625   40.73004    -72.91028     0.06      0.12     0.13     1 
0130321626   40.72937    -72.87371    -0.17     -0.18     0.25     1 
0130321662   40.72144    -74.30081     0.01      0.09     0.09     1 
0130321663   40.72121    -74.26423     0.11      0.08     0.14     1 
0130321664   40.72097    -74.22764    -0.05      0.02     0.06     1 
0130321665   40.72072    -74.19106    -0.02     -0.04     0.05     1 
0130321666   40.72046    -74.15447    -0.06      0.00     0.06     1 
0130321667   40.72019    -74.11789    -0.11     -0.00     0.11     1 
0130321668   40.71990    -74.08131     0.03      0.02     0.04     1 
0130321669   40.71960    -74.04473    -0.02     -0.04     0.05     1 
0130321670   40.71930    -74.00815     0.05     -0.10     0.11     1 
0130321672   40.71864    -73.93498    -0.09     -0.02     0.10     1 
0130321673   40.71830    -73.89840    -0.13      0.04     0.14     1 
0130321674   40.71795    -73.86183     0.02     -0.03     0.04     1 
0130321675   40.71758    -73.82525    -0.06     -0.04     0.07     1 
0130321676   40.71720    -73.78867    -0.08      0.06     0.10     1 
0130321678   40.71641    -73.71552    -0.09      0.04     0.10     1 
0130321679   40.71600    -73.67894     0.15     -0.02     0.15     1 
0130321680   40.71557    -73.64237     0.03     -0.05     0.06     1 
0130321681   40.71514    -73.60579    -0.01      0.08     0.08     1 
0130321682   40.71469    -73.56922     0.07     -0.01     0.07     1 
0130321683   40.71423    -73.53265     0.13     -0.00     0.13     1 
0130321684   40.71376    -73.49608     0.10      0.10     0.14     1 
0130321685   40.71328    -73.45951     0.14      0.03     0.14     1 
0130321686   40.71278    -73.42294     0.03      0.02     0.03     1 
0130321687   40.71228    -73.38637    -0.03      0.09     0.10     1 
0130321688   40.71176    -73.34980     0.02      0.10     0.11     1 
0130321689   40.71123    -73.31323     0.05      0.05     0.07     1 
0130321690   40.71069    -73.27667     0.21     -0.06     0.22     1 
0130321691   40.71014    -73.24010    -0.12     -0.08     0.14     1 
0130321692   40.70958    -73.20354    -0.13     -0.01     0.13     1 
0130321693   40.70900    -73.16698     0.20     -0.01     0.20     1 
0130321698   40.70595    -72.98418    -0.09     -0.07     0.11     1 
0130321736   40.69625    -74.33765     0.29      0.10     0.30     1 
0130321737   40.69604    -74.30108    -0.01      0.12     0.12     1 
0130321738   40.69581    -74.26450     0.12     -0.04     0.13     1 
0130321739   40.69557    -74.22794    -0.05      0.10     0.11     1 
0130321740   40.69532    -74.19137    -0.01      0.06     0.06     1 
0130321741   40.69506    -74.15479    -0.20      0.01     0.20     1 
0130321742   40.69479    -74.11823    -0.16     -0.03     0.16     1 
0130321743   40.69450    -74.08166     0.04      0.06     0.07     1 
0130321744   40.69420    -74.04509    -0.21      0.05     0.21     1 
0130321745   40.69389    -74.00852    -0.15      0.02     0.16     1 
0130321746   40.69358    -73.97196     0.02      0.01     0.02     1 
0130321747   40.69324    -73.93539     0.01     -0.01     0.02     1 
0130321748   40.69290    -73.89882     0.06     -0.04     0.07     1 
0130321749   40.69255    -73.86226     0.18      0.01     0.18     1 
0130321750   40.69218    -73.82569    -0.02      0.03     0.04     1 
0130321751   40.69180    -73.78913    -0.01     -0.01     0.02     1 
0130321752   40.69141    -73.75257    -0.03     -0.04     0.05     1 
0130321753   40.69101    -73.71600     0.13      0.01     0.13     1 
0130321754   40.69060    -73.67944     0.07     -0.04     0.08     1 
0130321755   40.69017    -73.64288    -0.04     -0.03     0.05     1 
0130321756   40.68974    -73.60632     0.15      0.03     0.15     1 
0130321758   40.68883    -73.53321     0.10      0.00     0.10     1 
0130321759   40.68836    -73.49665     0.19      0.00     0.19     1 
0130321760   40.68788    -73.46009     0.17      0.01     0.17     1 
0130321761   40.68739    -73.42354     0.10      0.04     0.11     1 
0130321762   40.68688    -73.38698     0.06      0.03     0.06     1 
0130321763   40.68637    -73.35043    -0.01      0.02     0.02     1 
0130321764   40.68584    -73.31387     0.01     -0.02     0.02     1 
0130321765   40.68530    -73.27732    -0.01      0.04     0.04     1 
0130321811   40.67085    -74.33790     0.05     -0.00     0.05     1 
0130321812   40.67063    -74.30134     0.09      0.01     0.09     1 
0130321813   40.67041    -74.26479     0.04      0.03     0.05     1 
0130321814   40.67017    -74.22823     0.03     -0.01     0.03     1 
0130321815   40.66992    -74.19167    -0.02      0.05     0.06     1 
0130321816   40.66966    -74.15512    -0.15      0.08     0.17     1 
0130321817   40.66938    -74.11856    -0.12      0.02     0.12     1 
0130321818   40.66910    -74.08201    -0.13     -0.10     0.17     1 
0130321820   40.66849    -74.00890    -0.13      0.02     0.13     1 
0130321821   40.66817    -73.97235     0.08      0.04     0.09     1 
0130321822   40.66784    -73.93579    -0.05     -0.01     0.05     1 
0130321823   40.66750    -73.89924    -0.05      0.01     0.05     1 
0130321824   40.66715    -73.86269    -0.02      0.02     0.03     1 
0130321825   40.66678    -73.82614    -0.07     -0.12     0.14     1 
0130321826   40.66640    -73.78959    -0.17     -0.04     0.18     1 
0130321828   40.66561    -73.71649     0.00     -0.06     0.06     1 
0130321829   40.66520    -73.67995     0.11      0.08     0.13     1 
0130321830   40.66478    -73.64340     0.00     -0.03     0.03     1 
0130321831   40.66434    -73.60685     0.06      0.07     0.09     1 
0130321832   40.66390    -73.57031     0.02      0.04     0.05     1 
0130321833   40.66344    -73.53376     0.13      0.02     0.14     1 
0130321834   40.66297    -73.49722     0.07     -0.03     0.07     1 
0130321835   40.66249    -73.46068    -0.02      0.01     0.03     1 
0130321836   40.66199    -73.42414     0.25      0.07     0.26     1 
0130321837   40.66149    -73.38759     0.03     -0.00     0.03     1 
0130321838   40.66097    -73.35105    -0.10     -0.00     0.10     1 
0130321840   40.65991    -73.27798    -0.00      0.01     0.01     1 
0130321841   40.65935    -73.24144    -0.05     -0.02     0.05     1 
0130321842   40.65879    -73.20490    -0.09      0.09     0.12     1 
0130321843   40.65822    -73.16837    -0.15     -0.22     0.26     1 
0130321886   40.64545    -74.33815    -0.00      0.05     0.05     1 
0130321887   40.64523    -74.30161     0.20      0.06     0.21     1 
0130321888   40.64500    -74.26506     0.22      0.07     0.23     1 
0130321889   40.64477    -74.22852    -0.08      0.02     0.08     1 
0130321890   40.64452    -74.19198    -0.12      0.10     0.16     1 
0130321891   40.64426    -74.15544    -0.12     -0.02     0.12     1 
0130321892   40.64398    -74.11889    -0.07      0.02     0.08     1 
0130321893   40.64370    -74.08235    -0.11     -0.05     0.12     1 
0130321894   40.64340    -74.04581    -0.09      0.13     0.16     1 
0130321895   40.64309    -74.00928    -0.17     -0.06     0.18     1 
0130321896   40.64277    -73.97274    -0.01     -0.08     0.08     1 
0130321897   40.64244    -73.93620    -0.02     -0.02     0.03     1 
0130321898   40.64210    -73.89966    -0.09      0.04     0.10     1 
0130321899   40.64175    -73.86312    -0.14      0.01     0.14     1 
0130321900   40.64138    -73.82658    -0.09     -0.00     0.09     1 
0130321901   40.64100    -73.79005    -0.03     -0.01     0.03     1 
0130321902   40.64061    -73.75351    -0.03      0.01     0.03     1 
0130321904   40.63980    -73.68045     0.12      0.01     0.12     1 
0130321905   40.63938    -73.64391    -0.02     -0.01     0.02     1 
0130321906   40.63894    -73.60738     0.06      0.05     0.07     1 
0130321907   40.63850    -73.57085    -0.05      0.03     0.06     1 
0130321908   40.63804    -73.53432    -0.19      0.01     0.19     1 
0130321909   40.63757    -73.49779    -0.08      0.03     0.09     1 
0130321911   40.63660    -73.42473    -0.09      0.04     0.10     1 
0130321912   40.63609    -73.38820    -0.05      0.07     0.09     1 
0130321913   40.63558    -73.35168    -0.26     -0.01     0.26     1 
0130321914   40.63505    -73.31515    -0.24     -0.05     0.25     1 
0130321915   40.63451    -73.27863    -0.01      0.08     0.08     1 
0130321916   40.63396    -73.24211    -0.21      0.12     0.24     1 
0130321917   40.63340    -73.20558     0.05     -0.04     0.06     1 
0130321961   40.62004    -74.33840     0.28      0.05     0.29     1 
0130321962   40.61983    -74.30187     0.05     -0.00     0.05     1 
0130321963   40.61960    -74.26534    -0.11      0.00     0.11     1 
0130321964   40.61936    -74.22881    -0.11      0.04     0.12     1 
0130321965   40.61911    -74.19228    -0.11     -0.08     0.13     1 
0130321966   40.61885    -74.15576    -0.10      0.00     0.10     1 
0130321967   40.61858    -74.11923     0.04      0.07     0.08     1 
0130321968   40.61830    -74.08270    -0.01      0.02     0.03     1 
0130321970   40.61769    -74.00965     0.07     -0.02     0.07     1 
0130321971   40.61737    -73.97312    -0.04     -0.00     0.04     1 
0130321972   40.61704    -73.93660    -0.09     -0.05     0.10     1 
0130321973   40.61670    -73.90008    -0.18      0.00     0.18     1 
0130321974   40.61635    -73.86355    -0.06     -0.04     0.07     1 
0130321975   40.61598    -73.82703    -0.16      0.01     0.16     1 
0130321976   40.61561    -73.79051    -0.18      0.04     0.19     1 
0130321977   40.61522    -73.75399     0.02      0.03     0.04     1 
0130321978   40.61482    -73.71747     0.02      0.03     0.04     1 
0130321979   40.61440    -73.68095    -0.11      0.02     0.11     1 
0130321980   40.61398    -73.64443    -0.09      0.05     0.10     1 
0130321981   40.61355    -73.60791    -0.10      0.05     0.11     1 
0130321982   40.61310    -73.57139    -0.09      0.07     0.11     1 
0130321983   40.61264    -73.53487    -0.08      0.04     0.09     1 
0130321984   40.61218    -73.49836    -0.08      0.04     0.09     1 
0130321985   40.61169    -73.46184    -0.10      0.07     0.12     1 
0130321986   40.61120    -73.42533    -0.08     -0.02     0.08     1 
0130322036   40.59464    -74.33865     0.31      0.04     0.31     1 
0130322037   40.59443    -74.30214     0.12     -0.04     0.13     1 
0130322038   40.59420    -74.26562    -0.06     -0.05     0.08     1 
0130322039   40.59396    -74.22911    -0.14     -0.10     0.17     1 
0130322040   40.59371    -74.19259    -0.18     -0.12     0.22     1 
0130322041   40.59345    -74.15608     0.17     -0.06     0.18     1 
0130322042   40.59318    -74.11956     0.21     -0.02     0.21     1 
0130322043   40.59289    -74.08305    -0.03     -0.12     0.13     1 
0130322045   40.59229    -74.01002    -0.20      0.01     0.20     1 
0130322046   40.59197    -73.97351    -0.02     -0.01     0.02     1 
0130322047   40.59164    -73.93700    -0.16     -0.04     0.16     1 
0130322048   40.59130    -73.90049    -0.04      0.06     0.07     1 
0130322049   40.59095    -73.86398    -0.09     -0.16     0.18     1 
0130322050   40.59058    -73.82747    -0.12     -0.09     0.16     1 
0130322051   40.59021    -73.79096    -0.17     -0.06     0.18     1 
0130322052   40.58982    -73.75446    -0.19     -0.04     0.20     1 
0130322054   40.58901    -73.68144    -0.20      0.07     0.21     1 
0130322055   40.58859    -73.64494    -0.14      0.03     0.14     1 
0130322057   40.58770    -73.57193    -0.06     -0.01     0.06     1 
0130322110   40.56944    -74.37540     0.21     -0.02     0.21     1 
0130322111   40.56924    -74.33890    -0.02     -0.04     0.05     1 
0130322112   40.56902    -74.30240     0.14     -0.06     0.16     1 
0130322113   40.56880    -74.26590    -0.02     -0.10     0.10     1 
0130322114   40.56856    -74.22940    -0.07     -0.03     0.07     1 
0130322115   40.56831    -74.19290    -0.23     -0.11     0.26     1 
0130322116   40.56805    -74.15640     0.01     -0.03     0.03     1 
0130322117   40.56778    -74.11989    -0.05     -0.10     0.11     1 
0130322119   40.56720    -74.04690    -0.15      0.04     0.15     1 
0130322120   40.56689    -74.01040     0.02      0.04     0.04     1 
0130322185   40.54404    -74.37564     0.10     -0.04     0.11     1 
0130322186   40.54383    -74.33915     0.11     -0.03     0.11     1 
0130322187   40.54362    -74.30266    -0.02     -0.03     0.03     1 
0130322188   40.54339    -74.26618    -0.16     -0.05     0.17     1 
0130322189   40.54315    -74.22969    -0.09     -0.08     0.12     1 
0130322190   40.54291    -74.19320     0.27     -0.05     0.27     1 
0130322191   40.54265    -74.15671     0.07     -0.09     0.11     1 
0130322192   40.54237    -74.12023    -0.03     -0.04     0.05     1 
0130322260   40.51863    -74.37588    -0.02     -0.13     0.13     1 
0130322261   40.51843    -74.33940    -0.10     -0.04     0.11     1 
0130322262   40.51821    -74.30293    -0.05     -0.07     0.08     1 
0130322263   40.51799    -74.26645     0.02     -0.03     0.04     1 
0130322264   40.51775    -74.22998     0.08     -0.03     0.08     1 
0130322265   40.51750    -74.19351    -0.11     -0.08     0.13     1 
0130322335   40.49323    -74.37611    -0.31      0.03     0.31     1 
0130322336   40.49303    -74.33965    -0.08      0.01     0.08     1 
0130322337   40.49281    -74.30319    -0.03     -0.08     0.09     1 
0130322338   40.49259    -74.26673    -0.13     -0.05     0.14     1 
0130322339   40.49235    -74.23027    -0.17      0.01     0.17     1 
0130322410   40.46782    -74.37635    -0.19     -0.11     0.22     1 
0130322411   40.46762    -74.33990     0.14     -0.02     0.14     1 
0130322412   40.46741    -74.30345     0.15     -0.04     0.15     1 
0130322413   40.46718    -74.26700    -0.12      0.15     0.19     1 
0130322420   40.46528    -74.01189    -0.02     -0.03     0.03     1 
0130322484   40.44261    -74.41302     0.01     -0.04     0.04     1 
0130322485   40.44242    -74.37658     0.11      0.02     0.11     1 
0130322486   40.44222    -74.34015     0.01     -0.03     0.04     1 
0130322487   40.44200    -74.30371     0.08     -0.11     0.14     1 
0130322488   40.44178    -74.26728    -0.01     -0.11     0.11     1 
0130322489   40.44154    -74.23085     0.12     -0.05     0.13     1 
0130322490   40.44129    -74.19442    -0.09     -0.16     0.19     1 
0130322491   40.44103    -74.15798    -0.06     -0.18     0.19     1 
0130322492   40.44076    -74.12155    -0.04     -0.00     0.04     1 
0130322494   40.44019    -74.04869    -0.28     -0.04     0.28     1 
0130322559   40.41721    -74.41324     0.08      0.00     0.08     1 
0130322560   40.41702    -74.37682     0.11      0.00     0.11     1 
0130322561   40.41681    -74.34040    -0.09     -0.05     0.10     1 
0130322562   40.41660    -74.30398     0.27     -0.04     0.28     1 
0130322563   40.41638    -74.26756     0.40     -0.03     0.40     1 
0130322564   40.41614    -74.23114    -0.03     -0.09     0.09     1 
0130322565   40.41589    -74.19472     0.14      0.06     0.15     1 
0130322566   40.41563    -74.15830     0.23     -0.00     0.23     1 
0130322567   40.41536    -74.12189     0.31     -0.02     0.31     1 
0130322568   40.41508    -74.08547     0.13     -0.03     0.14     1 
0130322569   40.41479    -74.04905    -0.01     -0.03     0.03     1 
0130322571   40.41416    -73.97622    -0.23     -0.19     0.30     1 
0130322634   40.39180    -74.41346     0.31     -0.00     0.31     1 
0130322635   40.39161    -74.37705     0.01      0.03     0.04     1 
0130322636   40.39141    -74.34064     0.26      0.05     0.27     1 
0130322637   40.39120    -74.30424     0.19      0.02     0.19     1 
0130322638   40.39097    -74.26783     0.36     -0.01     0.36     1 
0130322639   40.39073    -74.23143     0.27     -0.02     0.28     1 
0130322640   40.39049    -74.19502     0.43     -0.00     0.43     1 
0130322641   40.39023    -74.15862     0.46     -0.04     0.46     1 
0130322642   40.38996    -74.12221     0.49      0.03     0.49     1 
0130322643   40.38968    -74.08581     0.32      0.01     0.32     1 
0130322644   40.38938    -74.04941     0.50     -0.05     0.50     2 
0130322645   40.38908    -74.01301    -0.05     -0.03     0.06     1 
0130322646   40.38876    -73.97661    -0.12     -0.08     0.14     1 
0130322709   40.36640    -74.41368     0.26      0.03     0.26     1 
0130322710   40.36621    -74.37728     0.31      0.04     0.31     1 
0130322711   40.36601    -74.34089     0.29      0.08     0.30     1 
0130322712   40.36579    -74.30450     0.18      0.06     0.19     1 
0130322713   40.36557    -74.26811     0.24      0.01     0.24     1 
0130322714   40.36533    -74.23172     0.46     -0.06     0.47     1 
0130322715   40.36508    -74.19532     0.28     -0.08     0.29     1 
0130322716   40.36483    -74.15893     0.27      0.03     0.27     1 
0130322717   40.36456    -74.12254     0.19      0.06     0.20     1 
0130322718   40.36427    -74.08616     0.15      0.03     0.16     1 
0130322719   40.36398    -74.04977    -0.10     -0.08     0.13     1 
0130322720   40.36368    -74.01338     0.29      0.03     0.29     1 
0130322721   40.36336    -73.97699    -0.12      0.17     0.21     1 
0130322784   40.34099    -74.41390     0.34      0.01     0.34     1 
0130322785   40.34080    -74.37752     0.23      0.05     0.23     1 
0130322786   40.34060    -74.34114     0.20     -0.11     0.23     1 
0130322787   40.34039    -74.30476     0.37     -0.08     0.38     1 
0130322788   40.34016    -74.26838     0.43     -0.06     0.43     1 
0130322789   40.33993    -74.23200     0.35     -0.04     0.35     1 
0130322790   40.33968    -74.19563     0.40      0.01     0.40     1 
0130322791   40.33942    -74.15925     0.18      0.09     0.20     1 
0130322792   40.33915    -74.12287     0.35      0.03     0.35     1 
0130322793   40.33887    -74.08650    -0.07     -0.11     0.13     1 
0130322794   40.33858    -74.05012     0.20      0.01     0.20     1 
0130322795   40.33827    -74.01375    -0.08     -0.06     0.11     1 
0130322796   40.33796    -73.97737    -0.03     -0.14     0.15     1 
0130322858   40.31577    -74.45048    -0.08     -0.10     0.13     1 
0130322859   40.31559    -74.41412     0.06      0.05     0.08     1 
0130322860   40.31540    -74.37775     0.19     -0.03     0.19     1 
0130322861   40.31520    -74.34139     0.30     -0.06     0.31     1 
0130322862   40.31498    -74.30502     0.33     -0.03     0.33     1 
0130322863   40.31476    -74.26866     0.15      0.02     0.15     1 
0130322864   40.31452    -74.23229     0.13      0.02     0.13     1 
0130322865   40.31428    -74.19593     0.28     -0.01     0.28     1 
0130322866   40.31402    -74.15957     0.19      0.05     0.20     1 
0130322867   40.31375    -74.12320    -0.01     -0.04     0.04     1 
0130322868   40.31347    -74.08684     0.39      0.03     0.39     1 
0130322869   40.31318    -74.05048     0.10     -0.06     0.12     1 
0130322870   40.31287    -74.01412    -0.00     -0.04     0.04     1 
0130322933   40.29036    -74.45069     0.19     -0.13     0.23     1 
0130322934   40.29018    -74.41434     0.46      0.07     0.47     1 
0130322935   40.28999    -74.37798     0.31      0.04     0.31     1 
0130322936   40.28979    -74.34163     0.25      0.03     0.25     1 
0130322937   40.28958    -74.30528     0.10     -0.04     0.11     1 
0130322938   40.28936    -74.26893     0.34      0.02     0.34     1 
0130322939   40.28912    -74.23258     0.11     -0.11     0.15     1 
0130322940   40.28887    -74.19623     0.15     -0.02     0.15     1 
0130322941   40.28862    -74.15988     0.16     -0.01     0.16     1 
0130322942   40.28834    -74.12353     0.34     -0.04     0.34     1 
0130322943   40.28806    -74.08718     0.28      0.01     0.28     1 
0130322944   40.28777    -74.05083     0.07     -0.04     0.08     1 
0130322945   40.28747    -74.01449     0.11     -0.06     0.12     1 
0130323008   40.26496    -74.45089     0.45      0.09     0.46     1 
0130323009   40.26478    -74.41456     0.23     -0.02     0.23     1 
0130323010   40.26459    -74.37822     0.13     -0.06     0.14     1 
0130323011   40.26439    -74.34188     0.30      0.03     0.30     1 
0130323012   40.26418    -74.30554     0.16      0.03     0.16     1 
0130323013   40.26395    -74.26920     0.21     -0.00     0.21     1 
0130323014   40.26372    -74.23287     0.30      0.00     0.30     1 
0130323016   40.26321    -74.16019     0.23     -0.05     0.23     1 
0130323017   40.26294    -74.12386     0.25      0.07     0.26     1 
0130323018   40.26266    -74.08752     0.16     -0.04     0.17     1 
0130323019   40.26237    -74.05119     0.13     -0.02     0.13     1 
0130323020   40.26206    -74.01485     0.27     -0.01     0.27     1 
0130323083   40.23955    -74.45110     0.27      0.08     0.28     1 
0130323084   40.23937    -74.41477     0.28      0.08     0.29     1 
0130323085   40.23918    -74.37845     0.41     -0.03     0.41     1 
0130323086   40.23898    -74.34212     0.33      0.03     0.33     1 
0130323087   40.23877    -74.30580     0.04     -0.06     0.07     1 
0130323088   40.23855    -74.26948     0.03     -0.05     0.06     1 
0130323089   40.23831    -74.23315     0.45      0.13     0.47     1 
0130323090   40.23806    -74.19683     0.29     -0.04     0.29     1 
0130323091   40.23781    -74.16051     0.22     -0.10     0.24     1 
0130323092   40.23754    -74.12419    -0.01     -0.12     0.12     1 
0130323093   40.23726    -74.08786     0.07     -0.08     0.11     1 
0130323094   40.23697    -74.05154     0.08     -0.03     0.09     1 
0130323095   40.23666    -74.01522     0.03     -0.03     0.04     1 
0130323158   40.21415    -74.45130     0.41      0.01     0.41     1 
0130323159   40.21397    -74.41499     0.25     -0.09     0.27     1 
0130323160   40.21378    -74.37868     0.17     -0.02     0.17     1 
0130323161   40.21358    -74.34237     0.24     -0.01     0.24     1 
0130323162   40.21337    -74.30606     0.31     -0.01     0.31     1 
0130323163   40.21314    -74.26975     0.21      0.02     0.21     1 
0130323164   40.21291    -74.23344     0.27      0.10     0.29     1 
0130323165   40.21266    -74.19713     0.24      0.02     0.24     1 
0130323166   40.21240    -74.16082     0.27      0.03     0.28     1 
0130323167   40.21213    -74.12451     0.18      0.02     0.18     1 
0130323168   40.21185    -74.08821     0.23      0.03     0.23     1 
0130323169   40.21156    -74.05190     0.16     -0.05     0.16     1 
0130323170   40.21126    -74.01559    -0.10     -0.36     0.38     1 
0130323232   40.18891    -74.48781     0.22     -0.00     0.22     1 
0130323233   40.18874    -74.45151     0.27     -0.09     0.29     1 
0130323234   40.18856    -74.41521     0.47     -0.02     0.47     1 
0130323235   40.18837    -74.37891     0.31      0.11     0.33     1 
0130323236   40.18817    -74.34262     0.19     -0.07     0.21     1 
0130323237   40.18796    -74.30632     0.14     -0.05     0.15     1 
0130323238   40.18774    -74.27002     0.43      0.05     0.43     1 
0130323239   40.18750    -74.23373     0.02     -0.09     0.09     1 
0130323240   40.18726    -74.19743     0.34     -0.05     0.34     1 
0130323241   40.18700    -74.16114     0.25     -0.02     0.25     1 
0130323242   40.18673    -74.12484     0.07     -0.04     0.08     1 
0130323243   40.18645    -74.08855     0.33     -0.14     0.36     1 
0130323244   40.18616    -74.05225    -0.03      0.03     0.05     1 
0130323245   40.18586    -74.01596    -0.02     -0.31     0.31     1 
0130323307   40.16350    -74.48800     0.06     -0.12     0.13     1 
0130323308   40.16333    -74.45171     0.19     -0.19     0.27     1 
0130323309   40.16316    -74.41543     0.19     -0.05     0.20     1 
0130323310   40.16297    -74.37914     0.07     -0.01     0.07     1 
0130323311   40.16277    -74.34286     0.14      0.05     0.15     1 
0130323312   40.16255    -74.30658     0.26     -0.06     0.27     1 
0130323313   40.16233    -74.27029     0.26      0.01     0.26     1 
0130323314   40.16210    -74.23401     0.19      0.01     0.19     1 
0130323315   40.16185    -74.19773     0.32      0.01     0.32     1 
0130323316   40.16159    -74.16145     0.38     -0.03     0.38     1 
0130323317   40.16133    -74.12517     0.28     -0.18     0.33     1 
0130323318   40.16105    -74.08889     0.20     -0.08     0.21     1 
0130323319   40.16076    -74.05260     0.03     -0.03     0.04     1 
0130323320   40.16045    -74.01632     0.01     -0.09     0.09     1 
0130323383   40.13793    -74.45192    -0.17      0.00     0.17     1 
0130323384   40.13775    -74.41565     0.20     -0.00     0.20     1 
0130323385   40.13756    -74.37938     0.46      0.00     0.46     1 
0130323386   40.13736    -74.34311     0.32     -0.03     0.33     1 
0130323387   40.13715    -74.30684     0.19     -0.00     0.19     1 
0130323388   40.13693    -74.27057     0.25      0.05     0.26     1 
0130323389   40.13669    -74.23430     0.17     -0.01     0.17     1 
0130323390   40.13645    -74.19803     0.21      0.06     0.21     1 
0130323391   40.13619    -74.16176     0.26      0.01     0.26     1 
0130323392   40.13592    -74.12549     0.23      0.05     0.24     1 
0130323393   40.13564    -74.08922     0.19     -0.02     0.19     1 
0130323394   40.13535    -74.05296     0.12     -0.02     0.12     1 
0130323457   40.11269    -74.48838     0.31      0.17     0.35     1 
0130323458   40.11252    -74.45212     0.13      0.04     0.14     1 
0130323459   40.11234    -74.41586     0.06     -0.01     0.06     1 
0130323460   40.11216    -74.37961     0.24     -0.02     0.24     1 
0130323461   40.11196    -74.34335     0.32     -0.03     0.32     1 
0130323462   40.11174    -74.30709     0.27      0.02     0.27     1 
0130323463   40.11152    -74.27084     0.24     -0.05     0.25     1 
0130323464   40.11129    -74.23458     0.32      0.02     0.32     1 
0130323465   40.11104    -74.19833     0.28      0.04     0.28     1 
0130323466   40.11079    -74.16207     0.28      0.05     0.29     1 
0130323467   40.11052    -74.12582     0.21      0.02     0.21     1 
0130323468   40.11024    -74.08956    -0.01     -0.02     0.02     1 
0130323469   40.10995    -74.05331    -0.05     -0.01     0.05     1 
0130323532   40.08728    -74.48857     0.23      0.07     0.24     1 
0130323533   40.08712    -74.45233     0.18      0.03     0.19     1 
0130323534   40.08694    -74.41608     0.06      0.02     0.06     1 
0130323535   40.08675    -74.37984     0.26      0.12     0.29     1 
0130323536   40.08655    -74.34359     0.09      0.01     0.09     1 
0130323538   40.08612    -74.27111     0.24      0.10     0.26     1 
0130323539   40.08588    -74.23487     0.12      0.04     0.12     1 
0130323540   40.08564    -74.19863     0.10      0.05     0.11     1 
0130323541   40.08538    -74.16238     0.16      0.03     0.17     1 
0130323542   40.08511    -74.12614     0.14     -0.04     0.14     1 
0130323543   40.08483    -74.08990     0.02      0.00     0.02     1 
0130323544   40.08454    -74.05366     0.01     -0.02     0.02     1 
0130323606   40.06203    -74.52499     0.25      0.05     0.25     1 
0130323607   40.06188    -74.48876     0.23     -0.03     0.23     1 
0130323608   40.06171    -74.45253     0.06      0.14     0.15     1 
0130323609   40.06153    -74.41630     0.08      0.07     0.11     1 
0130323610   40.06135    -74.38007     0.08      0.02     0.09     1 
0130323611   40.06115    -74.34384     0.15      0.21     0.25     1 
0130323612   40.06093    -74.30761    -0.00      0.04     0.04     1 
0130323613   40.06071    -74.27138     0.17      0.06     0.18     1 
0130323614   40.06048    -74.23515     0.14      0.01     0.14     1 
0130323615   40.06023    -74.19892     0.03      0.06     0.07     1 
0130323616   40.05998    -74.16269     0.08      0.05     0.10     1 
0130323617   40.05971    -74.12647    -0.00      0.04     0.04     1 
0130323618   40.05943    -74.09024    -0.12      0.03     0.12     1 
0130323619   40.05914    -74.05401    -0.09     -0.03     0.10     1 
0130323681   40.03662    -74.52517     0.09      0.06     0.11     1 
0130323682   40.03647    -74.48895     0.08      0.00     0.08     1 
0130323683   40.03630    -74.45273    -0.03      0.00     0.03     1 
0130323684   40.03613    -74.41652     0.06      0.01     0.06     1 
0130323685   40.03594    -74.38030     0.02      0.03     0.03     1 
0130323686   40.03574    -74.34408    -0.05      0.03     0.06     1 
0130323687   40.03553    -74.30787     0.19      0.05     0.19     1 
0130323689   40.03507    -74.23543     0.21     -0.13     0.25     1 
0130323690   40.03483    -74.19922     0.16      0.09     0.18     1 
0130323691   40.03457    -74.16300     0.14      0.03     0.14     1 
0130323692   40.03431    -74.12679     0.09      0.10     0.14     1 
0130323693   40.03403    -74.09058     0.03      0.05     0.06     1 
0130323694   40.03374    -74.05437    -0.07     -0.02     0.07     1 
0130323756   40.01122    -74.52534     0.07     -0.08     0.11     1 
0130323757   40.01106    -74.48914    -0.13     -0.40     0.43     1 
0130323758   40.01090    -74.45293    -0.01     -0.01     0.01     1 
0130323759   40.01072    -74.41673     0.02      0.00     0.02     1 
0130323760   40.01053    -74.38053     0.08      0.01     0.08     1 
0130323761   40.01033    -74.34432     0.08      0.00     0.08     1 
0130323762   40.01012    -74.30812     0.17      0.06     0.18     1 
0130323763   40.00990    -74.27192     0.09      0.04     0.10     1 
0130323765   40.00942    -74.19952     0.30      0.12     0.33     1 
0130323766   40.00917    -74.16332     0.11     -0.02     0.11     1 
0130323767   40.00890    -74.12712    -0.02     -0.01     0.02     1 
0130323768   40.00862    -74.09091    -0.08      0.07     0.11     1 
0130323769   40.00833    -74.05472    -0.01     -0.03     0.03     1 
0130323831   39.98581    -74.52552    -0.14     -0.04     0.14     1 
0130323832   39.98566    -74.48933    -0.07     -0.04     0.08     1 
0130323833   39.98549    -74.45314    -0.02      0.02     0.03     1 
0130323834   39.98531    -74.41695     0.11     -0.01     0.11     1 
0130323835   39.98513    -74.38076     0.22     -0.08     0.23     1 
0130323836   39.98493    -74.34457    -0.03     -0.07     0.08     1 
0130323837   39.98472    -74.30838    -0.14     -0.04     0.14     1 
0130323838   39.98450    -74.27219     0.02      0.06     0.06     1 
0130323839   39.98426    -74.23600     0.12      0.07     0.14     1 
0130323840   39.98402    -74.19981     0.22      0.03     0.22     1 
0130323841   39.98376    -74.16363     0.30      0.05     0.30     1 
0130323842   39.98350    -74.12744     0.02      0.08     0.08     1 
0130323843   39.98322    -74.09125    -0.09      0.09     0.13     1 
0130323906   39.96040    -74.52569     0.07     -0.03     0.08     1 
0130323907   39.96025    -74.48952    -0.22     -0.18     0.28     1 
0130323908   39.96008    -74.45334     0.08      0.01     0.08     1 
0130323909   39.95991    -74.41716     0.07     -0.01     0.07     1 
0130323910   39.95972    -74.38099     0.09     -0.04     0.10     1 
0130323911   39.95952    -74.34481     0.07      0.01     0.07     1 
0130323912   39.95931    -74.30863     0.09      0.00     0.09     1 
0130323913   39.95909    -74.27246     0.05     -0.01     0.05     1 
0130323914   39.95886    -74.23628     0.06      0.02     0.06     1 
0130323915   39.95861    -74.20011     0.01      0.01     0.02     1 
0130323916   39.95836    -74.16393     0.23      0.08     0.24     1 
0130323917   39.95809    -74.12776     0.01      0.01     0.02     1 
0130323918   39.95781    -74.09159     0.01      0.05     0.05     1 
0130323980   39.93514    -74.56203     0.09     -0.01     0.09     1 
0130323981   39.93500    -74.52587     0.06     -0.08     0.10     1 
0130323982   39.93484    -74.48971     0.05      0.00     0.05     1 
0130323983   39.93468    -74.45354     0.09     -0.12     0.16     1 
0130323984   39.93450    -74.41738     0.14     -0.01     0.14     1 
0130323985   39.93431    -74.38122     0.13      0.07     0.15     1 
0130323986   39.93411    -74.34505     0.00      0.09     0.09     1 
0130323987   39.93391    -74.30889     0.05     -0.02     0.06     1 
0130323988   39.93368    -74.27273     0.16     -0.07     0.17     1 
0130323989   39.93345    -74.23657     0.08      0.02     0.09     1 
0130323990   39.93321    -74.20041     0.18      0.09     0.21     1 
0130323991   39.93295    -74.16424     0.03     -0.02     0.03     1 
0130323992   39.93269    -74.12808     0.03     -0.09     0.09     1 
0130323993   39.93241    -74.09193    -0.00     -0.00     0.00     1 
0130324055   39.90973    -74.56220    -0.03     -0.04     0.04     1 
0130324056   39.90959    -74.52604    -0.01     -0.02     0.03     1 
0130324057   39.90944    -74.48990     0.15     -0.02     0.15     1 
0130324058   39.90927    -74.45374    -0.07      0.05     0.08     1 
0130324059   39.90910    -74.41759     0.21     -0.00     0.21     1 
0130324060   39.90891    -74.38144     0.13      0.06     0.14     1 
0130324061   39.90871    -74.34529     0.06      0.01     0.06     1 
0130324062   39.90850    -74.30915     0.16      0.01     0.16     1 
0130324063   39.90828    -74.27300     0.23      0.02     0.23     1 
0130324064   39.90805    -74.23685     0.17      0.10     0.20     1 
0130324065   39.90780    -74.20070     0.04     -0.02     0.05     1 
0130324066   39.90755    -74.16455     0.34      0.05     0.35     1 
0130324067   39.90728    -74.12841    -0.01      0.00     0.01     1 
0130324130   39.88432    -74.56236     0.13      0.01     0.13     1 
0130324131   39.88418    -74.52622     0.15      0.01     0.15     1 
0130324132   39.88403    -74.49008     0.19     -0.11     0.22     1 
0130324133   39.88386    -74.45395     0.11      0.00     0.11     1 
0130324134   39.88369    -74.41781     0.17      0.03     0.17     1 
0130324135   39.88350    -74.38167    -0.05     -0.03     0.06     1 
0130324136   39.88330    -74.34554     0.09     -0.07     0.11     1 
0130324137   39.88309    -74.30940     0.01     -0.06     0.06     1 
0130324138   39.88287    -74.27326     0.24      0.04     0.24     1 
0130324139   39.88264    -74.23713     0.01      0.03     0.04     1 
0130324140   39.88240    -74.20100     0.21      0.01     0.21     1 
0130324141   39.88214    -74.16486     0.35      0.03     0.35     1 
0130324142   39.88188    -74.12873    -0.02     -0.06     0.06     1 
0130324143   39.88160    -74.09260    -0.05     -0.08     0.10     1 
0130324205   39.85892    -74.56252     0.13     -0.05     0.14     1 
0130324206   39.85877    -74.52639     0.08     -0.06     0.10     1 
0130324207   39.85862    -74.49027     0.22     -0.01     0.22     1 
0130324208   39.85846    -74.45415    -0.25     -0.09     0.27     1 
0130324209   39.85828    -74.41802     0.24     -0.04     0.25     1 
0130324210   39.85809    -74.38190     0.01      0.01     0.01     1 
0130324211   39.85790    -74.34578     0.13      0.00     0.13     1 
0130324212   39.85769    -74.30966     0.02     -0.03     0.03     1 
0130324213   39.85747    -74.27353     0.02     -0.03     0.04     1 
0130324214   39.85723    -74.23741     0.08     -0.10     0.13     1 
0130324215   39.85699    -74.20129     0.19      0.04     0.19     1 
0130324216   39.85674    -74.16517     0.12      0.01     0.13     1 
0130324217   39.85647    -74.12905     0.06     -0.05     0.08     1 
0130324218   39.85619    -74.09293    -0.03      0.02     0.04     1 
0130324279   39.83364    -74.59879    -0.04      0.09     0.10     1 
0130324280   39.83351    -74.56268     0.08      0.05     0.09     1 
0130324281   39.83337    -74.52657     0.04     -0.05     0.07     1 
0130324282   39.83321    -74.49046     0.17      0.04     0.17     1 
0130324283   39.83305    -74.45435     0.04     -0.01     0.04     1 
0130324284   39.83287    -74.41824     0.15     -0.04     0.16     1 
0130324285   39.83269    -74.38213     0.06     -0.02     0.07     1 
0130324286   39.83249    -74.34602     0.07      0.04     0.08     1 
0130324287   39.83228    -74.30991     0.11     -0.01     0.11     1 
0130324288   39.83206    -74.27380     0.17      0.04     0.18     1 
0130324289   39.83183    -74.23769    -0.04      0.01     0.04     1 
0130324290   39.83158    -74.20158     0.02     -0.02     0.03     1 
0130324291   39.83133    -74.16548    -0.04     -0.03     0.05     1 
0130324293   39.83079    -74.09326    -0.02     -0.00     0.02     1 
0130324354   39.80823    -74.59894     0.13      0.06     0.14     1 
0130324355   39.80810    -74.56284    -0.02     -0.08     0.08     1 
0130324356   39.80796    -74.52674     0.07      0.03     0.08     1 
0130324357   39.80781    -74.49065     0.20     -0.08     0.21     1 
0130324358   39.80764    -74.45455    -0.06     -0.21     0.22     1 
0130324359   39.80747    -74.41845     0.06     -0.15     0.16     1 
0130324360   39.80728    -74.38236     0.04      0.09     0.09     1 
0130324361   39.80708    -74.34626     0.12      0.05     0.13     1 
0130324362   39.80687    -74.31016     0.09      0.00     0.09     1 
0130324363   39.80665    -74.27407     0.10      0.16     0.19     1 
0130324364   39.80642    -74.23797     0.08      0.06     0.10     1 
0130324365   39.80618    -74.20188     0.07      0.03     0.08     1 
0130324367   39.80566    -74.12969     0.10      0.38     0.39     1 
0130324429   39.78282    -74.59909     0.15     -0.04     0.16     1 
0130324430   39.78269    -74.56300    -0.08      0.04     0.09     1 
0130324431   39.78255    -74.52692    -0.04     -0.07     0.08     1 
0130324432   39.78240    -74.49083    -0.02     -0.04     0.05     1 
0130324433   39.78224    -74.45475    -0.05      0.03     0.06     1 
0130324434   39.78206    -74.41867     0.02     -0.01     0.02     1 
0130324435   39.78187    -74.38258     0.08      0.07     0.11     1 
0130324436   39.78167    -74.34650     0.26      0.06     0.26     1 
0130324437   39.78147    -74.31042     0.16      0.04     0.16     1 
0130324438   39.78125    -74.27434     0.03      0.02     0.04     1 
0130324439   39.78102    -74.23825     0.17      0.12     0.21     1 
0130324440   39.78077    -74.20217     0.25      0.09     0.26     1 
0130324442   39.78025    -74.13001     0.11     -0.20     0.22     1 
0130324443   39.77998    -74.09393     0.01     -0.05     0.05     1 
0130324504   39.75742    -74.59923     0.05      0.09     0.10     1 
0130324505   39.75729    -74.56316     0.22      0.03     0.23     1 
0130324506   39.75714    -74.52709    -0.04      0.04     0.06     1 
0130324507   39.75699    -74.49102     0.13      0.18     0.23     1 
0130324508   39.75683    -74.45495     0.17      0.06     0.18     1 
0130324509   39.75665    -74.41888     0.15      0.10     0.18     1 
0130324512   39.75606    -74.31067     0.25      0.03     0.26     1 
0130324513   39.75584    -74.27460     0.18      0.09     0.20     1 
0130324514   39.75561    -74.23853     0.27      0.15     0.30     1 
0130324515   39.75537    -74.20247     0.01      0.07     0.07     1 
0130324517   39.75485    -74.13033     0.06      0.09     0.11     1 
0130324518   39.75457    -74.09426    -0.02     -0.04     0.04     1 
0130324579   39.73201    -74.59938     0.03      0.00     0.03     1 
0130324580   39.73188    -74.56332     0.16      0.08     0.18     1 
0130324581   39.73174    -74.52727    -0.06      0.04     0.07     1 
0130324582   39.73158    -74.49121    -0.03      0.04     0.05     1 
0130324583   39.73142    -74.45515     0.19     -0.03     0.19     1 
0130324584   39.73125    -74.41909    -0.01      0.06     0.06     1 
0130324585   39.73106    -74.38304     0.02     -0.05     0.05     1 
0130324588   39.73043    -74.27487     0.30      0.06     0.31     1 
0130324589   39.73020    -74.23881     0.37      0.18     0.41     1 
0130324590   39.72996    -74.20276     0.07      0.12     0.13     1 
0130324591   39.72971    -74.16670    -0.03      0.16     0.16     1 
0130324592   39.72944    -74.13065    -0.01      0.11     0.11     1 
0130324654   39.70660    -74.59953     0.00      0.06     0.06     1 
0130324655   39.70647    -74.56348     0.08     -0.01     0.08     1 
0130324656   39.70633    -74.52744    -0.02     -0.05     0.05     1 
0130324658   39.70601    -74.45535     0.02      0.17     0.17     1 
0130324659   39.70584    -74.41931    -0.11     -0.04     0.12     1 
0130324660   39.70565    -74.38326    -0.04      0.04     0.06     1 
0130324661   39.70545    -74.34722     0.05      0.07     0.09     1 
0130324663   39.70503    -74.27514     0.09      0.18     0.20     1 
0130324666   39.70430    -74.16701     0.05      0.18     0.18     1 
0130324729   39.68119    -74.59968     0.02      0.07     0.07     1 
0130324731   39.68092    -74.52761     0.06      0.06     0.08     1 
0130324732   39.68077    -74.49158     0.02      0.11     0.11     1 
0130324736   39.68005    -74.34746     0.00      0.00     0.00     1 
0130324737   39.67984    -74.31143     0.08      0.16     0.18     1 
0130324738   39.67962    -74.27540     0.20      0.09     0.22     1 
0130324739   39.67939    -74.23937     0.05      0.03     0.06     1 
0130324740   39.67915    -74.20334     0.04      0.15     0.15     1 
0130324811   39.65464    -74.34770     0.15      0.14     0.21     1 
0130324812   39.65443    -74.31168     0.35     -0.05     0.35     1 
0130324813   39.65421    -74.27567     0.20      0.19     0.28     1 
0130324814   39.65398    -74.23965    -0.00      0.07     0.07     1 
0130324815   39.65374    -74.20364     0.03      0.00     0.03     1 
0130324890   39.62833    -74.20393     0.01      0.05     0.05     1 
----------------------------------------------------------------------
---------------------------------------------------
Total correlated GCPs in Upper Left Quadrant: 604

GCP statistics this quadrant only (in Pixels)
Line residual statistics:
  Mean: 0.067
  Median: 0.050
  Standard Deviation: 0.160

Sample residual statistics:
  Mean: 0.016
  Median: 0.014
  Standard Deviation: 0.065

Quadrant RMSE: 0.186

---------------------------------------------------
Total correlated GCPs in Upper Right Quadrant: 219

GCP statistics this quadrant only (in Pixels)
Line residual statistics:
  Mean: 0.060
  Median: 0.063
  Standard Deviation: 0.158

Sample residual statistics:
  Mean: 0.019
  Median: 0.020
  Standard Deviation: 0.083

Quadrant RMSE: 0.189

---------------------------------------------------
Total correlated GCPs in Lower Left Quadrant: 399

GCP statistics this quadrant only (in Pixels)
Line residual statistics:
  Mean: 0.128
  Median: 0.116
  Standard Deviation: 0.140

Sample residual statistics:
  Mean: 0.002
  Median: 0.004
  Standard Deviation: 0.077

Quadrant RMSE: 0.205

---------------------------------------------------
Total correlated GCPs in Lower Right Quadrant: 0

GCP statistics this quadrant only (in Pixels)
Line residual statistics:
  Mean: 0.000
  Median: 0.000
  Standard Deviation: 0.000

Sample residual statistics:
  Mean: 0.000
  Median: 0.000
  Standard Deviation: 0.000

Quadrant RMSE: 0.000

---------------------------------------------------
---------------------------------------------------
Total correlated GCPs in scene: 1222

GCP statistics entire scene (in Pixels)
Line residual statistics:
  Mean: 0.086
  Median: 0.077
  Standard Deviation: 0.156

Sample residual statistics:
  Mean: 0.012
  Median: 0.012
  Standard Deviation: 0.073

Scene RMSE: 0.193

