Mon. Sep. 26, 2016             LANDSAT 5                 Time: 00:21
                         Image Assessment System
                           GCP Residual Report
----------------------------------------------------------------------------
WOID: L19962182            Path/Row: 014 / 032

L0R Reference Image: L51XXX1095231140101_HDF.162700244
Acquisition Date: Aug 19, 1995

Band Number:  5

GLS date for each WRS-2 path/row used:
Path  Row   Date
014   032   09-23-1999


Point_ID         Latitude  Longitude    Height       Across    Along    Residual  Residual
                                                      Scan      Scan      In y      in x
                                                    Residual  Residual    dir       dir
                   (deg)     (deg)     (meters)     (meters)  (meters)  (meters)  (meters)

0140320001_01   39.805434  -75.427445   -32.455       4.606    -4.725     5.398    -3.791
0140320002_01   40.844760  -73.788842   -27.396       1.636     0.835     1.453     1.122
0140320003_01   40.948134  -74.065321   -15.668      -0.324     1.796    -0.649     1.705
0140320004_01   40.978516  -73.787468    47.304      -1.472    -0.525    -1.350    -0.787
0140320005_01   39.597576  -74.342643   -30.984      -0.313    -1.800     0.025    -1.826
0140320007_01   40.869077  -74.151518    -4.729       2.389    -0.015     2.350     0.425
0140320008_01   40.462764  -74.295361    -1.381      -2.226    -1.988    -1.820    -2.363
0140320009_01   40.348343  -74.123108   -16.496      -2.615    -1.409    -2.310    -1.867
0140320010_01   40.600232  -75.454805    41.220       2.860    -0.757     2.949    -0.218
0140320011_01   40.627047  -74.167714   -25.800       4.060     2.228     3.577     2.937
0140320012_01   39.992673  -75.274339    41.869       0.124     0.624     0.007     0.636
0140320013_01   40.876867  -74.352585    25.543      -0.863     0.320    -0.907     0.155
0140320014_01   41.034599  -75.065550   265.632      -1.785    -1.715    -1.438    -2.012
0140320016_01   39.989676  -74.158986   -27.474      -0.167     0.916    -0.333     0.869
0140320017_01   40.909079  -74.530737   203.203      -2.925     0.906    -3.039     0.352
0140320018_01   40.362150  -74.024706   -18.215       1.322     0.860     1.139     1.089
0140320019_01   41.002140  -74.203678   125.341      -1.913    -0.714    -1.748    -1.053
0140320020_01   40.098094  -74.091837   -27.866       1.491    -0.014     1.467     0.262
0140320021_01   40.155362  -75.136205    49.267       3.919     1.919     3.495     2.608
0140320022_01   40.260332  -74.001827   -22.602      -1.575    -3.168    -0.964    -3.403
0140320023_01   40.207880  -74.441131    51.843      -5.084     3.381    -5.617     2.382
0140320024_01   40.171667  -75.246519    38.178      -2.806     2.004    -3.126     1.450
0140320025_01   39.957452  -75.178311   -28.973      -1.452    -1.661    -1.120    -1.899
0140320026_01   40.603280  -74.097800    16.189      -0.949     3.129    -1.508     2.899
0140320027_01   40.482680  -74.484165    -1.784       3.650     1.064     3.389     1.718
0140320028_01   40.569220  -74.938214   144.014      -2.396     0.371    -2.422    -0.077
0140320029_01   40.851084  -75.265036   197.558       2.143     2.017     1.734     2.375
0140320030_01   39.894887  -74.752838   -18.246      -1.945     0.452    -1.994     0.084
0140320031_01   39.881033  -75.875588   125.109      -2.923    -2.631    -2.384    -3.123
0140320032_01   40.330097  -74.257896    13.724      -1.268     0.899    -1.411     0.649
0140320033_01   40.003845  -75.232910    52.481       0.968    -0.167     0.982     0.015
0140320034_01   40.535374  -74.198250    -6.496       2.959     1.642     2.604     2.159
0140320035_01   39.870199  -75.139147   -27.239       5.969    -0.528     5.961     0.584
0140320036_01   40.001070  -75.091614   -24.348       5.201     1.671     4.801     2.602
0140320038_01   40.890743  -73.900892     7.681       0.353    -1.049     0.539    -0.965
0140320039_01   40.269896  -74.815696    13.164      -4.082     1.577    -4.300     0.796
0140320040_01   40.796170  -74.619726   175.825      -5.493     0.157    -5.423    -0.857
0140320041_01   40.998681  -75.557052   469.341       1.590     0.715     1.430     0.994
0140320043_01   40.361513  -75.731967    69.510      -2.640     0.470    -2.680    -0.025
0140320044_01   39.857539  -75.095281   -28.243       3.500    -0.757     3.578    -0.097
0140320045_01   40.451689  -74.342177    -5.624      -0.951    -1.927    -0.579    -2.069
0140320046_01   40.685601  -74.318581    -1.702       3.107     1.382     2.798     1.930
0140320047_01   39.699187  -75.558709   -18.511       5.470    -2.067     5.756    -1.020
0140320048_01   40.336427  -75.155640    96.453      -0.447     3.761    -1.132     3.612
0140320049_01   40.788161  -74.002499    -1.738      -2.815     2.309    -3.190     1.749
0140320050_01   40.675469  -75.347048    64.468       1.936    -5.196     2.859    -4.747
0140320051_01   40.597285  -74.376918    -7.258      -1.765    -4.728    -0.863    -4.970
0140320052_01   40.369305  -74.586092     0.020       2.661     0.320     2.554     0.806
0140320053_01   40.856112  -75.180698   173.073       0.498    -3.884     1.204    -3.723
0140320054_01   40.804332  -75.086663    81.998      -0.404    -1.883    -0.050    -1.924
0140320055_01   40.510479  -75.296268   109.912      -0.631    -3.876     0.095    -3.923
0140320056_01   40.300870  -74.252215    29.689      -4.461    -4.305    -3.588    -5.052
0140320057_01   40.030276  -75.260073    68.982      -0.492    -1.296    -0.244    -1.364
0140320058_01   40.484142  -74.509639     4.000      -4.182     0.438    -4.188    -0.341
0140320059_01   40.902666  -75.128109   122.481       0.857    -1.572     1.131    -1.386
0140320060_01   39.992566  -76.019682   103.143      -5.771     3.351    -6.287     2.227
0140320061_01   40.520817  -74.633328    -8.987       0.598     2.075     0.205     2.149
0140320062_01   40.610151  -74.463327    -6.471      -3.544    -5.562    -2.457    -6.117
0140320063_01   40.947799  -74.549354   220.724      -1.092    -2.171    -0.673    -2.332
0140320064_01   40.056895  -74.111730   -31.615       1.066     2.561     0.574     2.713
0140320065_01   40.950594  -73.704930   -13.516       0.111    -2.595     0.585    -2.529
0140320066_01   40.403094  -75.212714   103.118      -3.006    -0.544    -2.852    -1.088
0140320067_01   40.389696  -75.284427   135.939      -0.204    -1.795     0.131    -1.800
0140320068_01   40.547533  -74.424500    -1.385       1.398    -0.387     1.444    -0.123
0140320069_01   40.818104  -73.935885   -28.955       0.165     1.124    -0.045     1.135
0140320070_01   39.663913  -75.771067    -4.805       4.567     3.076     3.918     3.865
0140320071_01   39.781890  -75.708972    46.435       1.892     0.113     1.838     0.460
0140320072_01   40.881202  -74.675855   306.319      -3.269    -2.405    -2.768    -2.963
0140320073_01   40.653594  -75.423230    85.425       3.344    -0.288     3.338     0.332
0140320074_01   40.253826  -75.004116    25.831      -0.077     3.559    -0.732     3.482
0140320075_01   40.865901  -74.198549    87.717      -2.895    -0.586    -2.737    -1.109
0140320076_01   39.749436  -76.094175    63.500      -0.053     3.731    -0.742     3.655
0140320077_01   40.042458  -75.355071    79.994       0.344    -2.247     0.753    -2.144
0140320078_01   40.647365  -74.003179    17.815       1.534    -1.528     1.787    -1.219
0140320079_01   39.841734  -76.051108   105.121       1.208     0.694     1.059     0.905
0140320080_01   39.698992  -75.856837    71.774      -0.989     0.536    -1.070     0.343
0140320081_01   40.156785  -76.001704   144.577      -4.164     4.067    -4.840     3.227
0140320082_01   39.981445  -74.784500   -17.666       2.547     1.827     2.164     2.265
0140320083_01   40.135578  -74.189587   -12.000      -4.385     2.828    -4.829     1.967
0140320084_01   39.960343  -75.699571   106.569       0.181    -2.614     0.661    -2.534
0140320085_01   40.578708  -74.252320   -21.684       5.199    -0.291     5.160     0.673
0140320086_01   40.312531  -75.487469    80.078      -3.278    -0.103    -3.200    -0.705
0140320087_01   40.004607  -75.503549   109.849      -2.106    -2.008    -1.697    -2.360
0140320089_01   40.670550  -75.265739    79.887       1.897    -1.241     2.092    -0.870
0140320090_01   40.639498  -73.881963   -30.612      -0.795     0.637    -0.899     0.479
0140320091_01   40.381208  -75.480896    71.216      -0.630    -0.133    -0.594    -0.246
0140320092_01   41.113810  -75.555881   487.482      -0.376     2.735    -0.871     2.616
0140320093_01   40.322671  -75.132656    75.205       0.613    -0.232     0.645    -0.115
0140320094_01   40.832035  -73.866282   -22.096      -2.276     0.090    -2.253    -0.331
0140320095_01   40.717101  -73.805011     1.958      -2.383    -2.688    -1.846    -3.081
0140320096_01   40.254028  -75.279625    70.075       2.989     0.631     2.819     1.171
0140320097_01   40.773997  -74.158062   -24.319       3.984    -1.634     4.214    -0.871
0140320099_01   40.474566  -74.717103   133.476      -4.944    -0.776    -4.713    -1.673
0140320101_01   40.212760  -74.758033   -21.440       2.389     0.745     2.209     1.173
0140320102_01   40.428235  -74.518888     1.000      -0.570     1.468    -0.830     1.337
0140320103_01   39.824322  -76.120952    98.715       0.910    -3.299     1.504    -3.072
0140320104_01   40.791652  -74.952587   127.661      -3.856    -4.111    -3.031    -4.748
0140320105_01   40.254409  -74.299644    18.888       3.208    -1.231     3.378    -0.617
0140320106_01   40.704794  -74.193381   -29.595       3.121    -0.135     3.090     0.443
0140320107_01   40.479406  -74.321379   -24.555       4.803     3.253     4.119     4.082
0140320108_01   40.735811  -75.691287   173.733      -1.433     3.362    -2.026     3.038
0140320109_01   40.817986  -73.839486   -29.568       2.077    -1.288     2.277    -0.883
0140320110_01   40.900594  -74.572825   165.435       1.258    -1.092     1.436    -0.842
0140320111_01   39.952023  -75.592018    88.933       5.655     2.227     5.143     3.231
0140320112_01   40.528496  -75.214881   150.581      -0.059    -0.990     0.125    -0.983
0140320113_01   40.725801  -73.733809    -6.983      -1.486     5.781    -2.524     5.405
0140320114_01   40.280053  -74.032592   -16.000      -4.658    -0.479    -4.488    -1.331
0140320115_01   40.269180  -74.890854    37.984      -0.719    -0.399    -0.632    -0.525
0140320116_01   39.760487  -75.110907   -16.325      -0.773    -1.138    -0.549    -1.261
0140320117_01   40.327078  -74.134683    -9.000      -1.872    -3.197    -1.249    -3.486
0140320118_01   40.347979  -74.799234    29.081       0.866     3.778     0.154     3.871
0140320119_01   40.286497  -75.264935    68.530      -0.677     3.215    -1.258     3.033
0140320120_01   40.412426  -75.110909   123.086      -3.213    -2.216    -2.747    -2.768
0140320121_01   40.057739  -75.809959   162.289      -2.106     3.172    -2.654     2.727
0140320122_01   39.775908  -75.568087    48.602       3.483     0.870     3.260     1.498
0140320124_01   40.260965  -74.044859   -15.000      -0.175    -3.070     0.394    -3.048
0140320125_01   40.090599  -74.761985   -19.718      -3.637     1.953    -3.934     1.247
0140320126_01   40.782797  -74.039200   -29.000       4.531     4.492     3.625     5.248
0140320127_01   40.842410  -73.934073    29.268       0.341    -6.664     1.560    -6.484
0140320128_01   41.019962  -74.551360   261.667       2.481     2.869     1.909     3.273
0140320129_01   39.928058  -74.123579   -31.000       3.434     0.066     3.360     0.700
0140320131_01   40.207776  -74.019167   -27.000       3.666    -4.246     4.383    -3.494
0140320133_01   40.139070  -74.810416   -32.000       5.887    -1.260     6.015    -0.151
0140320134_01   40.384341  -75.082235   121.076      -2.956     1.767    -3.229     1.191
0140320135_01   40.858007  -74.604423   243.915       2.325     3.111     1.711     3.483
0140320136_01   41.142711  -75.030982   319.000       1.287     0.125     1.241     0.359
0140320137_01   40.194471  -76.049486   119.148      -3.280     0.825    -3.374     0.206
0140320138_01   40.676477  -74.284596    -0.594      -1.563    -2.113    -1.146    -2.364
0140320139_01   40.089761  -74.988621    -2.654       3.661     0.601     3.485     1.266
0140320140_01   40.218996  -74.102918    -5.409      -2.792    -3.402    -2.115    -3.858
0140320141_01   39.930005  -75.056409   -28.000       2.415    -0.554     2.475    -0.098
0140320142_01   40.223492  -74.722734   -19.000      -1.709    -0.306    -1.622    -0.616
0140320143_01   40.328658  -75.939968    33.652       3.195     1.444     2.872     2.007
0140320144_01   40.224945  -74.138805     3.529      -2.457    -0.305    -2.358    -0.754
0140320145_01   40.639411  -74.236033   -26.267       2.345     0.553     2.202     0.975
0140320146_01   40.353276  -75.937130    61.609       1.515     1.644     1.185     1.894
0140320147_01   39.849263  -75.697741    77.010       1.550     2.901     0.986     3.135
0140320148_01   40.989163  -73.964881   -13.162      -0.090    -3.660     0.584    -3.612
0140320149_01   40.035091  -75.801955   141.802      -3.351    -0.657    -3.169    -1.264
0140320150_01   40.151009  -74.155238   -19.789      -2.112     0.065    -2.087    -0.327
0140320151_01   40.694316  -73.905547   -11.117       3.209     1.668     2.845     2.230
0140320152_01   39.752212  -75.225056    -5.000      -2.105     0.148    -2.095    -0.244
0140320153_01   39.946933  -75.983185   107.179      -3.068    -3.186    -2.424    -3.696
0140320154_01   40.061203  -74.145443   -28.296       0.360     1.363     0.102     1.406
0140320155_01   40.679373  -74.016902   -31.000       2.993    -2.208     3.347    -1.617
0140320156_01   40.545954  -74.556664   -14.713       3.652    -0.425     3.666     0.256
0140320157_01   40.485070  -75.844453   102.717       1.321    -6.201     2.442    -5.848
0140320158_01   40.054038  -74.897177   -24.000       2.814     0.509     2.670     1.019
0140320159_01   40.130289  -74.562193     8.223      -6.095     1.010    -6.173    -0.134
0140320160_01   40.863265  -73.999593   -30.000       3.698     1.031     3.443     1.695
0140320161_01   40.751314  -74.373350    23.838      -5.149     5.333    -6.039     4.290
0140320162_01   40.038203  -75.217202    58.313       1.764     1.249     1.502     1.553
0140320163_01   40.245369  -75.378350    34.762      -1.852     1.292    -2.058     0.927
0140320164_01   40.756094  -73.687744     6.704      -0.441     2.622    -0.916     2.495
0140320165_01   39.752684  -76.149555    83.637      -2.642    -3.841    -1.883    -4.261
0140320166_01   40.180768  -75.454458    11.792       0.907     1.749     0.568     1.886
0140320167_01   40.047982  -74.685815   -13.844      -6.104     0.493    -6.087    -0.644
0140320168_01   40.725186  -75.556897   100.790       1.736     2.018     1.334     2.302
0140320169_01   40.482150  -74.627521    -6.990       0.816     0.460     0.716     0.602
0140320170_01   40.510584  -74.969075   128.033      -1.079    -5.569    -0.034    -5.668
0140320171_01   40.738841  -73.956691   -29.439       3.273    -1.939     3.571    -1.302
0140320172_01   41.040536  -74.560500   350.538       0.373     5.086    -0.568     5.063
0140320173_01   40.275648  -75.127271    32.041       2.262     3.187     1.634     3.547
0140320174_01   40.536326  -74.667604    -2.483      -2.755     0.014    -2.709    -0.494
0140320175_01   40.136247  -74.966428    18.302       0.771     0.057     0.747     0.199
0140320176_01   39.781216  -75.811963    87.145      -0.297    -0.742    -0.154    -0.784
0140320177_01   39.783708  -76.155677   106.376      -3.153    -0.458    -3.012    -1.032
0140320178_01   40.324814  -76.011246    78.057       3.469    -0.739     3.544    -0.087
0140320179_01   40.809197  -75.617710   157.267       2.477    -2.069     2.814    -1.577
0140320180_01   39.911319  -76.037781   182.398      -3.647    -2.732    -3.076    -3.356
0140320182_01   40.615281  -73.760014   -30.019       3.577    -2.462     3.966    -1.758
0140320183_01   39.935350  -75.131554   -31.000       5.553    -1.096     5.658    -0.051
0140320184_01   40.303536  -74.639447    -4.498      -4.080    -3.249    -3.409    -3.944
0140320185_01   40.051410  -74.655903     3.968      -5.190     2.071    -5.480     1.076
0140320186_01   40.409024  -74.513721    -3.080       0.084     0.146     0.056     0.159
0140320187_01   40.780757  -74.370584    21.494      -2.906    -0.966    -2.677    -1.484
0140320188_01   40.470472  -75.389520   144.556      -0.657    -2.360    -0.210    -2.439
0140320189_01   39.950619  -74.778275   -19.052      -3.418     1.134    -3.567     0.482
0140320190_01   41.070605  -75.782626   392.013       1.136     5.341     0.134     5.452
0140320191_01   40.620949  -75.478000    48.317       4.335    -1.041     4.451    -0.224
0140320192_01   40.289450  -74.126693   -15.000      -1.465    -1.932    -1.083    -2.168
0140320193_01   40.086216  -74.913316   -28.990       4.829     0.126     4.720     1.015
0140320194_01   40.077526  -75.130068    25.598      -0.503     0.167    -0.525     0.072
0140320195_01   40.067056  -74.978071   -21.573      -0.127     0.535    -0.224     0.502
0140320196_01   40.804703  -75.648610   192.210       3.400     0.421     3.262     1.039
0140320197_01   39.942830  -74.184843   -32.886       0.534     2.968    -0.024     3.014
0140320198_01   40.472393  -74.857966    14.866      -2.786    -1.081    -2.537    -1.575
0140320199_01   40.504123  -75.494873   146.230      -2.609    -3.007    -2.008    -3.433
0140320200_01   40.637419  -74.074636   -28.778       0.757    -0.009     0.745     0.130
0140320201_01   40.297003  -74.374743    -3.412       0.517     1.166     0.293     1.240
0140320202_01   39.968397  -75.560543    98.338      -2.431    -0.000    -2.387    -0.449
0140320203_01   40.148954  -75.013971    35.787       3.905     0.790     3.690     1.497
0140320205_01   40.149740  -74.333476     0.859      -3.025     3.775    -3.668     3.150
0140320206_01   39.565970  -74.775314   -17.062       4.685    -2.046     4.980    -1.143
0140320207_01   40.200172  -75.468687    49.100       3.935     1.426     3.602     2.127
0140320208_01   40.909406  -74.123574   -10.782      -0.117     0.152    -0.143     0.128
0140320209_01   40.522565  -74.520339    -8.094      -1.114    -2.638    -0.608    -2.797
0140320210_01   40.209449  -75.569575     8.166       4.865     0.947     4.605     1.827
0140320211_01   39.936623  -74.811678   -24.896      -5.629     2.274    -5.949     1.193
0140320212_01   39.798738  -74.181290   -31.000      -1.505     0.363    -1.546     0.078
0140320213_01   40.594835  -74.280858   -25.276       2.192     0.305     2.096     0.704
0140320214_01   39.538679  -74.258016   -31.000       1.959    -2.398     2.367    -1.992
0140320215_01   40.043780  -75.086747    -2.464       5.519    -2.489     5.881    -1.426
0140320216_01   40.217498  -75.296750    75.995       1.168    -1.098     1.350    -0.863
0140320217_01   40.197160  -75.202200    54.415      -0.158     1.452    -0.423     1.398
0140320218_01   40.093001  -75.033668    13.399       4.042     0.900     3.804     1.630
0140320219_01   39.796021  -75.740303    91.852       1.961     0.016     1.924     0.378
0140320220_01   39.770279  -75.499035    28.196      -0.160     0.186    -0.192     0.153
0140320221_01   39.679485  -75.932856    70.882      -3.654    -0.624    -3.473    -1.288
0140320222_01   41.025517  -74.264774    82.617      -2.968     3.719    -3.599     3.107
0140320223_01   40.286308  -75.488693    60.200       1.554     3.133     0.949     3.364
0140320224_01   40.350552  -75.265186   100.892      -2.676    -0.150    -2.601    -0.641
0140320225_01   39.975758  -74.582504    -7.995       0.320     1.311     0.072     1.346
0140320226_01   40.196717  -74.864888    24.075       3.961     0.776     3.747     1.493
0140320227_01   39.831415  -75.548209    80.896       3.077     0.053     3.012     0.620
0140320228_01   40.094673  -74.661316    -8.178      -3.535     3.292    -4.080     2.580
0140320229_01   40.738885  -74.160992   -25.810       2.543     2.280     2.078     2.709
0140320230_01   40.391268  -75.769757    82.405      -3.710    -4.251    -2.859    -4.859
0140320231_01   39.746889  -74.531364   -16.000      -0.257     1.128    -0.461     1.060
0140320232_01   40.782947  -74.125950    -4.197       1.130     3.280     0.506     3.430
0140320233_01   40.714229  -74.229495    16.515       2.753    -0.788     2.849    -0.266
0140320234_01   39.645427  -74.507924   -28.248      -0.653    -0.265    -0.593    -0.381
0140320235_01   40.406302  -75.700632   117.102      -4.557    -1.222    -4.250    -2.040
0140320236_01   39.670713  -74.157270   -31.040      -3.148    -2.939    -2.549    -3.470
0140320237_01   40.336631  -74.594416    -9.970       0.558    -0.284     0.600    -0.176
0140320238_01   39.605302  -74.863598   -10.390       3.129    -1.339     3.320    -0.737
0140320239_01   39.997234  -75.947357   189.926      -1.951     0.727    -2.050     0.354
0140320240_01   40.338783  -74.183275    -7.460      -2.986     1.099    -3.136     0.528
0140320241_01   39.790937  -75.921746   117.178       1.784     4.264     0.964     4.518
0140320242_01   40.088858  -75.764932   125.467      -2.833    -1.562    -2.493    -2.057
0140320243_01   39.730341  -74.260167   -16.282      -5.470     2.058    -5.754     1.009
0140320244_01   40.357070  -74.976918     8.311      -1.608    -1.264    -1.346    -1.538
0140320245_01   40.306679  -75.391401    69.328      -5.101     2.448    -5.461     1.464
0140320246_01   39.646675  -75.375066   -19.949       1.063    -0.496     1.136    -0.290
0140320247_01   40.664464  -73.950398    -8.931      -1.213    -0.912    -1.024    -1.120
0140320248_01   40.649103  -75.769519   147.981      -1.984    -4.310    -1.154    -4.598
0140320249_01   40.139349  -75.986305    96.092      -0.687     1.546    -0.960     1.392
0140320250_01   41.041520  -74.118968    52.280       0.395     1.090     0.187     1.143
