==============================================================================
==============================================================================
 Sep. 24 2016                  LANDSAT 5                       Time: 18:02
                            Image Assessment System
                            GEOMETRIC VERIFY Report
==============================================================================
Order ID: 0501609242737_03104                          Path / Row - 13 / 32
Reference Image: L51XXX1096243140100_HDF.L1G

Color mapping per rank
----------------------
Rank  1 is Green: total residual <= 0.5
Rank  2 is Cyan: 0.5 < total residual <=  1
Rank  3 is Blue:  1 < total residual <=  2
Rank  4 is Yellow:  2 < total residual <=  3
Rank  5 is Red:  3 < total residual

Percentage of residuals by rank
-------------------------------
Rank   1 -- 100.0%
Rank   2 --  0.0%
Rank   3 --  0.0%
Rank   4 --  0.0%
Rank   5 --  0.0%

       GCP    Latitude    Longitude  Sample   Line     Total    Rank
        ID                           Residual Residual Residual
              (Degree)    (Degree)   (Pixel)  (Pixel)  (Pixel)
----------------------------------------------------------------------
0130320015   41.25132    -74.03058     0.20     -0.01     0.20     1 
0130320016   41.25101    -73.99370     0.19      0.09     0.21     1 
0130320091   41.22561    -73.99409     0.16      0.06     0.17     1 
0130320092   41.22528    -73.95723     0.12     -0.08     0.14     1 
0130320093   41.22494    -73.92037    -0.17      0.17     0.24     1 
0130320094   41.22459    -73.88351     0.17     -0.07     0.18     1 
0130320095   41.22423    -73.84665    -0.04      0.02     0.04     1 
0130320096   41.22385    -73.80979     0.07     -0.03     0.07     1 
0130320097   41.22346    -73.77293     0.16     -0.05     0.16     1 
0130320165   41.20053    -74.03133     0.22      0.20     0.30     1 
0130320166   41.20021    -73.99448     0.15      0.12     0.19     1 
0130320167   41.19988    -73.95763     0.07     -0.04     0.08     1 
0130320169   41.19919    -73.88394    -0.06      0.09     0.11     1 
0130320170   41.19883    -73.84709     0.09      0.02     0.09     1 
0130320171   41.19845    -73.81025     0.22     -0.05     0.22     1 
0130320172   41.19807    -73.77341     0.13      0.02     0.13     1 
0130320173   41.19767    -73.73656     0.06      0.01     0.06     1 
0130320174   41.19726    -73.69972     0.14      0.03     0.14     1 
0130320175   41.19684    -73.66288     0.20     -0.03     0.20     1 
0130320176   41.19640    -73.62604     0.06     -0.01     0.06     1 
0130320177   41.19596    -73.58920     0.11     -0.02     0.11     1 
0130320241   41.17481    -73.99487     0.30      0.08     0.31     1 
0130320242   41.17448    -73.95803     0.04      0.15     0.16     1 
0130320244   41.17379    -73.88437    -0.29      0.13     0.32     1 
0130320245   41.17343    -73.84754     0.22      0.04     0.22     1 
0130320246   41.17306    -73.81071     0.11      0.04     0.12     1 
0130320247   41.17267    -73.77388     0.09      0.10     0.14     1 
0130320248   41.17227    -73.73705     0.19      0.03     0.19     1 
0130320249   41.17186    -73.70022     0.18      0.04     0.18     1 
0130320250   41.17144    -73.66340     0.11     -0.01     0.12     1 
0130320251   41.17101    -73.62657     0.13     -0.02     0.13     1 
0130320252   41.17056    -73.58974     0.04     -0.01     0.04     1 
0130320253   41.17011    -73.55292    -0.10      0.03     0.11     1 
0130320254   41.16964    -73.51610     0.18     -0.04     0.18     1 
0130320256   41.16866    -73.44245     0.12     -0.04     0.12     1 
0130320257   41.16816    -73.40563     0.14      0.04     0.14     1 
0130320314   41.15003    -74.06889     0.24      0.14     0.28     1 
0130320316   41.14941    -73.99526     0.08      0.08     0.11     1 
0130320317   41.14909    -73.95844     0.11      0.05     0.12     1 
0130320318   41.14875    -73.92162     0.07      0.07     0.10     1 
0130320320   41.14803    -73.84798     0.21     -0.00     0.21     1 
0130320321   41.14766    -73.81117     0.14      0.01     0.14     1 
0130320322   41.14727    -73.77435     0.09      0.04     0.10     1 
0130320323   41.14688    -73.73754     0.08      0.07     0.11     1 
0130320324   41.14647    -73.70073     0.13      0.10     0.17     1 
0130320325   41.14605    -73.66391     0.04      0.11     0.12     1 
0130320326   41.14561    -73.62710     0.15      0.05     0.16     1 
0130320327   41.14517    -73.59029     0.08      0.07     0.11     1 
0130320328   41.14471    -73.55348     0.06      0.06     0.09     1 
0130320329   41.14424    -73.51667     0.15      0.01     0.15     1 
0130320330   41.14376    -73.47986     0.11     -0.03     0.12     1 
0130320331   41.14327    -73.44305     0.11      0.02     0.11     1 
0130320332   41.14277    -73.40624     0.14     -0.02     0.14     1 
0130320333   41.14225    -73.36944     0.04     -0.04     0.06     1 
0130320334   41.14173    -73.33263     0.14     -0.03     0.14     1 
0130320336   41.14064    -73.25903     0.01     -0.04     0.04     1 
0130320389   41.12463    -74.06925     0.23      0.04     0.23     1 
0130320390   41.12433    -74.03245     0.10      0.09     0.13     1 
0130320391   41.12401    -73.99564     0.25      0.07     0.26     1 
0130320393   41.12335    -73.92203     0.18      0.04     0.19     1 
0130320395   41.12264    -73.84843     0.23     -0.00     0.23     1 
0130320396   41.12226    -73.81163     0.23      0.00     0.23     1 
0130320397   41.12188    -73.77483     0.24     -0.01     0.24     1 
0130320398   41.12148    -73.73803    -0.02      0.10     0.10     1 
0130320399   41.12107    -73.70123     0.11      0.04     0.12     1 
0130320400   41.12065    -73.66443     0.13      0.01     0.13     1 
0130320401   41.12022    -73.62763     0.13     -0.01     0.13     1 
0130320403   41.11932    -73.55404     0.02      0.08     0.08     1 
0130320404   41.11885    -73.51724     0.11     -0.00     0.11     1 
0130320406   41.11788    -73.44365     0.15      0.04     0.16     1 
0130320407   41.11738    -73.40686     0.04      0.05     0.07     1 
0130320408   41.11686    -73.37007     0.03     -0.05     0.06     1 
0130320464   41.09923    -74.06961     0.14      0.06     0.15     1 
0130320465   41.09893    -74.03282     0.09      0.02     0.09     1 
0130320466   41.09862    -73.99603     0.05      0.04     0.06     1 
0130320468   41.09795    -73.92245     0.05     -0.06     0.08     1 
0130320470   41.09724    -73.84887     0.30     -0.00     0.30     1 
0130320471   41.09687    -73.81209     0.15     -0.04     0.15     1 
0130320472   41.09648    -73.77530     0.09     -0.00     0.09     1 
0130320473   41.09608    -73.73851    -0.13      0.04     0.14     1 
0130320474   41.09567    -73.70173     0.16      0.03     0.16     1 
0130320475   41.09525    -73.66494     0.12     -0.03     0.12     1 
0130320476   41.09482    -73.62816     0.06     -0.03     0.06     1 
0130320478   41.09392    -73.55459     0.15     -0.02     0.16     1 
0130320479   41.09345    -73.51781     0.10      0.06     0.12     1 
0130320481   41.09249    -73.44425     0.09     -0.04     0.09     1 
0130320482   41.09198    -73.40747    -0.18     -0.03     0.19     1 
0130320539   41.07383    -74.06997     0.25      0.06     0.25     1 
0130320540   41.07353    -74.03319     0.22      0.05     0.22     1 
0130320541   41.07322    -73.99642     0.27      0.07     0.28     1 
0130320542   41.07289    -73.95964     0.13      0.08     0.15     1 
0130320545   41.07184    -73.84932     0.05      0.03     0.06     1 
0130320546   41.07147    -73.81254     0.04     -0.09     0.10     1 
0130320547   41.07108    -73.77577     0.04      0.04     0.06     1 
0130320548   41.07069    -73.73900    -0.08      0.08     0.11     1 
0130320549   41.07028    -73.70223     0.06     -0.01     0.06     1 
0130320550   41.06986    -73.66546     0.19     -0.05     0.20     1 
0130320551   41.06943    -73.62869     0.12     -0.01     0.12     1 
0130320553   41.06853    -73.55515     0.05      0.05     0.07     1 
0130320556   41.06709    -73.44485    -0.11     -0.07     0.13     1 
0130320557   41.06659    -73.40808    -0.31     -0.16     0.35     1 
0130320558   41.06608    -73.37132     0.00     -0.19     0.19     1 
0130320613   41.04872    -74.10709     0.06      0.14     0.16     1 
0130320614   41.04843    -74.07033     0.14      0.08     0.16     1 
0130320615   41.04813    -74.03356     0.20      0.03     0.20     1 
0130320616   41.04782    -73.99680     0.12      0.01     0.12     1 
0130320617   41.04749    -73.96004     0.10      0.05     0.11     1 
0130320619   41.04680    -73.88652    -0.24     -0.26     0.35     1 
0130320620   41.04644    -73.84976     0.19      0.03     0.20     1 
0130320621   41.04607    -73.81300     0.08      0.08     0.11     1 
0130320622   41.04569    -73.77624     0.13      0.01     0.13     1 
0130320623   41.04529    -73.73948     0.16     -0.03     0.16     1 
0130320624   41.04488    -73.70273     0.10     -0.05     0.11     1 
0130320625   41.04446    -73.66597     0.06     -0.00     0.06     1 
0130320626   41.04403    -73.62921     0.13     -0.01     0.14     1 
0130320628   41.04313    -73.55571    -0.02     -0.06     0.07     1 
0130320657   41.02485    -72.49030    -0.01     -0.03     0.03     1 
0130320658   41.02404    -72.45358    -0.13     -0.09     0.16     1 
0130320660   41.02240    -72.38014    -0.00     -0.00     0.00     1 
0130320688   41.02332    -74.10743     0.25      0.17     0.30     1 
0130320689   41.02303    -74.07069     0.18      0.11     0.21     1 
0130320690   41.02273    -74.03394     0.05      0.09     0.10     1 
0130320691   41.02242    -73.99719     0.08      0.09     0.12     1 
0130320692   41.02209    -73.96044     0.21      0.04     0.21     1 
0130320693   41.02175    -73.92369     0.18     -0.02     0.18     1 
0130320695   41.02105    -73.85020     0.19     -0.06     0.20     1 
0130320696   41.02067    -73.81346     0.12      0.00     0.12     1 
0130320697   41.02029    -73.77671     0.05      0.03     0.06     1 
0130320698   41.01989    -73.73997     0.13      0.01     0.13     1 
0130320699   41.01949    -73.70322     0.10      0.00     0.10     1 
0130320700   41.01907    -73.66648     0.11      0.01     0.11     1 
0130320701   41.01864    -73.62974    -0.08     -0.02     0.09     1 
0130320702   41.01819    -73.59300    -0.24     -0.10     0.26     1 
0130320703   41.01774    -73.55626    -0.02     -0.16     0.16     1 
0130320730   41.00105    -72.56467     0.04      0.05     0.07     1 
0130320731   41.00026    -72.52797     0.05     -0.14     0.15     1 
0130320732   40.99947    -72.49126    -0.07      0.07     0.10     1 
0130320735   40.99702    -72.38115    -0.09     -0.04     0.10     1 
0130320736   40.99618    -72.34445    -0.16     -0.06     0.17     1 
0130320737   40.99533    -72.30775    -0.19     -0.06     0.19     1 
0130320738   40.99446    -72.27105     0.16     -0.06     0.17     1 
0130320741   40.99180    -72.16097     0.08     -0.13     0.15     1 
0130320763   40.99793    -74.10778     0.09      0.13     0.16     1 
0130320764   40.99763    -74.07104     0.23      0.07     0.23     1 
0130320765   40.99733    -74.03431     0.10      0.11     0.15     1 
0130320766   40.99702    -73.99757     0.19      0.03     0.19     1 
0130320767   40.99669    -73.96084     0.15      0.03     0.15     1 
0130320768   40.99636    -73.92411     0.17      0.08     0.19     1 
0130320770   40.99565    -73.85064     0.14      0.06     0.16     1 
0130320771   40.99527    -73.81391     0.08      0.02     0.09     1 
0130320772   40.99489    -73.77718     0.17     -0.04     0.18     1 
0130320773   40.99450    -73.74045     0.10     -0.09     0.14     1 
0130320774   40.99409    -73.70372     0.12     -0.01     0.12     1 
0130320775   40.99367    -73.66699    -0.17     -0.04     0.17     1 
0130320776   40.99324    -73.63027    -0.24     -0.01     0.24     1 
0130320802   40.97794    -72.67570     0.13     -0.06     0.15     1 
0130320805   40.97567    -72.56561    -0.02      0.10     0.11     1 
0130320806   40.97489    -72.52892    -0.20     -0.03     0.20     1 
0130320808   40.97329    -72.45553     0.05      0.10     0.11     1 
0130320810   40.97164    -72.38215    -0.05      0.00     0.05     1 
0130320811   40.97080    -72.34547     0.33     -0.13     0.35     1 
0130320812   40.96995    -72.30878     0.07     -0.11     0.14     1 
0130320813   40.96909    -72.27210     0.04     -0.06     0.07     1 
0130320814   40.96822    -72.23542    -0.10      0.03     0.11     1 
0130320815   40.96733    -72.19874    -0.02     -0.02     0.03     1 
0130320816   40.96643    -72.16206    -0.15     -0.11     0.18     1 
0130320838   40.97252    -74.10812     0.18      0.07     0.19     1 
0130320839   40.97223    -74.07140     0.09      0.02     0.10     1 
0130320840   40.97193    -74.03468     0.16      0.01     0.16     1 
0130320841   40.97162    -73.99796    -0.09      0.09     0.13     1 
0130320842   40.97129    -73.96124     0.11      0.08     0.14     1 
0130320843   40.97096    -73.92452     0.16     -0.01     0.16     1 
0130320845   40.97025    -73.85108     0.12      0.06     0.14     1 
0130320846   40.96988    -73.81437     0.16      0.09     0.18     1 
0130320847   40.96949    -73.77765     0.10      0.01     0.10     1 
0130320848   40.96910    -73.74093     0.05      0.06     0.07     1 
0130320849   40.96869    -73.70422     0.07      0.02     0.08     1 
0130320850   40.96827    -73.66751    -0.30     -0.17     0.34     1 
0130320865   40.96059    -73.11690    -0.06     -0.10     0.11     1 
0130320866   40.95999    -73.08020    -0.19      0.10     0.21     1 
0130320867   40.95937    -73.04350     0.01     -0.13     0.13     1 
0130320868   40.95874    -73.00681     0.20     -0.16     0.25     1 
0130320869   40.95810    -72.97011     0.13     -0.08     0.15     1 
0130320870   40.95745    -72.93342     0.20     -0.02     0.20     1 
0130320871   40.95678    -72.89672     0.19     -0.12     0.23     1 
0130320872   40.95611    -72.86003     0.01     -0.07     0.07     1 
0130320873   40.95542    -72.82334     0.19      0.07     0.20     1 
0130320874   40.95472    -72.78665     0.17     -0.09     0.19     1 
0130320875   40.95401    -72.74996     0.04      0.02     0.04     1 
0130320877   40.95256    -72.67659     0.14     -0.08     0.16     1 
0130320878   40.95181    -72.63991     0.10     -0.14     0.17     1 
0130320879   40.95105    -72.60322     0.01      0.02     0.02     1 
0130320880   40.95029    -72.56654     0.01     -0.16     0.16     1 
0130320884   40.94709    -72.41983    -0.14      0.04     0.14     1 
0130320885   40.94627    -72.38316    -0.01      0.07     0.07     1 
0130320886   40.94543    -72.34649    -0.04     -0.11     0.11     1 
0130320887   40.94458    -72.30982    -0.04      0.07     0.08     1 
0130320888   40.94372    -72.27315    -0.05     -0.02     0.06     1 
0130320889   40.94284    -72.23648    -0.18      0.09     0.20     1 
0130320913   40.94712    -74.10846     0.09      0.21     0.23     1 
0130320914   40.94684    -74.07175     0.07      0.15     0.16     1 
0130320915   40.94653    -74.03505     0.17      0.08     0.19     1 
0130320916   40.94622    -73.99834     0.11      0.08     0.13     1 
0130320917   40.94590    -73.96164     0.13      0.06     0.15     1 
0130320918   40.94556    -73.92493     0.13     -0.06     0.14     1 
0130320919   40.94521    -73.88823     0.04     -0.00     0.04     1 
0130320920   40.94485    -73.85152     0.08      0.02     0.09     1 
0130320921   40.94448    -73.81482     0.10     -0.02     0.10     1 
0130320922   40.94410    -73.77812     0.13      0.01     0.13     1 
0130320923   40.94370    -73.74142    -0.06     -0.05     0.07     1 
0130320924   40.94329    -73.70472    -0.25     -0.08     0.26     1 
0130320930   40.94061    -73.48453     0.07      0.07     0.10     1 
0130320931   40.94012    -73.44783     0.32     -0.04     0.32     1 
0130320933   40.93911    -73.37444     0.04     -0.24     0.25     1 
0130320939   40.93580    -73.15431     0.17      0.15     0.23     1 
0130320940   40.93520    -73.11762     0.20     -0.09     0.22     1 
0130320941   40.93460    -73.08094     0.14     -0.07     0.16     1 
0130320942   40.93398    -73.04425     0.10     -0.08     0.13     1 
0130320943   40.93335    -73.00757     0.19     -0.10     0.22     1 
0130320945   40.93206    -72.93421     0.10     -0.11     0.15     1 
0130320946   40.93140    -72.89753     0.27     -0.07     0.28     1 
0130320947   40.93072    -72.86085     0.07     -0.02     0.08     1 
0130320948   40.93004    -72.82417     0.22     -0.09     0.24     1 
0130320949   40.92934    -72.78750     0.08     -0.08     0.11     1 
0130320950   40.92863    -72.75082    -0.09      0.14     0.17     1 
0130320951   40.92791    -72.71415    -0.07     -0.08     0.11     1 
0130320952   40.92717    -72.67748    -0.03      0.03     0.04     1 
0130320953   40.92643    -72.64081    -0.06     -0.06     0.09     1 
0130320954   40.92567    -72.60414    -0.19      0.12     0.23     1 
0130320958   40.92253    -72.45748    -0.21     -0.01     0.21     1 
0130320959   40.92172    -72.42082    -0.12     -0.01     0.12     1 
0130320960   40.92089    -72.38416     0.16      0.02     0.16     1 
0130320961   40.92005    -72.34750    -0.07     -0.04     0.08     1 
0130320962   40.91920    -72.31085    -0.12      0.02     0.13     1 
0130320987   40.92200    -74.14550    -0.15      0.04     0.16     1 
0130320988   40.92172    -74.10880     0.07      0.02     0.07     1 
0130320989   40.92143    -74.07211     0.13      0.12     0.17     1 
0130320990   40.92113    -74.03542     0.03      0.01     0.03     1 
0130320991   40.92082    -73.99873     0.10      0.01     0.10     1 
0130320992   40.92050    -73.96203     0.05      0.12     0.13     1 
0130320994   40.91981    -73.88865     0.07      0.04     0.08     1 
0130320995   40.91945    -73.85196     0.03      0.03     0.05     1 
0130320996   40.91908    -73.81527     0.05      0.02     0.05     1 
0130320997   40.91870    -73.77859     0.01      0.05     0.05     1 
0130320998   40.91830    -73.74190    -0.31     -0.16     0.35     1 
0130321002   40.91661    -73.59516    -0.01      0.35     0.35     1 
0130321004   40.91569    -73.52179    -0.07     -0.17     0.19     1 
0130321006   40.91473    -73.44843    -0.03     -0.25     0.25     1 
0130321007   40.91423    -73.41175    -0.32      0.04     0.33     1 
0130321008   40.91372    -73.37507     0.32     -0.01     0.32     1 
0130321009   40.91320    -73.33839     0.19      0.04     0.19     1 
0130321010   40.91266    -73.30171     0.13     -0.04     0.14     1 
0130321011   40.91212    -73.26504     0.24      0.05     0.24     1 
0130321012   40.91156    -73.22836     0.03     -0.15     0.15     1 
0130321013   40.91099    -73.19169     0.15     -0.14     0.21     1 
0130321014   40.91041    -73.15501     0.04     -0.10     0.11     1 
0130321015   40.90981    -73.11834     0.09     -0.08     0.12     1 
0130321016   40.90921    -73.08167     0.11     -0.03     0.12     1 
0130321017   40.90859    -73.04500     0.13     -0.05     0.13     1 
0130321018   40.90796    -73.00833     0.15     -0.01     0.15     1 
0130321019   40.90733    -72.97166     0.19      0.05     0.20     1 
0130321020   40.90667    -72.93500     0.11     -0.25     0.27     1 
0130321021   40.90601    -72.89833     0.22     -0.07     0.23     1 
0130321022   40.90534    -72.86167     0.18     -0.06     0.19     1 
0130321023   40.90465    -72.82501     0.10      0.01     0.10     1 
0130321024   40.90396    -72.78835     0.01     -0.02     0.02     1 
0130321025   40.90324    -72.75168     0.06     -0.13     0.15     1 
0130321026   40.90252    -72.71503     0.04     -0.05     0.06     1 
0130321027   40.90179    -72.67837     0.03     -0.07     0.08     1 
0130321028   40.90105    -72.64171     0.05     -0.11     0.12     1 
0130321029   40.90029    -72.60506     0.05     -0.11     0.13     1 
0130321030   40.89952    -72.56840    -0.04     -0.11     0.12     1 
0130321031   40.89875    -72.53175    -0.07      0.05     0.09     1 
0130321032   40.89796    -72.49510    -0.03     -0.05     0.06     1 
0130321033   40.89715    -72.45845    -0.16      0.03     0.16     1 
0130321034   40.89634    -72.42181     0.07     -0.02     0.07     1 
0130321035   40.89551    -72.38516    -0.03     -0.00     0.03     1 
0130321062   40.89660    -74.14583    -0.03      0.09     0.09     1 
0130321063   40.89632    -74.10914     0.00      0.02     0.02     1 
0130321064   40.89603    -74.07247    -0.03      0.03     0.04     1 
0130321065   40.89573    -74.03579    -0.00     -0.03     0.03     1 
0130321066   40.89542    -73.99911     0.12      0.05     0.13     1 
0130321067   40.89510    -73.96243     0.13     -0.00     0.13     1 
0130321069   40.89441    -73.88908     0.06      0.01     0.06     1 
0130321070   40.89405    -73.85240     0.02     -0.03     0.03     1 
0130321071   40.89368    -73.81573    -0.07     -0.03     0.07     1 
0130321072   40.89330    -73.77905    -0.19     -0.09     0.22     1 
0130321076   40.89165    -73.63236     0.10      0.01     0.10     1 
0130321077   40.89121    -73.59569     0.16     -0.01     0.16     1 
0130321078   40.89076    -73.55902     0.04     -0.07     0.08     1 
0130321079   40.89030    -73.52236    -0.17     -0.17     0.24     1 
0130321081   40.88933    -73.44902     0.21      0.03     0.21     1 
0130321082   40.88884    -73.41235    -0.04      0.07     0.08     1 
0130321083   40.88832    -73.37569    -0.03      0.03     0.04     1 
0130321084   40.88780    -73.33903     0.12     -0.03     0.12     1 
0130321085   40.88727    -73.30236     0.19      0.01     0.19     1 
0130321086   40.88672    -73.26570     0.13     -0.01     0.13     1 
0130321087   40.88616    -73.22904     0.18     -0.02     0.18     1 
0130321088   40.88560    -73.19238     0.02      0.10     0.10     1 
0130321089   40.88502    -73.15572     0.16      0.02     0.16     1 
0130321090   40.88442    -73.11906     0.12     -0.05     0.13     1 
0130321091   40.88382    -73.08240     0.05     -0.03     0.06     1 
0130321092   40.88320    -73.04575     0.15     -0.00     0.15     1 
0130321093   40.88258    -73.00909     0.14     -0.09     0.16     1 
0130321094   40.88194    -72.97244     0.22     -0.02     0.22     1 
0130321095   40.88129    -72.93579     0.10     -0.04     0.11     1 
0130321096   40.88063    -72.89914     0.18     -0.01     0.18     1 
0130321097   40.87995    -72.86249     0.17     -0.05     0.18     1 
0130321098   40.87927    -72.82584     0.17     -0.08     0.18     1 
0130321099   40.87857    -72.78919     0.10     -0.09     0.13     1 
0130321100   40.87786    -72.75254     0.05     -0.01     0.05     1 
0130321101   40.87714    -72.71590     0.10     -0.10     0.14     1 
0130321102   40.87641    -72.67926     0.03     -0.01     0.03     1 
0130321103   40.87567    -72.64261    -0.05     -0.06     0.08     1 
0130321104   40.87491    -72.60597     0.10      0.06     0.12     1 
0130321105   40.87414    -72.56933    -0.01     -0.05     0.06     1 
0130321106   40.87337    -72.53270    -0.02     -0.01     0.02     1 
0130321107   40.87258    -72.49606    -0.05     -0.15     0.16     1 
0130321109   40.87096    -72.42279    -0.15     -0.05     0.15     1 
0130321110   40.87014    -72.38616    -0.32     -0.05     0.32     1 
0130321137   40.87120    -74.14615    -0.04      0.03     0.04     1 
0130321138   40.87092    -74.10949    -0.05      0.14     0.14     1 
0130321139   40.87063    -74.07282     0.01      0.03     0.03     1 
0130321140   40.87033    -74.03616    -0.06      0.09     0.11     1 
0130321141   40.87002    -73.99949    -0.09      0.07     0.12     1 
0130321142   40.86970    -73.96283     0.06      0.04     0.07     1 
0130321143   40.86936    -73.92616    -0.04     -0.02     0.04     1 
0130321145   40.86865    -73.85284     0.04     -0.01     0.04     1 
0130321146   40.86829    -73.81618     0.00     -0.08     0.08     1 
0130321147   40.86790    -73.77952    -0.20     -0.15     0.25     1 
0130321151   40.86626    -73.63289     0.00     -0.06     0.06     1 
0130321152   40.86582    -73.59623     0.20      0.02     0.21     1 
0130321153   40.86537    -73.55957     0.18     -0.03     0.18     1 
0130321154   40.86490    -73.52292     0.22     -0.01     0.22     1 
0130321155   40.86443    -73.48627     0.17     -0.01     0.17     1 
0130321156   40.86394    -73.44961     0.12     -0.04     0.13     1 
0130321157   40.86344    -73.41296     0.18      0.02     0.18     1 
0130321158   40.86293    -73.37631     0.05     -0.01     0.05     1 
0130321159   40.86241    -73.33966     0.15     -0.04     0.15     1 
0130321160   40.86187    -73.30301     0.14     -0.04     0.15     1 
0130321161   40.86133    -73.26636     0.10     -0.06     0.12     1 
0130321162   40.86077    -73.22971     0.09     -0.08     0.12     1 
0130321163   40.86021    -73.19307     0.04     -0.08     0.09     1 
0130321164   40.85963    -73.15642     0.16     -0.04     0.16     1 
0130321165   40.85903    -73.11978     0.02     -0.01     0.03     1 
0130321166   40.85843    -73.08314     0.18     -0.03     0.18     1 
0130321167   40.85782    -73.04649     0.08     -0.02     0.08     1 
0130321168   40.85719    -73.00985     0.09     -0.02     0.10     1 
0130321169   40.85655    -72.97321     0.25      0.03     0.25     1 
0130321170   40.85590    -72.93658     0.23      0.01     0.23     1 
0130321171   40.85524    -72.89994     0.14     -0.06     0.15     1 
0130321172   40.85457    -72.86330     0.11     -0.08     0.14     1 
0130321173   40.85388    -72.82667     0.22     -0.01     0.22     1 
0130321174   40.85319    -72.79004     0.12     -0.05     0.13     1 
0130321175   40.85248    -72.75340     0.10     -0.06     0.11     1 
0130321176   40.85176    -72.71677    -0.02      0.02     0.03     1 
0130321178   40.85028    -72.64351    -0.09      0.01     0.09     1 
0130321179   40.84953    -72.60689     0.05     -0.07     0.09     1 
0130321180   40.84876    -72.57026    -0.11      0.06     0.12     1 
0130321181   40.84799    -72.53364    -0.27      0.05     0.27     1 
0130321212   40.84580    -74.14648     0.06      0.01     0.06     1 
0130321213   40.84552    -74.10983     0.07      0.01     0.07     1 
0130321214   40.84523    -74.07317    -0.09      0.02     0.09     1 
0130321215   40.84493    -74.03652    -0.00      0.03     0.03     1 
0130321216   40.84462    -73.99987    -0.04     -0.03     0.05     1 
0130321218   40.84396    -73.92657     0.05     -0.05     0.07     1 
0130321219   40.84361    -73.88993     0.00      0.02     0.02     1 
0130321220   40.84326    -73.85328    -0.00      0.08     0.08     1 
0130321221   40.84289    -73.81663    -0.02     -0.09     0.09     1 
0130321222   40.84251    -73.77999    -0.29      0.05     0.29     1 
0130321224   40.84171    -73.70670    -0.15      0.09     0.18     1 
0130321225   40.84129    -73.67005     0.32     -0.06     0.33     1 
0130321226   40.84086    -73.63341     0.12      0.01     0.12     1 
0130321227   40.84042    -73.59677     0.12     -0.04     0.12     1 
0130321228   40.83997    -73.56012     0.25     -0.07     0.26     1 
0130321229   40.83951    -73.52348     0.13     -0.07     0.15     1 
0130321230   40.83903    -73.48684     0.16     -0.04     0.16     1 
0130321231   40.83855    -73.45020     0.17     -0.05     0.18     1 
0130321232   40.83805    -73.41357     0.13     -0.00     0.13     1 
0130321233   40.83754    -73.37693     0.22      0.05     0.22     1 
0130321234   40.83702    -73.34029     0.14     -0.00     0.14     1 
0130321235   40.83648    -73.30366     0.01      0.06     0.06     1 
0130321236   40.83594    -73.26702     0.10      0.00     0.10     1 
0130321237   40.83538    -73.23039     0.01      0.04     0.04     1 
0130321238   40.83481    -73.19376     0.16      0.05     0.17     1 
0130321239   40.83423    -73.15713     0.11      0.03     0.11     1 
0130321240   40.83364    -73.12050     0.11      0.10     0.15     1 
0130321241   40.83304    -73.08387     0.13     -0.01     0.13     1 
0130321242   40.83243    -73.04724     0.07     -0.05     0.09     1 
0130321243   40.83180    -73.01061     0.12     -0.02     0.12     1 
0130321244   40.83116    -72.97399     0.08     -0.01     0.08     1 
0130321245   40.83051    -72.93736     0.08     -0.05     0.10     1 
0130321246   40.82985    -72.90074     0.04      0.01     0.04     1 
0130321247   40.82918    -72.86412     0.07     -0.02     0.07     1 
0130321249   40.82780    -72.79088     0.09      0.02     0.09     1 
0130321250   40.82709    -72.75426     0.17      0.12     0.21     1 
0130321251   40.82637    -72.71764     0.07      0.03     0.08     1 
0130321252   40.82564    -72.68103     0.04      0.03     0.05     1 
0130321253   40.82490    -72.64441     0.08     -0.04     0.09     1 
0130321254   40.82415    -72.60780     0.05      0.05     0.07     1 
0130321255   40.82338    -72.57119    -0.21     -0.14     0.26     1 
0130321287   40.82040    -74.14680     0.08      0.00     0.08     1 
0130321288   40.82012    -74.11016    -0.01      0.05     0.05     1 
0130321289   40.81983    -74.07353    -0.17      0.06     0.18     1 
0130321290   40.81953    -74.03689    -0.03      0.02     0.04     1 
0130321291   40.81922    -74.00025     0.05     -0.01     0.05     1 
0130321293   40.81856    -73.92699    -0.05     -0.03     0.06     1 
0130321294   40.81822    -73.89035    -0.03     -0.06     0.06     1 
0130321295   40.81786    -73.85372    -0.06     -0.09     0.11     1 
0130321296   40.81749    -73.81708    -0.27     -0.13     0.30     1 
0130321298   40.81671    -73.74382     0.10      0.14     0.17     1 
0130321299   40.81631    -73.70719    -0.01      0.16     0.16     1 
0130321300   40.81589    -73.67056     0.14      0.15     0.20     1 
0130321301   40.81546    -73.63393     0.15      0.00     0.15     1 
0130321302   40.81502    -73.59730     0.20      0.01     0.20     1 
0130321303   40.81457    -73.56067     0.17      0.01     0.17     1 
0130321304   40.81411    -73.52405     0.12      0.02     0.12     1 
0130321305   40.81364    -73.48742     0.02     -0.01     0.02     1 
0130321306   40.81315    -73.45080     0.09     -0.01     0.09     1 
0130321307   40.81265    -73.41417     0.14     -0.07     0.16     1 
0130321308   40.81214    -73.37755     0.13     -0.02     0.13     1 
0130321309   40.81162    -73.34093     0.18     -0.07     0.20     1 
0130321310   40.81109    -73.30430     0.09     -0.10     0.13     1 
0130321311   40.81055    -73.26769     0.02      0.02     0.03     1 
0130321312   40.80999    -73.23107    -0.02     -0.05     0.05     1 
0130321313   40.80942    -73.19445     0.00     -0.04     0.04     1 
0130321314   40.80884    -73.15783     0.13      0.03     0.13     1 
0130321315   40.80825    -73.12121     0.12      0.03     0.12     1 
0130321316   40.80765    -73.08460     0.27      0.15     0.31     1 
0130321317   40.80704    -73.04798     0.01      0.02     0.02     1 
0130321318   40.80641    -73.01137     0.06     -0.05     0.08     1 
0130321319   40.80577    -72.97476     0.13     -0.03     0.13     1 
0130321320   40.80513    -72.93815     0.21     -0.05     0.22     1 
0130321321   40.80447    -72.90154     0.13     -0.01     0.13     1 
0130321322   40.80379    -72.86493     0.05     -0.01     0.05     1 
0130321323   40.80311    -72.82833     0.02     -0.00     0.02     1 
0130321324   40.80242    -72.79172     0.09     -0.02     0.09     1 
0130321325   40.80171    -72.75512    -0.04     -0.03     0.05     1 
0130321326   40.80099    -72.71851    -0.19      0.04     0.19     1 
0130321327   40.80026    -72.68191    -0.13      0.08     0.15     1 
0130321361   40.79526    -74.18375     0.10     -0.01     0.10     1 
0130321362   40.79500    -74.14713    -0.03     -0.01     0.03     1 
0130321363   40.79472    -74.11051    -0.12      0.03     0.13     1 
0130321364   40.79443    -74.07388    -0.21     -0.02     0.21     1 
0130321365   40.79413    -74.03726    -0.10     -0.07     0.13     1 
0130321366   40.79382    -74.00064    -0.11     -0.06     0.13     1 
0130321367   40.79350    -73.96402     0.16     -0.11     0.19     1 
0130321368   40.79316    -73.92739    -0.00     -0.04     0.04     1 
0130321370   40.79246    -73.85415    -0.02      0.11     0.11     1 
0130321371   40.79209    -73.81754    -0.00      0.02     0.02     1 
0130321372   40.79171    -73.78092    -0.06     -0.10     0.11     1 
0130321373   40.79131    -73.74430    -0.08      0.16     0.18     1 
0130321374   40.79091    -73.70768     0.05     -0.00     0.05     1 
0130321375   40.79049    -73.67107    -0.01      0.01     0.01     1 
0130321376   40.79007    -73.63445     0.06      0.01     0.06     1 
0130321377   40.78963    -73.59784     0.16     -0.01     0.16     1 
0130321378   40.78918    -73.56122     0.09     -0.01     0.09     1 
0130321379   40.78872    -73.52461    -0.06      0.03     0.07     1 
0130321380   40.78824    -73.48800     0.02      0.01     0.03     1 
0130321381   40.78776    -73.45139     0.19      0.11     0.22     1 
0130321382   40.78726    -73.41478    -0.06      0.02     0.06     1 
0130321383   40.78675    -73.37817     0.06     -0.01     0.06     1 
0130321384   40.78623    -73.34156     0.22      0.01     0.22     1 
0130321385   40.78570    -73.30495     0.18      0.03     0.18     1 
0130321386   40.78515    -73.26834     0.07     -0.01     0.07     1 
0130321387   40.78460    -73.23174     0.04      0.02     0.05     1 
0130321388   40.78403    -73.19514     0.07     -0.08     0.11     1 
0130321389   40.78345    -73.15853     0.11     -0.22     0.25     1 
0130321390   40.78286    -73.12193    -0.04     -0.04     0.05     1 
0130321391   40.78226    -73.08533    -0.01     -0.01     0.02     1 
0130321392   40.78165    -73.04873     0.07      0.01     0.07     1 
0130321393   40.78102    -73.01213     0.01     -0.06     0.06     1 
0130321394   40.78039    -72.97553     0.08     -0.02     0.08     1 
0130321395   40.77974    -72.93894     0.08     -0.00     0.08     1 
0130321396   40.77908    -72.90234     0.04      0.06     0.07     1 
0130321397   40.77841    -72.86575     0.09      0.14     0.17     1 
0130321398   40.77772    -72.82915    -0.01     -0.01     0.01     1 
0130321399   40.77703    -72.79256    -0.16      0.12     0.20     1 
0130321400   40.77632    -72.75597    -0.02      0.06     0.07     1 
0130321436   40.76986    -74.18406     0.05      0.07     0.09     1 
0130321437   40.76960    -74.14745    -0.08      0.05     0.10     1 
0130321438   40.76932    -74.11084    -0.18     -0.12     0.21     1 
0130321439   40.76903    -74.07423    -0.12      0.08     0.14     1 
0130321440   40.76873    -74.03763     0.03     -0.07     0.08     1 
0130321442   40.76810    -73.96441     0.08     -0.23     0.24     1 
0130321443   40.76776    -73.92780    -0.15     -0.16     0.21     1 
0130321444   40.76742    -73.89120    -0.13     -0.01     0.13     1 
0130321445   40.76706    -73.85459    -0.17     -0.10     0.19     1 
0130321446   40.76669    -73.81798    -0.01     -0.03     0.03     1 
0130321447   40.76631    -73.78138     0.06     -0.02     0.06     1 
0130321448   40.76592    -73.74478     0.06      0.06     0.08     1 
0130321449   40.76551    -73.70817     0.09     -0.04     0.10     1 
0130321450   40.76510    -73.67157     0.03      0.07     0.08     1 
0130321451   40.76467    -73.63497     0.11     -0.04     0.12     1 
0130321452   40.76423    -73.59837     0.10     -0.03     0.10     1 
0130321453   40.76378    -73.56177    -0.03     -0.04     0.05     1 
0130321454   40.76332    -73.52517    -0.02      0.03     0.04     1 
0130321455   40.76285    -73.48857    -0.09     -0.04     0.09     1 
0130321456   40.76236    -73.45198     0.00     -0.00     0.00     1 
0130321457   40.76186    -73.41538    -0.06      0.01     0.06     1 
0130321458   40.76136    -73.37878     0.03     -0.02     0.04     1 
0130321459   40.76084    -73.34219    -0.03      0.04     0.05     1 
0130321460   40.76030    -73.30560    -0.04      0.07     0.08     1 
0130321461   40.75976    -73.26900     0.03      0.01     0.03     1 
0130321462   40.75921    -73.23241     0.10      0.02     0.10     1 
0130321463   40.75864    -73.19582     0.12     -0.02     0.12     1 
0130321464   40.75806    -73.15923     0.10     -0.01     0.10     1 
0130321465   40.75747    -73.12265     0.02     -0.07     0.07     1 
0130321466   40.75687    -73.08606     0.15     -0.04     0.15     1 
0130321467   40.75626    -73.04947     0.07     -0.07     0.10     1 
0130321468   40.75563    -73.01289    -0.11     -0.04     0.12     1 
0130321469   40.75500    -72.97630    -0.07      0.00     0.07     1 
0130321470   40.75435    -72.93972    -0.04     -0.09     0.10     1 
0130321471   40.75369    -72.90314     0.10     -0.11     0.15     1 
0130321472   40.75302    -72.86656    -0.10      0.05     0.11     1 
0130321511   40.74446    -74.18437    -0.05      0.05     0.07     1 
0130321512   40.74419    -74.14778    -0.06      0.16     0.17     1 
0130321513   40.74392    -74.11118    -0.09      0.10     0.14     1 
0130321514   40.74363    -74.07459    -0.11      0.08     0.13     1 
0130321515   40.74333    -74.03799    -0.02      0.09     0.09     1 
0130321517   40.74270    -73.96480    -0.01     -0.07     0.07     1 
0130321518   40.74236    -73.92821     0.02     -0.08     0.08     1 
0130321519   40.74202    -73.89162    -0.05      0.03     0.06     1 
0130321520   40.74166    -73.85503    -0.01     -0.05     0.05     1 
0130321521   40.74129    -73.81843     0.02     -0.00     0.02     1 
0130321522   40.74091    -73.78185     0.00     -0.07     0.07     1 
0130321523   40.74052    -73.74526     0.05     -0.03     0.06     1 
0130321524   40.74012    -73.70867     0.07     -0.02     0.07     1 
0130321525   40.73970    -73.67208    -0.06     -0.01     0.06     1 
0130321526   40.73927    -73.63549     0.01     -0.01     0.02     1 
0130321527   40.73884    -73.59890    -0.07      0.05     0.09     1 
0130321528   40.73839    -73.56232     0.07     -0.02     0.07     1 
0130321529   40.73792    -73.52573     0.05      0.02     0.05     1 
0130321530   40.73745    -73.48915     0.11     -0.05     0.12     1 
0130321531   40.73696    -73.45257     0.18      0.01     0.18     1 
0130321532   40.73647    -73.41598    -0.04      0.06     0.08     1 
0130321533   40.73596    -73.37940    -0.02     -0.07     0.07     1 
0130321534   40.73544    -73.34282     0.08     -0.03     0.09     1 
0130321535   40.73491    -73.30624    -0.00     -0.05     0.05     1 
0130321536   40.73437    -73.26966    -0.03     -0.09     0.09     1 
0130321537   40.73381    -73.23309    -0.09     -0.02     0.09     1 
0130321538   40.73325    -73.19651     0.09     -0.06     0.11     1 
0130321539   40.73267    -73.15993    -0.03     -0.02     0.04     1 
0130321540   40.73208    -73.12336    -0.05      0.02     0.05     1 
0130321541   40.73148    -73.08679     0.04     -0.04     0.05     1 
0130321546   40.72830    -72.90394    -0.15     -0.02     0.15     1 
0130321586   40.71906    -74.18468    -0.08      0.03     0.08     1 
0130321587   40.71879    -74.14810    -0.11      0.09     0.15     1 
0130321588   40.71852    -74.11152    -0.10     -0.03     0.10     1 
0130321589   40.71823    -74.07494     0.02     -0.04     0.05     1 
0130321590   40.71793    -74.03836    -0.08     -0.09     0.12     1 
0130321592   40.71730    -73.96520    -0.05      0.04     0.07     1 
0130321593   40.71696    -73.92862    -0.14      0.07     0.16     1 
0130321594   40.71662    -73.89204    -0.09      0.06     0.11     1 
0130321595   40.71626    -73.85546     0.07     -0.08     0.11     1 
0130321596   40.71589    -73.81888     0.03     -0.01     0.03     1 
0130321597   40.71551    -73.78231    -0.01      0.01     0.01     1 
0130321598   40.71512    -73.74573    -0.03      0.00     0.03     1 
0130321599   40.71472    -73.70916    -0.02      0.02     0.03     1 
0130321600   40.71430    -73.67258     0.08     -0.08     0.11     1 
0130321601   40.71388    -73.63601     0.03     -0.08     0.09     1 
0130321602   40.71344    -73.59944     0.01     -0.04     0.04     1 
0130321603   40.71299    -73.56286     0.03     -0.04     0.04     1 
0130321604   40.71253    -73.52629     0.02     -0.10     0.11     1 
0130321605   40.71205    -73.48972     0.03     -0.04     0.05     1 
0130321606   40.71157    -73.45315     0.01     -0.02     0.02     1 
0130321607   40.71107    -73.41658    -0.02      0.05     0.05     1 
0130321608   40.71057    -73.38002    -0.05      0.08     0.09     1 
0130321609   40.71005    -73.34345     0.04      0.01     0.04     1 
0130321610   40.70952    -73.30688     0.10     -0.02     0.11     1 
0130321611   40.70898    -73.27032     0.07      0.02     0.07     1 
0130321612   40.70842    -73.23376    -0.11     -0.05     0.12     1 
0130321613   40.70786    -73.19719    -0.08     -0.05     0.10     1 
0130321614   40.70728    -73.16063     0.06     -0.08     0.10     1 
0130321619   40.70422    -72.97784    -0.04      0.05     0.06     1 
0130321661   40.69365    -74.18499    -0.11      0.12     0.16     1 
0130321662   40.69339    -74.14843    -0.24      0.05     0.24     1 
0130321664   40.69283    -74.07529    -0.11      0.13     0.17     1 
0130321665   40.69253    -74.03872    -0.20      0.03     0.21     1 
0130321666   40.69222    -74.00216    -0.12      0.03     0.12     1 
0130321667   40.69190    -73.96559     0.11     -0.02     0.11     1 
0130321668   40.69156    -73.92902     0.05     -0.06     0.08     1 
0130321669   40.69122    -73.89246     0.10     -0.05     0.11     1 
0130321670   40.69086    -73.85590     0.09     -0.02     0.10     1 
0130321671   40.69049    -73.81933    -0.08      0.09     0.12     1 
0130321672   40.69011    -73.78277     0.04     -0.02     0.04     1 
0130321673   40.68972    -73.74621     0.05      0.05     0.07     1 
0130321674   40.68932    -73.70965     0.02      0.02     0.03     1 
0130321675   40.68890    -73.67309     0.07      0.07     0.10     1 
0130321676   40.68848    -73.63653    -0.09     -0.03     0.09     1 
0130321677   40.68804    -73.59997     0.04      0.04     0.06     1 
0130321678   40.68759    -73.56341     0.07     -0.00     0.07     1 
0130321679   40.68713    -73.52685     0.04     -0.00     0.04     1 
0130321680   40.68666    -73.49030     0.06     -0.01     0.07     1 
0130321681   40.68617    -73.45374     0.10     -0.05     0.12     1 
0130321682   40.68568    -73.41719     0.02     -0.05     0.05     1 
0130321683   40.68517    -73.38063     0.04     -0.08     0.09     1 
0130321684   40.68465    -73.34408    -0.08     -0.03     0.09     1 
0130321685   40.68412    -73.30753    -0.14     -0.00     0.14     1 
0130321686   40.68358    -73.27098    -0.19     -0.01     0.19     1 
0130321692   40.68009    -73.05169    -0.16     -0.12     0.20     1 
0130321735   40.66850    -74.22186    -0.02      0.04     0.04     1 
0130321736   40.66825    -74.18530    -0.12      0.03     0.12     1 
0130321737   40.66799    -74.14875    -0.24      0.09     0.26     1 
0130321738   40.66771    -74.11219    -0.18     -0.00     0.18     1 
0130321739   40.66743    -74.07564    -0.18     -0.04     0.18     1 
0130321741   40.66682    -74.00253    -0.11      0.06     0.13     1 
0130321742   40.66650    -73.96598     0.14      0.06     0.15     1 
0130321743   40.66616    -73.92943     0.06      0.04     0.07     1 
0130321744   40.66582    -73.89288     0.02     -0.01     0.02     1 
0130321745   40.66546    -73.85633     0.00     -0.02     0.02     1 
0130321746   40.66509    -73.81978    -0.13      0.02     0.13     1 
0130321747   40.66472    -73.78323    -0.01      0.00     0.01     1 
0130321748   40.66432    -73.74668     0.01     -0.06     0.06     1 
0130321749   40.66392    -73.71014    -0.01     -0.07     0.07     1 
0130321750   40.66351    -73.67359    -0.01     -0.01     0.01     1 
0130321751   40.66308    -73.63705     0.05     -0.01     0.05     1 
0130321752   40.66264    -73.60050     0.07      0.01     0.07     1 
0130321753   40.66219    -73.56395     0.10      0.02     0.10     1 
0130321754   40.66174    -73.52741    -0.02     -0.02     0.03     1 
0130321755   40.66126    -73.49087    -0.08      0.04     0.09     1 
0130321756   40.66078    -73.45433    -0.08      0.07     0.11     1 
0130321757   40.66029    -73.41779    -0.10      0.03     0.10     1 
0130321758   40.65978    -73.38125    -0.05      0.03     0.06     1 
0130321759   40.65926    -73.34471     0.23      0.26     0.34     1 
0130321761   40.65819    -73.27163     0.10     -0.02     0.10     1 
0130321762   40.65764    -73.23510    -0.09     -0.13     0.16     1 
0130321763   40.65707    -73.19856    -0.10      0.04     0.11     1 
0130321764   40.65650    -73.16203    -0.09     -0.07     0.12     1 
0130321810   40.64310    -74.22215    -0.05     -0.03     0.06     1 
0130321811   40.64285    -74.18561    -0.13      0.04     0.14     1 
0130321812   40.64259    -74.14907    -0.11      0.01     0.11     1 
0130321813   40.64231    -74.11253    -0.04      0.02     0.05     1 
0130321814   40.64202    -74.07599    -0.05      0.00     0.05     1 
0130321815   40.64173    -74.03945    -0.04     -0.03     0.05     1 
0130321816   40.64142    -74.00291    -0.05     -0.07     0.09     1 
0130321817   40.64109    -73.96637    -0.00      0.03     0.03     1 
0130321818   40.64076    -73.92984     0.01     -0.02     0.02     1 
0130321819   40.64042    -73.89330    -0.12      0.03     0.12     1 
0130321821   40.63970    -73.82023    -0.17     -0.09     0.19     1 
0130321822   40.63932    -73.78369    -0.13      0.07     0.15     1 
0130321823   40.63893    -73.74716    -0.17     -0.02     0.18     1 
0130321824   40.63852    -73.71063    -0.01     -0.01     0.02     1 
0130321825   40.63811    -73.67409     0.01     -0.02     0.03     1 
0130321826   40.63768    -73.63756     0.06     -0.01     0.06     1 
0130321827   40.63725    -73.60103    -0.04     -0.01     0.04     1 
0130321828   40.63680    -73.56450    -0.18      0.12     0.21     1 
0130321829   40.63634    -73.52797    -0.07     -0.06     0.09     1 
0130321830   40.63587    -73.49144     0.08     -0.10     0.13     1 
0130321831   40.63538    -73.45491    -0.02      0.09     0.09     1 
0130321832   40.63489    -73.41839    -0.03     -0.03     0.04     1 
0130321833   40.63438    -73.38186    -0.06     -0.08     0.10     1 
0130321835   40.63334    -73.30881    -0.05     -0.04     0.06     1 
0130321885   40.61770    -74.22245    -0.12      0.04     0.13     1 
0130321886   40.61745    -74.18592    -0.14      0.03     0.14     1 
0130321887   40.61718    -74.14939    -0.03     -0.00     0.03     1 
0130321888   40.61691    -74.11287    -0.00      0.05     0.05     1 
0130321889   40.61662    -74.07634    -0.07      0.13     0.15     1 
0130321891   40.61602    -74.00329     0.03     -0.02     0.03     1 
0130321892   40.61570    -73.96677    -0.00      0.04     0.05     1 
0130321893   40.61536    -73.93024    -0.00      0.03     0.03     1 
0130321898   40.61353    -73.74763    -0.03     -0.01     0.03     1 
0130321899   40.61312    -73.71111    -0.12     -0.09     0.15     1 
0130321900   40.61271    -73.67460    -0.14     -0.05     0.15     1 
0130321901   40.61229    -73.63808    -0.12      0.14     0.19     1 
0130321902   40.61185    -73.60156    -0.09      0.20     0.22     1 
0130321903   40.61140    -73.56504    -0.08      0.07     0.11     1 
0130321904   40.61094    -73.52853     0.31      0.03     0.31     1 
0130321905   40.61047    -73.49201     0.06     -0.15     0.16     1 
0130321960   40.59230    -74.22274    -0.13      0.01     0.13     1 
0130321961   40.59204    -74.18623    -0.27     -0.03     0.28     1 
0130321962   40.59178    -74.14972     0.27     -0.09     0.29     1 
0130321963   40.59151    -74.11320     0.11     -0.00     0.11     1 
0130321964   40.59122    -74.07669    -0.20     -0.19     0.27     1 
0130321966   40.59061    -74.00367    -0.15      0.05     0.16     1 
0130321967   40.59029    -73.96716     0.01      0.01     0.02     1 
0130321968   40.58996    -73.93065    -0.13      0.06     0.14     1 
0130321969   40.58962    -73.89414    -0.07      0.10     0.12     1 
0130322035   40.56689    -74.22304    -0.20     -0.17     0.26     1 
0130322036   40.56664    -74.18654    -0.20     -0.03     0.20     1 
0130322037   40.56638    -74.15004     0.04     -0.02     0.04     1 
0130322038   40.56611    -74.11354     0.00     -0.03     0.03     1 
0130322040   40.56552    -74.04054    -0.21      0.03     0.22     1 
0130322044   40.56422    -73.89456    -0.21     -0.11     0.23     1 
0130322109   40.54173    -74.25982    -0.15      0.02     0.15     1 
0130322110   40.54149    -74.22333     0.02      0.07     0.07     1 
0130322111   40.54124    -74.18684     0.18     -0.06     0.19     1 
0130322112   40.54098    -74.15036    -0.15     -0.07     0.16     1 
0130322113   40.54070    -74.11387     0.03     -0.14     0.14     1 
0130322184   40.51633    -74.26010    -0.09     -0.05     0.10     1 
0130322185   40.51609    -74.22362     0.01     -0.06     0.06     1 
0130322186   40.51584    -74.18715    -0.32     -0.09     0.34     1 
0130322259   40.49092    -74.26037     0.06      0.24     0.25     1 
0130322334   40.46552    -74.26065    -0.10     -0.13     0.17     1 
0130322340   40.46392    -74.04199     0.13     -0.22     0.25     1 
0130322411   40.43963    -74.18807    -0.01     -0.14     0.14     1 
0130322412   40.43937    -74.15164     0.01     -0.14     0.14     1 
0130322413   40.43909    -74.11521    -0.03     -0.20     0.21     1 
0130322483   40.41494    -74.29763     0.32     -0.05     0.32     1 
0130322484   40.41471    -74.26121     0.12     -0.02     0.12     1 
0130322485   40.41448    -74.22479     0.01     -0.01     0.01     1 
0130322486   40.41423    -74.18837     0.13      0.06     0.15     1 
0130322487   40.41396    -74.15196     0.11     -0.09     0.14     1 
0130322488   40.41369    -74.11554     0.12      0.02     0.13     1 
0130322489   40.41341    -74.07913     0.16      0.02     0.16     1 
0130322490   40.41311    -74.04271     0.13      0.02     0.13     1 
0130322558   40.38954    -74.29789     0.19     -0.07     0.20     1 
0130322559   40.38931    -74.26149     0.16     -0.09     0.18     1 
0130322561   40.38882    -74.18868     0.25     -0.08     0.27     1 
0130322562   40.38856    -74.15228     0.27     -0.10     0.29     1 
0130322563   40.38829    -74.11587     0.17     -0.01     0.17     1 
0130322564   40.38800    -74.07947     0.22     -0.07     0.23     1 
0130322565   40.38771    -74.04307     0.23     -0.15     0.27     1 
0130322566   40.38740    -74.00667    -0.12     -0.01     0.12     1 
0130322567   40.38708    -73.97027     0.09      0.25     0.27     1 
0130322633   40.36413    -74.29816     0.28     -0.03     0.28     1 
0130322634   40.36391    -74.26176     0.16     -0.02     0.16     1 
0130322635   40.36367    -74.22537     0.13     -0.09     0.16     1 
0130322636   40.36342    -74.18899     0.19     -0.06     0.20     1 
0130322637   40.36316    -74.15260     0.16     -0.08     0.18     1 
0130322638   40.36288    -74.11621     0.14     -0.08     0.16     1 
0130322639   40.36260    -74.07982     0.03     -0.08     0.08     1 
0130322640   40.36231    -74.04343     0.07     -0.00     0.07     1 
0130322641   40.36200    -74.00704     0.10      0.00     0.10     1 
0130322642   40.36168    -73.97065    -0.09      0.07     0.11     1 
0130322708   40.33873    -74.29842     0.30     -0.04     0.30     1 
0130322709   40.33850    -74.26204     0.20     -0.00     0.20     1 
0130322710   40.33826    -74.22567     0.26     -0.09     0.27     1 
0130322711   40.33801    -74.18929     0.13     -0.08     0.15     1 
0130322712   40.33775    -74.15291     0.13     -0.03     0.13     1 
0130322713   40.33748    -74.11654     0.18      0.03     0.18     1 
0130322714   40.33720    -74.08016    -0.00     -0.06     0.06     1 
0130322715   40.33690    -74.04379     0.13     -0.06     0.14     1 
0130322716   40.33660    -74.00741    -0.16     -0.08     0.18     1 
0130322782   40.31354    -74.33505     0.20      0.03     0.21     1 
0130322783   40.31332    -74.29868     0.26     -0.01     0.26     1 
0130322784   40.31310    -74.26232     0.13     -0.04     0.14     1 
0130322785   40.31286    -74.22596     0.12     -0.06     0.13     1 
0130322786   40.31261    -74.18959     0.10     -0.08     0.13     1 
0130322787   40.31235    -74.15323     0.08     -0.04     0.09     1 
0130322788   40.31208    -74.11687    -0.01     -0.02     0.02     1 
0130322789   40.31179    -74.08051     0.17     -0.06     0.18     1 
0130322790   40.31150    -74.04415     0.01     -0.04     0.04     1 
0130322791   40.31119    -74.00779    -0.04     -0.07     0.08     1 
0130322857   40.28813    -74.33530     0.15      0.02     0.15     1 
0130322858   40.28792    -74.29895     0.06     -0.14     0.15     1 
0130322859   40.28769    -74.26260     0.19     -0.02     0.19     1 
0130322860   40.28746    -74.22625     0.10     -0.15     0.18     1 
0130322861   40.28721    -74.18990     0.09      0.02     0.10     1 
0130322862   40.28695    -74.15355     0.12     -0.07     0.14     1 
0130322863   40.28668    -74.11720     0.15     -0.06     0.16     1 
0130322864   40.28639    -74.08085     0.15     -0.01     0.15     1 
0130322865   40.28610    -74.04451     0.09     -0.01     0.09     1 
0130322866   40.28579    -74.00816     0.06     -0.04     0.07     1 
0130322932   40.26273    -74.33554     0.13     -0.04     0.14     1 
0130322933   40.26252    -74.29921    -0.00     -0.05     0.05     1 
0130322934   40.26229    -74.26287     0.19      0.06     0.20     1 
0130322935   40.26205    -74.22653     0.16     -0.07     0.18     1 
0130322936   40.26180    -74.19020     0.23     -0.14     0.26     1 
0130322937   40.26154    -74.15386     0.12     -0.08     0.15     1 
0130322938   40.26127    -74.11753     0.11      0.12     0.16     1 
0130322939   40.26099    -74.08120     0.11     -0.08     0.14     1 
0130322940   40.26069    -74.04486     0.06      0.00     0.06     1 
0130322941   40.26039    -74.00853     0.12     -0.04     0.12     1 
0130323007   40.23732    -74.33579     0.24     -0.01     0.24     1 
0130323008   40.23711    -74.29947     0.11     -0.05     0.12     1 
0130323009   40.23689    -74.26315     0.10     -0.12     0.16     1 
0130323010   40.23665    -74.22682     0.13      0.04     0.13     1 
0130323011   40.23640    -74.19050     0.06     -0.04     0.07     1 
0130323012   40.23614    -74.15418     0.08     -0.06     0.10     1 
0130323014   40.23559    -74.08154     0.14     -0.05     0.15     1 
0130323015   40.23529    -74.04522     0.04     -0.03     0.05     1 
0130323016   40.23499    -74.00890     0.03     -0.01     0.03     1 
0130323082   40.21192    -74.33604     0.14     -0.05     0.15     1 
0130323083   40.21171    -74.29973     0.18      0.01     0.18     1 
0130323084   40.21148    -74.26342     0.15     -0.05     0.16     1 
0130323085   40.21124    -74.22711     0.29     -0.11     0.31     1 
0130323086   40.21099    -74.19080     0.14     -0.05     0.15     1 
0130323087   40.21074    -74.15450     0.22     -0.05     0.22     1 
0130323088   40.21046    -74.11819     0.10     -0.03     0.10     1 
0130323089   40.21018    -74.08188     0.15     -0.05     0.16     1 
0130323090   40.20989    -74.04558     0.01     -0.06     0.06     1 
0130323156   40.18672    -74.37259     0.12      0.18     0.22     1 
0130323157   40.18651    -74.33629     0.08     -0.11     0.13     1 
0130323158   40.18630    -74.29999     0.07     -0.10     0.12     1 
0130323159   40.18608    -74.26370     0.18     -0.12     0.21     1 
0130323160   40.18584    -74.22740    -0.02      0.22     0.23     1 
0130323161   40.18559    -74.19111     0.08     -0.08     0.12     1 
0130323162   40.18533    -74.15481     0.18     -0.00     0.18     1 
0130323163   40.18506    -74.11852     0.13     -0.09     0.16     1 
0130323165   40.18449    -74.04593    -0.12     -0.11     0.16     1 
0130323231   40.16131    -74.37282     0.00      0.03     0.03     1 
0130323232   40.16111    -74.33654     0.11      0.04     0.12     1 
0130323233   40.16090    -74.30025     0.13     -0.10     0.16     1 
0130323234   40.16067    -74.26397     0.20     -0.12     0.23     1 
0130323235   40.16043    -74.22769     0.13     -0.09     0.16     1 
0130323236   40.16019    -74.19141     0.21     -0.08     0.22     1 
0130323237   40.15993    -74.15513     0.14     -0.06     0.15     1 
0130323238   40.15966    -74.11885     0.06     -0.14     0.15     1 
0130323239   40.15937    -74.08257     0.05     -0.15     0.16     1 
0130323240   40.15908    -74.04629     0.01     -0.10     0.10     1 
0130323307   40.13570    -74.33678     0.21     -0.03     0.21     1 
0130323308   40.13549    -74.30051     0.15      0.09     0.17     1 
0130323309   40.13527    -74.26425     0.21     -0.02     0.21     1 
0130323310   40.13503    -74.22798     0.10     -0.03     0.11     1 
0130323311   40.13478    -74.19171     0.12     -0.01     0.12     1 
0130323313   40.13425    -74.11917     0.10     -0.01     0.10     1 
0130323314   40.13397    -74.08291     0.09     -0.09     0.13     1 
0130323315   40.13368    -74.04664     0.05     -0.06     0.07     1 
0130323381   40.11050    -74.37329     0.29     -0.05     0.29     1 
0130323382   40.11030    -74.33703     0.26     -0.11     0.28     1 
0130323383   40.11008    -74.30077     0.14     -0.03     0.14     1 
0130323384   40.10986    -74.26452     0.22     -0.12     0.25     1 
0130323385   40.10963    -74.22826     0.17     -0.05     0.18     1 
0130323386   40.10938    -74.19201     0.28      0.03     0.28     1 
0130323387   40.10912    -74.15576     0.22     -0.02     0.23     1 
0130323388   40.10885    -74.11950     0.24     -0.03     0.25     1 
0130323389   40.10857    -74.08325     0.11     -0.16     0.20     1 
0130323390   40.10827    -74.04700    -0.13     -0.03     0.13     1 
0130323456   40.08510    -74.37352     0.19     -0.03     0.19     1 
0130323457   40.08489    -74.33728    -0.02     -0.04     0.04     1 
0130323458   40.08468    -74.30103     0.13      0.05     0.14     1 
0130323459   40.08446    -74.26479     0.14     -0.09     0.16     1 
0130323460   40.08422    -74.22855     0.02     -0.01     0.02     1 
0130323461   40.08397    -74.19231     0.08     -0.04     0.09     1 
0130323462   40.08371    -74.15607     0.07     -0.03     0.08     1 
0130323463   40.08344    -74.11983     0.08      0.01     0.08     1 
0130323464   40.08316    -74.08359     0.12     -0.02     0.12     1 
0130323530   40.05988    -74.40998     0.03      0.23     0.23     1 
0130323531   40.05969    -74.37375     0.08     -0.03     0.09     1 
0130323532   40.05949    -74.33752    -0.01      0.33     0.33     1 
0130323533   40.05927    -74.30129    -0.05      0.09     0.11     1 
0130323534   40.05905    -74.26507     0.06     -0.17     0.18     1 
0130323535   40.05882    -74.22884     0.28      0.08     0.29     1 
0130323536   40.05857    -74.19261    -0.02     -0.00     0.02     1 
0130323537   40.05831    -74.15638     0.02     -0.02     0.03     1 
0130323538   40.05804    -74.12016    -0.08      0.04     0.08     1 
0130323539   40.05776    -74.08393    -0.12     -0.02     0.12     1 
0130323540   40.05747    -74.04771    -0.05     -0.21     0.22     1 
0130323605   40.03447    -74.41020     0.09     -0.07     0.12     1 
0130323606   40.03428    -74.37398     0.03     -0.05     0.06     1 
0130323607   40.03408    -74.33777    -0.02      0.00     0.02     1 
0130323608   40.03387    -74.30155     0.13     -0.02     0.13     1 
0130323610   40.03341    -74.22912     0.17     -0.06     0.18     1 
0130323611   40.03316    -74.19291     0.10      0.08     0.13     1 
0130323612   40.03290    -74.15670     0.12     -0.05     0.13     1 
0130323613   40.03264    -74.12048     0.01      0.04     0.04     1 
0130323614   40.03236    -74.08427    -0.03      0.03     0.04     1 
0130323615   40.03206    -74.04806    -0.04     -0.26     0.27     1 
0130323680   40.00907    -74.41042     0.06     -0.04     0.07     1 
0130323681   40.00888    -74.37422     0.04      0.00     0.04     1 
0130323682   40.00868    -74.33801     0.04      0.01     0.04     1 
0130323683   40.00846    -74.30181     0.12     -0.11     0.16     1 
0130323684   40.00824    -74.26561     0.13     -0.01     0.13     1 
0130323685   40.00800    -74.22941     0.13     -0.05     0.14     1 
0130323686   40.00776    -74.19321     0.18     -0.09     0.20     1 
0130323687   40.00750    -74.15701     0.05      0.02     0.05     1 
0130323688   40.00723    -74.12081    -0.03     -0.01     0.03     1 
0130323689   40.00695    -74.08461    -0.04     -0.01     0.04     1 
0130323755   39.98366    -74.41064     0.02      0.00     0.02     1 
0130323756   39.98347    -74.37445     0.11     -0.09     0.14     1 
0130323757   39.98327    -74.33826     0.03      0.01     0.03     1 
0130323758   39.98306    -74.30207    -0.07     -0.00     0.07     1 
0130323759   39.98283    -74.26588    -0.10      0.00     0.10     1 
0130323760   39.98260    -74.22970     0.05      0.00     0.05     1 
0130323761   39.98235    -74.19351     0.18     -0.00     0.18     1 
0130323762   39.98210    -74.15732     0.21      0.01     0.21     1 
0130323763   39.98183    -74.12114    -0.02     -0.02     0.03     1 
0130323764   39.98155    -74.08495    -0.06     -0.01     0.06     1 
0130323830   39.95825    -74.41085     0.11      0.03     0.11     1 
0130323831   39.95806    -74.37468     0.07     -0.05     0.08     1 
0130323832   39.95786    -74.33850     0.08     -0.02     0.08     1 
0130323834   39.95743    -74.26615     0.02      0.03     0.04     1 
0130323835   39.95719    -74.22998     0.09     -0.00     0.09     1 
0130323836   39.95695    -74.19381    -0.00      0.01     0.01     1 
0130323837   39.95669    -74.15763     0.10      0.01     0.10     1 
0130323838   39.95642    -74.12146    -0.03      0.04     0.05     1 
0130323839   39.95614    -74.08529     0.00      0.02     0.02     1 
0130323904   39.93303    -74.44724     0.11     -0.01     0.11     1 
0130323905   39.93285    -74.41107     0.17     -0.00     0.17     1 
0130323906   39.93266    -74.37491     0.01     -0.01     0.02     1 
0130323907   39.93246    -74.33875     0.09      0.04     0.10     1 
0130323908   39.93225    -74.30259     0.02      0.04     0.04     1 
0130323909   39.93202    -74.26643     0.10      0.02     0.10     1 
0130323910   39.93179    -74.23027     0.03     -0.02     0.04     1 
0130323911   39.93154    -74.19410     0.17     -0.06     0.18     1 
0130323912   39.93129    -74.15794    -0.01     -0.04     0.04     1 
0130323913   39.93102    -74.12179    -0.03     -0.03     0.04     1 
0130323979   39.90762    -74.44744     0.07     -0.05     0.09     1 
0130323980   39.90744    -74.41129     0.14      0.04     0.15     1 
0130323981   39.90725    -74.37514     0.18      0.09     0.20     1 
0130323982   39.90705    -74.33899     0.12      0.01     0.12     1 
0130323983   39.90684    -74.30285     0.13     -0.06     0.14     1 
0130323984   39.90662    -74.26670     0.19     -0.05     0.20     1 
0130323985   39.90638    -74.23055     0.05      0.01     0.05     1 
0130323986   39.90614    -74.19440    -0.04     -0.05     0.06     1 
0130323987   39.90588    -74.15826     0.17     -0.03     0.17     1 
0130323988   39.90561    -74.12211    -0.06      0.01     0.06     1 
0130323989   39.90533    -74.08597     0.03     -0.35     0.35     1 
0130324054   39.88221    -74.44764     0.14      0.05     0.14     1 
0130324055   39.88203    -74.41151     0.04      0.08     0.09     1 
0130324056   39.88184    -74.37537    -0.02     -0.07     0.07     1 
0130324057   39.88164    -74.33924     0.05     -0.07     0.09     1 
0130324058   39.88143    -74.30310     0.05     -0.02     0.06     1 
0130324059   39.88121    -74.26697     0.23     -0.04     0.24     1 
0130324060   39.88098    -74.23083    -0.08     -0.06     0.10     1 
0130324061   39.88073    -74.19470     0.16     -0.03     0.17     1 
0130324062   39.88047    -74.15857     0.09     -0.04     0.10     1 
0130324063   39.88021    -74.12243    -0.12     -0.14     0.18     1 
0130324129   39.85681    -74.44785    -0.27     -0.15     0.31     1 
0130324130   39.85663    -74.41173     0.10     -0.02     0.10     1 
0130324131   39.85644    -74.37560     0.03     -0.05     0.05     1 
0130324132   39.85624    -74.33948     0.08      0.03     0.09     1 
0130324133   39.85603    -74.30336    -0.09      0.03     0.09     1 
0130324134   39.85580    -74.26724     0.01      0.00     0.01     1 
0130324135   39.85557    -74.23112     0.06      0.06     0.09     1 
0130324136   39.85533    -74.19500     0.08      0.00     0.08     1 
0130324137   39.85507    -74.15888     0.04      0.03     0.05     1 
0130324138   39.85480    -74.12276    -0.14      0.01     0.14     1 
0130324204   39.83140    -74.44805    -0.01     -0.10     0.10     1 
0130324205   39.83122    -74.41194     0.06     -0.08     0.10     1 
0130324206   39.83103    -74.37583     0.10     -0.03     0.10     1 
0130324207   39.83083    -74.33972     0.07      0.08     0.11     1 
0130324208   39.83062    -74.30362     0.01     -0.05     0.06     1 
0130324209   39.83040    -74.26751     0.07      0.06     0.09     1 
0130324210   39.83017    -74.23140    -0.03     -0.02     0.04     1 
0130324211   39.82992    -74.19529    -0.02      0.01     0.03     1 
0130324212   39.82966    -74.15919    -0.06     -0.03     0.07     1 
0130324278   39.80616    -74.48435     0.07      0.06     0.09     1 
0130324279   39.80599    -74.44825     0.10      0.06     0.12     1 
0130324280   39.80581    -74.41216     0.02     -0.02     0.03     1 
0130324281   39.80562    -74.37606     0.01      0.14     0.14     1 
0130324282   39.80542    -74.33997     0.04      0.02     0.05     1 
0130324283   39.80521    -74.30387     0.18      0.11     0.21     1 
0130324284   39.80499    -74.26778     0.06      0.09     0.11     1 
0130324285   39.80476    -74.23168     0.07      0.03     0.08     1 
0130324286   39.80451    -74.19559     0.00     -0.02     0.02     1 
0130324287   39.80426    -74.15950    -0.16      0.15     0.22     1 
0130324288   39.80399    -74.12340    -0.16      0.00     0.16     1 
0130324353   39.78075    -74.48454     0.06      0.12     0.14     1 
0130324354   39.78058    -74.44846     0.07      0.08     0.11     1 
0130324355   39.78041    -74.41237     0.02      0.05     0.06     1 
0130324356   39.78022    -74.37629     0.05     -0.01     0.05     1 
0130324357   39.78002    -74.34021     0.17      0.06     0.18     1 
0130324358   39.77981    -74.30413     0.01      0.01     0.01     1 
0130324360   39.77935    -74.23197     0.11      0.05     0.12     1 
0130324361   39.77911    -74.19589     0.09      0.11     0.14     1 
0130324363   39.77858    -74.12373    -0.07      0.22     0.23     1 
0130324428   39.75534    -74.48473     0.11      0.05     0.12     1 
0130324429   39.75518    -74.44866     0.11      0.06     0.12     1 
0130324430   39.75500    -74.41259     0.12      0.06     0.13     1 
0130324431   39.75481    -74.37652     0.09     -0.04     0.10     1 
0130324432   39.75461    -74.34045     0.08      0.07     0.11     1 
0130324433   39.75440    -74.30438     0.18      0.03     0.18     1 
0130324434   39.75418    -74.26832     0.15      0.13     0.19     1 
0130324435   39.75395    -74.23225     0.12      0.01     0.12     1 
0130324436   39.75370    -74.19618    -0.05      0.08     0.10     1 
0130324438   39.75318    -74.12405     0.09      0.04     0.10     1 
0130324503   39.72993    -74.48492     0.01      0.13     0.13     1 
0130324504   39.72977    -74.44886     0.03      0.02     0.04     1 
0130324505   39.72959    -74.41281     0.01      0.12     0.12     1 
0130324507   39.72920    -74.34069     0.21      0.18     0.28     1 
0130324508   39.72899    -74.30464     0.19      0.07     0.20     1 
0130324509   39.72877    -74.26859     0.15      0.09     0.18     1 
0130324510   39.72854    -74.23253     0.17      0.08     0.19     1 
0130324511   39.72830    -74.19648     0.01      0.09     0.09     1 
0130324512   39.72804    -74.16042     0.04      0.08     0.09     1 
0130324577   39.70468    -74.52115     0.11      0.14     0.18     1 
0130324578   39.70453    -74.48511     0.08      0.01     0.08     1 
0130324580   39.70418    -74.41302    -0.16      0.01     0.16     1 
0130324581   39.70400    -74.37698    -0.01      0.01     0.02     1 
0130324582   39.70380    -74.34094     0.07      0.05     0.08     1 
0130324583   39.70359    -74.30490     0.10     -0.05     0.12     1 
0130324585   39.70313    -74.23281     0.13      0.05     0.14     1 
0130324586   39.70289    -74.19677     0.03      0.12     0.12     1 
0130324587   39.70263    -74.16073     0.06      0.10     0.11     1 
0130324652   39.67927    -74.52133     0.02      0.06     0.06     1 
0130324653   39.67912    -74.48530     0.01      0.27     0.27     1 
0130324655   39.67878    -74.41324     0.00      0.10     0.10     1 
0130324656   39.67859    -74.37721     0.09      0.05     0.11     1 
0130324657   39.67839    -74.34118    -0.09     -0.02     0.09     1 
0130324659   39.67796    -74.26912     0.12      0.03     0.12     1 
0130324660   39.67773    -74.23309    -0.01      0.03     0.04     1 
0130324661   39.67748    -74.19707     0.01      0.02     0.02     1 
0130324730   39.65337    -74.41345    -0.00      0.11     0.11     1 
0130324731   39.65318    -74.37744     0.07      0.08     0.11     1 
0130324732   39.65298    -74.34142     0.11      0.13     0.18     1 
0130324733   39.65277    -74.30540     0.14      0.04     0.15     1 
0130324734   39.65255    -74.26939     0.01      0.07     0.07     1 
0130324735   39.65232    -74.23337     0.02      0.08     0.08     1 
0130324736   39.65208    -74.19736     0.05      0.08     0.09     1 
0130324811   39.62667    -74.19765    -0.11     -0.14     0.18     1 
----------------------------------------------------------------------
---------------------------------------------------
Total correlated GCPs in Upper Left Quadrant: 543

GCP statistics this quadrant only (in Pixels)
Line residual statistics:
  Mean: 0.034
  Median: 0.046
  Standard Deviation: 0.120

Sample residual statistics:
  Mean: 0.002
  Median: -0.000
  Standard Deviation: 0.074

Quadrant RMSE: 0.145

---------------------------------------------------
Total correlated GCPs in Upper Right Quadrant: 153

GCP statistics this quadrant only (in Pixels)
Line residual statistics:
  Mean: 0.032
  Median: 0.046
  Standard Deviation: 0.121

Sample residual statistics:
  Mean: -0.025
  Median: -0.021
  Standard Deviation: 0.067

Quadrant RMSE: 0.144

---------------------------------------------------
Total correlated GCPs in Lower Left Quadrant: 295

GCP statistics this quadrant only (in Pixels)
Line residual statistics:
  Mean: 0.081
  Median: 0.089
  Standard Deviation: 0.095

Sample residual statistics:
  Mean: -0.009
  Median: -0.012
  Standard Deviation: 0.081

Quadrant RMSE: 0.149

---------------------------------------------------
Total correlated GCPs in Lower Right Quadrant: 0

GCP statistics this quadrant only (in Pixels)
Line residual statistics:
  Mean: 0.000
  Median: 0.000
  Standard Deviation: 0.000

Sample residual statistics:
  Mean: 0.000
  Median: 0.000
  Standard Deviation: 0.000

Quadrant RMSE: 0.000

---------------------------------------------------
---------------------------------------------------
Total correlated GCPs in scene: 992

GCP statistics entire scene (in Pixels)
Line residual statistics:
  Mean: 0.047
  Median: 0.059
  Standard Deviation: 0.115

Sample residual statistics:
  Mean: -0.006
  Median: -0.008
  Standard Deviation: 0.075

Scene RMSE: 0.146

