==============================================================================
==============================================================================
Tue. Sep. 27 2016                  LANDSAT 5                       Time: 00:25
                            Image Assessment System
                            GEOMETRIC VERIFY Report
==============================================================================
Order ID: 0501609252927_07099                          Path / Row - 13 / 32
Reference Image: L51XXX1095208141100_HDF.L1G

Color mapping per rank
----------------------
Rank  1 is Green: total residual <= 0.5
Rank  2 is Cyan: 0.5 < total residual <=  1
Rank  3 is Blue:  1 < total residual <=  2
Rank  4 is Yellow:  2 < total residual <=  3
Rank  5 is Red:  3 < total residual

Percentage of residuals by rank
-------------------------------
Rank   1 -- 100.0%
Rank   2 --  0.0%
Rank   3 --  0.0%
Rank   4 --  0.0%
Rank   5 --  0.0%

       GCP    Latitude    Longitude  Sample   Line     Total    Rank
        ID                           Residual Residual Residual
              (Degree)    (Degree)   (Pixel)  (Pixel)  (Pixel)
----------------------------------------------------------------------
0130320093   41.26458    -74.13460    -0.17      0.03     0.17     1 
0130320167   41.23945    -74.17181    -0.20      0.13     0.24     1 
0130320174   41.23731    -73.91372     0.13     -0.01     0.13     1 
0130320175   41.23696    -73.87685    -0.14      0.04     0.14     1 
0130320176   41.23659    -73.83999    -0.27      0.07     0.28     1 
0130320242   41.21406    -74.17213     0.00     -0.03     0.03     1 
0130320243   41.21378    -74.13527     0.02     -0.17     0.17     1 
0130320250   41.21156    -73.87729     0.16     -0.06     0.17     1 
0130320254   41.21003    -73.72988     0.12     -0.04     0.12     1 
0130320256   41.20919    -73.65619     0.34     -0.18     0.38     1 
0130320317   41.18865    -74.17245     0.03      0.01     0.03     1 
0130320320   41.18781    -74.06192     0.14      0.01     0.14     1 
0130320322   41.18718    -73.98824     0.09     -0.13     0.16     1 
0130320323   41.18686    -73.95140    -0.28      0.03     0.28     1 
0130320325   41.18616    -73.87772    -0.14      0.02     0.14     1 
0130320331   41.18379    -73.65671    -0.08     -0.03     0.09     1 
0130320332   41.18336    -73.61987     0.10     -0.04     0.10     1 
0130320333   41.18291    -73.58304    -0.20      0.08     0.21     1 
0130320334   41.18245    -73.54621    -0.10     -0.10     0.14     1 
0130320335   41.18198    -73.50938     0.04      0.03     0.05     1 
0130320336   41.18150    -73.47255    -0.04      0.05     0.06     1 
0130320337   41.18100    -73.43572     0.13     -0.02     0.13     1 
0130320394   41.16270    -74.09911    -0.01      0.04     0.04     1 
0130320397   41.16179    -73.98863     0.14     -0.03     0.14     1 
0130320398   41.16146    -73.95180     0.28     -0.14     0.32     1 
0130320400   41.16076    -73.87816    -0.10      0.10     0.14     1 
0130320402   41.16002    -73.80451     0.09     -0.06     0.10     1 
0130320403   41.15963    -73.76769     0.08      0.09     0.12     1 
0130320404   41.15923    -73.73087     0.30     -0.09     0.31     1 
0130320405   41.15882    -73.69405     0.03      0.15     0.15     1 
0130320407   41.15796    -73.62041    -0.08      0.04     0.09     1 
0130320408   41.15752    -73.58359     0.04      0.01     0.04     1 
0130320409   41.15706    -73.54677     0.16     -0.13     0.21     1 
0130320410   41.15659    -73.50995     0.20     -0.03     0.21     1 
0130320411   41.15610    -73.47314     0.26     -0.07     0.27     1 
0130320412   41.15561    -73.43632     0.17     -0.08     0.19     1 
0130320413   41.15511    -73.39951     0.27     -0.10     0.28     1 
0130320414   41.15459    -73.36270     0.18      0.06     0.19     1 
0130320416   41.15352    -73.28907     0.32     -0.08     0.33     1 
0130320417   41.15297    -73.25226     0.13     -0.06     0.14     1 
0130320469   41.13730    -74.09946     0.28     -0.02     0.28     1 
0130320472   41.13639    -73.98902     0.11      0.00     0.11     1 
0130320474   41.13572    -73.91540     0.08     -0.04     0.09     1 
0130320475   41.13537    -73.87859    -0.28      0.14     0.31     1 
0130320476   41.13500    -73.84178     0.23     -0.06     0.24     1 
0130320478   41.13424    -73.76816     0.12      0.00     0.12     1 
0130320481   41.13300    -73.65774    -0.07      0.00     0.07     1 
0130320482   41.13257    -73.62094    -0.02      0.02     0.03     1 
0130320483   41.13212    -73.58414    -0.04      0.08     0.09     1 
0130320484   41.13166    -73.54733     0.00      0.10     0.10     1 
0130320485   41.13119    -73.51053     0.17      0.07     0.18     1 
0130320486   41.13071    -73.47373     0.23      0.04     0.23     1 
0130320488   41.12971    -73.40013     0.16      0.09     0.18     1 
0130320489   41.12920    -73.36333     0.03      0.03     0.05     1 
0130320490   41.12867    -73.32653     0.24     -0.03     0.25     1 
0130320491   41.12813    -73.28973    -0.30      0.04     0.31     1 
0130320492   41.12757    -73.25294    -0.40     -0.16     0.43     1 
0130320543   41.11219    -74.13661    -0.07      0.17     0.18     1 
0130320547   41.11099    -73.98941     0.26     -0.04     0.26     1 
0130320548   41.11066    -73.95261    -0.02     -0.06     0.06     1 
0130320550   41.10997    -73.87902     0.09      0.07     0.11     1 
0130320551   41.10960    -73.84223     0.23     -0.10     0.25     1 
0130320552   41.10923    -73.80543     0.33     -0.05     0.33     1 
0130320553   41.10884    -73.76864     0.15     -0.07     0.16     1 
0130320554   41.10844    -73.73185    -0.08     -0.01     0.08     1 
0130320556   41.10761    -73.65826     0.03      0.01     0.03     1 
0130320557   41.10717    -73.62147     0.16      0.00     0.16     1 
0130320558   41.10673    -73.58468     0.06     -0.06     0.08     1 
0130320559   41.10627    -73.54789     0.13     -0.03     0.14     1 
0130320560   41.10580    -73.51110     0.12     -0.01     0.12     1 
0130320561   41.10532    -73.47432     0.21     -0.02     0.21     1 
0130320563   41.10432    -73.40074    -0.07      0.04     0.08     1 
0130320564   41.10380    -73.36396    -0.30      0.04     0.30     1 
0130320565   41.10327    -73.32718    -0.40      0.10     0.41     1 
0130320617   41.08705    -74.17372     0.05      0.03     0.06     1 
0130320618   41.08679    -74.13694    -0.01     -0.04     0.04     1 
0130320620   41.08621    -74.06337     0.17     -0.02     0.17     1 
0130320621   41.08591    -74.02658     0.15      0.10     0.18     1 
0130320623   41.08526    -73.95302     0.00     -0.02     0.02     1 
0130320625   41.08457    -73.87945    -0.07     -0.20     0.21     1 
0130320626   41.08421    -73.84267     0.03     -0.05     0.06     1 
0130320627   41.08383    -73.80589     0.15     -0.07     0.16     1 
0130320628   41.08344    -73.76911    -0.03     -0.03     0.04     1 
0130320629   41.08304    -73.73233    -0.34      0.03     0.34     1 
0130320633   41.08133    -73.58522     0.08      0.02     0.08     1 
0130320634   41.08087    -73.54845     0.15      0.04     0.16     1 
0130320635   41.08040    -73.51168     0.10      0.07     0.12     1 
0130320636   41.07992    -73.47490     0.13      0.02     0.14     1 
0130320637   41.07943    -73.43813     0.15     -0.03     0.15     1 
0130320638   41.07893    -73.40136    -0.26     -0.12     0.29     1 
0130320639   41.07841    -73.36459    -0.22     -0.21     0.30     1 
0130320691   41.06191    -74.21081     0.23     -0.09     0.24     1 
0130320692   41.06166    -74.17404     0.22     -0.13     0.26     1 
0130320693   41.06139    -74.13727     0.07      0.00     0.07     1 
0130320694   41.06110    -74.10050     0.17     -0.03     0.18     1 
0130320696   41.06051    -74.02696     0.15     -0.06     0.16     1 
0130320697   41.06019    -73.99019     0.21     -0.06     0.22     1 
0130320698   41.05986    -73.95342     0.01      0.01     0.02     1 
0130320701   41.05881    -73.84312    -0.03      0.01     0.04     1 
0130320702   41.05843    -73.80635     0.10     -0.07     0.12     1 
0130320703   41.05805    -73.76959    -0.15     -0.11     0.19     1 
0130320704   41.05765    -73.73282     0.12     -0.14     0.19     1 
0130320706   41.05682    -73.65929     0.20     -0.06     0.21     1 
0130320707   41.05638    -73.62253     0.14     -0.01     0.14     1 
0130320708   41.05594    -73.58577     0.12     -0.04     0.13     1 
0130320710   41.05501    -73.51225    -0.08      0.04     0.09     1 
0130320711   41.05453    -73.47549    -0.23     -0.05     0.24     1 
0130320713   41.05353    -73.40197    -0.42     -0.15     0.45     1 
0130320739   41.03632    -72.44668    -0.24     -0.11     0.26     1 
0130320769   41.03571    -74.10084     0.21      0.08     0.22     1 
0130320770   41.03541    -74.06409     0.16      0.00     0.16     1 
0130320771   41.03511    -74.02733     0.13     -0.05     0.14     1 
0130320772   41.03479    -73.99058     0.16     -0.06     0.17     1 
0130320773   41.03446    -73.95382     0.24     -0.01     0.24     1 
0130320774   41.03412    -73.91707    -0.06     -0.14     0.15     1 
0130320776   41.03341    -73.84356    -0.03     -0.06     0.07     1 
0130320777   41.03303    -73.80681     0.12     -0.07     0.13     1 
0130320780   41.03184    -73.69656     0.15     -0.05     0.16     1 
0130320783   41.03054    -73.58631    -0.05      0.03     0.05     1 
0130320784   41.03008    -73.54957    -0.11     -0.05     0.12     1 
0130320785   41.02962    -73.51282    -0.19     -0.38     0.43     1 
0130320811   41.01333    -72.55780     0.01      0.05     0.05     1 
0130320813   41.01175    -72.48437    -0.03      0.05     0.05     1 
0130320816   41.00929    -72.37424    -0.00      0.00     0.00     1 
0130320817   41.00845    -72.33754    -0.38     -0.23     0.44     1 
0130320818   41.00760    -72.30083    -0.21     -0.15     0.26     1 
0130320819   41.00673    -72.26413    -0.15     -0.10     0.18     1 
0130320841   41.01111    -74.21142     0.06      0.05     0.07     1 
0130320844   41.01031    -74.10119     0.10      0.04     0.11     1 
0130320845   41.01001    -74.06445     0.24     -0.00     0.24     1 
0130320846   41.00971    -74.02771     0.14      0.09     0.17     1 
0130320847   41.00939    -73.99097    -0.12      0.05     0.13     1 
0130320848   41.00906    -73.95422     0.14      0.05     0.15     1 
0130320849   41.00873    -73.91748     0.24     -0.04     0.24     1 
0130320851   41.00801    -73.84401     0.11     -0.05     0.12     1 
0130320852   41.00764    -73.80727     0.05     -0.02     0.05     1 
0130320853   41.00725    -73.77053    -0.05      0.02     0.05     1 
0130320854   41.00685    -73.73380     0.23     -0.06     0.24     1 
0130320856   41.00602    -73.66032    -0.04      0.01     0.05     1 
0130320857   41.00559    -73.62359    -0.34     -0.09     0.35     1 
0130320858   41.00515    -73.58686    -0.35      0.06     0.36     1 
0130320886   40.98795    -72.55874     0.26      0.12     0.29     1 
0130320887   40.98717    -72.52204    -0.17     -0.02     0.17     1 
0130320888   40.98637    -72.48534    -0.20     -0.03     0.20     1 
0130320891   40.98392    -72.37525     0.08     -0.17     0.19     1 
0130320893   40.98222    -72.30187     0.02     -0.05     0.05     1 
0130320896   40.97959    -72.19180     0.23      0.02     0.23     1 
0130320897   40.97869    -72.15512     0.16      0.00     0.16     1 
0130320915   40.98596    -74.24845     0.02      0.16     0.16     1 
0130320916   40.98571    -74.21172     0.04     -0.05     0.06     1 
0130320918   40.98519    -74.13826     0.08     -0.02     0.08     1 
0130320919   40.98490    -74.10153     0.10     -0.00     0.10     1 
0130320920   40.98461    -74.06481     0.17     -0.06     0.18     1 
0130320922   40.98399    -73.99135    -0.11     -0.03     0.11     1 
0130320923   40.98367    -73.95462     0.02     -0.03     0.04     1 
0130320924   40.98333    -73.91790     0.25     -0.10     0.27     1 
0130320926   40.98261    -73.84445     0.12      0.02     0.12     1 
0130320927   40.98224    -73.80773     0.12     -0.02     0.12     1 
0130320930   40.98105    -73.69756     0.35     -0.10     0.37     1 
0130320931   40.98063    -73.66084    -0.33     -0.23     0.40     1 
0130320932   40.98020    -73.62412    -0.12      0.01     0.12     1 
0130320945   40.97351    -73.14684     0.09      0.21     0.23     1 
0130320946   40.97291    -73.11013    -0.00     -0.13     0.13     1 
0130320947   40.97230    -73.07343     0.00     -0.06     0.06     1 
0130320948   40.97169    -73.03672     0.05      0.02     0.05     1 
0130320964   40.96019    -72.44962    -0.13     -0.02     0.13     1 
0130320965   40.95937    -72.41294    -0.28      0.21     0.35     1 
0130320966   40.95854    -72.37626     0.13      0.06     0.14     1 
0130320967   40.95770    -72.33958    -0.11     -0.04     0.12     1 
0130320968   40.95685    -72.30290     0.21      0.09     0.23     1 
0130320969   40.95598    -72.26623     0.22     -0.01     0.22     1 
0130320971   40.95422    -72.19288    -0.09     -0.08     0.12     1 
0130320990   40.96055    -74.24874    -0.12      0.07     0.14     1 
0130320991   40.96031    -74.21202     0.02      0.09     0.09     1 
0130320992   40.96005    -74.17531     0.07      0.01     0.08     1 
0130320993   40.95978    -74.13859     0.18      0.04     0.18     1 
0130320994   40.95950    -74.10188     0.19      0.07     0.20     1 
0130320995   40.95921    -74.06516     0.05      0.06     0.08     1 
0130320996   40.95891    -74.02845     0.11      0.03     0.11     1 
0130320997   40.95859    -73.99174     0.18     -0.01     0.18     1 
0130320998   40.95827    -73.95503     0.25     -0.01     0.25     1 
0130321000   40.95758    -73.88160    -0.14     -0.04     0.14     1 
0130321001   40.95722    -73.84489     0.00     -0.03     0.03     1 
0130321002   40.95684    -73.80818     0.04     -0.04     0.06     1 
0130321003   40.95646    -73.77147     0.16     -0.02     0.16     1 
0130321004   40.95606    -73.73477    -0.06      0.05     0.08     1 
0130321005   40.95565    -73.69806    -0.02     -0.11     0.11     1 
0130321013   40.95196    -73.40443     0.24      0.25     0.35     1 
0130321020   40.94812    -73.14755    -0.13      0.35     0.38     1 
0130321021   40.94752    -73.11086    -0.09      0.02     0.09     1 
0130321022   40.94692    -73.07416     0.10      0.19     0.21     1 
0130321023   40.94630    -73.03747     0.09     -0.02     0.09     1 
0130321024   40.94567    -73.00078     0.17     -0.18     0.25     1 
0130321025   40.94502    -72.96410     0.24      0.00     0.24     1 
0130321026   40.94437    -72.92741     0.31     -0.10     0.33     1 
0130321027   40.94371    -72.89072     0.26     -0.22     0.35     1 
0130321028   40.94303    -72.85404     0.19     -0.08     0.21     1 
0130321029   40.94234    -72.81736     0.27      0.00     0.27     1 
0130321030   40.94164    -72.78067     0.26     -0.07     0.27     1 
0130321032   40.94020    -72.70731     0.10     -0.11     0.15     1 
0130321033   40.93947    -72.67064    -0.09      0.10     0.14     1 
0130321039   40.93481    -72.45060     0.16     -0.15     0.22     1 
0130321040   40.93399    -72.41393    -0.07     -0.14     0.15     1 
0130321045   40.92973    -72.23061     0.06      0.13     0.14     1 
0130321065   40.93515    -74.24903     0.13      0.02     0.13     1 
0130321066   40.93491    -74.21233     0.15      0.02     0.15     1 
0130321067   40.93465    -74.17562    -0.06      0.09     0.10     1 
0130321069   40.93410    -74.10222     0.12      0.01     0.12     1 
0130321070   40.93381    -74.06552     0.17     -0.08     0.19     1 
0130321071   40.93351    -74.02882     0.03     -0.09     0.09     1 
0130321072   40.93319    -73.99213     0.12      0.02     0.12     1 
0130321073   40.93287    -73.95543     0.11     -0.07     0.13     1 
0130321075   40.93218    -73.88203     0.08     -0.03     0.09     1 
0130321076   40.93182    -73.84534     0.02      0.02     0.03     1 
0130321078   40.93106    -73.77195     0.02     -0.05     0.06     1 
0130321079   40.93066    -73.73525    -0.12     -0.21     0.25     1 
0130321080   40.93025    -73.69856    -0.16     -0.07     0.17     1 
0130321086   40.92756    -73.47841     0.26     -0.10     0.28     1 
0130321087   40.92707    -73.44173     0.01     -0.14     0.14     1 
0130321089   40.92605    -73.36835    -0.26     -0.25     0.36     1 
0130321090   40.92553    -73.33167     0.35      0.02     0.35     1 
0130321095   40.92273    -73.14826     0.18     -0.12     0.22     1 
0130321096   40.92213    -73.11158     0.20      0.01     0.20     1 
0130321097   40.92153    -73.07490     0.26      0.04     0.26     1 
0130321114   40.90943    -72.45157    -0.07     -0.09     0.12     1 
0130321116   40.90779    -72.37827    -0.03     -0.03     0.05     1 
0130321117   40.90695    -72.34162    -0.15     -0.07     0.16     1 
0130321118   40.90610    -72.30496     0.43     -0.06     0.43     1 
0130321140   40.90975    -74.24932     0.03      0.05     0.06     1 
0130321141   40.90951    -74.21263     0.07      0.04     0.08     1 
0130321142   40.90925    -74.17594    -0.13      0.08     0.15     1 
0130321143   40.90898    -74.13925    -0.03      0.07     0.07     1 
0130321144   40.90870    -74.10257    -0.06      0.01     0.06     1 
0130321145   40.90841    -74.06588     0.11      0.05     0.12     1 
0130321146   40.90811    -74.02920    -0.06      0.01     0.06     1 
0130321147   40.90780    -73.99251     0.20     -0.04     0.20     1 
0130321148   40.90747    -73.95583     0.06      0.01     0.06     1 
0130321150   40.90678    -73.88246     0.20     -0.06     0.21     1 
0130321153   40.90566    -73.77241    -0.20     -0.10     0.22     1 
0130321157   40.90401    -73.62570     0.18      0.02     0.18     1 
0130321158   40.90356    -73.58902     0.05      0.16     0.16     1 
0130321159   40.90311    -73.55235     0.03     -0.19     0.19     1 
0130321160   40.90264    -73.51567    -0.21     -0.22     0.30     1 
0130321162   40.90167    -73.44232     0.04     -0.16     0.16     1 
0130321163   40.90117    -73.40565     0.27      0.00     0.27     1 
0130321164   40.90066    -73.36898     0.06     -0.01     0.06     1 
0130321165   40.90014    -73.33231     0.01      0.04     0.04     1 
0130321167   40.89905    -73.25897     0.28      0.04     0.28     1 
0130321168   40.89849    -73.22230    -0.11      0.08     0.14     1 
0130321169   40.89792    -73.18563     0.27      0.07     0.28     1 
0130321170   40.89734    -73.14897     0.40     -0.01     0.40     1 
0130321171   40.89674    -73.11230     0.12     -0.09     0.15     1 
0130321189   40.88405    -72.45255    -0.10     -0.17     0.19     1 
0130321190   40.88324    -72.41591     0.08     -0.05     0.09     1 
0130321191   40.88241    -72.37927     0.23      0.04     0.24     1 
0130321192   40.88157    -72.34263     0.02     -0.04     0.04     1 
0130321215   40.88435    -74.24960    -0.13      0.02     0.13     1 
0130321216   40.88411    -74.21293    -0.03      0.04     0.05     1 
0130321217   40.88385    -74.17625     0.04     -0.01     0.04     1 
0130321218   40.88358    -74.13958    -0.09      0.05     0.11     1 
0130321219   40.88330    -74.10291    -0.01     -0.07     0.07     1 
0130321220   40.88301    -74.06624     0.00     -0.05     0.05     1 
0130321221   40.88271    -74.02957    -0.04     -0.02     0.05     1 
0130321222   40.88240    -73.99290    -0.10     -0.01     0.10     1 
0130321223   40.88207    -73.95623     0.20     -0.04     0.20     1 
0130321224   40.88173    -73.91956    -0.10      0.02     0.10     1 
0130321227   40.88065    -73.80955     0.03      0.12     0.13     1 
0130321228   40.88026    -73.77288    -0.36     -0.13     0.38     1 
0130321232   40.87861    -73.62622     0.18     -0.04     0.19     1 
0130321233   40.87817    -73.58956     0.20     -0.04     0.20     1 
0130321234   40.87771    -73.55290     0.17     -0.09     0.19     1 
0130321235   40.87725    -73.51624    -0.00      0.19     0.19     1 
0130321236   40.87677    -73.47958    -0.01      0.08     0.08     1 
0130321245   40.87195    -73.14967     0.08     -0.00     0.08     1 
0130321259   40.86257    -72.63667     0.18      0.07     0.19     1 
0130321260   40.86182    -72.60004     0.16     -0.02     0.16     1 
0130321261   40.86105    -72.56341     0.13     -0.03     0.13     1 
0130321262   40.86027    -72.52678    -0.11      0.07     0.13     1 
0130321263   40.85948    -72.49015    -0.03     -0.10     0.10     1 
0130321265   40.85786    -72.41689    -0.05     -0.06     0.08     1 
0130321289   40.85918    -74.28655     0.09     -0.01     0.09     1 
0130321290   40.85895    -74.24989     0.23     -0.04     0.24     1 
0130321291   40.85871    -74.21323     0.16     -0.04     0.16     1 
0130321292   40.85845    -74.17657     0.11      0.04     0.12     1 
0130321293   40.85818    -74.13991    -0.00      0.04     0.04     1 
0130321294   40.85790    -74.10325    -0.03      0.02     0.04     1 
0130321295   40.85761    -74.06660    -0.10      0.03     0.11     1 
0130321296   40.85731    -74.02994    -0.09      0.01     0.09     1 
0130321297   40.85699    -73.99328     0.02      0.06     0.06     1 
0130321299   40.85633    -73.91997     0.16     -0.15     0.22     1 
0130321300   40.85598    -73.88331     0.09     -0.07     0.11     1 
0130321303   40.85487    -73.77335    -0.18     -0.17     0.25     1 
0130321304   40.85447    -73.73670    -0.16      0.41     0.44     1 
0130321305   40.85406    -73.70005     0.21     -0.01     0.21     1 
0130321307   40.85321    -73.62675     0.08     -0.05     0.09     1 
0130321308   40.85277    -73.59010     0.33     -0.07     0.34     1 
0130321309   40.85232    -73.55345     0.33     -0.08     0.33     1 
0130321332   40.83867    -72.71082     0.08      0.37     0.38     1 
0130321333   40.83794    -72.67419     0.13     -0.08     0.15     1 
0130321334   40.83719    -72.63757    -0.00     -0.03     0.04     1 
0130321335   40.83644    -72.60095     0.15     -0.01     0.15     1 
0130321336   40.83567    -72.56434    -0.13     -0.10     0.16     1 
0130321364   40.83378    -74.28682     0.14     -0.06     0.16     1 
0130321365   40.83355    -74.25018     0.06     -0.09     0.11     1 
0130321366   40.83330    -74.21353     0.10     -0.05     0.11     1 
0130321367   40.83305    -74.17688     0.19     -0.02     0.19     1 
0130321368   40.83278    -74.14024    -0.08     -0.01     0.08     1 
0130321369   40.83250    -74.10359    -0.04     -0.06     0.07     1 
0130321370   40.83221    -74.06695    -0.08      0.04     0.09     1 
0130321371   40.83191    -74.03031    -0.12      0.04     0.13     1 
0130321372   40.83160    -73.99366     0.15     -0.05     0.15     1 
0130321374   40.83093    -73.92038     0.07     -0.12     0.14     1 
0130321377   40.82985    -73.81046    -0.01     -0.35     0.35     1 
0130321379   40.82907    -73.73718     0.04     -0.05     0.06     1 
0130321380   40.82867    -73.70055    -0.22      0.31     0.38     1 
0130321381   40.82825    -73.66391     0.14      0.14     0.20     1 
0130321382   40.82782    -73.62727     0.16      0.00     0.16     1 
0130321383   40.82738    -73.59064     0.23     -0.17     0.29     1 
0130321387   40.82549    -73.44411     0.25      0.11     0.27     1 
0130321392   40.82288    -73.26096     0.03      0.05     0.06     1 
0130321394   40.82175    -73.18771     0.11     -0.01     0.11     1 
0130321396   40.82057    -73.11446    -0.18      0.01     0.18     1 
0130321397   40.81997    -73.07784     0.12      0.04     0.13     1 
0130321404   40.81541    -72.82152     0.21     -0.05     0.21     1 
0130321405   40.81471    -72.78491     0.14      0.11     0.18     1 
0130321406   40.81401    -72.74830     0.25      0.04     0.25     1 
0130321407   40.81329    -72.71169     0.13     -0.03     0.13     1 
0130321408   40.81255    -72.67508     0.12     -0.02     0.13     1 
0130321409   40.81181    -72.63847     0.03      0.06     0.06     1 
0130321410   40.81105    -72.60187     0.11      0.01     0.11     1 
0130321439   40.80838    -74.28709     0.21     -0.09     0.23     1 
0130321440   40.80815    -74.25046     0.02      0.01     0.02     1 
0130321441   40.80790    -74.21383     0.02      0.04     0.05     1 
0130321442   40.80765    -74.17720     0.20      0.04     0.20     1 
0130321443   40.80738    -74.14057     0.02      0.01     0.02     1 
0130321444   40.80710    -74.10394    -0.12     -0.07     0.14     1 
0130321445   40.80681    -74.06731    -0.21     -0.02     0.21     1 
0130321446   40.80651    -74.03068    -0.19     -0.09     0.21     1 
0130321447   40.80620    -73.99405    -0.11     -0.08     0.13     1 
0130321448   40.80587    -73.95742     0.14     -0.18     0.23     1 
0130321449   40.80553    -73.92079    -0.03     -0.04     0.05     1 
0130321451   40.80482    -73.84754    -0.34      0.03     0.34     1 
0130321452   40.80445    -73.81091    -0.36     -0.14     0.38     1 
0130321454   40.80367    -73.73767     0.05     -0.03     0.06     1 
0130321455   40.80327    -73.70104    -0.02      0.11     0.12     1 
0130321456   40.80285    -73.66442    -0.08     -0.04     0.09     1 
0130321458   40.80198    -73.59118     0.32     -0.03     0.32     1 
0130321459   40.80152    -73.55455     0.19      0.05     0.19     1 
0130321463   40.79960    -73.40808     0.04     -0.00     0.04     1 
0130321464   40.79909    -73.37147     0.14     -0.07     0.15     1 
0130321465   40.79856    -73.33485     0.16     -0.02     0.16     1 
0130321466   40.79803    -73.29824     0.14     -0.01     0.14     1 
0130321468   40.79693    -73.22501    -0.08     -0.03     0.09     1 
0130321471   40.79518    -73.11518     0.03     -0.11     0.11     1 
0130321472   40.79458    -73.07857     0.19     -0.02     0.19     1 
0130321473   40.79396    -73.04197     0.11      0.07     0.13     1 
0130321474   40.79334    -73.00536     0.12     -0.01     0.12     1 
0130321475   40.79270    -72.96876     0.20     -0.05     0.20     1 
0130321477   40.79138    -72.89555     0.12      0.02     0.12     1 
0130321478   40.79071    -72.85895     0.15     -0.01     0.15     1 
0130321479   40.79003    -72.82235    -0.04      0.02     0.04     1 
0130321480   40.78933    -72.78575     0.01     -0.06     0.06     1 
0130321481   40.78862    -72.74916    -0.08     -0.03     0.08     1 
0130321482   40.78790    -72.71256    -0.28     -0.26     0.38     1 
0130321514   40.78298    -74.28737     0.28     -0.13     0.31     1 
0130321515   40.78274    -74.25075     0.19     -0.06     0.20     1 
0130321516   40.78250    -74.21413     0.10     -0.03     0.11     1 
0130321517   40.78225    -74.17751     0.07      0.03     0.08     1 
0130321518   40.78198    -74.14090     0.03     -0.06     0.07     1 
0130321519   40.78170    -74.10428    -0.27     -0.04     0.28     1 
0130321520   40.78141    -74.06766    -0.07      0.16     0.18     1 
0130321521   40.78111    -74.03105     0.03     -0.03     0.04     1 
0130321522   40.78079    -73.99443    -0.24     -0.14     0.28     1 
0130321523   40.78047    -73.95782     0.05     -0.16     0.17     1 
0130321524   40.78013    -73.92120    -0.44     -0.07     0.44     1 
0130321525   40.77978    -73.88459    -0.23      0.05     0.23     1 
0130321526   40.77943    -73.84798    -0.16     -0.02     0.16     1 
0130321527   40.77905    -73.81137     0.00      0.03     0.03     1 
0130321529   40.77828    -73.73815    -0.02      0.08     0.08     1 
0130321530   40.77787    -73.70154     0.26     -0.05     0.26     1 
0130321531   40.77745    -73.66493    -0.03     -0.06     0.06     1 
0130321536   40.77519    -73.48189     0.11     -0.04     0.11     1 
0130321537   40.77470    -73.44529    -0.23      0.06     0.24     1 
0130321539   40.77369    -73.37209     0.15      0.03     0.15     1 
0130321541   40.77264    -73.29888     0.16      0.08     0.17     1 
0130321542   40.77209    -73.26229     0.06     -0.04     0.07     1 
0130321543   40.77153    -73.22569     0.17     -0.02     0.17     1 
0130321544   40.77096    -73.18909     0.11      0.05     0.12     1 
0130321545   40.77038    -73.15250     0.23      0.09     0.24     1 
0130321546   40.76979    -73.11590     0.19     -0.06     0.20     1 
0130321547   40.76919    -73.07931     0.07      0.03     0.07     1 
0130321548   40.76857    -73.04271     0.11      0.01     0.11     1 
0130321549   40.76795    -73.00612     0.07     -0.02     0.07     1 
0130321550   40.76731    -72.96953     0.15     -0.03     0.15     1 
0130321551   40.76666    -72.93294     0.08     -0.06     0.10     1 
0130321552   40.76600    -72.89635     0.23     -0.06     0.24     1 
0130321554   40.76464    -72.82318     0.08     -0.07     0.11     1 
0130321556   40.76324    -72.75002     0.20     -0.14     0.24     1 
0130321589   40.75757    -74.28764     0.10     -0.03     0.10     1 
0130321590   40.75734    -74.25103     0.15     -0.01     0.15     1 
0130321591   40.75710    -74.21443     0.03     -0.02     0.04     1 
0130321592   40.75684    -74.17782     0.10     -0.08     0.13     1 
0130321593   40.75658    -74.14122    -0.04     -0.03     0.04     1 
0130321595   40.75601    -74.06802    -0.18     -0.06     0.19     1 
0130321596   40.75571    -74.03142    -0.11     -0.04     0.12     1 
0130321597   40.75539    -73.99482    -0.01     -0.08     0.09     1 
0130321598   40.75507    -73.95821     0.03     -0.18     0.18     1 
0130321599   40.75473    -73.92162     0.06      0.01     0.06     1 
0130321600   40.75439    -73.88502    -0.04      0.05     0.06     1 
0130321601   40.75403    -73.84842    -0.07     -0.08     0.11     1 
0130321602   40.75366    -73.81182     0.11     -0.05     0.12     1 
0130321603   40.75327    -73.77522    -0.04     -0.02     0.05     1 
0130321604   40.75288    -73.73863     0.12     -0.10     0.16     1 
0130321605   40.75247    -73.70203    -0.09     -0.12     0.16     1 
0130321610   40.75027    -73.51906     0.09      0.01     0.09     1 
0130321611   40.74979    -73.48247     0.06      0.01     0.06     1 
0130321612   40.74931    -73.44588     0.31      0.03     0.32     1 
0130321613   40.74881    -73.40929     0.01      0.06     0.06     1 
0130321614   40.74830    -73.37271     0.08      0.01     0.08     1 
0130321615   40.74778    -73.33612     0.13     -0.06     0.14     1 
0130321616   40.74724    -73.29953     0.12     -0.07     0.14     1 
0130321617   40.74670    -73.26295     0.23      0.01     0.23     1 
0130321618   40.74614    -73.22636     0.11      0.00     0.11     1 
0130321619   40.74557    -73.18978     0.22     -0.05     0.22     1 
0130321620   40.74499    -73.15320     0.02     -0.01     0.02     1 
0130321621   40.74440    -73.11662     0.12     -0.00     0.12     1 
0130321622   40.74380    -73.08004     0.07     -0.00     0.07     1 
0130321623   40.74318    -73.04346     0.15     -0.11     0.19     1 
0130321624   40.74256    -73.00688    -0.05      0.01     0.05     1 
0130321626   40.74127    -72.93373    -0.15     -0.02     0.15     1 
0130321627   40.74061    -72.89715    -0.16     -0.04     0.17     1 
0130321628   40.73994    -72.86058    -0.08     -0.11     0.13     1 
0130321663   40.73239    -74.32450     0.11     -0.01     0.11     1 
0130321664   40.73217    -74.28791     0.20     -0.09     0.22     1 
0130321665   40.73194    -74.25132     0.02      0.03     0.04     1 
0130321666   40.73170    -74.21473    -0.02     -0.03     0.03     1 
0130321667   40.73144    -74.17814    -0.05     -0.03     0.06     1 
0130321668   40.73118    -74.14155    -0.13      0.01     0.13     1 
0130321670   40.73061    -74.06837     0.03      0.01     0.04     1 
0130321671   40.73031    -74.03178    -0.14      0.02     0.15     1 
0130321674   40.72933    -73.92203    -0.16      0.04     0.17     1 
0130321675   40.72899    -73.88544     0.14     -0.01     0.14     1 
0130321676   40.72863    -73.84886    -0.04     -0.03     0.05     1 
0130321677   40.72826    -73.81227     0.02     -0.11     0.11     1 
0130321680   40.72707    -73.70252    -0.04     -0.07     0.08     1 
0130321681   40.72666    -73.66594    -0.07      0.08     0.11     1 
0130321682   40.72623    -73.62936     0.10     -0.03     0.11     1 
0130321683   40.72579    -73.59278    -0.07      0.04     0.08     1 
0130321684   40.72534    -73.55621     0.06     -0.01     0.06     1 
0130321685   40.72487    -73.51963    -0.02      0.09     0.09     1 
0130321687   40.72391    -73.44647     0.01     -0.06     0.06     1 
0130321688   40.72341    -73.40990     0.02      0.03     0.03     1 
0130321689   40.72290    -73.37332     0.10      0.01     0.10     1 
0130321690   40.72238    -73.33675     0.15      0.03     0.15     1 
0130321691   40.72185    -73.30018     0.09     -0.01     0.09     1 
0130321692   40.72131    -73.26361     0.04     -0.05     0.06     1 
0130321693   40.72075    -73.22704    -0.01     -0.02     0.03     1 
0130321694   40.72018    -73.19047     0.16     -0.02     0.16     1 
0130321695   40.71960    -73.15390     0.05     -0.07     0.09     1 
0130321696   40.71901    -73.11733     0.04      0.11     0.12     1 
0130321697   40.71841    -73.08077    -0.12     -0.05     0.13     1 
0130321738   40.70699    -74.32476     0.18      0.03     0.19     1 
0130321739   40.70677    -74.28818     0.03     -0.02     0.04     1 
0130321740   40.70654    -74.25160    -0.06      0.04     0.07     1 
0130321741   40.70629    -74.21503    -0.08      0.05     0.09     1 
0130321742   40.70604    -74.17845    -0.14     -0.06     0.15     1 
0130321743   40.70577    -74.14187    -0.21     -0.00     0.21     1 
0130321744   40.70550    -74.10530    -0.17     -0.05     0.18     1 
0130321745   40.70521    -74.06873     0.05     -0.02     0.05     1 
0130321746   40.70491    -74.03215    -0.19      0.03     0.20     1 
0130321747   40.70459    -73.99558    -0.06     -0.02     0.06     1 
0130321748   40.70427    -73.95901     0.11     -0.03     0.11     1 
0130321749   40.70393    -73.92243    -0.05     -0.00     0.05     1 
0130321750   40.70359    -73.88586    -0.07     -0.02     0.07     1 
0130321753   40.70247    -73.77615    -0.04      0.02     0.05     1 
0130321755   40.70168    -73.70302     0.05     -0.04     0.06     1 
0130321756   40.70126    -73.66645     0.03     -0.05     0.06     1 
0130321757   40.70083    -73.62988     0.04     -0.01     0.04     1 
0130321758   40.70039    -73.59332     0.07      0.01     0.07     1 
0130321759   40.69994    -73.55675     0.02     -0.03     0.04     1 
0130321760   40.69948    -73.52019     0.03     -0.04     0.05     1 
0130321761   40.69900    -73.48363     0.05     -0.02     0.06     1 
0130321762   40.69852    -73.44706     0.09     -0.01     0.09     1 
0130321763   40.69802    -73.41050     0.17     -0.03     0.17     1 
0130321764   40.69751    -73.37394     0.01     -0.11     0.11     1 
0130321765   40.69699    -73.33738    -0.00     -0.05     0.05     1 
0130321766   40.69646    -73.30083    -0.02      0.00     0.02     1 
0130321767   40.69591    -73.26427    -0.02      0.01     0.02     1 
0130321770   40.69421    -73.15460    -0.03     -0.09     0.10     1 
0130321813   40.68158    -74.32501     0.09     -0.03     0.10     1 
0130321814   40.68137    -74.28845     0.23      0.08     0.24     1 
0130321815   40.68113    -74.25189     0.09      0.01     0.09     1 
0130321816   40.68089    -74.21532     0.03      0.06     0.06     1 
0130321817   40.68064    -74.17876    -0.12      0.06     0.14     1 
0130321818   40.68037    -74.14220    -0.13      0.08     0.15     1 
0130321819   40.68009    -74.10564    -0.08      0.03     0.08     1 
0130321820   40.67981    -74.06908    -0.06      0.12     0.13     1 
0130321821   40.67950    -74.03252    -0.18     -0.11     0.21     1 
0130321822   40.67919    -73.99596    -0.17      0.03     0.17     1 
0130321824   40.67853    -73.92284     0.02     -0.09     0.09     1 
0130321825   40.67819    -73.88629     0.09     -0.03     0.09     1 
0130321828   40.67708    -73.77662     0.13     -0.05     0.14     1 
0130321829   40.67668    -73.74006     0.07     -0.04     0.08     1 
0130321830   40.67628    -73.70351    -0.01     -0.03     0.04     1 
0130321831   40.67586    -73.66696     0.12     -0.02     0.12     1 
0130321832   40.67543    -73.63040     0.21     -0.09     0.23     1 
0130321833   40.67500    -73.59385     0.10     -0.05     0.11     1 
0130321834   40.67454    -73.55730     0.23     -0.10     0.25     1 
0130321835   40.67408    -73.52075     0.06     -0.05     0.07     1 
0130321836   40.67361    -73.48420     0.08     -0.07     0.11     1 
0130321837   40.67312    -73.44765     0.09     -0.10     0.13     1 
0130321838   40.67262    -73.41111     0.04     -0.01     0.04     1 
0130321839   40.67211    -73.37456     0.07     -0.03     0.08     1 
0130321840   40.67160    -73.33801    -0.04     -0.02     0.04     1 
0130321888   40.65618    -74.32527     0.04      0.07     0.08     1 
0130321889   40.65596    -74.28872    -0.00      0.03     0.03     1 
0130321890   40.65573    -74.25217     0.24     -0.04     0.24     1 
0130321891   40.65549    -74.21562    -0.09     -0.14     0.16     1 
0130321892   40.65524    -74.17907    -0.16     -0.01     0.16     1 
0130321893   40.65497    -74.14253    -0.11     -0.07     0.13     1 
0130321894   40.65469    -74.10598    -0.13      0.03     0.13     1 
0130321895   40.65440    -74.06943    -0.41     -0.02     0.41     1 
0130321897   40.65379    -73.99634    -0.03     -0.03     0.04     1 
0130321898   40.65347    -73.95980     0.05     -0.00     0.05     1 
0130321899   40.65313    -73.92325    -0.03     -0.01     0.03     1 
0130321900   40.65279    -73.88671    -0.01      0.11     0.11     1 
0130321901   40.65243    -73.85017    -0.25      0.01     0.25     1 
0130321902   40.65206    -73.81362    -0.12      0.02     0.13     1 
0130321903   40.65168    -73.77708    -0.08     -0.00     0.08     1 
0130321904   40.65129    -73.74054    -0.19      0.01     0.19     1 
0130321905   40.65088    -73.70400     0.02     -0.10     0.10     1 
0130321906   40.65046    -73.66746    -0.01     -0.03     0.03     1 
0130321907   40.65004    -73.63092     0.08      0.07     0.11     1 
0130321908   40.64960    -73.59439     0.01      0.01     0.02     1 
0130321909   40.64915    -73.55785    -0.04      0.12     0.13     1 
0130321910   40.64869    -73.52131    -0.06      0.04     0.08     1 
0130321911   40.64821    -73.48478    -0.07     -0.00     0.07     1 
0130321912   40.64773    -73.44824    -0.06      0.03     0.07     1 
0130321913   40.64723    -73.41171    -0.09     -0.06     0.11     1 
0130321914   40.64672    -73.37518    -0.09      0.06     0.11     1 
0130321915   40.64620    -73.33864    -0.13     -0.06     0.14     1 
0130321916   40.64567    -73.30211    -0.03     -0.03     0.04     1 
0130321917   40.64513    -73.26558    -0.08     -0.02     0.09     1 
0130321918   40.64457    -73.22906     0.01     -0.07     0.07     1 
0130321963   40.63078    -74.32552     0.08      0.03     0.08     1 
0130321964   40.63056    -74.28899     0.27      0.05     0.27     1 
0130321965   40.63033    -74.25245    -0.01      0.11     0.11     1 
0130321966   40.63009    -74.21592    -0.11      0.11     0.16     1 
0130321967   40.62983    -74.17938    -0.14      0.06     0.15     1 
0130321968   40.62957    -74.14285     0.03     -0.05     0.06     1 
0130321969   40.62929    -74.10632     0.15     -0.01     0.15     1 
0130321971   40.62870    -74.03325     0.05     -0.04     0.07     1 
0130321972   40.62839    -73.99672    -0.05     -0.02     0.05     1 
0130321973   40.62807    -73.96019     0.03     -0.04     0.05     1 
0130321974   40.62773    -73.92366    -0.05     -0.01     0.06     1 
0130321975   40.62739    -73.88713    -0.04     -0.02     0.05     1 
0130321976   40.62703    -73.85060    -0.14     -0.03     0.14     1 
0130321977   40.62666    -73.81407    -0.29     -0.02     0.29     1 
0130321978   40.62628    -73.77755    -0.18     -0.01     0.18     1 
0130321979   40.62589    -73.74102    -0.07     -0.01     0.07     1 
0130321980   40.62548    -73.70449    -0.00      0.02     0.02     1 
0130321981   40.62507    -73.66797    -0.08     -0.03     0.08     1 
0130321982   40.62464    -73.63144     0.00      0.08     0.08     1 
0130321983   40.62420    -73.59492    -0.11     -0.05     0.12     1 
0130321984   40.62375    -73.55840    -0.12      0.04     0.13     1 
0130321985   40.62329    -73.52187    -0.10      0.01     0.10     1 
0130321986   40.62282    -73.48535    -0.08      0.03     0.08     1 
0130321987   40.62233    -73.44883    -0.08      0.04     0.09     1 
0130321988   40.62183    -73.41231     0.10      0.00     0.10     1 
0130322037   40.60558    -74.36230     0.21     -0.04     0.21     1 
0130322038   40.60538    -74.32578     0.13     -0.13     0.18     1 
0130322039   40.60516    -74.28926     0.06     -0.08     0.10     1 
0130322040   40.60493    -74.25274    -0.17      0.09     0.19     1 
0130322041   40.60468    -74.21622    -0.19      0.01     0.19     1 
0130322042   40.60443    -74.17970    -0.04     -0.06     0.07     1 
0130322043   40.60417    -74.14318     0.23     -0.01     0.23     1 
0130322044   40.60389    -74.10666     0.10      0.08     0.13     1 
0130322045   40.60360    -74.07014     0.03      0.04     0.05     1 
0130322046   40.60330    -74.03362    -0.00      0.05     0.05     1 
0130322047   40.60299    -73.99710     0.02      0.05     0.06     1 
0130322048   40.60267    -73.96058     0.04      0.07     0.08     1 
0130322049   40.60233    -73.92407    -0.09      0.07     0.11     1 
0130322050   40.60199    -73.88755    -0.13     -0.03     0.14     1 
0130322051   40.60163    -73.85104    -0.18     -0.05     0.19     1 
0130322052   40.60126    -73.81452    -0.18     -0.02     0.18     1 
0130322053   40.60088    -73.77801    -0.09     -0.03     0.09     1 
0130322054   40.60049    -73.74150    -0.11     -0.07     0.13     1 
0130322055   40.60008    -73.70498    -0.07      0.07     0.10     1 
0130322056   40.59967    -73.66847    -0.11      0.09     0.15     1 
0130322057   40.59924    -73.63196    -0.02      0.05     0.06     1 
0130322058   40.59880    -73.59545    -0.10      0.06     0.12     1 
0130322059   40.59835    -73.55894    -0.19      0.02     0.19     1 
0130322112   40.58018    -74.36254     0.25     -0.01     0.25     1 
0130322113   40.57997    -74.32604     0.14     -0.00     0.14     1 
0130322114   40.57975    -74.28953     0.17     -0.09     0.19     1 
0130322115   40.57952    -74.25302    -0.19      0.01     0.19     1 
0130322116   40.57928    -74.21651    -0.23     -0.04     0.23     1 
0130322117   40.57903    -74.18001    -0.38     -0.20     0.44     1 
0130322118   40.57876    -74.14350     0.30     -0.03     0.30     1 
0130322119   40.57849    -74.10699     0.09     -0.07     0.12     1 
0130322120   40.57820    -74.07049    -0.09      0.11     0.14     1 
0130322122   40.57759    -73.99748     0.21     -0.05     0.22     1 
0130322123   40.57727    -73.96098     0.06     -0.05     0.08     1 
0130322124   40.57693    -73.92448    -0.18     -0.09     0.20     1 
0130322125   40.57659    -73.88797    -0.01      0.11     0.11     1 
0130322187   40.55478    -74.36278     0.27     -0.10     0.29     1 
0130322188   40.55457    -74.32629     0.05     -0.01     0.05     1 
0130322189   40.55435    -74.28980     0.00      0.01     0.01     1 
0130322190   40.55412    -74.25330    -0.12      0.03     0.13     1 
0130322191   40.55388    -74.21681    -0.05     -0.02     0.05     1 
0130322192   40.55363    -74.18032     0.33     -0.18     0.38     1 
0130322193   40.55336    -74.14382     0.11      0.00     0.11     1 
0130322194   40.55309    -74.10733    -0.03     -0.07     0.08     1 
0130322262   40.52937    -74.36302     0.08     -0.12     0.14     1 
0130322264   40.52895    -74.29006    -0.07     -0.09     0.12     1 
0130322265   40.52872    -74.25358    -0.09     -0.02     0.09     1 
0130322266   40.52848    -74.21711     0.23     -0.15     0.27     1 
0130322267   40.52822    -74.18063     0.13     -0.19     0.23     1 
0130322268   40.52796    -74.14415    -0.33      0.22     0.39     1 
0130322337   40.50397    -74.36326     0.01     -0.09     0.09     1 
0130322339   40.50354    -74.29033    -0.20      0.21     0.29     1 
0130322340   40.50331    -74.25387     0.03      0.08     0.08     1 
0130322341   40.50307    -74.21740    -0.11     -0.14     0.18     1 
0130322411   40.47876    -74.39996    -0.12     -0.11     0.16     1 
0130322412   40.47857    -74.36351    -0.24     -0.05     0.24     1 
0130322413   40.47836    -74.32705    -0.05      0.04     0.06     1 
0130322414   40.47814    -74.29060     0.10     -0.07     0.12     1 
0130322486   40.45336    -74.40018     0.07     -0.01     0.07     1 
0130322487   40.45316    -74.36374    -0.08      0.07     0.10     1 
0130322488   40.45296    -74.32731     0.09      0.06     0.11     1 
0130322489   40.45274    -74.29087    -0.06     -0.18     0.19     1 
0130322490   40.45251    -74.25443     0.04     -0.05     0.06     1 
0130322491   40.45227    -74.21799    -0.17      0.02     0.17     1 
0130322492   40.45202    -74.18155     0.02     -0.33     0.33     1 
0130322493   40.45175    -74.14512    -0.12     -0.09     0.15     1 
0130322561   40.42795    -74.40041     0.14      0.03     0.14     1 
0130322562   40.42776    -74.36398     0.04      0.05     0.06     1 
0130322563   40.42755    -74.32756     0.10     -0.11     0.14     1 
0130322564   40.42733    -74.29113     0.31     -0.03     0.31     1 
0130322565   40.42710    -74.25471     0.19     -0.02     0.19     1 
0130322566   40.42686    -74.21828    -0.04     -0.04     0.06     1 
0130322567   40.42661    -74.18186     0.10     -0.02     0.10     1 
0130322568   40.42635    -74.14544     0.15     -0.02     0.15     1 
0130322569   40.42607    -74.10901     0.17     -0.11     0.20     1 
0130322570   40.42579    -74.07259    -0.01     -0.08     0.08     1 
0130322571   40.42549    -74.03617    -0.04     -0.16     0.16     1 
0130322636   40.40255    -74.40064     0.23      0.03     0.23     1 
0130322637   40.40235    -74.36422    -0.02      0.10     0.10     1 
0130322638   40.40215    -74.32781     0.12      0.04     0.12     1 
0130322639   40.40193    -74.29140     0.28      0.02     0.28     1 
0130322640   40.40170    -74.25499     0.22     -0.03     0.22     1 
0130322641   40.40146    -74.21858     0.16     -0.03     0.17     1 
0130322642   40.40121    -74.18217     0.26     -0.05     0.26     1 
0130322643   40.40095    -74.14576     0.27     -0.13     0.30     1 
0130322644   40.40067    -74.10935     0.29     -0.02     0.29     1 
0130322645   40.40038    -74.07294     0.39     -0.13     0.41     1 
0130322646   40.40009    -74.03653     0.31     -0.11     0.33     1 
0130322647   40.39978    -74.00012    -0.02      0.08     0.09     1 
0130322711   40.37714    -74.40086     0.29      0.02     0.29     1 
0130322712   40.37695    -74.36446     0.43     -0.08     0.43     1 
0130322713   40.37674    -74.32806     0.36      0.02     0.36     1 
0130322714   40.37653    -74.29167     0.21     -0.09     0.23     1 
0130322715   40.37630    -74.25527     0.34     -0.09     0.35     1 
0130322717   40.37580    -74.18247     0.28     -0.06     0.29     1 
0130322718   40.37554    -74.14608     0.39     -0.10     0.41     1 
0130322720   40.37498    -74.07329     0.34     -0.16     0.38     1 
0130322721   40.37468    -74.03689    -0.04     -0.06     0.07     1 
0130322722   40.37438    -74.00050    -0.03     -0.05     0.06     1 
0130322785   40.35192    -74.43747     0.18      0.17     0.25     1 
0130322786   40.35174    -74.40109     0.34      0.12     0.37     1 
0130322788   40.35134    -74.32832     0.39      0.01     0.39     1 
0130322789   40.35112    -74.29193     0.30      0.02     0.30     1 
0130322792   40.35040    -74.18278     0.11     -0.13     0.17     1 
0130322793   40.35014    -74.14640     0.26     -0.11     0.29     1 
0130322794   40.34987    -74.11002     0.27     -0.09     0.29     1 
0130322795   40.34958    -74.07364    -0.11     -0.08     0.13     1 
0130322796   40.34928    -74.03726     0.20      0.01     0.20     1 
0130322797   40.34897    -74.00087    -0.11     -0.10     0.15     1 
0130322860   40.32652    -74.43768     0.30      0.02     0.30     1 
0130322861   40.32633    -74.40131     0.26      0.08     0.27     1 
0130322862   40.32614    -74.36494     0.44     -0.08     0.45     1 
0130322863   40.32593    -74.32857     0.34      0.03     0.34     1 
0130322864   40.32572    -74.29220     0.42     -0.03     0.42     1 
0130322865   40.32549    -74.25583     0.16      0.01     0.16     1 
0130322866   40.32525    -74.21946     0.36     -0.12     0.38     1 
0130322867   40.32500    -74.18309     0.11      0.01     0.11     1 
0130322868   40.32473    -74.14672     0.02     -0.02     0.03     1 
0130322869   40.32446    -74.11035     0.17     -0.10     0.20     1 
0130322870   40.32418    -74.07398     0.12     -0.06     0.13     1 
0130322871   40.32388    -74.03762    -0.01     -0.09     0.09     1 
0130322872   40.32357    -74.00125    -0.04     -0.07     0.08     1 
0130322935   40.30111    -74.43789     0.35      0.04     0.35     1 
0130322936   40.30093    -74.40153     0.41     -0.08     0.42     1 
0130322937   40.30074    -74.36518     0.16      0.08     0.18     1 
0130322938   40.30053    -74.32882     0.35     -0.04     0.35     1 
0130322939   40.30031    -74.29246     0.32     -0.09     0.33     1 
0130322941   40.29984    -74.21975     0.33     -0.05     0.33     1 
0130322942   40.29959    -74.18340     0.18     -0.02     0.18     1 
0130322943   40.29933    -74.14704    -0.01     -0.06     0.06     1 
0130322944   40.29906    -74.11069     0.21     -0.03     0.21     1 
0130322945   40.29877    -74.07433     0.18     -0.06     0.19     1 
0130322946   40.29848    -74.03798     0.15     -0.04     0.15     1 
0130322947   40.29817    -74.00162     0.13     -0.06     0.14     1 
0130323011   40.27552    -74.40176     0.45      0.04     0.45     1 
0130323012   40.27533    -74.36541     0.38     -0.08     0.39     1 
0130323013   40.27513    -74.32907     0.33      0.01     0.33     1 
0130323014   40.27491    -74.29273     0.23     -0.05     0.24     1 
0130323015   40.27468    -74.25638     0.33     -0.07     0.33     1 
0130323016   40.27444    -74.22004     0.10     -0.00     0.10     1 
0130323017   40.27419    -74.18370     0.22     -0.08     0.23     1 
0130323018   40.27393    -74.14736     0.37     -0.04     0.37     1 
0130323019   40.27365    -74.11102     0.24      0.02     0.24     1 
0130323020   40.27337    -74.07468     0.19     -0.07     0.20     1 
0130323021   40.27307    -74.03834     0.21     -0.03     0.21     1 
0130323022   40.27277    -74.00200     0.12     -0.01     0.12     1 
0130323085   40.25030    -74.43831     0.29     -0.04     0.29     1 
0130323086   40.25012    -74.40198     0.23     -0.08     0.24     1 
0130323087   40.24992    -74.36565     0.26     -0.13     0.29     1 
0130323088   40.24972    -74.32932     0.09     -0.08     0.12     1 
0130323089   40.24950    -74.29299    -0.04     -0.00     0.04     1 
0130323090   40.24928    -74.25666    -0.18      0.05     0.19     1 
0130323092   40.24879    -74.18400     0.15     -0.03     0.15     1 
0130323093   40.24853    -74.14768     0.17     -0.01     0.17     1 
0130323095   40.24797    -74.07502     0.21     -0.02     0.22     1 
0130323096   40.24767    -74.03870     0.11     -0.03     0.12     1 
0130323097   40.24736    -74.00237     0.07     -0.07     0.10     1 
0130323160   40.22489    -74.43852     0.33     -0.06     0.34     1 
0130323161   40.22471    -74.40221     0.26      0.02     0.26     1 
0130323162   40.22452    -74.36589     0.17      0.02     0.17     1 
0130323163   40.22431    -74.32957     0.17      0.01     0.17     1 
0130323164   40.22410    -74.29326     0.30     -0.04     0.30     1 
0130323165   40.22387    -74.25694     0.11     -0.01     0.11     1 
0130323166   40.22363    -74.22062     0.23      0.04     0.23     1 
0130323167   40.22338    -74.18431     0.19     -0.02     0.19     1 
0130323168   40.22312    -74.14800     0.18     -0.04     0.19     1 
0130323169   40.22285    -74.11168     0.22     -0.10     0.24     1 
0130323171   40.22227    -74.03906     0.18     -0.01     0.19     1 
0130323234   40.19966    -74.47504     0.10     -0.12     0.16     1 
0130323235   40.19949    -74.43873     0.10      0.12     0.16     1 
0130323236   40.19931    -74.40243     0.25     -0.09     0.26     1 
0130323237   40.19911    -74.36613     0.20      0.06     0.21     1 
0130323238   40.19891    -74.32982     0.13     -0.04     0.14     1 
0130323239   40.19869    -74.29352     0.21      0.06     0.22     1 
0130323240   40.19847    -74.25722     0.36     -0.04     0.37     1 
0130323241   40.19823    -74.22092     0.31     -0.08     0.32     1 
0130323242   40.19798    -74.18461     0.33     -0.01     0.33     1 
0130323243   40.19772    -74.14831     0.23     -0.09     0.25     1 
0130323244   40.19744    -74.11201     0.04     -0.04     0.06     1 
0130323245   40.19716    -74.07571     0.17     -0.13     0.22     1 
0130323246   40.19686    -74.03941    -0.02     -0.09     0.09     1 
0130323309   40.17425    -74.47523     0.16      0.07     0.17     1 
0130323310   40.17408    -74.43894     0.12      0.04     0.13     1 
0130323311   40.17390    -74.40265     0.21      0.02     0.21     1 
0130323312   40.17371    -74.36636    -0.22      0.10     0.24     1 
0130323313   40.17350    -74.33007     0.12     -0.06     0.13     1 
0130323314   40.17329    -74.29378     0.21     -0.10     0.23     1 
0130323315   40.17306    -74.25750     0.24     -0.08     0.26     1 
0130323316   40.17282    -74.22121     0.08     -0.04     0.09     1 
0130323317   40.17257    -74.18492     0.21     -0.13     0.24     1 
0130323318   40.17231    -74.14863     0.23     -0.18     0.29     1 
0130323320   40.17176    -74.07606     0.11      0.12     0.16     1 
0130323321   40.17146    -74.03977    -0.11      0.04     0.11     1 
0130323385   40.14868    -74.43915     0.31      0.14     0.34     1 
0130323387   40.14830    -74.36660     0.21     -0.00     0.21     1 
0130323390   40.14766    -74.25777     0.25     -0.11     0.27     1 
0130323391   40.14742    -74.22150     0.14     -0.02     0.14     1 
0130323392   40.14717    -74.18522     0.32     -0.05     0.33     1 
0130323393   40.14691    -74.14895     0.25     -0.09     0.26     1 
0130323394   40.14664    -74.11268     0.12     -0.11     0.16     1 
0130323395   40.14635    -74.07640     0.34      0.01     0.34     1 
0130323396   40.14606    -74.04013     0.02     -0.07     0.07     1 
0130323459   40.12344    -74.47562     0.38     -0.03     0.38     1 
0130323460   40.12327    -74.43936     0.03     -0.12     0.12     1 
0130323462   40.12290    -74.36683     0.42      0.01     0.42     1 
0130323463   40.12270    -74.33057     0.14      0.01     0.14     1 
0130323464   40.12248    -74.29431     0.10      0.00     0.10     1 
0130323465   40.12225    -74.25805     0.19      0.06     0.20     1 
0130323466   40.12201    -74.22179     0.20     -0.04     0.21     1 
0130323467   40.12177    -74.18553     0.26     -0.00     0.26     1 
0130323468   40.12150    -74.14927     0.29     -0.02     0.29     1 
0130323469   40.12123    -74.11301     0.26     -0.04     0.27     1 
0130323533   40.09819    -74.51207     0.25      0.05     0.25     1 
0130323534   40.09804    -74.47582     0.41      0.03     0.41     1 
0130323535   40.09787    -74.43957    -0.02      0.11     0.11     1 
0130323536   40.09768    -74.40332     0.15      0.08     0.17     1 
0130323537   40.09749    -74.36707     0.24      0.13     0.27     1 
0130323538   40.09729    -74.33082     0.21      0.07     0.22     1 
0130323540   40.09685    -74.25832     0.20     -0.10     0.22     1 
0130323541   40.09661    -74.22208    -0.03      0.06     0.06     1 
0130323542   40.09636    -74.18583     0.23     -0.02     0.23     1 
0130323543   40.09610    -74.14958     0.23     -0.10     0.25     1 
0130323544   40.09583    -74.11334     0.14     -0.12     0.18     1 
0130323545   40.09555    -74.07709     0.05      0.04     0.06     1 
0130323546   40.09525    -74.04085     0.03      0.00     0.03     1 
0130323608   40.07279    -74.51225     0.40      0.07     0.41     1 
0130323609   40.07263    -74.47601     0.26     -0.05     0.27     1 
0130323610   40.07246    -74.43978     0.13     -0.02     0.13     1 
0130323611   40.07228    -74.40354     0.14      0.06     0.16     1 
0130323612   40.07209    -74.36731     0.24     -0.02     0.24     1 
0130323613   40.07188    -74.33107    -0.10     -0.04     0.11     1 
0130323614   40.07167    -74.29483     0.09      0.05     0.10     1 
0130323615   40.07144    -74.25860     0.41     -0.03     0.41     1 
0130323616   40.07120    -74.22236     0.15      0.03     0.16     1 
0130323617   40.07096    -74.18613    -0.12      0.05     0.13     1 
0130323618   40.07070    -74.14990     0.15      0.07     0.17     1 
0130323620   40.07014    -74.07743    -0.06     -0.08     0.10     1 
0130323621   40.06985    -74.04120    -0.04      0.01     0.04     1 
0130323683   40.04738    -74.51243     0.27      0.08     0.28     1 
0130323684   40.04722    -74.47621    -0.03      0.11     0.11     1 
0130323685   40.04705    -74.43998     0.09      0.09     0.13     1 
0130323686   40.04687    -74.40376     0.08      0.03     0.08     1 
0130323687   40.04668    -74.36754    -0.02     -0.01     0.03     1 
0130323688   40.04648    -74.33132     0.08     -0.03     0.09     1 
0130323689   40.04626    -74.29510     0.09     -0.10     0.13     1 
0130323691   40.04580    -74.22265     0.15      0.01     0.15     1 
0130323692   40.04555    -74.18643    -0.01     -0.12     0.12     1 
0130323693   40.04529    -74.15021     0.00     -0.02     0.02     1 
0130323694   40.04502    -74.11400     0.02      0.07     0.08     1 
0130323695   40.04474    -74.07778    -0.01      0.01     0.02     1 
0130323696   40.04444    -74.04156    -0.08      0.03     0.08     1 
0130323758   40.02197    -74.51261    -0.02     -0.03     0.04     1 
0130323759   40.02182    -74.47640    -0.13     -0.20     0.24     1 
0130323760   40.02165    -74.44019     0.04     -0.05     0.07     1 
0130323761   40.02147    -74.40398    -0.02      0.06     0.06     1 
0130323762   40.02128    -74.36777    -0.03      0.19     0.19     1 
0130323763   40.02107    -74.33157    -0.11      0.00     0.11     1 
0130323764   40.02086    -74.29536     0.05      0.07     0.09     1 
0130323765   40.02063    -74.25915     0.07      0.21     0.22     1 
0130323766   40.02040    -74.22294     0.37     -0.01     0.37     1 
0130323767   40.02015    -74.18674     0.23     -0.03     0.23     1 
0130323768   40.01989    -74.15053     0.13     -0.03     0.13     1 
0130323769   40.01962    -74.11432    -0.14     -0.03     0.14     1 
0130323770   40.01933    -74.07812    -0.11     -0.05     0.13     1 
0130323832   39.99672    -74.54899    -0.01      0.14     0.14     1 
0130323833   39.99657    -74.51279    -0.10     -0.06     0.11     1 
0130323834   39.99641    -74.47660    -0.05     -0.03     0.06     1 
0130323835   39.99624    -74.44040     0.01      0.03     0.03     1 
0130323837   39.99587    -74.36801     0.18     -0.03     0.18     1 
0130323838   39.99567    -74.33181    -0.08     -0.03     0.09     1 
0130323839   39.99545    -74.29562    -0.07     -0.15     0.17     1 
0130323840   39.99523    -74.25942     0.01      0.04     0.04     1 
0130323841   39.99499    -74.22323     0.12     -0.02     0.12     1 
0130323842   39.99474    -74.18704     0.20     -0.07     0.22     1 
0130323843   39.99448    -74.15084    -0.12      0.05     0.13     1 
0130323845   39.99393    -74.07846    -0.09      0.01     0.09     1 
0130323907   39.97131    -74.54916     0.01     -0.01     0.01     1 
0130323908   39.97116    -74.51297    -0.01      0.06     0.06     1 
0130323909   39.97100    -74.47679    -0.02     -0.26     0.26     1 
0130323910   39.97084    -74.44061    -0.01     -0.04     0.05     1 
0130323911   39.97066    -74.40443    -0.00      0.04     0.04     1 
0130323912   39.97046    -74.36824     0.02      0.01     0.02     1 
0130323913   39.97026    -74.33206     0.09      0.06     0.11     1 
0130323915   39.96982    -74.25970    -0.07      0.01     0.08     1 
0130323916   39.96958    -74.22352     0.15     -0.12     0.19     1 
0130323917   39.96934    -74.18734     0.02     -0.00     0.02     1 
0130323919   39.96881    -74.11498    -0.14     -0.04     0.15     1 
0130323920   39.96852    -74.07880    -0.10     -0.03     0.11     1 
0130323982   39.94590    -74.54932    -0.09     -0.02     0.09     1 
0130323983   39.94575    -74.51315     0.10     -0.04     0.11     1 
0130323984   39.94560    -74.47698    -0.05      0.04     0.06     1 
0130323985   39.94543    -74.44082     0.20      0.06     0.20     1 
0130323986   39.94525    -74.40465     0.08     -0.06     0.10     1 
0130323987   39.94506    -74.36848     0.11     -0.01     0.11     1 
0130323988   39.94485    -74.33231     0.02     -0.29     0.29     1 
0130323989   39.94464    -74.29614     0.14      0.05     0.15     1 
0130323990   39.94441    -74.25997     0.08     -0.12     0.14     1 
0130323991   39.94418    -74.22381     0.14      0.01     0.14     1 
0130323992   39.94393    -74.18764    -0.04      0.12     0.12     1 
0130323993   39.94367    -74.15147     0.03      0.02     0.04     1 
0130323994   39.94340    -74.11531    -0.04     -0.04     0.05     1 
0130323995   39.94312    -74.07914    -0.05      0.03     0.06     1 
0130324057   39.92049    -74.54949     0.05      0.13     0.14     1 
0130324058   39.92035    -74.51333     0.10      0.02     0.10     1 
0130324059   39.92019    -74.47718     0.03      0.01     0.03     1 
0130324060   39.92002    -74.44102     0.06      0.04     0.07     1 
0130324061   39.91984    -74.40487     0.18     -0.02     0.18     1 
0130324062   39.91965    -74.36871     0.14      0.08     0.16     1 
0130324063   39.91945    -74.33255    -0.07      0.38     0.38     1 
0130324064   39.91923    -74.29640     0.02      0.15     0.15     1 
0130324066   39.91877    -74.22409     0.13     -0.06     0.14     1 
0130324067   39.91853    -74.18794     0.05      0.06     0.08     1 
0130324069   39.91800    -74.11563    -0.07     -0.03     0.08     1 
0130324132   39.89509    -74.54966    -0.16     -0.05     0.17     1 
0130324133   39.89494    -74.51351     0.08      0.12     0.15     1 
0130324134   39.89478    -74.47737     0.07     -0.08     0.10     1 
0130324135   39.89462    -74.44123     0.37     -0.10     0.38     1 
0130324136   39.89444    -74.40508     0.15      0.00     0.15     1 
0130324138   39.89404    -74.33280    -0.05      0.02     0.06     1 
0130324139   39.89383    -74.29666    -0.13     -0.28     0.31     1 
0130324140   39.89360    -74.26052     0.23     -0.06     0.24     1 
0130324141   39.89337    -74.22438     0.00      0.01     0.01     1 
0130324142   39.89312    -74.18824     0.27      0.01     0.27     1 
0130324143   39.89286    -74.15210     0.07      0.02     0.07     1 
0130324206   39.86981    -74.58595     0.08     -0.10     0.13     1 
0130324207   39.86968    -74.54982     0.02      0.01     0.02     1 
0130324208   39.86953    -74.51369    -0.01     -0.10     0.10     1 
0130324211   39.86903    -74.40530     0.00     -0.01     0.01     1 
0130324212   39.86884    -74.36918    -0.06     -0.13     0.15     1 
0130324214   39.86842    -74.29692     0.06     -0.00     0.06     1 
0130324215   39.86820    -74.26079    -0.04     -0.12     0.12     1 
0130324216   39.86796    -74.22467     0.00     -0.18     0.18     1 
0130324218   39.86746    -74.15241    -0.02     -0.10     0.10     1 
0130324281   39.84441    -74.58611     0.35      0.08     0.36     1 
0130324282   39.84427    -74.54999     0.04      0.07     0.08     1 
0130324285   39.84380    -74.44164     0.03      0.42     0.42     1 
0130324286   39.84362    -74.40552     0.10      0.07     0.12     1 
0130324291   39.84255    -74.22495     0.06      0.04     0.07     1 
0130324292   39.84231    -74.18884     0.03      0.05     0.05     1 
0130324293   39.84205    -74.15273    -0.13      0.01     0.13     1 
0130324358   39.81872    -74.51405     0.02      0.25     0.25     1 
0130324360   39.81839    -74.44185    -0.19      0.03     0.19     1 
0130324362   39.81802    -74.36964     0.16     -0.04     0.16     1 
0130324363   39.81782    -74.33354     0.19      0.06     0.20     1 
0130324366   39.81715    -74.22524    -0.10     -0.05     0.11     1 
0130324367   39.81690    -74.18914    -0.07      0.07     0.10     1 
0130324368   39.81665    -74.15304    -0.18      0.12     0.21     1 
0130324434   39.79315    -74.47814     0.01     -0.14     0.14     1 
0130324437   39.79262    -74.36987    -0.04      0.02     0.04     1 
0130324439   39.79220    -74.29770     0.05     -0.01     0.05     1 
0130324443   39.79124    -74.15335    -0.28      0.10     0.30     1 
0130324444   39.79097    -74.11726     0.01      0.13     0.13     1 
0130324508   39.76790    -74.51441    -0.04      0.03     0.05     1 
0130324510   39.76758    -74.44226    -0.03      0.13     0.13     1 
0130324515   39.76657    -74.26188     0.02      0.03     0.03     1 
0130324519   39.76557    -74.11759    -0.06      0.11     0.12     1 
0130324583   39.74249    -74.51459    -0.10      0.09     0.14     1 
0130324590   39.74117    -74.26215     0.30      0.08     0.31     1 
0130324593   39.74043    -74.15397    -0.31     -0.20     0.37     1 
0130324656   39.71737    -74.58687    -0.00      0.05     0.05     1 
0130324657   39.71723    -74.55082    -0.01      0.16     0.16     1 
0130324664   39.71598    -74.29847     0.18      0.01     0.18     1 
0130324668   39.71502    -74.15428    -0.00      0.13     0.13     1 
0130324742   39.68987    -74.19062    -0.07      0.04     0.08     1 
0130324743   39.68962    -74.15459    -0.12      0.16     0.20     1 
0130324816   39.66471    -74.22694    -0.10      0.09     0.13     1 
0130324817   39.66446    -74.19092    -0.12      0.02     0.12     1 
0130324891   39.63930    -74.22723    -0.02      0.25     0.25     1 
0130324892   39.63906    -74.19122    -0.11      0.06     0.13     1 
----------------------------------------------------------------------
---------------------------------------------------
Total correlated GCPs in Upper Left Quadrant: 490

GCP statistics this quadrant only (in Pixels)
Line residual statistics:
  Mean: 0.019
  Median: 0.027
  Standard Deviation: 0.151

Sample residual statistics:
  Mean: -0.015
  Median: -0.017
  Standard Deviation: 0.080

Quadrant RMSE: 0.172

---------------------------------------------------
Total correlated GCPs in Upper Right Quadrant: 137

GCP statistics this quadrant only (in Pixels)
Line residual statistics:
  Mean: 0.060
  Median: 0.080
  Standard Deviation: 0.143

Sample residual statistics:
  Mean: -0.018
  Median: -0.023
  Standard Deviation: 0.090

Quadrant RMSE: 0.180

---------------------------------------------------
Total correlated GCPs in Lower Left Quadrant: 311

GCP statistics this quadrant only (in Pixels)
Line residual statistics:
  Mean: 0.111
  Median: 0.110
  Standard Deviation: 0.154

Sample residual statistics:
  Mean: -0.010
  Median: -0.014
  Standard Deviation: 0.089

Quadrant RMSE: 0.209

---------------------------------------------------
Total correlated GCPs in Lower Right Quadrant: 0

GCP statistics this quadrant only (in Pixels)
Line residual statistics:
  Mean: 0.000
  Median: 0.000
  Standard Deviation: 0.000

Sample residual statistics:
  Mean: 0.000
  Median: 0.000
  Standard Deviation: 0.000

Quadrant RMSE: 0.000

---------------------------------------------------
---------------------------------------------------
Total correlated GCPs in scene: 938

GCP statistics entire scene (in Pixels)
Line residual statistics:
  Mean: 0.055
  Median: 0.055
  Standard Deviation: 0.156

Sample residual statistics:
  Mean: -0.014
  Median: -0.017
  Standard Deviation: 0.084

Scene RMSE: 0.187

