==============================================================================
==============================================================================
Thu. Sep. 1 2016                  LANDSAT 5                       Time: 14:03
                            Image Assessment System
                            GEOMETRIC VERIFY Report
==============================================================================
Order ID: 0501608307017_03178                          Path / Row - 13 / 32
Reference Image: L51EDC1010185150100_HDF.L1G

Color mapping per rank
----------------------
Rank  1 is Green: total residual <= 0.5
Rank  2 is Cyan: 0.5 < total residual <=  1
Rank  3 is Blue:  1 < total residual <=  2
Rank  4 is Yellow:  2 < total residual <=  3
Rank  5 is Red:  3 < total residual

Percentage of residuals by rank
-------------------------------
Rank   1 -- 100.0%
Rank   2 --  0.0%
Rank   3 --  0.0%
Rank   4 --  0.0%
Rank   5 --  0.0%

       GCP    Latitude    Longitude  Sample   Line     Total    Rank
        ID                           Residual Residual Residual
              (Degree)    (Degree)   (Pixel)  (Pixel)  (Pixel)
----------------------------------------------------------------------
0130320091   41.24308    -74.15064     0.13      0.03     0.13     1 
0130320092   41.24280    -74.11305    -0.15      0.06     0.16     1 
0130320094   41.24220    -74.03787     0.44     -0.12     0.45     1 
0130320166   41.21768    -74.15097    -0.02      0.07     0.08     1 
0130320167   41.21740    -74.11339     0.47     -0.06     0.47     1 
0130320168   41.21711    -74.07582     0.12      0.02     0.12     1 
0130320169   41.21680    -74.03825     0.34      0.07     0.35     1 
0130320170   41.21648    -74.00067     0.25      0.05     0.25     1 
0130320171   41.21615    -73.96310    -0.08      0.09     0.12     1 
0130320173   41.21544    -73.88796     0.21      0.14     0.25     1 
0130320174   41.21508    -73.85039     0.36     -0.05     0.36     1 
0130320175   41.21469    -73.81282     0.32      0.02     0.32     1 
0130320176   41.21430    -73.77525     0.43     -0.09     0.44     1 
0130320241   41.19228    -74.15129     0.15      0.07     0.16     1 
0130320242   41.19200    -74.11373     0.18     -0.04     0.18     1 
0130320244   41.19140    -74.03862     0.32      0.16     0.36     1 
0130320246   41.19075    -73.96350     0.08      0.09     0.13     1 
0130320248   41.19005    -73.88839     0.08      0.05     0.10     1 
0130320249   41.18968    -73.85083     0.14      0.10     0.17     1 
0130320250   41.18930    -73.81328     0.46     -0.01     0.46     1 
0130320251   41.18890    -73.77572     0.28      0.08     0.29     1 
0130320252   41.18850    -73.73817     0.24      0.07     0.25     1 
0130320253   41.18808    -73.70062     0.32      0.12     0.34     1 
0130320254   41.18765    -73.66307     0.12      0.05     0.13     1 
0130320255   41.18721    -73.62552     0.18      0.04     0.19     1 
0130320256   41.18675    -73.58797     0.09      0.05     0.11     1 
0130320315   41.16716    -74.18917     0.41      0.13     0.43     1 
0130320316   41.16689    -74.15162     0.17     -0.14     0.22     1 
0130320317   41.16660    -74.11408    -0.02      0.18     0.18     1 
0130320320   41.16568    -74.00144     0.39      0.06     0.39     1 
0130320321   41.16535    -73.96390    -0.04     -0.04     0.06     1 
0130320323   41.16465    -73.88882     0.04     -0.03     0.05     1 
0130320324   41.16428    -73.85128     0.21      0.11     0.23     1 
0130320325   41.16390    -73.81374     0.17      0.01     0.17     1 
0130320326   41.16351    -73.77620     0.19      0.18     0.26     1 
0130320327   41.16310    -73.73866     0.36      0.05     0.36     1 
0130320328   41.16269    -73.70112     0.34      0.06     0.35     1 
0130320329   41.16226    -73.66358     0.14      0.07     0.16     1 
0130320330   41.16181    -73.62605     0.08      0.02     0.09     1 
0130320331   41.16136    -73.58851     0.20      0.03     0.20     1 
0130320332   41.16089    -73.55098     0.20     -0.11     0.23     1 
0130320333   41.16042    -73.51344     0.27      0.07     0.28     1 
0130320334   41.15993    -73.47591     0.29      0.06     0.30     1 
0130320335   41.15942    -73.43838     0.23      0.02     0.23     1 
0130320391   41.14149    -74.15195     0.40      0.14     0.43     1 
0130320392   41.14120    -74.11442     0.43      0.16     0.46     1 
0130320394   41.14060    -74.03936     0.37      0.07     0.38     1 
0130320395   41.14028    -74.00183     0.42      0.09     0.43     1 
0130320397   41.13961    -73.92677     0.05      0.04     0.06     1 
0130320399   41.13888    -73.85172     0.32      0.17     0.36     1 
0130320400   41.13850    -73.81419     0.42      0.06     0.42     1 
0130320401   41.13811    -73.77667     0.22      0.05     0.23     1 
0130320402   41.13771    -73.73914     0.20      0.08     0.22     1 
0130320403   41.13729    -73.70162     0.36      0.00     0.36     1 
0130320404   41.13686    -73.66410     0.25     -0.02     0.25     1 
0130320405   41.13642    -73.62658     0.26      0.15     0.31     1 
0130320406   41.13596    -73.58906     0.10      0.01     0.10     1 
0130320407   41.13550    -73.55154     0.12      0.21     0.24     1 
0130320408   41.13502    -73.51402     0.21      0.15     0.26     1 
0130320409   41.13453    -73.47650     0.20      0.05     0.20     1 
0130320410   41.13403    -73.43898     0.08      0.09     0.12     1 
0130320411   41.13352    -73.40147     0.11      0.12     0.16     1 
0130320412   41.13299    -73.36395     0.05     -0.03     0.05     1 
0130320413   41.13245    -73.32644     0.16      0.03     0.16     1 
0130320414   41.13190    -73.28892    -0.17      0.02     0.17     1 
0130320415   41.13133    -73.25141    -0.13     -0.08     0.15     1 
0130320465   41.11635    -74.18979     0.44      0.17     0.47     1 
0130320466   41.11608    -74.15228    -0.05      0.05     0.07     1 
0130320467   41.11580    -74.11476     0.14      0.07     0.15     1 
0130320468   41.11551    -74.07724     0.23      0.15     0.27     1 
0130320469   41.11520    -74.03973     0.18     -0.01     0.18     1 
0130320471   41.11455    -73.96470     0.22     -0.04     0.23     1 
0130320472   41.11421    -73.92719     0.36      0.05     0.36     1 
0130320474   41.11349    -73.85216     0.31      0.10     0.32     1 
0130320476   41.11271    -73.77714     0.33      0.12     0.35     1 
0130320477   41.11231    -73.73963    -0.28      0.04     0.28     1 
0130320478   41.11189    -73.70212     0.16      0.09     0.18     1 
0130320479   41.11146    -73.66461     0.23      0.04     0.24     1 
0130320480   41.11102    -73.62711     0.26     -0.03     0.26     1 
0130320481   41.11057    -73.58960     0.18      0.10     0.21     1 
0130320482   41.11010    -73.55209     0.03      0.06     0.07     1 
0130320483   41.10963    -73.51459     0.16      0.08     0.17     1 
0130320484   41.10914    -73.47709     0.26      0.03     0.26     1 
0130320485   41.10864    -73.43958     0.18      0.01     0.18     1 
0130320486   41.10812    -73.40208    -0.01     -0.01     0.02     1 
0130320487   41.10760    -73.36458    -0.16      0.05     0.17     1 
0130320488   41.10706    -73.32708    -0.32      0.07     0.33     1 
0130320540   41.09096    -74.19011     0.19      0.04     0.20     1 
0130320541   41.09069    -74.15260     0.18      0.17     0.25     1 
0130320544   41.08980    -74.04010     0.26      0.05     0.27     1 
0130320545   41.08948    -74.00260     0.15      0.05     0.15     1 
0130320546   41.08915    -73.96510    -0.02      0.13     0.13     1 
0130320547   41.08881    -73.92760     0.08      0.11     0.14     1 
0130320549   41.08809    -73.85260     0.30      0.06     0.30     1 
0130320551   41.08732    -73.77761     0.26      0.04     0.26     1 
0130320552   41.08691    -73.74012    -0.24     -0.01     0.24     1 
0130320553   41.08650    -73.70262     0.39      0.06     0.40     1 
0130320554   41.08607    -73.66513     0.16      0.01     0.16     1 
0130320555   41.08563    -73.62763     0.24     -0.02     0.24     1 
0130320557   41.08471    -73.55265     0.22     -0.04     0.22     1 
0130320558   41.08423    -73.51516     0.05      0.16     0.16     1 
0130320559   41.08374    -73.47767     0.23      0.04     0.23     1 
0130320560   41.08324    -73.44018     0.30      0.07     0.30     1 
0130320561   41.08273    -73.40270    -0.17     -0.09     0.20     1 
0130320562   41.08220    -73.36521    -0.18     -0.10     0.20     1 
0130320616   41.06529    -74.15293     0.38      0.11     0.40     1 
0130320617   41.06500    -74.11544     0.25      0.01     0.25     1 
0130320621   41.06376    -73.96550     0.23      0.03     0.23     1 
0130320624   41.06269    -73.85305     0.06      0.14     0.16     1 
0130320626   41.06192    -73.77808     0.25      0.05     0.25     1 
0130320627   41.06152    -73.74060     0.18      0.10     0.20     1 
0130320628   41.06110    -73.70312     0.12     -0.05     0.13     1 
0130320629   41.06067    -73.66564     0.22      0.09     0.24     1 
0130320630   41.06023    -73.62816     0.30      0.03     0.31     1 
0130320631   41.05978    -73.59069     0.18      0.02     0.19     1 
0130320632   41.05932    -73.55321     0.13      0.03     0.13     1 
0130320633   41.05884    -73.51573     0.02      0.09     0.09     1 
0130320634   41.05835    -73.47826    -0.07     -0.07     0.10     1 
0130320635   41.05785    -73.44078    -0.17      0.01     0.17     1 
0130320636   41.05734    -73.40331    -0.22     -0.07     0.23     1 
0130320689   41.04041    -74.22820     0.19     -0.00     0.19     1 
0130320690   41.04015    -74.19073     0.33      0.12     0.35     1 
0130320694   41.03900    -74.04084     0.14      0.02     0.14     1 
0130320695   41.03869    -74.00337     0.13     -0.10     0.17     1 
0130320696   41.03836    -73.96590     0.32      0.02     0.32     1 
0130320697   41.03801    -73.92843     0.30      0.05     0.30     1 
0130320698   41.03766    -73.89096    -0.05      0.13     0.14     1 
0130320699   41.03729    -73.85349     0.28      0.00     0.28     1 
0130320700   41.03691    -73.81602     0.38     -0.07     0.38     1 
0130320701   41.03652    -73.77855     0.03      0.08     0.08     1 
0130320702   41.03612    -73.74109     0.21      0.03     0.21     1 
0130320703   41.03570    -73.70362     0.22      0.00     0.22     1 
0130320704   41.03528    -73.66616     0.14      0.04     0.14     1 
0130320705   41.03484    -73.62869     0.08     -0.02     0.08     1 
0130320706   41.03439    -73.59123    -0.08     -0.00     0.08     1 
0130320707   41.03392    -73.55376    -0.02      0.03     0.04     1 
0130320708   41.03345    -73.51630    -0.12     -0.09     0.15     1 
0130320709   41.03296    -73.47884    -0.32     -0.08     0.33     1 
0130320734   41.01679    -72.54269    -0.04     -0.18     0.18     1 
0130320735   41.01599    -72.50526     0.04      0.07     0.08     1 
0130320736   41.01517    -72.46783    -0.22     -0.09     0.24     1 
0130320765   41.01475    -74.19104     0.14      0.26     0.29     1 
0130320766   41.01449    -74.15358     0.31      0.07     0.31     1 
0130320767   41.01420    -74.11612     0.32      0.18     0.36     1 
0130320768   41.01391    -74.07866     0.42      0.06     0.42     1 
0130320769   41.01360    -74.04121    -0.02     -0.01     0.03     1 
0130320770   41.01329    -74.00375     0.23      0.05     0.24     1 
0130320772   41.01261    -73.92884     0.25      0.03     0.25     1 
0130320773   41.01226    -73.89138    -0.00     -0.10     0.10     1 
0130320774   41.01190    -73.85393     0.19     -0.01     0.19     1 
0130320775   41.01152    -73.81647     0.28      0.08     0.29     1 
0130320776   41.01112    -73.77902     0.20      0.06     0.21     1 
0130320777   41.01072    -73.74157     0.22      0.00     0.22     1 
0130320778   41.01031    -73.70412     0.09      0.10     0.14     1 
0130320779   41.00988    -73.66667     0.07     -0.02     0.07     1 
0130320780   41.00944    -73.62922    -0.16     -0.03     0.16     1 
0130320781   41.00899    -73.59177    -0.25     -0.02     0.25     1 
0130320782   41.00853    -73.55432    -0.29     -0.07     0.29     1 
0130320807   40.99298    -72.61847    -0.02     -0.40     0.40     1 
0130320809   40.99141    -72.54363    -0.22     -0.01     0.22     1 
0130320810   40.99061    -72.50622    -0.30     -0.09     0.31     1 
0130320811   40.98979    -72.46881    -0.27     -0.15     0.30     1 
0130320814   40.98727    -72.35658    -0.16     -0.05     0.17     1 
0130320815   40.98641    -72.31917    -0.20     -0.05     0.20     1 
0130320816   40.98553    -72.28176     0.09      0.10     0.13     1 
0130320817   40.98464    -72.24436    -0.05     -0.14     0.15     1 
0130320839   40.98961    -74.22880     0.12      0.09     0.15     1 
0130320840   40.98935    -74.19135     0.15      0.15     0.21     1 
0130320841   40.98908    -74.15390     0.18      0.15     0.23     1 
0130320842   40.98880    -74.11646     0.14      0.02     0.14     1 
0130320843   40.98851    -74.07902     0.41      0.13     0.43     1 
0130320844   40.98821    -74.04157     0.24      0.01     0.24     1 
0130320845   40.98789    -74.00413     0.26      0.11     0.28     1 
0130320846   40.98756    -73.96669     0.08     -0.13     0.15     1 
0130320847   40.98722    -73.92925     0.44      0.09     0.45     1 
0130320849   40.98650    -73.85437     0.28     -0.03     0.29     1 
0130320851   40.98573    -73.77949     0.35      0.03     0.35     1 
0130320852   40.98533    -73.74205     0.17      0.08     0.18     1 
0130320853   40.98491    -73.70462     0.25      0.05     0.26     1 
0130320854   40.98448    -73.66718    -0.16     -0.05     0.17     1 
0130320855   40.98405    -73.62974    -0.10     -0.11     0.15     1 
0130320869   40.97662    -73.10575    -0.23     -0.13     0.26     1 
0130320870   40.97600    -73.06833    -0.07     -0.10     0.12     1 
0130320872   40.97472    -72.99349     0.24      0.01     0.24     1 
0130320873   40.97407    -72.95607     0.29      0.05     0.30     1 
0130320878   40.97060    -72.76901     0.13      0.08     0.16     1 
0130320879   40.96987    -72.73160     0.06      0.06     0.08     1 
0130320881   40.96837    -72.65678     0.09     -0.05     0.10     1 
0130320882   40.96760    -72.61938     0.09     -0.10     0.14     1 
0130320886   40.96442    -72.46978    -0.05      0.27     0.27     1 
0130320888   40.96275    -72.39498    -0.25      0.03     0.25     1 
0130320889   40.96190    -72.35759    -0.01      0.01     0.01     1 
0130320890   40.96103    -72.32020     0.02     -0.01     0.02     1 
0130320891   40.96016    -72.28280    -0.09     -0.09     0.13     1 
0130320892   40.95927    -72.24542     0.06     -0.07     0.09     1 
0130320893   40.95837    -72.20803     0.17      0.01     0.17     1 
0130320894   40.95746    -72.17064    -0.12     -0.12     0.17     1 
0130320914   40.96421    -74.22909    -0.00      0.07     0.07     1 
0130320916   40.96368    -74.15423     0.07      0.11     0.13     1 
0130320917   40.96340    -74.11680     0.37      0.06     0.38     1 
0130320918   40.96311    -74.07937     0.14      0.06     0.16     1 
0130320919   40.96281    -74.04194     0.31     -0.01     0.31     1 
0130320920   40.96249    -74.00451     0.21      0.06     0.22     1 
0130320924   40.96110    -73.85481     0.08     -0.03     0.08     1 
0130320925   40.96072    -73.81738     0.27      0.04     0.28     1 
0130320926   40.96033    -73.77996     0.38      0.05     0.38     1 
0130320927   40.95993    -73.74254     0.12     -0.01     0.12     1 
0130320928   40.95951    -73.70511     0.17     -0.00     0.17     1 
0130320929   40.95909    -73.66769    -0.14     -0.04     0.15     1 
0130320936   40.95576    -73.40576    -0.36      0.11     0.37     1 
0130320943   40.95184    -73.14388    -0.04      0.11     0.12     1 
0130320944   40.95123    -73.10647    -0.12     -0.01     0.12     1 
0130320945   40.95061    -73.06907     0.02      0.05     0.05     1 
0130320946   40.94998    -73.03166    -0.06     -0.00     0.06     1 
0130320947   40.94934    -72.99426     0.14     -0.08     0.15     1 
0130320948   40.94868    -72.95686     0.22      0.01     0.22     1 
0130320949   40.94801    -72.91945     0.19     -0.03     0.20     1 
0130320950   40.94733    -72.88205     0.34     -0.06     0.34     1 
0130320952   40.94593    -72.80726     0.12     -0.00     0.12     1 
0130320953   40.94521    -72.76986     0.04      0.02     0.04     1 
0130320954   40.94448    -72.73247    -0.03     -0.05     0.06     1 
0130320956   40.94299    -72.65768     0.20     -0.03     0.21     1 
0130320957   40.94222    -72.62029     0.03     -0.14     0.15     1 
0130320958   40.94144    -72.58290    -0.03     -0.08     0.08     1 
0130320962   40.93821    -72.43336    -0.11     -0.05     0.12     1 
0130320963   40.93737    -72.39598    -0.16     -0.10     0.19     1 
0130320965   40.93566    -72.32122    -0.16     -0.06     0.17     1 
0130320966   40.93478    -72.28385     0.08      0.01     0.08     1 
0130320968   40.93300    -72.20910     0.17     -0.37     0.41     1 
0130320989   40.93881    -74.22939     0.33      0.10     0.34     1 
0130320990   40.93855    -74.19197     0.13      0.09     0.15     1 
0130320991   40.93828    -74.15455    -0.03      0.08     0.08     1 
0130320992   40.93800    -74.11714     0.25     -0.03     0.25     1 
0130320993   40.93771    -74.07972     0.24      0.05     0.24     1 
0130320994   40.93740    -74.04231     0.22      0.09     0.24     1 
0130320995   40.93709    -74.00490     0.15      0.05     0.16     1 
0130320996   40.93676    -73.96748     0.32      0.04     0.32     1 
0130320997   40.93642    -73.93007     0.25     -0.09     0.27     1 
0130320998   40.93606    -73.89266    -0.01      0.01     0.02     1 
0130320999   40.93570    -73.85525     0.07      0.04     0.08     1 
0130321000   40.93532    -73.81784     0.14     -0.06     0.15     1 
0130321001   40.93493    -73.78043     0.17      0.04     0.18     1 
0130321002   40.93453    -73.74302     0.02     -0.06     0.07     1 
0130321003   40.93412    -73.70561    -0.10     -0.10     0.14     1 
0130321009   40.93138    -73.48118     0.33      0.12     0.35     1 
0130321010   40.93088    -73.44377     0.23      0.10     0.25     1 
0130321011   40.93037    -73.40637    -0.16     -0.06     0.17     1 
0130321012   40.92985    -73.36897    -0.08      0.02     0.09     1 
0130321013   40.92931    -73.33157    -0.08     -0.09     0.12     1 
0130321014   40.92876    -73.29417     0.04     -0.01     0.04     1 
0130321017   40.92705    -73.18198     0.05     -0.32     0.33     1 
0130321018   40.92645    -73.14459    -0.27      0.01     0.27     1 
0130321019   40.92585    -73.10720     0.25      0.02     0.25     1 
0130321020   40.92522    -73.06981     0.35      0.12     0.37     1 
0130321021   40.92459    -73.03242     0.13      0.02     0.14     1 
0130321023   40.92329    -72.95764     0.09      0.04     0.10     1 
0130321024   40.92262    -72.92025    -0.08     -0.01     0.08     1 
0130321025   40.92194    -72.88286     0.07     -0.04     0.08     1 
0130321026   40.92125    -72.84548    -0.12     -0.06     0.14     1 
0130321027   40.92054    -72.80810     0.37     -0.13     0.39     1 
0130321028   40.91983    -72.77072     0.19      0.05     0.20     1 
0130321029   40.91910    -72.73334     0.02      0.04     0.05     1 
0130321030   40.91836    -72.69596     0.19     -0.06     0.19     1 
0130321031   40.91761    -72.65858    -0.01     -0.04     0.04     1 
0130321032   40.91684    -72.62120    -0.11     -0.15     0.18     1 
0130321033   40.91606    -72.58383     0.24     -0.08     0.25     1 
0130321034   40.91527    -72.54645     0.01     -0.07     0.07     1 
0130321037   40.91283    -72.43434    -0.14     -0.05     0.15     1 
0130321038   40.91199    -72.39698     0.08     -0.05     0.09     1 
0130321039   40.91114    -72.35961    -0.17      0.06     0.18     1 
0130321040   40.91028    -72.32225    -0.23      0.02     0.24     1 
0130321041   40.90941    -72.28489    -0.02     -0.11     0.12     1 
0130321063   40.91365    -74.26708     0.16      0.05     0.17     1 
0130321064   40.91341    -74.22968     0.28      0.01     0.28     1 
0130321065   40.91315    -74.19228     0.01      0.01     0.01     1 
0130321066   40.91288    -74.15488    -0.05      0.06     0.08     1 
0130321067   40.91260    -74.11748     0.14      0.07     0.15     1 
0130321068   40.91231    -74.08007     0.10     -0.01     0.10     1 
0130321069   40.91201    -74.04268     0.14     -0.00     0.14     1 
0130321070   40.91169    -74.00528     0.17      0.10     0.20     1 
0130321071   40.91136    -73.96788     0.28      0.12     0.30     1 
0130321073   40.91067    -73.89308     0.23     -0.01     0.23     1 
0130321074   40.91030    -73.85568    -0.14     -0.02     0.15     1 
0130321075   40.90992    -73.81829     0.09     -0.03     0.10     1 
0130321076   40.90953    -73.78089    -0.04     -0.04     0.06     1 
0130321077   40.90913    -73.74350    -0.29     -0.03     0.29     1 
0130321080   40.90786    -73.63132    -0.09     -0.06     0.11     1 
0130321081   40.90741    -73.59393    -0.09      0.11     0.14     1 
0130321082   40.90694    -73.55654    -0.08     -0.12     0.15     1 
0130321083   40.90647    -73.51915    -0.06     -0.12     0.14     1 
0130321084   40.90598    -73.48176    -0.10      0.08     0.13     1 
0130321085   40.90549    -73.44437    -0.05     -0.04     0.06     1 
0130321086   40.90498    -73.40698     0.04     -0.01     0.04     1 
0130321087   40.90445    -73.36960     0.03      0.03     0.04     1 
0130321088   40.90392    -73.33221     0.08      0.11     0.13     1 
0130321089   40.90337    -73.29483     0.22      0.16     0.28     1 
0130321090   40.90281    -73.25744     0.05      0.10     0.12     1 
0130321091   40.90224    -73.22006    -0.13      0.08     0.15     1 
0130321092   40.90166    -73.18268     0.30      0.03     0.30     1 
0130321093   40.90106    -73.14530     0.27     -0.02     0.27     1 
0130321094   40.90046    -73.10792    -0.03     -0.01     0.03     1 
0130321095   40.89984    -73.07054     0.07     -0.13     0.14     1 
0130321096   40.89920    -73.03317     0.19      0.01     0.19     1 
0130321097   40.89856    -72.99579     0.15     -0.02     0.15     1 
0130321099   40.89724    -72.92105     0.08     -0.07     0.11     1 
0130321100   40.89656    -72.88367     0.12     -0.03     0.12     1 
0130321101   40.89587    -72.84631     0.12      0.01     0.12     1 
0130321102   40.89516    -72.80894     0.15     -0.01     0.15     1 
0130321103   40.89444    -72.77157     0.13      0.04     0.14     1 
0130321104   40.89372    -72.73420     0.24      0.01     0.24     1 
0130321105   40.89297    -72.69684     0.10     -0.04     0.10     1 
0130321106   40.89222    -72.65948     0.07      0.00     0.07     1 
0130321107   40.89146    -72.62211     0.04      0.02     0.05     1 
0130321108   40.89068    -72.58475    -0.21     -0.10     0.23     1 
0130321109   40.88989    -72.54739     0.03     -0.01     0.03     1 
0130321110   40.88909    -72.51004     0.02     -0.08     0.08     1 
0130321111   40.88828    -72.47268    -0.12      0.01     0.12     1 
0130321112   40.88745    -72.43533    -0.12     -0.18     0.22     1 
0130321113   40.88662    -72.39797    -0.05     -0.05     0.08     1 
0130321114   40.88577    -72.36062    -0.10      0.03     0.10     1 
0130321138   40.88825    -74.26736     0.00      0.05     0.05     1 
0130321139   40.88800    -74.22998    -0.12      0.03     0.12     1 
0130321140   40.88775    -74.19259     0.09     -0.00     0.09     1 
0130321141   40.88748    -74.15520    -0.04      0.08     0.09     1 
0130321142   40.88720    -74.11781    -0.04      0.07     0.08     1 
0130321143   40.88691    -74.08043     0.01      0.01     0.01     1 
0130321144   40.88661    -74.04304    -0.04      0.01     0.04     1 
0130321145   40.88629    -74.00566     0.21      0.12     0.25     1 
0130321148   40.88527    -73.89350     0.09      0.04     0.10     1 
0130321150   40.88453    -73.81874     0.07      0.00     0.07     1 
0130321151   40.88414    -73.78136    -0.15     -0.04     0.16     1 
0130321152   40.88374    -73.74398    -0.17     -0.12     0.21     1 
0130321155   40.88246    -73.63184     0.20      0.02     0.20     1 
0130321156   40.88201    -73.59446     0.25      0.07     0.26     1 
0130321157   40.88155    -73.55709     0.22      0.04     0.23     1 
0130321158   40.88108    -73.51971    -0.08     -0.03     0.08     1 
0130321159   40.88059    -73.48234    -0.06     -0.02     0.06     1 
0130321160   40.88009    -73.44496     0.26      0.12     0.29     1 
0130321161   40.87958    -73.40759     0.13      0.08     0.15     1 
0130321162   40.87906    -73.37022     0.12      0.08     0.15     1 
0130321163   40.87853    -73.33285     0.02      0.04     0.04     1 
0130321164   40.87798    -73.29548    -0.01      0.02     0.02     1 
0130321165   40.87742    -73.25811     0.22      0.10     0.24     1 
0130321166   40.87685    -73.22074     0.19      0.03     0.19     1 
0130321167   40.87627    -73.18337     0.14      0.01     0.14     1 
0130321168   40.87567    -73.14601     0.15      0.05     0.16     1 
0130321169   40.87506    -73.10864     0.23     -0.07     0.24     1 
0130321170   40.87445    -73.07128     0.08      0.00     0.08     1 
0130321171   40.87382    -73.03392     0.08      0.02     0.08     1 
0130321172   40.87317    -72.99656     0.11      0.11     0.15     1 
0130321173   40.87252    -72.95920     0.21      0.03     0.21     1 
0130321174   40.87185    -72.92184     0.28     -0.10     0.30     1 
0130321175   40.87117    -72.88448     0.15      0.05     0.16     1 
0130321176   40.87048    -72.84713     0.24      0.01     0.24     1 
0130321177   40.86977    -72.80977     0.16     -0.02     0.17     1 
0130321178   40.86906    -72.77242     0.13      0.01     0.13     1 
0130321179   40.86833    -72.73507     0.11     -0.19     0.22     1 
0130321180   40.86759    -72.69772     0.06     -0.05     0.08     1 
0130321181   40.86684    -72.66037    -0.02     -0.05     0.05     1 
0130321182   40.86608    -72.62302     0.03     -0.07     0.08     1 
0130321183   40.86530    -72.58567     0.13     -0.01     0.13     1 
0130321184   40.86451    -72.54833    -0.06     -0.06     0.09     1 
0130321185   40.86371    -72.51099     0.03     -0.00     0.03     1 
0130321187   40.86207    -72.43631     0.45     -0.02     0.45     1 
0130321213   40.86285    -74.26764     0.26      0.05     0.27     1 
0130321215   40.86235    -74.19290     0.18      0.12     0.22     1 
0130321216   40.86208    -74.15552     0.07      0.07     0.09     1 
0130321217   40.86180    -74.11815    -0.01      0.02     0.02     1 
0130321218   40.86151    -74.08078     0.17     -0.05     0.17     1 
0130321219   40.86120    -74.04341    -0.09     -0.01     0.09     1 
0130321220   40.86089    -74.00604    -0.00      0.15     0.15     1 
0130321221   40.86056    -73.96867     0.03      0.01     0.03     1 
0130321225   40.85913    -73.81919     0.05      0.03     0.06     1 
0130321226   40.85874    -73.78182    -0.16     -0.06     0.17     1 
0130321228   40.85793    -73.70709     0.13      0.05     0.13     1 
0130321229   40.85750    -73.66973     0.17     -0.06     0.18     1 
0130321230   40.85706    -73.63236    -0.00      0.04     0.04     1 
0130321231   40.85661    -73.59500     0.26      0.18     0.32     1 
0130321232   40.85615    -73.55764     0.32      0.07     0.33     1 
0130321233   40.85568    -73.52028     0.27      0.08     0.29     1 
0130321234   40.85519    -73.48292     0.22      0.12     0.25     1 
0130321235   40.85470    -73.44556     0.40      0.11     0.41     1 
0130321236   40.85419    -73.40820     0.11      0.07     0.13     1 
0130321237   40.85367    -73.37084     0.17      0.10     0.20     1 
0130321238   40.85313    -73.33348     0.29      0.04     0.29     1 
0130321239   40.85259    -73.29613     0.18      0.10     0.21     1 
0130321240   40.85203    -73.25877     0.21      0.04     0.22     1 
0130321241   40.85146    -73.22142     0.05     -0.01     0.05     1 
0130321242   40.85088    -73.18407     0.08      0.05     0.10     1 
0130321243   40.85028    -73.14672     0.14      0.03     0.14     1 
0130321244   40.84967    -73.10937     0.20     -0.02     0.20     1 
0130321245   40.84906    -73.07202     0.17      0.09     0.19     1 
0130321247   40.84778    -72.99732     0.19      0.07     0.20     1 
0130321248   40.84713    -72.95998     0.12     -0.01     0.12     1 
0130321249   40.84646    -72.92263     0.37      0.29     0.47     1 
0130321251   40.84509    -72.84795     0.12     -0.00     0.12     1 
0130321252   40.84439    -72.81061     0.18      0.02     0.18     1 
0130321253   40.84367    -72.77327     0.19      0.11     0.22     1 
0130321254   40.84295    -72.73593     0.19      0.00     0.19     1 
0130321255   40.84221    -72.69860     0.17     -0.22     0.28     1 
0130321257   40.84069    -72.62393     0.12     -0.00     0.12     1 
0130321258   40.83992    -72.58660     0.02      0.00     0.02     1 
0130321259   40.83913    -72.54927    -0.18     -0.12     0.22     1 
0130321261   40.83752    -72.47461     0.12     -0.06     0.14     1 
0130321288   40.83745    -74.26792     0.23      0.14     0.27     1 
0130321289   40.83720    -74.23056     0.25      0.02     0.25     1 
0130321290   40.83695    -74.19321     0.24      0.02     0.24     1 
0130321291   40.83668    -74.15585    -0.02     -0.00     0.02     1 
0130321292   40.83640    -74.11849     0.08      0.03     0.08     1 
0130321293   40.83611    -74.08113    -0.02     -0.10     0.10     1 
0130321294   40.83581    -74.04377    -0.12      0.05     0.13     1 
0130321295   40.83549    -74.00642    -0.04     -0.09     0.09     1 
0130321300   40.83373    -73.81964    -0.12     -0.12     0.17     1 
0130321301   40.83334    -73.78229    -0.32     -0.04     0.32     1 
0130321302   40.83294    -73.74494    -0.11     -0.06     0.13     1 
0130321303   40.83253    -73.70759    -0.18      0.05     0.19     1 
0130321304   40.83210    -73.67024     0.04      0.01     0.04     1 
0130321305   40.83167    -73.63289     0.18      0.13     0.22     1 
0130321306   40.83122    -73.59554     0.22      0.10     0.24     1 
0130321307   40.83076    -73.55819     0.29      0.02     0.29     1 
0130321308   40.83028    -73.52084     0.27      0.08     0.28     1 
0130321309   40.82980    -73.48350     0.17     -0.04     0.18     1 
0130321310   40.82930    -73.44615     0.24     -0.01     0.24     1 
0130321311   40.82879    -73.40881     0.11      0.05     0.12     1 
0130321312   40.82827    -73.37146     0.12      0.09     0.15     1 
0130321313   40.82774    -73.33412     0.22      0.11     0.25     1 
0130321314   40.82719    -73.29678     0.08      0.03     0.08     1 
0130321315   40.82664    -73.25944     0.04     -0.01     0.04     1 
0130321316   40.82607    -73.22210     0.15      0.02     0.15     1 
0130321317   40.82549    -73.18476     0.06     -0.03     0.07     1 
0130321318   40.82489    -73.14742     0.12     -0.18     0.22     1 
0130321319   40.82429    -73.11009     0.21      0.07     0.22     1 
0130321320   40.82367    -73.07276     0.08     -0.04     0.09     1 
0130321321   40.82304    -73.03542     0.00      0.01     0.01     1 
0130321322   40.82240    -72.99809    -0.01      0.02     0.02     1 
0130321323   40.82174    -72.96076     0.15      0.11     0.19     1 
0130321324   40.82108    -72.92343     0.13      0.06     0.14     1 
0130321325   40.82040    -72.88610     0.24     -0.01     0.24     1 
0130321326   40.81971    -72.84877     0.13      0.12     0.18     1 
0130321327   40.81900    -72.81145     0.13     -0.04     0.14     1 
0130321329   40.81756    -72.73680    -0.04      0.00     0.04     1 
0130321330   40.81683    -72.69948     0.04      0.06     0.07     1 
0130321331   40.81607    -72.66215     0.07     -0.02     0.08     1 
0130321332   40.81531    -72.62484    -0.10     -0.03     0.11     1 
0130321333   40.81454    -72.58752     0.18      0.07     0.20     1 
0130321363   40.81204    -74.26820     0.29      0.17     0.34     1 
0130321364   40.81180    -74.23086     0.33      0.02     0.33     1 
0130321365   40.81155    -74.19351     0.24      0.05     0.24     1 
0130321366   40.81128    -74.15617     0.01      0.02     0.02     1 
0130321367   40.81100    -74.11882     0.02      0.00     0.02     1 
0130321368   40.81071    -74.08148    -0.11      0.01     0.11     1 
0130321369   40.81040    -74.04414    -0.12      0.06     0.14     1 
0130321370   40.81009    -74.00679    -0.15     -0.09     0.17     1 
0130321372   40.80942    -73.93211    -0.08      0.02     0.08     1 
0130321373   40.80907    -73.89477    -0.19     -0.02     0.19     1 
0130321374   40.80871    -73.85743    -0.14     -0.05     0.15     1 
0130321376   40.80794    -73.78275    -0.24     -0.00     0.24     1 
0130321377   40.80754    -73.74542     0.10      0.05     0.11     1 
0130321378   40.80713    -73.70808    -0.02      0.01     0.02     1 
0130321379   40.80671    -73.67074     0.03     -0.11     0.11     1 
0130321380   40.80627    -73.63341     0.03     -0.01     0.03     1 
0130321381   40.80582    -73.59607     0.33      0.14     0.36     1 
0130321382   40.80536    -73.55874     0.18      0.08     0.19     1 
0130321383   40.80489    -73.52141    -0.07      0.07     0.10     1 
0130321384   40.80440    -73.48408    -0.06     -0.02     0.07     1 
0130321385   40.80391    -73.44674     0.16      0.12     0.20     1 
0130321386   40.80340    -73.40941     0.08      0.06     0.10     1 
0130321387   40.80288    -73.37208     0.09      0.07     0.11     1 
0130321388   40.80235    -73.33476     0.11      0.02     0.11     1 
0130321389   40.80180    -73.29743     0.09     -0.04     0.10     1 
0130321390   40.80124    -73.26010    -0.05      0.00     0.05     1 
0130321391   40.80067    -73.22278     0.12     -0.27     0.30     1 
0130321392   40.80009    -73.18545    -0.05      0.00     0.05     1 
0130321393   40.79950    -73.14813    -0.05     -0.07     0.09     1 
0130321394   40.79890    -73.11081    -0.08     -0.00     0.08     1 
0130321395   40.79828    -73.07349     0.20      0.05     0.21     1 
0130321397   40.79701    -72.99885     0.14      0.02     0.14     1 
0130321398   40.79635    -72.96153     0.14      0.00     0.14     1 
0130321399   40.79569    -72.92422     0.01      0.01     0.01     1 
0130321400   40.79501    -72.88690     0.03     -0.01     0.04     1 
0130321401   40.79432    -72.84959     0.20     -0.01     0.20     1 
0130321402   40.79362    -72.81228     0.05     -0.05     0.07     1 
0130321403   40.79290    -72.77497     0.15     -0.02     0.16     1 
0130321404   40.79218    -72.73766    -0.25     -0.20     0.32     1 
0130321405   40.79144    -72.70035    -0.18     -0.08     0.19     1 
0130321437   40.78687    -74.30581     0.27     -0.03     0.27     1 
0130321438   40.78664    -74.26848     0.27      0.10     0.29     1 
0130321439   40.78640    -74.23115     0.14      0.01     0.14     1 
0130321440   40.78614    -74.19382     0.10      0.02     0.10     1 
0130321441   40.78588    -74.15649     0.18     -0.15     0.23     1 
0130321442   40.78560    -74.11916     0.12     -0.06     0.13     1 
0130321443   40.78531    -74.08183    -0.15     -0.09     0.18     1 
0130321446   40.78436    -73.96985     0.13     -0.04     0.13     1 
0130321447   40.78402    -73.93252    -0.10     -0.09     0.13     1 
0130321448   40.78367    -73.89519    -0.11     -0.01     0.11     1 
0130321449   40.78331    -73.85787    -0.11     -0.01     0.11     1 
0130321451   40.78254    -73.78322    -0.11     -0.06     0.13     1 
0130321452   40.78214    -73.74589    -0.06      0.08     0.10     1 
0130321453   40.78173    -73.70857     0.14      0.08     0.16     1 
0130321454   40.78131    -73.67125     0.08      0.02     0.09     1 
0130321455   40.78087    -73.63393     0.09      0.11     0.14     1 
0130321456   40.78043    -73.59661     0.21      0.06     0.22     1 
0130321457   40.77996    -73.55929     0.00     -0.05     0.05     1 
0130321458   40.77949    -73.52197    -0.04      0.13     0.13     1 
0130321459   40.77901    -73.48465     0.09      0.06     0.10     1 
0130321460   40.77851    -73.44733    -0.19      0.05     0.20     1 
0130321461   40.77801    -73.41002    -0.13     -0.04     0.13     1 
0130321462   40.77748    -73.37270     0.15      0.10     0.18     1 
0130321463   40.77695    -73.33539     0.02      0.16     0.16     1 
0130321465   40.77585    -73.26077    -0.02      0.06     0.06     1 
0130321466   40.77528    -73.22346     0.14      0.01     0.14     1 
0130321467   40.77470    -73.18615     0.14     -0.07     0.16     1 
0130321468   40.77411    -73.14884     0.39      0.05     0.39     1 
0130321469   40.77351    -73.11153     0.07      0.02     0.08     1 
0130321470   40.77289    -73.07422     0.01     -0.02     0.02     1 
0130321471   40.77226    -73.03692     0.00      0.03     0.03     1 
0130321472   40.77162    -72.99961     0.04     -0.08     0.09     1 
0130321473   40.77096    -72.96231     0.07     -0.02     0.08     1 
0130321474   40.77030    -72.92501     0.20     -0.01     0.20     1 
0130321475   40.76962    -72.88771     0.04      0.01     0.04     1 
0130321476   40.76893    -72.85041     0.20      0.01     0.20     1 
0130321477   40.76823    -72.81311    -0.04     -0.09     0.10     1 
0130321478   40.76752    -72.77582    -0.07      0.15     0.16     1 
0130321479   40.76680    -72.73852     0.04      0.16     0.16     1 
0130321512   40.76147    -74.30608     0.12      0.10     0.16     1 
0130321513   40.76124    -74.26876     0.27      0.04     0.28     1 
0130321514   40.76100    -74.23144     0.07      0.02     0.07     1 
0130321516   40.76047    -74.15681    -0.03     -0.09     0.10     1 
0130321517   40.76020    -74.11950    -0.12      0.01     0.12     1 
0130321518   40.75991    -74.08218    -0.09     -0.13     0.16     1 
0130321521   40.75896    -73.97024     0.28     -0.09     0.29     1 
0130321522   40.75862    -73.93292    -0.26     -0.07     0.27     1 
0130321523   40.75827    -73.89561    -0.10     -0.04     0.11     1 
0130321524   40.75791    -73.85830    -0.01     -0.08     0.08     1 
0130321526   40.75715    -73.78368     0.00     -0.01     0.01     1 
0130321527   40.75675    -73.74637    -0.01      0.08     0.08     1 
0130321528   40.75633    -73.70906     0.12      0.06     0.14     1 
0130321529   40.75591    -73.67176     0.09      0.04     0.10     1 
0130321530   40.75548    -73.63445    -0.02      0.04     0.04     1 
0130321531   40.75503    -73.59714    -0.04     -0.01     0.04     1 
0130321532   40.75457    -73.55984    -0.03      0.05     0.05     1 
0130321533   40.75410    -73.52253    -0.02      0.02     0.03     1 
0130321534   40.75361    -73.48523    -0.10      0.02     0.10     1 
0130321535   40.75312    -73.44793     0.17      0.07     0.19     1 
0130321536   40.75261    -73.41062    -0.04     -0.09     0.10     1 
0130321537   40.75209    -73.37332     0.04      0.09     0.10     1 
0130321538   40.75156    -73.33602    -0.09      0.12     0.15     1 
0130321539   40.75101    -73.29873    -0.02      0.00     0.02     1 
0130321540   40.75046    -73.26143     0.12      0.05     0.13     1 
0130321541   40.74989    -73.22413     0.25      0.10     0.27     1 
0130321542   40.74931    -73.18684     0.21     -0.01     0.21     1 
0130321543   40.74872    -73.14954    -0.04      0.01     0.04     1 
0130321544   40.74811    -73.11225     0.01      0.00     0.01     1 
0130321545   40.74750    -73.07496     0.07      0.03     0.08     1 
0130321546   40.74687    -73.03767     0.03      0.05     0.06     1 
0130321547   40.74623    -73.00038    -0.22     -0.07     0.23     1 
0130321548   40.74558    -72.96309    -0.19      0.06     0.20     1 
0130321550   40.74424    -72.88851    -0.06      0.17     0.18     1 
0130321551   40.74355    -72.85123     0.02     -0.10     0.10     1 
0130321587   40.73607    -74.30634     0.20      0.01     0.20     1 
0130321588   40.73584    -74.26904     0.23      0.10     0.25     1 
0130321589   40.73559    -74.23174     0.01     -0.00     0.01     1 
0130321591   40.73507    -74.15713    -0.10      0.12     0.16     1 
0130321592   40.73479    -74.11983     0.01      0.04     0.04     1 
0130321593   40.73450    -74.08253    -0.03     -0.10     0.10     1 
0130321596   40.73356    -73.97063    -0.05     -0.03     0.06     1 
0130321597   40.73322    -73.93333    -0.13      0.06     0.14     1 
0130321598   40.73287    -73.89603    -0.13     -0.05     0.14     1 
0130321600   40.73213    -73.82144     0.01     -0.02     0.02     1 
0130321601   40.73175    -73.78414     0.05      0.01     0.05     1 
0130321602   40.73135    -73.74685    -0.11      0.02     0.12     1 
0130321603   40.73094    -73.70955    -0.04      0.01     0.04     1 
0130321604   40.73051    -73.67226     0.03     -0.01     0.03     1 
0130321605   40.73008    -73.63497     0.05      0.00     0.05     1 
0130321606   40.72963    -73.59768    -0.15      0.05     0.16     1 
0130321607   40.72917    -73.56038     0.13      0.03     0.14     1 
0130321609   40.72822    -73.48580     0.01      0.01     0.01     1 
0130321611   40.72722    -73.41123    -0.22     -0.03     0.23     1 
0130321612   40.72670    -73.37394    -0.07      0.03     0.08     1 
0130321613   40.72617    -73.33666     0.10      0.03     0.10     1 
0130321614   40.72562    -73.29937     0.09      0.02     0.09     1 
0130321615   40.72507    -73.26209     0.05      0.03     0.06     1 
0130321616   40.72450    -73.22481    -0.02      0.00     0.02     1 
0130321617   40.72392    -73.18753     0.23      0.02     0.23     1 
0130321618   40.72333    -73.15024    -0.06     -0.03     0.07     1 
0130321619   40.72272    -73.11297    -0.16      0.08     0.18     1 
0130321620   40.72211    -73.07569    -0.25     -0.06     0.26     1 
0130321621   40.72148    -73.03841    -0.22     -0.04     0.22     1 
0130321662   40.71066    -74.30661     0.09      0.12     0.15     1 
0130321663   40.71043    -74.26932     0.04      0.11     0.11     1 
0130321664   40.71019    -74.23203    -0.01      0.00     0.01     1 
0130321665   40.70994    -74.19474     0.08     -0.02     0.08     1 
0130321666   40.70967    -74.15745    -0.09      0.04     0.09     1 
0130321667   40.70939    -74.12017    -0.15     -0.10     0.18     1 
0130321668   40.70910    -74.08288    -0.06      0.11     0.12     1 
0130321669   40.70880    -74.04559     0.00      0.10     0.10     1 
0130321670   40.70849    -74.00831     0.04      0.03     0.05     1 
0130321671   40.70816    -73.97102    -0.08     -0.06     0.10     1 
0130321674   40.70711    -73.85917     0.03     -0.02     0.03     1 
0130321675   40.70674    -73.82189    -0.05     -0.02     0.06     1 
0130321677   40.70595    -73.74733    -0.01     -0.09     0.09     1 
0130321678   40.70554    -73.71004     0.06      0.04     0.07     1 
0130321679   40.70512    -73.67276    -0.02     -0.07     0.07     1 
0130321680   40.70468    -73.63549     0.09     -0.04     0.10     1 
0130321681   40.70423    -73.59821    -0.03     -0.05     0.06     1 
0130321682   40.70378    -73.56093     0.10      0.02     0.10     1 
0130321683   40.70331    -73.52366     0.09     -0.03     0.10     1 
0130321684   40.70282    -73.48638     0.08      0.02     0.08     1 
0130321685   40.70233    -73.44911     0.17      0.00     0.17     1 
0130321686   40.70182    -73.41183     0.06     -0.03     0.07     1 
0130321687   40.70130    -73.37456    -0.00      0.01     0.01     1 
0130321688   40.70077    -73.33729    -0.06     -0.10     0.11     1 
0130321689   40.70023    -73.30002     0.04      0.07     0.08     1 
0130321690   40.69967    -73.26275    -0.11     -0.10     0.15     1 
0130321691   40.69911    -73.22548    -0.29      0.05     0.30     1 
0130321692   40.69853    -73.18821    -0.18      0.21     0.28     1 
0130321693   40.69794    -73.15095    -0.03     -0.05     0.06     1 
0130321737   40.68526    -74.30687    -0.05      0.07     0.09     1 
0130321738   40.68503    -74.26959     0.18     -0.02     0.18     1 
0130321739   40.68479    -74.23232     0.12     -0.02     0.12     1 
0130321740   40.68454    -74.19504    -0.06      0.08     0.11     1 
0130321741   40.68427    -74.15777    -0.01      0.01     0.01     1 
0130321742   40.68399    -74.12050    -0.04      0.04     0.06     1 
0130321743   40.68370    -74.08323    -0.13      0.17     0.22     1 
0130321744   40.68340    -74.04595    -0.08      0.05     0.10     1 
0130321745   40.68309    -74.00868    -0.10      0.02     0.10     1 
0130321748   40.68207    -73.89687     0.04      0.05     0.06     1 
0130321751   40.68095    -73.78507    -0.04      0.03     0.05     1 
0130321753   40.68014    -73.71053    -0.01      0.07     0.08     1 
0130321754   40.67972    -73.67327     0.07      0.05     0.09     1 
0130321755   40.67928    -73.63600     0.00     -0.14     0.14     1 
0130321756   40.67884    -73.59874     0.15      0.04     0.15     1 
0130321757   40.67838    -73.56148     0.16      0.05     0.17     1 
0130321758   40.67791    -73.52422     0.09     -0.01     0.10     1 
0130321759   40.67743    -73.48695     0.08      0.04     0.08     1 
0130321760   40.67693    -73.44970     0.08     -0.07     0.10     1 
0130321761   40.67643    -73.41244     0.00      0.05     0.05     1 
0130321762   40.67591    -73.37518    -0.07     -0.00     0.07     1 
0130321763   40.67538    -73.33792    -0.10      0.01     0.10     1 
0130321811   40.66008    -74.34439     0.06      0.08     0.10     1 
0130321812   40.65986    -74.30713     0.09      0.03     0.09     1 
0130321813   40.65963    -74.26987     0.12      0.05     0.13     1 
0130321814   40.65939    -74.23261     0.06     -0.10     0.12     1 
0130321815   40.65913    -74.19535     0.01      0.03     0.03     1 
0130321817   40.65859    -74.12083    -0.10     -0.05     0.11     1 
0130321818   40.65830    -74.08357    -0.10      0.08     0.13     1 
0130321820   40.65769    -74.00906    -0.16      0.07     0.18     1 
0130321821   40.65736    -73.97180     0.02     -0.07     0.07     1 
0130321824   40.65631    -73.86004    -0.28      0.09     0.29     1 
0130321825   40.65594    -73.82278    -0.14      0.02     0.14     1 
0130321826   40.65555    -73.78553    -0.03      0.01     0.03     1 
0130321827   40.65515    -73.74828    -0.13      0.08     0.15     1 
0130321828   40.65474    -73.71102     0.01      0.05     0.05     1 
0130321829   40.65432    -73.67377    -0.01      0.00     0.01     1 
0130321830   40.65389    -73.63652    -0.00      0.01     0.01     1 
0130321831   40.65344    -73.59927    -0.01     -0.02     0.03     1 
0130321832   40.65298    -73.56202    -0.04      0.01     0.04     1 
0130321833   40.65251    -73.52478    -0.14     -0.01     0.14     1 
0130321834   40.65203    -73.48753    -0.02     -0.07     0.07     1 
0130321835   40.65154    -73.45028    -0.11      0.01     0.11     1 
0130321836   40.65103    -73.41304    -0.11      0.01     0.11     1 
0130321837   40.65051    -73.37579    -0.23      0.07     0.24     1 
0130321838   40.64998    -73.33855     0.01     -0.11     0.11     1 
0130321839   40.64944    -73.30131     0.01     -0.09     0.09     1 
0130321840   40.64889    -73.26407    -0.06     -0.08     0.10     1 
0130321841   40.64832    -73.22683    -0.02     -0.27     0.27     1 
0130321842   40.64774    -73.18959    -0.13      0.07     0.15     1 
0130321886   40.63467    -74.34464     0.25      0.18     0.30     1 
0130321887   40.63446    -74.30739     0.01     -0.01     0.02     1 
0130321888   40.63423    -74.27015    -0.03      0.08     0.08     1 
0130321889   40.63399    -74.23290    -0.07     -0.04     0.08     1 
0130321890   40.63373    -74.19566    -0.07      0.07     0.10     1 
0130321891   40.63347    -74.15841    -0.22      0.02     0.22     1 
0130321892   40.63319    -74.12117     0.00     -0.01     0.01     1 
0130321893   40.63290    -74.08392     0.07     -0.03     0.07     1 
0130321898   40.63127    -73.89771    -0.11     -0.07     0.13     1 
0130321899   40.63091    -73.86047     0.05     -0.33     0.33     1 
0130321900   40.63054    -73.82323    -0.02      0.04     0.04     1 
0130321901   40.63015    -73.78599    -0.16      0.05     0.16     1 
0130321902   40.62975    -73.74875    -0.11     -0.09     0.14     1 
0130321903   40.62934    -73.71151     0.11      0.05     0.12     1 
0130321904   40.62892    -73.67427    -0.02     -0.01     0.02     1 
0130321905   40.62849    -73.63704     0.03      0.02     0.03     1 
0130321906   40.62804    -73.59980    -0.16      0.04     0.16     1 
0130321907   40.62759    -73.56257    -0.13      0.02     0.13     1 
0130321908   40.62712    -73.52533    -0.16     -0.01     0.16     1 
0130321909   40.62664    -73.48810    -0.04      0.01     0.04     1 
0130321910   40.62614    -73.45087    -0.06      0.01     0.06     1 
0130321911   40.62564    -73.41364    -0.13     -0.02     0.13     1 
0130321914   40.62405    -73.30195    -0.00      0.00     0.00     1 
0130321961   40.60927    -74.34489     0.28      0.02     0.29     1 
0130321962   40.60905    -74.30766     0.10     -0.00     0.10     1 
0130321963   40.60882    -74.27043    -0.11     -0.07     0.13     1 
0130321964   40.60858    -74.23319    -0.13     -0.03     0.14     1 
0130321965   40.60833    -74.19596    -0.12      0.01     0.12     1 
0130321966   40.60806    -74.15873     0.19     -0.04     0.19     1 
0130321967   40.60779    -74.12150    -0.06     -0.00     0.06     1 
0130321968   40.60750    -74.08427     0.03     -0.03     0.04     1 
0130321969   40.60720    -74.04704     0.08     -0.04     0.09     1 
0130321970   40.60688    -74.00981    -0.00      0.01     0.01     1 
0130321972   40.60622    -73.93535     0.03      0.10     0.10     1 
0130321973   40.60587    -73.89813    -0.09     -0.10     0.14     1 
0130321974   40.60551    -73.86090    -0.10      0.03     0.10     1 
0130321975   40.60514    -73.82367    -0.09     -0.01     0.09     1 
0130321976   40.60475    -73.78645    -0.13     -0.03     0.14     1 
0130321977   40.60435    -73.74922    -0.15     -0.07     0.17     1 
0130321978   40.60395    -73.71200    -0.07     -0.05     0.08     1 
0130321979   40.60352    -73.67478    -0.12      0.10     0.15     1 
0130321980   40.60309    -73.63756    -0.14     -0.02     0.14     1 
0130321981   40.60265    -73.60033    -0.06     -0.00     0.06     1 
0130321982   40.60219    -73.56311    -0.15     -0.04     0.16     1 
0130321984   40.60124    -73.48868     0.05      0.04     0.06     1 
0130322036   40.58387    -74.34514     0.27      0.02     0.27     1 
0130322037   40.58365    -74.30792     0.22      0.01     0.22     1 
0130322038   40.58342    -74.27070     0.08     -0.03     0.08     1 
0130322039   40.58318    -74.23348    -0.11     -0.05     0.12     1 
0130322040   40.58293    -74.19626    -0.20     -0.06     0.21     1 
0130322041   40.58266    -74.15905    -0.02     -0.03     0.03     1 
0130322042   40.58239    -74.12183     0.24     -0.02     0.24     1 
0130322044   40.58179    -74.04740    -0.15     -0.09     0.17     1 
0130322045   40.58148    -74.01018    -0.31     -0.04     0.31     1 
0130322046   40.58116    -73.97297    -0.19     -0.03     0.19     1 
0130322047   40.58082    -73.93576    -0.18     -0.06     0.18     1 
0130322048   40.58047    -73.89854    -0.19     -0.03     0.19     1 
0130322050   40.57974    -73.82412     0.03     -0.20     0.20     1 
0130322053   40.57855    -73.71249    -0.09     -0.02     0.09     1 
0130322111   40.55846    -74.34539     0.08     -0.07     0.10     1 
0130322112   40.55825    -74.30818     0.06     -0.12     0.13     1 
0130322113   40.55802    -74.27098    -0.12     -0.12     0.17     1 
0130322114   40.55778    -74.23377    -0.01     -0.05     0.05     1 
0130322115   40.55752    -74.19657     0.07     -0.11     0.13     1 
0130322116   40.55726    -74.15937    -0.03     -0.08     0.08     1 
0130322117   40.55698    -74.12216     0.01     -0.08     0.08     1 
0130322185   40.53326    -74.38282    -0.01     -0.11     0.11     1 
0130322186   40.53306    -74.34563     0.16     -0.00     0.16     1 
0130322187   40.53284    -74.30844     0.05     -0.08     0.09     1 
0130322188   40.53261    -74.27125    -0.01     -0.03     0.03     1 
0130322189   40.53237    -74.23406     0.18     -0.19     0.26     1 
0130322190   40.53212    -74.19687     0.26     -0.00     0.26     1 
0130322191   40.53186    -74.15968    -0.08     -0.12     0.15     1 
0130322260   40.50786    -74.38306    -0.02     -0.09     0.09     1 
0130322262   40.50744    -74.30870    -0.10     -0.18     0.20     1 
0130322263   40.50721    -74.27153     0.02     -0.14     0.14     1 
0130322264   40.50697    -74.23435    -0.10     -0.06     0.11     1 
0130322265   40.50672    -74.19718    -0.13     -0.10     0.17     1 
0130322335   40.48246    -74.38329    -0.22     -0.12     0.25     1 
0130322336   40.48225    -74.34613    -0.17     -0.07     0.18     1 
0130322337   40.48204    -74.30896    -0.15     -0.13     0.20     1 
0130322338   40.48181    -74.27180     0.05     -0.14     0.15     1 
0130322410   40.45705    -74.38352    -0.12     -0.09     0.14     1 
0130322411   40.45685    -74.34637    -0.05     -0.03     0.06     1 
0130322412   40.45663    -74.30922     0.03     -0.02     0.04     1 
0130322413   40.45640    -74.27208    -0.05     -0.07     0.08     1 
0130322414   40.45616    -74.23493     0.07     -0.06     0.09     1 
0130322416   40.45565    -74.16063    -0.10     -0.09     0.13     1 
0130322417   40.45537    -74.12349    -0.19     -0.12     0.22     1 
0130322419   40.45479    -74.04919    -0.08     -0.11     0.14     1 
0130322485   40.43165    -74.38375     0.10     -0.09     0.13     1 
0130322486   40.43144    -74.34662     0.00     -0.09     0.09     1 
0130322487   40.43123    -74.30948     0.11     -0.11     0.16     1 
0130322488   40.43100    -74.27235     0.03     -0.06     0.06     1 
0130322489   40.43076    -74.23522     0.07      0.05     0.09     1 
0130322490   40.43051    -74.19808    -0.09     -0.15     0.17     1 
0130322491   40.43024    -74.16095     0.09     -0.04     0.10     1 
0130322492   40.42997    -74.12382     0.12     -0.02     0.13     1 
0130322493   40.42968    -74.08669    -0.06     -0.08     0.10     1 
0130322559   40.40644    -74.42111     0.20      0.07     0.21     1 
0130322560   40.40624    -74.38399     0.04     -0.01     0.04     1 
0130322561   40.40604    -74.34686     0.11     -0.08     0.13     1 
0130322562   40.40582    -74.30974     0.24     -0.05     0.25     1 
0130322563   40.40560    -74.27262     0.32     -0.01     0.32     1 
0130322564   40.40536    -74.23550     0.08     -0.05     0.09     1 
0130322565   40.40511    -74.19838     0.15      0.07     0.16     1 
0130322566   40.40484    -74.16127     0.37      0.04     0.37     1 
0130322567   40.40457    -74.12415     0.24      0.02     0.24     1 
0130322568   40.40428    -74.08703     0.45      0.03     0.45     1 
0130322569   40.40398    -74.04991     0.32      0.04     0.32     1 
0130322570   40.40367    -74.01279    -0.08      0.13     0.15     1 
0130322634   40.38103    -74.42132     0.29     -0.06     0.30     1 
0130322635   40.38084    -74.38422     0.01      0.07     0.07     1 
0130322637   40.38042    -74.31000     0.18      0.12     0.22     1 
0130322638   40.38019    -74.27290     0.19     -0.04     0.19     1 
0130322640   40.37970    -74.19868     0.34      0.05     0.34     1 
0130322641   40.37944    -74.16158     0.20     -0.08     0.22     1 
0130322643   40.37888    -74.08737     0.12      0.01     0.12     1 
0130322644   40.37858    -74.05027     0.12     -0.03     0.12     1 
0130322645   40.37827    -74.01317    -0.06     -0.11     0.13     1 
0130322646   40.37794    -73.97606    -0.11      0.13     0.17     1 
0130322709   40.35563    -74.42154     0.21     -0.00     0.21     1 
0130322713   40.35479    -74.27317     0.28     -0.04     0.28     1 
0130322714   40.35455    -74.23608     0.20     -0.01     0.20     1 
0130322715   40.35430    -74.19899     0.23      0.10     0.25     1 
0130322716   40.35404    -74.16190     0.42      0.03     0.42     1 
0130322717   40.35376    -74.12480     0.19      0.03     0.19     1 
0130322718   40.35347    -74.08771    -0.10     -0.15     0.18     1 
0130322719   40.35318    -74.05062    -0.01     -0.12     0.12     1 
0130322720   40.35287    -74.01354     0.10     -0.05     0.11     1 
0130322721   40.35254    -73.97645    -0.09     -0.26     0.27     1 
0130322784   40.33022    -74.42176     0.37     -0.03     0.37     1 
0130322786   40.32983    -74.34760     0.13     -0.05     0.14     1 
0130322787   40.32961    -74.31052     0.27      0.01     0.27     1 
0130322788   40.32939    -74.27344     0.23     -0.07     0.24     1 
0130322789   40.32915    -74.23636     0.30     -0.02     0.30     1 
0130322790   40.32890    -74.19929     0.20      0.01     0.20     1 
0130322791   40.32863    -74.16221     0.10      0.04     0.10     1 
0130322792   40.32836    -74.12513     0.35      0.07     0.36     1 
0130322793   40.32807    -74.08806     0.06     -0.04     0.07     1 
0130322794   40.32777    -74.05098     0.16     -0.10     0.19     1 
0130322795   40.32746    -74.01390    -0.08     -0.12     0.14     1 
0130322859   40.30482    -74.42198     0.41      0.16     0.44     1 
0130322860   40.30463    -74.38491     0.23      0.05     0.24     1 
0130322861   40.30442    -74.34784     0.29     -0.01     0.29     1 
0130322862   40.30421    -74.31078     0.37      0.05     0.37     1 
0130322863   40.30398    -74.27371     0.06     -0.01     0.06     1 
0130322864   40.30374    -74.23665     0.24     -0.03     0.24     1 
0130322865   40.30349    -74.19959     0.30      0.03     0.30     1 
0130322866   40.30323    -74.16252     0.21      0.08     0.23     1 
0130322867   40.30295    -74.12546     0.02     -0.05     0.06     1 
0130322868   40.30267    -74.08840     0.24      0.02     0.24     1 
0130322869   40.30237    -74.05134     0.22     -0.14     0.26     1 
0130322870   40.30206    -74.01427    -0.02     -0.07     0.08     1 
0130322933   40.27959    -74.45924     0.30      0.04     0.30     1 
0130322934   40.27941    -74.42219     0.42      0.10     0.43     1 
0130322935   40.27922    -74.38514     0.35      0.07     0.36     1 
0130322936   40.27902    -74.34809     0.27      0.01     0.27     1 
0130322937   40.27880    -74.31104     0.26     -0.05     0.26     1 
0130322938   40.27858    -74.27399     0.19      0.06     0.20     1 
0130322939   40.27834    -74.23694     0.17      0.04     0.17     1 
0130322940   40.27809    -74.19989     0.12     -0.08     0.15     1 
0130322941   40.27782    -74.16284     0.24      0.04     0.24     1 
0130322942   40.27755    -74.12579     0.31     -0.21     0.37     1 
0130322943   40.27726    -74.08874     0.24     -0.09     0.25     1 
0130322944   40.27697    -74.05169     0.06     -0.09     0.11     1 
0130322945   40.27666    -74.01464     0.28     -0.03     0.28     1 
0130323008   40.25418    -74.45945     0.44      0.14     0.46     1 
0130323009   40.25401    -74.42241     0.39      0.02     0.39     1 
0130323010   40.25382    -74.38537     0.18      0.03     0.18     1 
0130323011   40.25361    -74.34833     0.08     -0.13     0.15     1 
0130323012   40.25340    -74.31130     0.14     -0.06     0.16     1 
0130323013   40.25317    -74.27426     0.11      0.11     0.15     1 
0130323014   40.25293    -74.23722     0.13     -0.16     0.21     1 
0130323015   40.25268    -74.20019     0.32     -0.05     0.32     1 
0130323016   40.25242    -74.16315     0.10     -0.08     0.13     1 
0130323017   40.25215    -74.12611     0.11     -0.04     0.12     1 
0130323018   40.25186    -74.08908     0.06     -0.07     0.09     1 
0130323019   40.25156    -74.05205     0.17     -0.01     0.17     1 
0130323020   40.25126    -74.01501     0.27      0.02     0.27     1 
0130323083   40.22878    -74.45965     0.25      0.06     0.26     1 
0130323084   40.22860    -74.42262     0.21     -0.10     0.23     1 
0130323085   40.22841    -74.38560     0.17      0.03     0.17     1 
0130323086   40.22821    -74.34858     0.19     -0.05     0.20     1 
0130323087   40.22799    -74.31155     0.23      0.01     0.23     1 
0130323088   40.22777    -74.27453     0.22     -0.04     0.22     1 
0130323089   40.22753    -74.23751     0.20     -0.07     0.21     1 
0130323090   40.22728    -74.20048     0.28      0.02     0.28     1 
0130323091   40.22702    -74.16346     0.29      0.09     0.30     1 
0130323092   40.22674    -74.12644     0.11      0.08     0.14     1 
0130323093   40.22646    -74.08942     0.05     -0.12     0.13     1 
0130323094   40.22616    -74.05240    -0.03     -0.07     0.08     1 
0130323095   40.22585    -74.01538    -0.08     -0.06     0.10     1 
0130323158   40.20337    -74.45985     0.14      0.03     0.15     1 
0130323159   40.20320    -74.42284     0.13     -0.14     0.19     1 
0130323160   40.20300    -74.38583     0.35     -0.07     0.36     1 
0130323161   40.20280    -74.34882     0.33     -0.05     0.34     1 
0130323162   40.20259    -74.31181    -0.02     -0.15     0.15     1 
0130323163   40.20236    -74.27480     0.39      0.03     0.39     1 
0130323164   40.20213    -74.23779     0.43     -0.04     0.43     1 
0130323165   40.20188    -74.20078     0.31     -0.03     0.31     1 
0130323166   40.20161    -74.16378     0.30      0.01     0.30     1 
0130323167   40.20134    -74.12677     0.30     -0.18     0.35     1 
0130323169   40.20076    -74.05275     0.15     -0.05     0.16     1 
0130323233   40.17797    -74.46005     0.13     -0.13     0.18     1 
0130323234   40.17779    -74.42306     0.21      0.01     0.21     1 
0130323235   40.17760    -74.38606     0.10     -0.07     0.13     1 
0130323236   40.17740    -74.34906     0.10     -0.09     0.14     1 
0130323237   40.17718    -74.31207     0.31     -0.03     0.31     1 
0130323238   40.17696    -74.27507     0.33      0.04     0.34     1 
0130323239   40.17672    -74.23807     0.36     -0.00     0.36     1 
0130323240   40.17647    -74.20108    -0.00     -0.18     0.18     1 
0130323241   40.17621    -74.16409     0.30     -0.02     0.30     1 
0130323242   40.17594    -74.12709    -0.02     -0.27     0.27     1 
0130323243   40.17565    -74.09010     0.29     -0.09     0.30     1 
0130323244   40.17536    -74.05311     0.06     -0.02     0.07     1 
0130323245   40.17505    -74.01611    -0.03     -0.07     0.07     1 
0130323307   40.15273    -74.49724     0.23     -0.10     0.25     1 
0130323308   40.15256    -74.46025     0.25      0.04     0.25     1 
0130323309   40.15238    -74.42327     0.21      0.06     0.22     1 
0130323310   40.15219    -74.38629     0.00      0.04     0.04     1 
0130323311   40.15199    -74.34931     0.13     -0.01     0.13     1 
0130323312   40.15178    -74.31232     0.21     -0.14     0.25     1 
0130323313   40.15155    -74.27534     0.19      0.01     0.19     1 
0130323314   40.15131    -74.23836     0.26     -0.08     0.27     1 
0130323315   40.15107    -74.20138     0.28     -0.01     0.28     1 
0130323316   40.15080    -74.16440     0.33     -0.06     0.34     1 
0130323317   40.15053    -74.12742     0.19      0.00     0.19     1 
0130323318   40.15025    -74.09044     0.25     -0.06     0.26     1 
0130323319   40.14995    -74.05346     0.13     -0.06     0.14     1 
0130323382   40.12732    -74.49742     0.18     -0.09     0.20     1 
0130323383   40.12716    -74.46045    -0.01      0.05     0.05     1 
0130323384   40.12698    -74.42348     0.14      0.01     0.14     1 
0130323385   40.12679    -74.38652     0.15      0.01     0.15     1 
0130323386   40.12659    -74.34955     0.31     -0.03     0.31     1 
0130323387   40.12637    -74.31258     0.10     -0.05     0.11     1 
0130323388   40.12615    -74.27561     0.12      0.02     0.13     1 
0130323389   40.12591    -74.23864     0.24     -0.01     0.24     1 
0130323390   40.12566    -74.20168     0.16     -0.01     0.16     1 
0130323391   40.12540    -74.16471     0.13      0.01     0.13     1 
0130323393   40.12484    -74.09078     0.04     -0.07     0.09     1 
0130323394   40.12455    -74.05381     0.15     -0.03     0.16     1 
0130323457   40.10192    -74.49761     0.23      0.08     0.25     1 
0130323458   40.10175    -74.46066     0.25      0.02     0.25     1 
0130323459   40.10157    -74.42370     0.15     -0.11     0.18     1 
0130323460   40.10138    -74.38674     0.15      0.06     0.16     1 
0130323461   40.10118    -74.34979     0.24     -0.05     0.24     1 
0130323462   40.10097    -74.31283     0.15      0.07     0.16     1 
0130323464   40.10051    -74.23893     0.22      0.04     0.22     1 
0130323465   40.10026    -74.20197     0.25      0.04     0.25     1 
0130323466   40.10000    -74.16502     0.23     -0.02     0.23     1 
0130323467   40.09972    -74.12807     0.22     -0.05     0.23     1 
0130323468   40.09944    -74.09112    -0.04     -0.06     0.07     1 
0130323469   40.09914    -74.05416    -0.12     -0.05     0.13     1 
0130323532   40.07651    -74.49780     0.25      0.02     0.25     1 
0130323533   40.07634    -74.46086     0.31      0.06     0.32     1 
0130323534   40.07617    -74.42391     0.09      0.05     0.10     1 
0130323535   40.07598    -74.38697     0.22      0.01     0.22     1 
0130323536   40.07578    -74.35003     0.11     -0.01     0.11     1 
0130323537   40.07556    -74.31309    -0.07      0.19     0.20     1 
0130323538   40.07534    -74.27615     0.24      0.01     0.24     1 
0130323539   40.07510    -74.23921    -0.01     -0.14     0.14     1 
0130323541   40.07459    -74.16533    -0.13      0.02     0.14     1 
0130323542   40.07432    -74.12839     0.07     -0.04     0.08     1 
0130323543   40.07404    -74.09145     0.06     -0.00     0.06     1 
0130323544   40.07374    -74.05452    -0.05     -0.01     0.05     1 
0130323607   40.05110    -74.49798     0.13     -0.07     0.15     1 
0130323608   40.05094    -74.46106     0.40      0.08     0.41     1 
0130323609   40.05076    -74.42413    -0.01     -0.02     0.02     1 
0130323610   40.05057    -74.38720    -0.03     -0.04     0.05     1 
0130323611   40.05037    -74.35027     0.08     -0.01     0.08     1 
0130323612   40.05016    -74.31334     0.01     -0.07     0.07     1 
0130323613   40.04993    -74.27642     0.05     -0.21     0.22     1 
0130323616   40.04919    -74.16564     0.01      0.02     0.02     1 
0130323617   40.04892    -74.12871     0.00     -0.01     0.01     1 
0130323618   40.04863    -74.09179    -0.10     -0.02     0.10     1 
0130323619   40.04834    -74.05487    -0.07     -0.10     0.12     1 
0130323681   40.02585    -74.53509     0.03     -0.18     0.18     1 
0130323683   40.02553    -74.46126    -0.03     -0.05     0.06     1 
0130323684   40.02535    -74.42434     0.03      0.08     0.09     1 
0130323685   40.02517    -74.38743     0.08     -0.01     0.09     1 
0130323686   40.02496    -74.35051    -0.04     -0.07     0.08     1 
0130323688   40.02453    -74.27669     0.16      0.07     0.17     1 
0130323689   40.02429    -74.23977     0.14     -0.25     0.29     1 
0130323690   40.02404    -74.20286     0.20     -0.05     0.20     1 
0130323691   40.02378    -74.16595     0.00     -0.06     0.06     1 
0130323692   40.02351    -74.12904    -0.12     -0.07     0.14     1 
0130323693   40.02323    -74.09213    -0.03     -0.00     0.03     1 
0130323694   40.02293    -74.05522    -0.10      0.01     0.10     1 
0130323756   40.00044    -74.53526    -0.04     -0.07     0.08     1 
0130323757   40.00029    -74.49836    -0.10     -0.20     0.23     1 
0130323758   40.00012    -74.46146    -0.07      0.03     0.08     1 
0130323759   39.99995    -74.42455     0.19     -0.09     0.21     1 
0130323760   39.99976    -74.38765     0.05     -0.10     0.11     1 
0130323761   39.99956    -74.35075    -0.04     -0.09     0.10     1 
0130323762   39.99934    -74.31385    -0.16     -0.02     0.16     1 
0130323763   39.99912    -74.27696     0.17      0.03     0.17     1 
0130323764   39.99889    -74.24006     0.08      0.01     0.08     1 
0130323765   39.99864    -74.20316     0.23     -0.02     0.23     1 
0130323766   39.99838    -74.16626     0.22      0.02     0.22     1 
0130323767   39.99811    -74.12936    -0.03     -0.03     0.04     1 
0130323768   39.99782    -74.09246    -0.07     -0.01     0.07     1 
0130323831   39.97504    -74.53543    -0.04      0.00     0.04     1 
0130323832   39.97488    -74.49854    -0.17     -0.13     0.21     1 
0130323833   39.97472    -74.46165    -0.06     -0.05     0.08     1 
0130323834   39.97454    -74.42477    -0.04      0.00     0.04     1 
0130323835   39.97435    -74.38788     0.04     -0.01     0.04     1 
0130323836   39.97415    -74.35099     0.04     -0.07     0.08     1 
0130323837   39.97394    -74.31411     0.09     -0.06     0.11     1 
0130323838   39.97371    -74.27722     0.07     -0.06     0.09     1 
0130323839   39.97348    -74.24034     0.07      0.03     0.07     1 
0130323840   39.97323    -74.20345     0.13      0.04     0.14     1 
0130323841   39.97297    -74.16657     0.12     -0.03     0.12     1 
0130323842   39.97270    -74.12968    -0.01      0.03     0.03     1 
0130323843   39.97242    -74.09280    -0.03      0.09     0.10     1 
0130323906   39.94963    -74.53560    -0.12     -0.10     0.16     1 
0130323907   39.94948    -74.49873    -0.08     -0.01     0.09     1 
0130323908   39.94931    -74.46185     0.14     -0.14     0.19     1 
0130323909   39.94913    -74.42498     0.07     -0.06     0.09     1 
0130323910   39.94895    -74.38811     0.11     -0.03     0.11     1 
0130323911   39.94875    -74.35124     0.02     -0.04     0.05     1 
0130323912   39.94853    -74.31436     0.19     -0.04     0.20     1 
0130323913   39.94831    -74.27749     0.03     -0.05     0.06     1 
0130323914   39.94807    -74.24062     0.08     -0.04     0.09     1 
0130323915   39.94783    -74.20375     0.03     -0.02     0.03     1 
0130323916   39.94757    -74.16688    -0.02     -0.04     0.05     1 
0130323917   39.94730    -74.13001    -0.09      0.02     0.09     1 
0130323918   39.94701    -74.09314    -0.02     -0.04     0.04     1 
0130323981   39.92422    -74.53577     0.07     -0.03     0.08     1 
0130323982   39.92407    -74.49891     0.26     -0.15     0.30     1 
0130323983   39.92390    -74.46205    -0.01      0.02     0.02     1 
0130323984   39.92373    -74.42519    -0.06     -0.19     0.20     1 
0130323985   39.92354    -74.38833     0.04     -0.09     0.10     1 
0130323986   39.92334    -74.35147    -0.03     -0.17     0.18     1 
0130323987   39.92313    -74.31462     0.05     -0.03     0.06     1 
0130323988   39.92290    -74.27776     0.06     -0.16     0.17     1 
0130323989   39.92267    -74.24090     0.05     -0.02     0.05     1 
0130323991   39.92216    -74.16718     0.19     -0.12     0.23     1 
0130323992   39.92189    -74.13033     0.00     -0.04     0.04     1 
0130323993   39.92161    -74.09347     0.17     -0.10     0.20     1 
0130324055   39.89896    -74.57279    -0.12      0.01     0.12     1 
0130324056   39.89882    -74.53595    -0.10     -0.11     0.15     1 
0130324057   39.89866    -74.49910    -0.12     -0.10     0.15     1 
0130324058   39.89850    -74.46225    -0.14     -0.10     0.17     1 
0130324059   39.89832    -74.42541     0.08     -0.02     0.08     1 
0130324060   39.89813    -74.38856    -0.06      0.07     0.10     1 
0130324061   39.89793    -74.35171    -0.00      0.03     0.03     1 
0130324062   39.89772    -74.31487     0.01     -0.00     0.01     1 
0130324064   39.89726    -74.24118     0.09     -0.09     0.13     1 
0130324065   39.89702    -74.20434     0.08     -0.05     0.09     1 
0130324066   39.89676    -74.16749     0.27     -0.17     0.32     1 
0130324067   39.89649    -74.13065    -0.09     -0.09     0.13     1 
0130324130   39.87355    -74.57295     0.10      0.04     0.11     1 
0130324131   39.87341    -74.53612    -0.02     -0.04     0.04     1 
0130324132   39.87326    -74.49928     0.02     -0.11     0.11     1 
0130324134   39.87291    -74.42562     0.08     -0.08     0.11     1 
0130324135   39.87273    -74.38878     0.02     -0.04     0.04     1 
0130324136   39.87253    -74.35195    -0.05      0.05     0.07     1 
0130324139   39.87186    -74.24146     0.05     -0.04     0.06     1 
0130324141   39.87135    -74.16780     0.07     -0.06     0.09     1 
0130324142   39.87108    -74.13097    -0.08     -0.26     0.28     1 
0130324205   39.84814    -74.57311     0.09     -0.05     0.10     1 
0130324206   39.84800    -74.53629     0.01     -0.05     0.06     1 
0130324207   39.84785    -74.49947    -0.03     -0.08     0.09     1 
0130324208   39.84768    -74.46265    -0.04      0.06     0.07     1 
0130324209   39.84751    -74.42583    -0.08     -0.05     0.09     1 
0130324210   39.84732    -74.38901    -0.00     -0.06     0.06     1 
0130324211   39.84712    -74.35219     0.04     -0.03     0.05     1 
0130324212   39.84691    -74.31537     0.00      0.02     0.02     1 
0130324213   39.84669    -74.27856     0.08      0.03     0.08     1 
0130324214   39.84645    -74.24174    -0.09     -0.04     0.10     1 
0130324215   39.84620    -74.20492    -0.04      0.03     0.05     1 
0130324216   39.84595    -74.16811     0.06     -0.00     0.06     1 
0130324280   39.82274    -74.57327     0.14     -0.15     0.21     1 
0130324281   39.82259    -74.53646     0.01      0.08     0.08     1 
0130324282   39.82244    -74.49965     0.05     -0.01     0.05     1 
0130324283   39.82228    -74.46285     0.04      0.08     0.09     1 
0130324284   39.82210    -74.42604     0.00     -0.09     0.09     1 
0130324285   39.82191    -74.38924     0.08      0.06     0.10     1 
0130324286   39.82171    -74.35243     0.16     -0.11     0.19     1 
0130324287   39.82150    -74.31563    -0.03     -0.01     0.03     1 
0130324288   39.82128    -74.27882    -0.05     -0.11     0.12     1 
0130324289   39.82104    -74.24202    -0.07     -0.14     0.15     1 
0130324290   39.82080    -74.20521    -0.09     -0.02     0.09     1 
0130324291   39.82054    -74.16841    -0.04     -0.06     0.07     1 
0130324293   39.81999    -74.09481    -0.03     -0.02     0.04     1 
0130324355   39.79733    -74.57342    -0.20      0.17     0.26     1 
0130324356   39.79719    -74.53663     0.03     -0.02     0.03     1 
0130324357   39.79703    -74.49984     0.17      0.10     0.20     1 
0130324358   39.79687    -74.46304    -0.01     -0.00     0.01     1 
0130324359   39.79669    -74.42625     0.19     -0.08     0.20     1 
0130324360   39.79651    -74.38946     0.04     -0.02     0.05     1 
0130324361   39.79631    -74.35267    -0.33      0.08     0.34     1 
0130324363   39.79587    -74.27909     0.06      0.03     0.06     1 
0130324364   39.79564    -74.24230     0.01      0.05     0.05     1 
0130324365   39.79539    -74.20551     0.12      0.07     0.14     1 
0130324368   39.79458    -74.09514    -0.01     -0.09     0.09     1 
0130324429   39.77205    -74.61036     0.02      0.09     0.09     1 
0130324430   39.77192    -74.57358     0.18      0.05     0.18     1 
0130324431   39.77178    -74.53680    -0.19      0.00     0.19     1 
0130324433   39.77146    -74.46324     0.03      0.11     0.11     1 
0130324434   39.77129    -74.42646     0.04      0.00     0.04     1 
0130324437   39.77069    -74.31613     0.10      0.06     0.12     1 
0130324440   39.76999    -74.20580     0.07     -0.03     0.07     1 
0130324442   39.76946    -74.13225     0.16     -0.11     0.19     1 
0130324505   39.74651    -74.57374     0.04     -0.14     0.15     1 
0130324506   39.74637    -74.53697    -0.12      0.00     0.12     1 
0130324507   39.74622    -74.50020     0.09      0.03     0.09     1 
0130324508   39.74605    -74.46344     0.19      0.00     0.19     1 
0130324509   39.74588    -74.42667    -0.15      0.20     0.25     1 
0130324510   39.74569    -74.38991     0.27      0.10     0.29     1 
0130324513   39.74506    -74.27962     0.13      0.06     0.14     1 
0130324514   39.74482    -74.24285     0.21      0.17     0.27     1 
0130324515   39.74458    -74.20609    -0.03      0.06     0.07     1 
0130324517   39.74405    -74.13257     0.02      0.08     0.09     1 
0130324579   39.72123    -74.61065    -0.00      0.04     0.04     1 
0130324580   39.72110    -74.57389    -0.06      0.05     0.08     1 
0130324581   39.72096    -74.53714    -0.00     -0.07     0.07     1 
0130324582   39.72081    -74.50039     0.04      0.04     0.06     1 
0130324583   39.72065    -74.46364    -0.12     -0.03     0.13     1 
0130324584   39.72047    -74.42688     0.08     -0.02     0.08     1 
0130324588   39.71965    -74.27988     0.12      0.05     0.13     1 
0130324589   39.71942    -74.24313     0.26      0.02     0.26     1 
0130324590   39.71917    -74.20638     0.01      0.03     0.03     1 
0130324591   39.71892    -74.16963    -0.03      0.02     0.03     1 
0130324654   39.69582    -74.61079    -0.18     -0.07     0.19     1 
0130324655   39.69570    -74.57405    -0.35     -0.16     0.39     1 
0130324656   39.69555    -74.53731     0.01      0.02     0.02     1 
0130324657   39.69540    -74.50057    -0.21      0.17     0.27     1 
0130324658   39.69524    -74.46383    -0.04     -0.08     0.09     1 
0130324659   39.69506    -74.42709    -0.23     -0.10     0.25     1 
0130324660   39.69488    -74.39036    -0.01      0.05     0.05     1 
0130324661   39.69468    -74.35362     0.03     -0.08     0.08     1 
0130324662   39.69447    -74.31688    -0.19     -0.02     0.19     1 
0130324663   39.69425    -74.28015     0.07      0.05     0.09     1 
0130324664   39.69401    -74.24341     0.29      0.15     0.33     1 
0130324665   39.69377    -74.20667    -0.12     -0.01     0.12     1 
0130324666   39.69351    -74.16994    -0.01      0.05     0.05     1 
0130324731   39.67015    -74.53748    -0.46     -0.01     0.46     1 
0130324732   39.67000    -74.50075     0.03      0.05     0.06     1 
0130324733   39.66983    -74.46403     0.13     -0.02     0.14     1 
0130324734   39.66966    -74.42731     0.13      0.01     0.14     1 
0130324735   39.66947    -74.39058     0.05     -0.09     0.11     1 
0130324736   39.66927    -74.35386    -0.17      0.17     0.24     1 
0130324737   39.66906    -74.31713     0.05     -0.17     0.17     1 
0130324738   39.66884    -74.28041     0.04      0.00     0.04     1 
0130324739   39.66860    -74.24369    -0.02      0.01     0.03     1 
0130324740   39.66836    -74.20696    -0.05      0.04     0.06     1 
0130324741   39.66810    -74.17024    -0.02      0.21     0.21     1 
0130324812   39.64365    -74.31738     0.16     -0.02     0.16     1 
0130324813   39.64343    -74.28067     0.03     -0.08     0.09     1 
0130324814   39.64320    -74.24396    -0.08     -0.09     0.12     1 
0130324815   39.64295    -74.20726     0.05     -0.08     0.10     1 
----------------------------------------------------------------------
---------------------------------------------------
Total correlated GCPs in Upper Left Quadrant: 559

GCP statistics this quadrant only (in Pixels)
Line residual statistics:
  Mean: 0.067
  Median: 0.061
  Standard Deviation: 0.164

Sample residual statistics:
  Mean: 0.018
  Median: 0.021
  Standard Deviation: 0.074

Quadrant RMSE: 0.193

---------------------------------------------------
Total correlated GCPs in Upper Right Quadrant: 194

GCP statistics this quadrant only (in Pixels)
Line residual statistics:
  Mean: 0.047
  Median: 0.060
  Standard Deviation: 0.149

Sample residual statistics:
  Mean: -0.019
  Median: -0.007
  Standard Deviation: 0.091

Quadrant RMSE: 0.182

---------------------------------------------------
Total correlated GCPs in Lower Left Quadrant: 367

GCP statistics this quadrant only (in Pixels)
Line residual statistics:
  Mean: 0.091
  Median: 0.077
  Standard Deviation: 0.146

Sample residual statistics:
  Mean: -0.022
  Median: -0.021
  Standard Deviation: 0.077

Quadrant RMSE: 0.190

---------------------------------------------------
Total correlated GCPs in Lower Right Quadrant: 0

GCP statistics this quadrant only (in Pixels)
Line residual statistics:
  Mean: 0.000
  Median: 0.000
  Standard Deviation: 0.000

Sample residual statistics:
  Mean: 0.000
  Median: 0.000
  Standard Deviation: 0.000

Quadrant RMSE: 0.000

---------------------------------------------------
---------------------------------------------------
Total correlated GCPs in scene: 1120

GCP statistics entire scene (in Pixels)
Line residual statistics:
  Mean: 0.071
  Median: 0.070
  Standard Deviation: 0.157

Sample residual statistics:
  Mean: -0.002
  Median: 0.002
  Standard Deviation: 0.081

Scene RMSE: 0.190

