Fri. Sep. 23, 2016             LANDSAT 5                 Time: 14:04
                         Image Assessment System
                           GCP Residual Report
----------------------------------------------------------------------------
WOID: L19902046            Path/Row: 014 / 032

L0R Reference Image: L51XXX1097172150100_HDF.162671901
Acquisition Date: Jun 21, 1997

Band Number:  5

GLS date for each WRS-2 path/row used:
Path  Row   Date
014   032   09-23-1999


Point_ID         Latitude  Longitude    Height       Across    Along    Residual  Residual
                                                      Scan      Scan      In y      in x
                                                    Residual  Residual    dir       dir
                   (deg)     (deg)     (meters)     (meters)  (meters)  (meters)  (meters)

0140320001_01   39.805434  -75.427445   -32.455       1.667    -5.555     2.672    -5.145
0140320002_01   40.844760  -73.788842   -27.396       0.718    -1.764     1.033    -1.599
0140320003_01   40.948134  -74.065321   -15.668       0.436     2.125     0.035     2.169
0140320004_01   40.978516  -73.787468    47.304      -3.658    -1.381    -3.336    -2.035
0140320005_01   39.597576  -74.342643   -30.984      -0.360    -2.038     0.027    -2.069
0140320006_01   40.864834  -73.649647    -0.304       1.766    -1.999     2.106    -1.635
0140320007_01   40.869077  -74.151518    -4.729       4.252     0.757     4.037     1.533
0140320008_01   40.462764  -74.295361    -1.381      -2.788    -1.049    -2.543    -1.549
0140320009_01   40.348343  -74.123108   -16.496      -4.826     0.376    -4.808    -0.528
0140320010_01   40.600232  -75.454805    41.220       5.418    -1.401     5.580    -0.371
0140320011_01   40.627047  -74.167714   -25.800       4.964    -2.702     5.377    -1.732
0140320012_01   39.992673  -75.274339    41.869      -2.156     1.482    -2.393     1.054
0140320013_01   40.876867  -74.352585    25.543      -4.576     3.127    -5.074     2.222
0140320014_01   41.034599  -75.065550   265.632      -0.230    -1.315     0.017    -1.334
0140320015_01   40.732542  -73.708102    -4.949       0.563     0.745     0.416     0.836
0140320016_01   39.989676  -74.158986   -27.474      -0.283     1.481    -0.552     1.402
0140320017_01   40.909079  -74.530737   203.203      -4.625     1.175    -4.759     0.297
0140320018_01   40.362150  -74.024706   -18.215      -3.405    -3.155    -2.756    -3.732
0140320019_01   41.002140  -74.203678   125.341      -4.953     2.671    -5.358     1.705
0140320020_01   40.098094  -74.091837   -27.866       1.067    -1.728     1.370    -1.498
0140320021_01   40.155362  -75.136205    49.267       1.736    -1.871     2.052    -1.515
0140320022_01   40.260332  -74.001827   -22.602      -2.205    -3.366    -1.539    -3.716
0140320023_01   40.207880  -74.441131    51.843      -4.065     4.395    -4.808     3.559
0140320024_01   40.171667  -75.246519    38.178      -5.798    -0.526    -5.596    -1.594
0140320025_01   39.957452  -75.178311   -28.973      -0.807    -2.003    -0.420    -2.117
0140320026_01   40.603280  -74.097800    16.189       1.192     2.131     0.776     2.314
0140320027_01   40.482680  -74.484165    -1.784       2.250    -0.213     2.249     0.209
0140320028_01   40.569220  -74.938214   144.014      -3.772    -1.569    -3.413    -2.241
0140320029_01   40.851084  -75.265036   197.558       4.066    -0.842     4.147    -0.074
0140320030_01   39.894887  -74.752838   -18.246      -3.141     2.862    -3.617     2.225
0140320031_01   39.881033  -75.875588   125.109      -1.920     0.481    -1.976     0.115
0140320032_01   40.330097  -74.257896    13.724      -0.510     2.171    -0.904     2.037
0140320033_01   40.003845  -75.232910    52.481       3.946     4.526     3.032     5.178
0140320034_01   40.535374  -74.198250    -6.496      -2.778    -0.851    -2.570    -1.352
0140320035_01   39.870199  -75.139147   -27.239       2.394    -3.517     3.006    -3.008
0140320036_01   40.001070  -75.091614   -24.348       2.323    -1.721     2.601    -1.258
0140320037_01   39.575384  -74.752579    -7.417       4.703    -1.354     4.871    -0.452
0140320038_01   40.890743  -73.900892     7.681       1.016    -1.499     1.276    -1.283
0140320039_01   40.269896  -74.815696    13.164       1.753     2.180     1.316     2.466
0140320041_01   40.998681  -75.557052   469.341      -0.206     1.359    -0.455     1.295
0140320043_01   40.361513  -75.731967    69.510       0.461    -2.040     0.831    -1.918
0140320044_01   39.857539  -75.095281   -28.243       3.757    -0.324     3.749     0.381
0140320045_01   40.451689  -74.342177    -5.624      -1.093    -0.354    -1.007    -0.551
0140320046_01   40.685601  -74.318581    -1.702       0.649    -1.258     0.871    -1.115
0140320047_01   39.699187  -75.558709   -18.511       2.516    -4.353     3.281    -3.807
0140320048_01   40.336427  -75.155640    96.453      -0.033    -2.427     0.418    -2.389
0140320049_01   40.788161  -74.002499    -1.738      -0.928     1.112    -1.117     0.920
0140320050_01   40.675469  -75.347048    64.468       3.223    -2.967     3.715    -2.317
0140320051_01   40.597285  -74.376918    -7.258      -4.621     1.477    -4.811     0.593
0140320052_01   40.369305  -74.586092     0.020       0.298    -3.044     0.858    -2.933
0140320053_01   40.856112  -75.180698   173.073      -3.291     2.167    -3.634     1.518
0140320055_01   40.510479  -75.296268   109.912      -1.734    -0.158    -1.674    -0.477
0140320056_01   40.300870  -74.252215    29.689      -5.393     2.300    -5.722     1.255
0140320057_01   40.030276  -75.260073    68.982      -5.955     0.182    -5.881    -0.929
0140320058_01   40.484142  -74.509639     4.000       3.138     0.805     2.932     1.374
0140320059_01   40.902666  -75.128109   122.481       0.231    -1.152     0.440    -1.089
0140320060_01   39.992566  -76.019682   103.143      -0.042     4.250    -0.835     4.165
0140320061_01   40.520817  -74.633328    -8.987      -1.915     2.323    -2.312     1.926
0140320062_01   40.610151  -74.463327    -6.471      -3.185    -2.059    -2.745    -2.613
0140320063_01   40.947799  -74.549354   220.724       1.056     1.194     0.816     1.368
0140320064_01   40.056895  -74.111730   -31.615       0.703     1.605     0.393     1.707
0140320065_01   40.950594  -73.704930   -13.516       1.804    -4.148     2.541    -3.740
0140320066_01   40.403094  -75.212714   103.118      -5.312    -0.948    -5.040    -1.917
0140320067_01   40.389696  -75.284427   135.939       0.324     0.828     0.163     0.872
0140320068_01   40.547533  -74.424500    -1.385       3.707    -0.762     3.782    -0.059
0140320069_01   40.818104  -73.935885   -28.955       0.381    -0.942     0.550    -0.854
0140320070_01   39.663913  -75.771067    -4.805       5.227    -1.615     5.433    -0.613
0140320071_01   39.781890  -75.708972    46.435       1.345    -1.428     1.586    -1.152
0140320073_01   40.653594  -75.423230    85.425       5.319    -0.963     5.401     0.040
0140320074_01   40.253826  -75.004116    25.831       3.034     4.093     2.218     4.583
0140320075_01   40.865901  -74.198549    87.717      -0.406     0.643    -0.517     0.556
0140320076_01   39.749436  -76.094175    63.500      -1.601     3.401    -2.208     3.042
0140320077_01   40.042458  -75.355071    79.994      -0.994    -2.658    -0.482    -2.794
0140320078_01   40.647365  -74.003179    17.815       0.505    -2.811     1.018    -2.667
0140320079_01   39.841734  -76.051108   105.121      -0.097     4.918    -1.014     4.811
0140320080_01   39.698992  -75.856837    71.774      -2.660    -0.078    -2.598    -0.572
0140320082_01   39.981445  -74.784500   -17.666       2.897    -0.297     2.900     0.248
0140320083_01   40.135578  -74.189587   -12.000      -3.577     4.661    -4.378     3.911
0140320084_01   39.960343  -75.699571   106.569       0.465     0.698     0.326     0.771
0140320086_01   40.312531  -75.487469    80.078      -3.984     3.365    -4.539     2.564
0140320087_01   40.004607  -75.503549   109.849      -4.210     0.159    -4.164    -0.627
0140320089_01   40.670550  -75.265739    79.887       4.240    -0.010     4.165     0.776
0140320090_01   40.639498  -73.881963   -30.612       3.684    -3.794     4.323    -3.042
0140320091_01   40.381208  -75.480896    71.216       3.605    -0.604     3.651     0.076
0140320093_01   40.322671  -75.132656    75.205       0.141    -3.724     0.830    -3.631
0140320094_01   40.832035  -73.866282   -22.096      -1.985     0.548    -2.050     0.170
0140320095_01   40.717101  -73.805011     1.958       1.637     1.690     1.296     1.965
0140320096_01   40.254028  -75.279625    70.075       4.290    -2.723     4.718    -1.877
0140320097_01   40.773997  -74.158062   -24.319       2.256    -0.964     2.395    -0.528
0140320100_01   40.063315  -74.345224    -3.424       3.025     6.701     1.725     7.143
0140320101_01   40.212760  -74.758033   -21.440       5.661    -1.655     5.867    -0.572
0140320102_01   40.428235  -74.518888     1.000      -0.968    -0.948    -0.774    -1.110
0140320104_01   40.791652  -74.952587   127.661      -6.199     4.490    -6.920     3.259
0140320105_01   40.254409  -74.299644    18.888       1.545    -1.274     1.754    -0.964
0140320106_01   40.704794  -74.193381   -29.595       2.297     0.380     2.186     0.800
0140320107_01   40.479406  -74.321379   -24.555       3.128     1.771     2.744     2.320
0140320109_01   40.817986  -73.839486   -29.568       1.026    -0.048     1.018     0.144
0140320110_01   40.900594  -74.572825   165.435       0.978    -1.388     1.217    -1.182
0140320111_01   39.952023  -75.592018    88.933       6.033    -1.417     6.186    -0.269
0140320113_01   40.725801  -73.733809    -6.983      -1.679     1.831    -1.987     1.487
0140320114_01   40.280053  -74.032592   -16.000      -3.167    -3.081    -2.537    -3.615
0140320115_01   40.269180  -74.890854    37.984      -5.767     1.168    -5.880     0.075
0140320116_01   39.760487  -75.110907   -16.325      -5.181     2.384    -5.532     1.375
0140320117_01   40.327078  -74.134683    -9.000      -1.987    -3.077    -1.378    -3.391
0140320118_01   40.347979  -74.799234    29.081       0.510     3.396    -0.131     3.429
0140320119_01   40.286497  -75.264935    68.530      -0.875    -1.860    -0.514    -1.989
0140320120_01   40.412426  -75.110909   123.086      -3.994    -0.779    -3.777    -1.506
0140320121_01   40.057739  -75.809959   162.289      -5.290    -0.769    -5.052    -1.738
0140320122_01   39.775908  -75.568087    48.602       1.414    -1.508     1.669    -1.218
0140320123_01   40.842337  -73.667184   -26.425      -0.404     6.509    -1.601     6.319
0140320124_01   40.260965  -74.044859   -15.000      -1.648    -1.515    -1.336    -1.794
0140320126_01   40.782797  -74.039200   -29.000       3.060     0.313     2.948     0.876
0140320127_01   40.842410  -73.934073    29.268       0.654    -4.805     1.533    -4.597
0140320128_01   41.019962  -74.551360   261.667       1.493    -0.604     1.577    -0.317
0140320129_01   39.928058  -74.123579   -31.000       2.472     0.079     2.414     0.538
0140320130_01   39.872511  -75.217380   -31.000       4.649    -0.819     4.717     0.061
0140320131_01   40.207776  -74.019167   -27.000       2.936    -5.164     3.844    -4.524
0140320132_01   39.577394  -74.225817   -31.025       0.020    -1.132     0.232    -1.107
0140320133_01   40.139070  -74.810416   -32.000       4.783     3.261     4.090     4.093
0140320134_01   40.384341  -75.082235   121.076      -2.826     0.406    -2.851    -0.126
0140320135_01   40.858007  -74.604423   243.915       0.964     0.109     0.926     0.286
0140320136_01   41.142711  -75.030982   319.000      -0.102    -1.292     0.138    -1.288
0140320138_01   40.676477  -74.284596    -0.594      -1.645    -1.404    -1.355    -1.684
0140320139_01   40.089761  -74.988621    -2.654       3.184     0.099     3.108     0.690
0140320140_01   40.218996  -74.102918    -5.409      -6.113    -2.327    -5.569    -3.423
0140320141_01   39.930005  -75.056409   -28.000       1.119    -1.494     1.377    -1.259
0140320142_01   40.223492  -74.722734   -19.000      -2.380    -0.866    -2.176    -1.293
0140320144_01   40.224945  -74.138805     3.529      -3.600     0.996    -3.720     0.309
0140320145_01   40.639411  -74.236033   -26.267       1.773    -0.715     1.875    -0.373
0140320147_01   39.849263  -75.697741    77.010       1.659     1.192     1.406     1.479
0140320148_01   40.989163  -73.964881   -13.162      -0.098    -0.008    -0.093    -0.026
0140320150_01   40.151009  -74.155238   -19.789      -4.636    -0.844    -4.395    -1.692
0140320151_01   40.694316  -73.905547   -11.117      -0.681    -0.364    -0.600    -0.484
0140320153_01   39.946933  -75.983185   107.179      -3.862    -2.811    -3.270    -3.478
0140320154_01   40.061203  -74.145443   -28.296      -0.062    -1.715     0.260    -1.696
0140320155_01   40.679373  -74.016902   -31.000       4.098    -0.888     4.190    -0.111
0140320156_01   40.545954  -74.556664   -14.713       1.384    -1.091     1.562    -0.814
0140320158_01   40.054038  -74.897177   -24.000       2.401     0.344     2.294     0.784
0140320159_01   40.130289  -74.562193     8.223      -6.551     1.265    -6.667     0.024
0140320160_01   40.863265  -73.999593   -30.000      -0.329     1.091    -0.524     1.010
0140320161_01   40.751314  -74.373350    23.838       1.566     6.800     0.278     6.968
0140320162_01   40.038203  -75.217202    58.313      -2.602     1.466    -2.829     0.955
0140320163_01   40.245369  -75.378350    34.762      -2.110    -0.323    -2.013    -0.709
0140320164_01   40.756094  -73.687744     6.704       3.401     0.620     3.226     1.241
0140320166_01   40.180768  -75.454458    11.792       1.824    -3.371     2.417    -2.972
0140320168_01   40.725186  -75.556897   100.790       4.834     4.293     3.948     5.111
0140320170_01   40.510584  -74.969075   128.033      -3.368    -4.084    -2.549    -4.635
0140320171_01   40.738841  -73.956691   -29.439       3.386    -0.955     3.503    -0.309
0140320172_01   41.040536  -74.560500   350.538       1.308     2.572     0.808     2.767
0140320173_01   40.275648  -75.127271    32.041       0.719    -2.539     1.178    -2.360
0140320175_01   40.136247  -74.966428    18.302       1.335    -0.002     1.311     0.246
0140320176_01   39.781216  -75.811963    87.145       1.895     0.856     1.700     1.193
0140320179_01   40.809197  -75.617710   157.267       2.991     1.589     2.641     2.114
0140320180_01   39.911319  -76.037781   182.398      -5.100     0.835    -5.164    -0.129
0140320182_01   40.615281  -73.760014   -30.019       2.627     0.794     2.434     1.268
0140320183_01   39.935350  -75.131554   -31.000       2.041    -2.924     2.549    -2.492
0140320184_01   40.303536  -74.639447    -4.498      -6.104     2.083    -6.381     0.911
0140320186_01   40.409024  -74.513721    -3.080       1.273     1.045     1.057     1.263
0140320187_01   40.780757  -74.370584    21.494      -0.594    -3.193     0.010    -3.246
0140320188_01   40.470472  -75.389520   144.556      -3.569     3.604    -4.175     2.876
0140320189_01   39.950619  -74.778275   -19.052      -3.991     5.851    -5.008     5.003
0140320191_01   40.620949  -75.478000    48.317       6.227    -1.048     6.308     0.125
0140320192_01   40.289450  -74.126693   -15.000      -3.909    -0.138    -3.812    -0.862
0140320193_01   40.086216  -74.913316   -28.990       4.573    -0.990     4.675    -0.122
0140320194_01   40.077526  -75.130068    25.598      -2.755    -0.148    -2.678    -0.658
0140320195_01   40.067056  -74.978071   -21.573       2.617     5.450     1.555     5.839
0140320196_01   40.804703  -75.648610   192.210       1.823     1.141     1.577     1.457
0140320197_01   39.942830  -74.184843   -32.886       0.872    -0.977     1.039    -0.797
0140320198_01   40.472393  -74.857966    14.866      -4.589    -3.200    -3.912    -3.994
0140320199_01   40.504123  -75.494873   146.230      -2.523    -0.197    -2.442    -0.662
0140320200_01   40.637419  -74.074636   -28.778      -0.571    -2.321    -0.130    -2.386
0140320201_01   40.297003  -74.374743    -3.412      -1.711     6.174    -2.827     5.745
0140320202_01   39.968397  -75.560543    98.338      -1.898    -0.602    -1.752    -0.944
0140320203_01   40.148954  -75.013971    35.787       3.729     0.678     3.535     1.359
0140320204_01   40.572870  -75.588949   106.261       0.247     1.496    -0.037     1.514
0140320205_01   40.149740  -74.333476     0.859      -1.591     5.452    -2.575     5.058
0140320206_01   39.565970  -74.775314   -17.062       1.889    -0.185     1.890     0.171
0140320207_01   40.200172  -75.468687    49.100       3.012    -1.704     3.274    -1.114
0140320208_01   40.909406  -74.123574   -10.782      -0.966     0.303    -1.004     0.119
0140320209_01   40.522565  -74.520339    -8.094      -0.616     0.380    -0.675     0.258
0140320210_01   40.209449  -75.569575     8.166       2.325    -0.415     2.360     0.024
0140320211_01   39.936623  -74.811678   -24.896      -2.294     4.191    -3.033     3.688
0140320212_01   39.798738  -74.181290   -31.000       0.017     0.320    -0.042     0.317
0140320213_01   40.594835  -74.280858   -25.276       2.595    -0.256     2.596     0.231
0140320215_01   40.043780  -75.086747    -2.464       2.562     2.661     2.020     3.089
0140320216_01   40.217498  -75.296750    75.995       1.244    -1.617     1.522    -1.357
0140320217_01   40.197160  -75.202200    54.415      -1.063    -0.285    -0.991    -0.478
0140320218_01   40.093001  -75.033668    13.399       5.525     1.855     5.079     2.850
0140320219_01   39.796021  -75.740303    91.852       1.254     1.322     0.983     1.531
0140320220_01   39.770279  -75.499035    28.196       0.672     1.204     0.434     1.307
0140320221_01   39.679485  -75.932856    70.882      -2.318     0.531    -2.376     0.090
0140320222_01   41.025517  -74.264774    82.617      -4.349     2.919    -4.810     2.060
0140320223_01   40.286308  -75.488693    60.200       0.592     0.696     0.451     0.793
0140320224_01   40.350552  -75.265186   100.892      -4.713    -2.446    -4.174    -3.277
0140320225_01   39.975758  -74.582504    -7.995      -0.831     2.721    -1.322     2.517
0140320226_01   40.196717  -74.864888    24.075       1.240     1.859     0.872     2.056
0140320227_01   39.831415  -75.548209    80.896      -0.286    -3.111     0.299    -3.108
0140320228_01   40.094673  -74.661316    -8.178      -5.302    -0.980    -5.024    -1.949
0140320229_01   40.738885  -74.160992   -25.810       3.538    -0.537     3.575     0.130
0140320230_01   40.391268  -75.769757    82.405      -4.318    -6.597    -3.014    -7.280
0140320231_01   39.746889  -74.531364   -16.000      -0.119     0.265    -0.166     0.238
0140320232_01   40.782947  -74.125950    -4.197       3.190     0.444     3.051     1.029
0140320233_01   40.714229  -74.229495    16.515       0.517     0.727     0.374     0.810
0140320234_01   39.645427  -74.507924   -28.248      -0.507     0.802    -0.647     0.693
0140320236_01   39.670713  -74.157270   -31.040       0.697    -2.455     1.142    -2.281
0140320237_01   40.336631  -74.594416    -9.970       1.762    -1.286     1.970    -0.935
0140320238_01   39.605302  -74.863598   -10.390       0.786     0.760     0.630     0.893
0140320240_01   40.338783  -74.183275    -7.460      -0.468     2.190    -0.865     2.064
0140320241_01   39.790937  -75.921746   117.178      -0.384     1.942    -0.740     1.835
0140320242_01   40.088858  -75.764932   125.467      -3.485     2.388    -3.867     1.696
0140320243_01   39.730341  -74.260167   -16.282      -1.893    -0.674    -1.732    -1.015
0140320244_01   40.357070  -74.976918     8.311       5.646     1.334     5.296     2.359
0140320246_01   39.646675  -75.375066   -19.949       1.775    -2.143     2.142    -1.774
0140320247_01   40.664464  -73.950398    -8.931      -0.070    -1.655     0.239    -1.638
0140320248_01   40.649103  -75.769519   147.981      -3.840    -4.081    -3.014    -4.719
0140320250_01   41.041520  -74.118968    52.280       0.660    -0.083     0.664     0.041
0140320251_01   39.809990  -75.059115    -1.683       1.653    -1.728     1.945    -1.388
0140320252_01   40.823104  -75.734883   123.508      -0.754    -0.518    -0.645    -0.649
0140320253_01   40.539395  -75.461832   159.768      -5.296     2.578    -5.679     1.549
0140320254_01   39.737013  -74.496770    -4.248       2.486    -0.081     2.457     0.384
0140320255_01   40.597071  -75.024347   111.644      -1.647    -5.427    -0.610    -5.635
0140320256_01   40.071099  -74.944295   -23.633       1.941     2.608     1.420     2.922
0140320257_01   40.475196  -74.443876    -0.153       1.737     0.560     1.602     0.872
0140320258_01   40.181039  -75.135904    41.321       1.494    -2.276     1.890    -1.957
0140320259_01   40.284090  -75.355979    57.892       3.137     2.468     2.621     3.006
