==============================================================================
==============================================================================
Sun. Sep. 18 2016                  LANDSAT 5                       Time: 17:59
                            Image Assessment System
                            GEOMETRIC VERIFY Report
==============================================================================
Order ID: 0501609171697_05352                          Path / Row - 13 / 32
Reference Image: L51XXX1000238150100_HDF.L1G

Color mapping per rank
----------------------
Rank  1 is Green: total residual <= 0.5
Rank  2 is Cyan: 0.5 < total residual <=  1
Rank  3 is Blue:  1 < total residual <=  2
Rank  4 is Yellow:  2 < total residual <=  3
Rank  5 is Red:  3 < total residual

Percentage of residuals by rank
-------------------------------
Rank   1 -- 100.0%
Rank   2 --  0.0%
Rank   3 --  0.0%
Rank   4 --  0.0%
Rank   5 --  0.0%

       GCP    Latitude    Longitude  Sample   Line     Total    Rank
        ID                           Residual Residual Residual
              (Degree)    (Degree)   (Pixel)  (Pixel)  (Pixel)
----------------------------------------------------------------------
0130320016   41.27897    -74.14372     0.26      0.06     0.27     1 
0130320091   41.25330    -74.14406     0.00      0.22     0.22     1 
0130320092   41.25302    -74.10718    -0.00      0.13     0.13     1 
0130320093   41.25273    -74.07030     0.21      0.09     0.23     1 
0130320094   41.25243    -74.03342     0.14      0.12     0.18     1 
0130320095   41.25211    -73.99655     0.19      0.12     0.23     1 
0130320096   41.25178    -73.95967     0.05     -0.01     0.06     1 
0130320166   41.22763    -74.14439     0.03      0.13     0.14     1 
0130320167   41.22735    -74.10753     0.08      0.11     0.13     1 
0130320168   41.22706    -74.07067     0.07      0.15     0.17     1 
0130320170   41.22644    -73.99694     0.13      0.09     0.16     1 
0130320171   41.22612    -73.96008    -0.04      0.02     0.04     1 
0130320172   41.22578    -73.92322    -0.05      0.06     0.08     1 
0130320173   41.22543    -73.88636     0.22      0.05     0.23     1 
0130320174   41.22507    -73.84950     0.01      0.01     0.01     1 
0130320175   41.22469    -73.81264     0.12      0.02     0.12     1 
0130320176   41.22431    -73.77578    -0.06     -0.00     0.06     1 
0130320240   41.20223    -74.18158     0.02      0.08     0.08     1 
0130320241   41.20197    -74.14473    -0.09      0.11     0.14     1 
0130320242   41.20168    -74.10788    -0.04      0.00     0.04     1 
0130320243   41.20139    -74.07103    -0.03      0.10     0.11     1 
0130320244   41.20109    -74.03418     0.23      0.06     0.24     1 
0130320245   41.20078    -73.99733     0.13      0.07     0.14     1 
0130320246   41.20045    -73.96049     0.02      0.05     0.05     1 
0130320248   41.19976    -73.88679     0.03      0.09     0.10     1 
0130320249   41.19940    -73.84995     0.12      0.03     0.13     1 
0130320250   41.19902    -73.81310     0.25     -0.01     0.25     1 
0130320251   41.19864    -73.77626     0.19      0.08     0.21     1 
0130320252   41.19824    -73.73941     0.12      0.03     0.12     1 
0130320253   41.19783    -73.70257     0.19      0.04     0.19     1 
0130320254   41.19741    -73.66573     0.25      0.01     0.25     1 
0130320255   41.19698    -73.62889     0.03      0.03     0.04     1 
0130320256   41.19653    -73.59205    -0.03      0.00     0.03     1 
0130320257   41.19608    -73.55521     0.11     -0.05     0.12     1 
0130320315   41.17656    -74.18190     0.14      0.03     0.14     1 
0130320316   41.17630    -74.14506     0.11      0.05     0.12     1 
0130320317   41.17601    -74.10823    -0.06      0.18     0.19     1 
0130320318   41.17572    -74.07139     0.18      0.06     0.19     1 
0130320320   41.17511    -73.99773     0.26      0.02     0.26     1 
0130320321   41.17478    -73.96089     0.01      0.13     0.13     1 
0130320323   41.17409    -73.88723    -0.03     -0.02     0.03     1 
0130320324   41.17373    -73.85040     0.23      0.03     0.23     1 
0130320325   41.17336    -73.81357     0.15     -0.01     0.15     1 
0130320326   41.17297    -73.77674     0.13      0.06     0.14     1 
0130320327   41.17257    -73.73991     0.18      0.03     0.18     1 
0130320328   41.17216    -73.70308     0.28      0.04     0.28     1 
0130320329   41.17175    -73.66625     0.14      0.01     0.14     1 
0130320330   41.17131    -73.62942     0.07      0.06     0.09     1 
0130320331   41.17087    -73.59260     0.11      0.01     0.11     1 
0130320333   41.16994    -73.51895     0.15      0.05     0.15     1 
0130320334   41.16947    -73.48213     0.14      0.02     0.14     1 
0130320335   41.16897    -73.44530     0.14      0.00     0.14     1 
0130320336   41.16847    -73.40848     0.09      0.05     0.10     1 
0130320337   41.16796    -73.37166     0.16      0.00     0.16     1 
0130320390   41.15089    -74.18222     0.14      0.11     0.18     1 
0130320391   41.15062    -74.14540     0.13      0.09     0.16     1 
0130320392   41.15035    -74.10858     0.21      0.07     0.22     1 
0130320393   41.15006    -74.07175     0.22      0.08     0.23     1 
0130320394   41.14975    -74.03494     0.28      0.07     0.29     1 
0130320395   41.14944    -73.99812     0.12      0.06     0.14     1 
0130320396   41.14911    -73.96130     0.13      0.03     0.13     1 
0130320397   41.14877    -73.92448     0.14      0.10     0.17     1 
0130320399   41.14806    -73.85085     0.19      0.09     0.21     1 
0130320400   41.14769    -73.81403     0.24      0.03     0.24     1 
0130320401   41.14731    -73.77721     0.15      0.04     0.16     1 
0130320402   41.14691    -73.74040     0.14      0.06     0.15     1 
0130320403   41.14650    -73.70359     0.14      0.00     0.14     1 
0130320404   41.14608    -73.66677     0.04      0.07     0.08     1 
0130320405   41.14565    -73.62996     0.19      0.07     0.20     1 
0130320406   41.14520    -73.59315     0.07      0.06     0.10     1 
0130320407   41.14475    -73.55634     0.10      0.08     0.12     1 
0130320408   41.14428    -73.51953     0.17      0.06     0.18     1 
0130320409   41.14380    -73.48272     0.14      0.02     0.14     1 
0130320410   41.14331    -73.44591     0.13      0.06     0.14     1 
0130320411   41.14281    -73.40910     0.11      0.06     0.13     1 
0130320412   41.14229    -73.37230     0.06      0.03     0.07     1 
0130320413   41.14177    -73.33549     0.14      0.07     0.16     1 
0130320414   41.14123    -73.29869     0.08      0.01     0.08     1 
0130320415   41.14068    -73.26188     0.01      0.06     0.06     1 
0130320416   41.14012    -73.22508    -0.17     -0.07     0.18     1 
0130320465   41.12522    -74.18254    -0.03      0.16     0.17     1 
0130320466   41.12495    -74.14573     0.13      0.03     0.14     1 
0130320467   41.12468    -74.10892     0.31      0.14     0.34     1 
0130320468   41.12438    -74.07212     0.23      0.05     0.23     1 
0130320469   41.12408    -74.03531     0.10      0.04     0.11     1 
0130320470   41.12377    -73.99851     0.20      0.08     0.21     1 
0130320471   41.12344    -73.96170     0.14     -0.01     0.14     1 
0130320472   41.12311    -73.92490     0.28      0.03     0.28     1 
0130320474   41.12239    -73.85129     0.27      0.05     0.28     1 
0130320475   41.12202    -73.81449     0.31     -0.01     0.31     1 
0130320476   41.12164    -73.77769     0.15      0.04     0.16     1 
0130320477   41.12124    -73.74089     0.02      0.09     0.10     1 
0130320478   41.12083    -73.70409     0.15      0.03     0.15     1 
0130320479   41.12041    -73.66729     0.14      0.01     0.14     1 
0130320480   41.11998    -73.63049     0.18      0.05     0.19     1 
0130320481   41.11954    -73.59370     0.01      0.04     0.04     1 
0130320482   41.11908    -73.55690     0.02      0.04     0.05     1 
0130320483   41.11862    -73.52010     0.11      0.01     0.11     1 
0130320484   41.11814    -73.48331     0.23     -0.00     0.23     1 
0130320485   41.11765    -73.44652     0.17      0.01     0.17     1 
0130320486   41.11715    -73.40972     0.01      0.01     0.02     1 
0130320487   41.11663    -73.37293    -0.00     -0.01     0.01     1 
0130320488   41.11611    -73.33614    -0.18      0.03     0.18     1 
0130320489   41.11557    -73.29935    -0.26     -0.11     0.28     1 
0130320490   41.11502    -73.26256    -0.33     -0.03     0.33     1 
0130320540   41.09955    -74.18286     0.03     -0.06     0.07     1 
0130320541   41.09929    -74.14606     0.16      0.11     0.20     1 
0130320542   41.09901    -74.10927     0.29      0.02     0.29     1 
0130320543   41.09872    -74.07248     0.22      0.05     0.22     1 
0130320544   41.09841    -74.03569     0.15      0.02     0.15     1 
0130320545   41.09810    -73.99890     0.06      0.05     0.08     1 
0130320546   41.09777    -73.96211    -0.00      0.02     0.02     1 
0130320547   41.09744    -73.92532     0.08     -0.01     0.08     1 
0130320549   41.09673    -73.85174     0.35      0.02     0.35     1 
0130320550   41.09636    -73.81495     0.12      0.01     0.12     1 
0130320551   41.09597    -73.77817     0.19      0.02     0.19     1 
0130320552   41.09557    -73.74138    -0.10     -0.00     0.10     1 
0130320553   41.09517    -73.70459     0.26      0.02     0.27     1 
0130320554   41.09475    -73.66781     0.18     -0.03     0.18     1 
0130320555   41.09432    -73.63103     0.03     -0.03     0.04     1 
0130320556   41.09387    -73.59424     0.14     -0.02     0.14     1 
0130320557   41.09342    -73.55746     0.12      0.03     0.12     1 
0130320558   41.09295    -73.52068     0.05      0.03     0.06     1 
0130320559   41.09247    -73.48390     0.20      0.02     0.20     1 
0130320560   41.09198    -73.44712     0.08      0.02     0.08     1 
0130320561   41.09148    -73.41034    -0.13     -0.01     0.13     1 
0130320562   41.09097    -73.37356    -0.15     -0.12     0.19     1 
0130320614   41.07414    -74.21995    -0.03      0.13     0.13     1 
0130320615   41.07388    -74.18317     0.24      0.10     0.25     1 
0130320616   41.07361    -74.14639     0.09      0.09     0.12     1 
0130320617   41.07334    -74.10962     0.16      0.07     0.17     1 
0130320618   41.07305    -74.07284     0.23      0.01     0.23     1 
0130320619   41.07274    -74.03606     0.26      0.04     0.26     1 
0130320620   41.07243    -73.99929     0.30      0.00     0.30     1 
0130320621   41.07211    -73.96251     0.11     -0.02     0.11     1 
0130320624   41.07106    -73.85219     0.14      0.04     0.15     1 
0130320625   41.07069    -73.81541     0.03      0.00     0.03     1 
0130320626   41.07030    -73.77864     0.15      0.03     0.15     1 
0130320627   41.06991    -73.74187     0.11     -0.01     0.11     1 
0130320628   41.06950    -73.70510     0.08     -0.01     0.08     1 
0130320629   41.06908    -73.66833     0.17     -0.03     0.18     1 
0130320630   41.06865    -73.63156     0.20      0.00     0.20     1 
0130320631   41.06821    -73.59479     0.13      0.02     0.13     1 
0130320632   41.06775    -73.55802     0.11      0.01     0.11     1 
0130320633   41.06729    -73.52126     0.04     -0.00     0.04     1 
0130320634   41.06681    -73.48449     0.08      0.01     0.08     1 
0130320635   41.06632    -73.44773    -0.06     -0.04     0.07     1 
0130320636   41.06582    -73.41096    -0.20     -0.00     0.20     1 
0130320637   41.06531    -73.37420    -0.10     -0.07     0.12     1 
0130320689   41.04847    -74.22025     0.15      0.10     0.18     1 
0130320690   41.04821    -74.18349     0.24      0.11     0.26     1 
0130320691   41.04794    -74.14673     0.24      0.09     0.25     1 
0130320692   41.04767    -74.10996     0.09      0.06     0.11     1 
0130320693   41.04738    -74.07320     0.16      0.04     0.17     1 
0130320694   41.04707    -74.03644     0.22     -0.02     0.22     1 
0130320695   41.04676    -73.99967     0.14     -0.03     0.14     1 
0130320696   41.04644    -73.96291     0.16      0.04     0.16     1 
0130320697   41.04610    -73.92615     0.14      0.10     0.17     1 
0130320698   41.04575    -73.88939    -0.10      0.05     0.11     1 
0130320699   41.04539    -73.85263     0.19      0.08     0.20     1 
0130320700   41.04502    -73.81587     0.20      0.01     0.20     1 
0130320701   41.04464    -73.77912     0.12     -0.02     0.12     1 
0130320702   41.04424    -73.74236     0.18     -0.05     0.18     1 
0130320703   41.04383    -73.70560     0.17     -0.02     0.17     1 
0130320704   41.04342    -73.66885     0.11      0.01     0.11     1 
0130320705   41.04298    -73.63209     0.16      0.02     0.16     1 
0130320706   41.04254    -73.59534     0.08      0.00     0.08     1 
0130320707   41.04209    -73.55858     0.01     -0.03     0.03     1 
0130320708   41.04162    -73.52183    -0.09     -0.07     0.11     1 
0130320709   41.04115    -73.48508    -0.25     -0.02     0.25     1 
0130320710   41.04066    -73.44833    -0.17      0.02     0.17     1 
0130320736   41.02383    -72.49319     0.01     -0.01     0.01     1 
0130320737   41.02303    -72.45647    -0.06     -0.02     0.06     1 
0130320739   41.02138    -72.38304    -0.08      0.01     0.08     1 
0130320764   41.02279    -74.22056     0.16      0.09     0.18     1 
0130320765   41.02254    -74.18381     0.18      0.08     0.20     1 
0130320766   41.02227    -74.14706     0.13      0.11     0.16     1 
0130320767   41.02200    -74.11031     0.23      0.13     0.27     1 
0130320768   41.02171    -74.07356     0.17      0.04     0.17     1 
0130320769   41.02141    -74.03681     0.03      0.01     0.03     1 
0130320770   41.02109    -74.00006     0.17      0.00     0.17     1 
0130320771   41.02077    -73.96332     0.27      0.03     0.27     1 
0130320772   41.02043    -73.92657     0.25      0.01     0.25     1 
0130320774   41.01972    -73.85308     0.30     -0.02     0.30     1 
0130320775   41.01935    -73.81633     0.22      0.02     0.22     1 
0130320776   41.01897    -73.77959     0.09      0.03     0.09     1 
0130320777   41.01857    -73.74285     0.19      0.03     0.19     1 
0130320778   41.01817    -73.70610     0.11     -0.04     0.12     1 
0130320779   41.01775    -73.66936     0.13      0.00     0.13     1 
0130320780   41.01732    -73.63262    -0.02     -0.05     0.06     1 
0130320781   41.01688    -73.59588    -0.14     -0.05     0.15     1 
0130320782   41.01642    -73.55914    -0.24     -0.07     0.25     1 
0130320783   41.01596    -73.52241    -0.34      0.06     0.35     1 
0130320807   41.00128    -72.64100    -0.03     -0.29     0.29     1 
0130320809   40.99976    -72.56758     0.03      0.17     0.17     1 
0130320810   40.99898    -72.53087    -0.01     -0.03     0.03     1 
0130320811   40.99818    -72.49416    -0.14      0.05     0.15     1 
0130320812   40.99738    -72.45746    -0.25      0.07     0.26     1 
0130320815   40.99490    -72.34735    -0.09     -0.01     0.09     1 
0130320816   40.99405    -72.31066    -0.13     -0.01     0.13     1 
0130320817   40.99318    -72.27396    -0.07      0.04     0.08     1 
0130320818   40.99231    -72.23726     0.02     -0.00     0.02     1 
0130320819   40.99142    -72.20057     0.05     -0.08     0.10     1 
0130320820   40.99052    -72.16388     0.15     -0.12     0.19     1 
0130320839   40.99712    -74.22086     0.13      0.13     0.19     1 
0130320840   40.99687    -74.18412     0.25      0.12     0.28     1 
0130320841   40.99660    -74.14739     0.11      0.12     0.16     1 
0130320842   40.99632    -74.11065     0.17      0.10     0.20     1 
0130320843   40.99604    -74.07392     0.25      0.04     0.25     1 
0130320844   40.99574    -74.03718     0.13      0.06     0.14     1 
0130320845   40.99542    -74.00045     0.14      0.03     0.15     1 
0130320846   40.99510    -73.96372     0.17      0.00     0.17     1 
0130320847   40.99476    -73.92699     0.24      0.08     0.26     1 
0130320849   40.99406    -73.85352     0.24      0.01     0.24     1 
0130320850   40.99368    -73.81679     0.13      0.01     0.13     1 
0130320851   40.99330    -73.78006     0.18      0.02     0.18     1 
0130320852   40.99291    -73.74334     0.15      0.05     0.16     1 
0130320853   40.99250    -73.70661     0.20      0.04     0.21     1 
0130320854   40.99208    -73.66988    -0.01     -0.02     0.02     1 
0130320855   40.99165    -73.63315    -0.05     -0.06     0.08     1 
0130320880   40.97711    -72.71531     0.19     -0.01     0.19     1 
0130320884   40.97411    -72.56852     0.01      0.02     0.02     1 
0130320885   40.97333    -72.53183    -0.18     -0.05     0.19     1 
0130320889   40.97009    -72.38507    -0.05     -0.01     0.05     1 
0130320890   40.96925    -72.34838     0.13     -0.08     0.16     1 
0130320891   40.96840    -72.31170     0.07     -0.00     0.07     1 
0130320892   40.96754    -72.27502     0.13      0.02     0.13     1 
0130320893   40.96666    -72.23834    -0.03      0.00     0.03     1 
0130320894   40.96578    -72.20166    -0.03      0.02     0.04     1 
0130320895   40.96488    -72.16498    -0.10     -0.06     0.12     1 
0130320914   40.97145    -74.22116     0.04      0.16     0.16     1 
0130320915   40.97120    -74.18444     0.22      0.11     0.25     1 
0130320916   40.97093    -74.14772     0.17      0.05     0.18     1 
0130320917   40.97066    -74.11100     0.19      0.05     0.20     1 
0130320918   40.97037    -74.07428     0.13      0.08     0.15     1 
0130320919   40.97006    -74.03756     0.22      0.05     0.23     1 
0130320920   40.96975    -74.00084     0.04      0.04     0.06     1 
0130320921   40.96943    -73.96412     0.20      0.02     0.20     1 
0130320922   40.96909    -73.92740     0.26      0.03     0.26     1 
0130320924   40.96839    -73.85397     0.14      0.01     0.14     1 
0130320925   40.96802    -73.81725     0.15      0.07     0.17     1 
0130320926   40.96763    -73.78054     0.12      0.00     0.12     1 
0130320927   40.96724    -73.74382     0.09      0.01     0.09     1 
0130320928   40.96683    -73.70711     0.07      0.02     0.08     1 
0130320929   40.96641    -73.67039    -0.19     -0.09     0.21     1 
0130320944   40.95875    -73.11980    -0.01     -0.03     0.03     1 
0130320945   40.95814    -73.08311    -0.04      0.11     0.11     1 
0130320946   40.95753    -73.04641     0.10     -0.10     0.14     1 
0130320947   40.95690    -73.00971     0.21      0.03     0.21     1 
0130320948   40.95626    -72.97302     0.17      0.00     0.17     1 
0130320949   40.95561    -72.93632     0.28     -0.06     0.28     1 
0130320950   40.95495    -72.89963     0.16     -0.15     0.22     1 
0130320951   40.95427    -72.86294     0.08     -0.06     0.09     1 
0130320952   40.95359    -72.82625     0.15     -0.06     0.16     1 
0130320953   40.95289    -72.78956     0.07      0.01     0.07     1 
0130320954   40.95218    -72.75288     0.02     -0.01     0.02     1 
0130320955   40.95146    -72.71619     0.19     -0.13     0.23     1 
0130320956   40.95072    -72.67951     0.16     -0.02     0.16     1 
0130320957   40.94998    -72.64282     0.10     -0.02     0.10     1 
0130320958   40.94922    -72.60614     0.03      0.02     0.03     1 
0130320959   40.94846    -72.56946    -0.07     -0.15     0.16     1 
0130320963   40.94527    -72.42275    -0.08     -0.05     0.10     1 
0130320964   40.94444    -72.38608     0.05     -0.03     0.06     1 
0130320965   40.94360    -72.34941    -0.13     -0.12     0.18     1 
0130320966   40.94275    -72.31274    -0.07     -0.03     0.07     1 
0130320967   40.94189    -72.27607    -0.12     -0.04     0.13     1 
0130320968   40.94102    -72.23941    -0.15     -0.03     0.15     1 
0130320988   40.94602    -74.25817     0.14      0.10     0.18     1 
0130320989   40.94578    -74.22146     0.13      0.02     0.13     1 
0130320990   40.94553    -74.18476     0.11      0.06     0.12     1 
0130320991   40.94526    -74.14805     0.02      0.07     0.07     1 
0130320992   40.94498    -74.11134     0.20      0.06     0.21     1 
0130320993   40.94470    -74.07464     0.25      0.09     0.26     1 
0130320994   40.94440    -74.03793     0.18      0.03     0.18     1 
0130320995   40.94408    -74.00123     0.13      0.03     0.13     1 
0130320996   40.94376    -73.96452     0.18      0.04     0.18     1 
0130320997   40.94342    -73.92782     0.25      0.01     0.25     1 
0130320998   40.94308    -73.89111    -0.01      0.02     0.02     1 
0130320999   40.94272    -73.85441     0.14      0.07     0.15     1 
0130321000   40.94235    -73.81771     0.14     -0.01     0.14     1 
0130321001   40.94197    -73.78101     0.22     -0.02     0.22     1 
0130321002   40.94157    -73.74431     0.09     -0.03     0.09     1 
0130321003   40.94117    -73.70761    -0.20     -0.05     0.21     1 
0130321009   40.93849    -73.48743     0.08      0.06     0.10     1 
0130321012   40.93699    -73.37735    -0.08     -0.25     0.26     1 
0130321018   40.93368    -73.15722     0.08      0.06     0.10     1 
0130321019   40.93309    -73.12053     0.19      0.00     0.19     1 
0130321020   40.93248    -73.08385     0.14     -0.02     0.14     1 
0130321021   40.93187    -73.04717     0.07      0.01     0.07     1 
0130321022   40.93124    -73.01048     0.18     -0.12     0.21     1 
0130321024   40.92995    -72.93712     0.12     -0.05     0.13     1 
0130321025   40.92929    -72.90045     0.17     -0.01     0.17     1 
0130321026   40.92862    -72.86377     0.06     -0.04     0.07     1 
0130321027   40.92793    -72.82709     0.16     -0.04     0.17     1 
0130321028   40.92723    -72.79042     0.06     -0.01     0.06     1 
0130321029   40.92652    -72.75375    -0.03     -0.06     0.07     1 
0130321030   40.92580    -72.71707     0.01     -0.03     0.04     1 
0130321031   40.92507    -72.68040    -0.03     -0.07     0.07     1 
0130321032   40.92433    -72.64374    -0.04     -0.06     0.07     1 
0130321033   40.92357    -72.60707    -0.16     -0.05     0.16     1 
0130321034   40.92281    -72.57040    -0.04      0.17     0.18     1 
0130321038   40.91962    -72.42375    -0.13      0.04     0.14     1 
0130321039   40.91880    -72.38709     0.09      0.00     0.09     1 
0130321040   40.91796    -72.35044    -0.05     -0.03     0.05     1 
0130321041   40.91711    -72.31378    -0.13      0.01     0.13     1 
0130321042   40.91625    -72.27712    -0.01     -0.05     0.05     1 
0130321063   40.92035    -74.25846     0.17      0.09     0.19     1 
0130321064   40.92011    -74.22177     0.20      0.07     0.21     1 
0130321065   40.91986    -74.18507     0.05      0.06     0.07     1 
0130321066   40.91959    -74.14838     0.09      0.02     0.09     1 
0130321067   40.91931    -74.11169     0.10      0.01     0.10     1 
0130321068   40.91902    -74.07500     0.09      0.03     0.10     1 
0130321069   40.91873    -74.03830     0.11      0.00     0.11     1 
0130321070   40.91841    -74.00161     0.13      0.02     0.13     1 
0130321071   40.91809    -73.96492     0.13      0.02     0.13     1 
0130321073   40.91741    -73.89154     0.07      0.01     0.07     1 
0130321074   40.91705    -73.85486     0.01      0.01     0.01     1 
0130321075   40.91668    -73.81817     0.04     -0.04     0.06     1 
0130321076   40.91630    -73.78148     0.00     -0.01     0.01     1 
0130321077   40.91590    -73.74479    -0.23     -0.14     0.27     1 
0130321081   40.91421    -73.59806     0.06      0.02     0.06     1 
0130321082   40.91376    -73.56137     0.25      0.06     0.26     1 
0130321083   40.91330    -73.52469     0.04     -0.06     0.07     1 
0130321084   40.91282    -73.48801    -0.22      0.23     0.32     1 
0130321085   40.91233    -73.45133     0.07     -0.14     0.15     1 
0130321086   40.91184    -73.41465     0.13     -0.02     0.13     1 
0130321087   40.91133    -73.37798     0.23     -0.06     0.24     1 
0130321088   40.91081    -73.34130     0.17      0.10     0.20     1 
0130321089   40.91027    -73.30462     0.23     -0.02     0.23     1 
0130321090   40.90973    -73.26795     0.19      0.03     0.19     1 
0130321091   40.90917    -73.23127     0.03     -0.03     0.04     1 
0130321092   40.90860    -73.19460     0.30     -0.05     0.31     1 
0130321093   40.90802    -73.15793     0.19     -0.04     0.20     1 
0130321094   40.90743    -73.12126     0.20     -0.05     0.21     1 
0130321095   40.90683    -73.08459     0.03     -0.03     0.04     1 
0130321096   40.90621    -73.04792     0.13      0.02     0.13     1 
0130321097   40.90558    -73.01125     0.17     -0.00     0.17     1 
0130321098   40.90494    -72.97459     0.06      0.04     0.07     1 
0130321099   40.90429    -72.93792     0.12      0.03     0.12     1 
0130321100   40.90363    -72.90126     0.17     -0.04     0.17     1 
0130321101   40.90296    -72.86459     0.14     -0.02     0.14     1 
0130321102   40.90228    -72.82793     0.06      0.05     0.08     1 
0130321103   40.90158    -72.79127     0.04     -0.03     0.05     1 
0130321104   40.90087    -72.75462     0.07     -0.03     0.08     1 
0130321105   40.90015    -72.71796     0.15      0.00     0.15     1 
0130321106   40.89942    -72.68130     0.01      0.00     0.01     1 
0130321107   40.89868    -72.64465     0.06     -0.03     0.07     1 
0130321108   40.89792    -72.60799     0.08      0.01     0.08     1 
0130321109   40.89715    -72.57134     0.03     -0.02     0.04     1 
0130321110   40.89638    -72.53469     0.00     -0.06     0.06     1 
0130321111   40.89559    -72.49804     0.03     -0.08     0.09     1 
0130321112   40.89479    -72.46139    -0.06     -0.04     0.07     1 
0130321113   40.89397    -72.42475     0.02     -0.04     0.04     1 
0130321114   40.89315    -72.38810    -0.04     -0.04     0.06     1 
0130321115   40.89231    -72.35146    -0.08     -0.00     0.08     1 
0130321116   40.89146    -72.31482    -0.00     -0.00     0.00     1 
0130321138   40.89468    -74.25875     0.02      0.10     0.10     1 
0130321139   40.89444    -74.22207     0.03      0.09     0.10     1 
0130321140   40.89418    -74.18539     0.11      0.10     0.15     1 
0130321141   40.89392    -74.14871    -0.01      0.09     0.09     1 
0130321142   40.89364    -74.11203     0.04      0.01     0.04     1 
0130321143   40.89335    -74.07535     0.03      0.04     0.05     1 
0130321144   40.89305    -74.03867     0.08      0.01     0.08     1 
0130321145   40.89274    -74.00200     0.13      0.07     0.15     1 
0130321146   40.89242    -73.96532     0.10      0.02     0.10     1 
0130321147   40.89209    -73.92865     0.29     -0.15     0.33     1 
0130321148   40.89174    -73.89197     0.03     -0.00     0.03     1 
0130321149   40.89138    -73.85530     0.01     -0.04     0.04     1 
0130321150   40.89101    -73.81862    -0.06     -0.03     0.07     1 
0130321151   40.89063    -73.78195    -0.12     -0.06     0.14     1 
0130321152   40.89024    -73.74528    -0.09     -0.18     0.21     1 
0130321155   40.88899    -73.63527     0.09      0.03     0.09     1 
0130321156   40.88855    -73.59860     0.19      0.02     0.19     1 
0130321157   40.88809    -73.56193     0.16      0.02     0.16     1 
0130321158   40.88763    -73.52526    -0.15     -0.11     0.18     1 
0130321160   40.88667    -73.45193     0.27      0.08     0.28     1 
0130321161   40.88617    -73.41527     0.04      0.04     0.06     1 
0130321162   40.88566    -73.37860     0.10      0.03     0.11     1 
0130321163   40.88514    -73.34194     0.08      0.02     0.08     1 
0130321164   40.88461    -73.30528     0.19     -0.01     0.19     1 
0130321165   40.88406    -73.26862     0.13     -0.01     0.13     1 
0130321166   40.88351    -73.23196     0.18      0.02     0.18     1 
0130321167   40.88294    -73.19530     0.09      0.05     0.11     1 
0130321168   40.88236    -73.15864     0.14      0.01     0.14     1 
0130321169   40.88177    -73.12198     0.12     -0.02     0.12     1 
0130321170   40.88117    -73.08533     0.13      0.02     0.13     1 
0130321171   40.88055    -73.04867     0.15     -0.03     0.15     1 
0130321172   40.87993    -73.01202     0.12     -0.02     0.12     1 
0130321173   40.87929    -72.97537     0.22     -0.00     0.22     1 
0130321174   40.87864    -72.93872     0.06     -0.03     0.06     1 
0130321175   40.87798    -72.90207     0.14      0.03     0.14     1 
0130321176   40.87730    -72.86542     0.12      0.01     0.12     1 
0130321177   40.87662    -72.82877     0.14     -0.00     0.14     1 
0130321178   40.87592    -72.79213     0.12     -0.05     0.13     1 
0130321179   40.87522    -72.75548     0.05     -0.01     0.05     1 
0130321180   40.87450    -72.71884     0.13     -0.12     0.18     1 
0130321181   40.87377    -72.68220     0.06     -0.02     0.06     1 
0130321182   40.87302    -72.64556    -0.05     -0.04     0.07     1 
0130321183   40.87227    -72.60892     0.05     -0.04     0.07     1 
0130321184   40.87150    -72.57228    -0.02     -0.03     0.04     1 
0130321185   40.87073    -72.53564    -0.02     -0.01     0.02     1 
0130321186   40.86994    -72.49901    -0.10      0.03     0.11     1 
0130321188   40.86832    -72.42574    -0.14     -0.12     0.18     1 
0130321189   40.86750    -72.38911    -0.23     -0.08     0.24     1 
0130321213   40.86901    -74.25903     0.18      0.04     0.18     1 
0130321214   40.86877    -74.22237     0.12      0.03     0.12     1 
0130321215   40.86851    -74.18570     0.09      0.06     0.11     1 
0130321216   40.86825    -74.14904    -0.03      0.05     0.06     1 
0130321217   40.86797    -74.11237    -0.01      0.06     0.06     1 
0130321218   40.86768    -74.07571     0.07      0.05     0.09     1 
0130321219   40.86738    -74.03905    -0.03      0.05     0.06     1 
0130321220   40.86707    -74.00238    -0.00      0.08     0.08     1 
0130321221   40.86675    -73.96572     0.04      0.01     0.04     1 
0130321222   40.86642    -73.92906     0.01      0.02     0.03     1 
0130321223   40.86607    -73.89240     0.01      0.00     0.01     1 
0130321224   40.86571    -73.85574     0.02      0.01     0.02     1 
0130321225   40.86534    -73.81908     0.01     -0.04     0.04     1 
0130321226   40.86496    -73.78242    -0.14     -0.18     0.23     1 
0130321228   40.86416    -73.70911     0.19      0.03     0.19     1 
0130321230   40.86332    -73.63580     0.01      0.01     0.01     1 
0130321231   40.86288    -73.59914     0.19      0.01     0.19     1 
0130321232   40.86243    -73.56249     0.21     -0.04     0.22     1 
0130321233   40.86197    -73.52583     0.18      0.01     0.18     1 
0130321234   40.86149    -73.48918     0.23     -0.02     0.23     1 
0130321235   40.86101    -73.45253     0.15      0.06     0.16     1 
0130321236   40.86051    -73.41588     0.22     -0.05     0.22     1 
0130321237   40.86000    -73.37923     0.04      0.02     0.05     1 
0130321238   40.85948    -73.34258     0.16      0.05     0.17     1 
0130321239   40.85895    -73.30593     0.17      0.04     0.17     1 
0130321240   40.85840    -73.26929     0.15     -0.00     0.15     1 
0130321241   40.85785    -73.23264     0.11     -0.01     0.11     1 
0130321242   40.85728    -73.19600     0.06     -0.03     0.07     1 
0130321243   40.85670    -73.15935     0.05     -0.00     0.05     1 
0130321244   40.85611    -73.12271     0.07     -0.04     0.08     1 
0130321245   40.85551    -73.08607     0.09      0.01     0.10     1 
0130321246   40.85489    -73.04943     0.04     -0.04     0.06     1 
0130321247   40.85427    -73.01279     0.13     -0.01     0.13     1 
0130321248   40.85363    -72.97615     0.14      0.03     0.15     1 
0130321249   40.85298    -72.93951     0.16      0.02     0.16     1 
0130321250   40.85232    -72.90288     0.09     -0.05     0.10     1 
0130321251   40.85165    -72.86624     0.18     -0.01     0.18     1 
0130321252   40.85096    -72.82961     0.12     -0.03     0.12     1 
0130321253   40.85027    -72.79298     0.19     -0.00     0.19     1 
0130321254   40.84956    -72.75635     0.17      0.02     0.17     1 
0130321255   40.84884    -72.71972     0.07      0.04     0.08     1 
0130321256   40.84811    -72.68309     0.07      0.03     0.08     1 
0130321257   40.84737    -72.64646    -0.07     -0.03     0.07     1 
0130321258   40.84662    -72.60984    -0.04     -0.03     0.05     1 
0130321259   40.84585    -72.57322    -0.04     -0.01     0.04     1 
0130321260   40.84508    -72.53659    -0.18     -0.05     0.18     1 
0130321261   40.84429    -72.49997    -0.23      0.00     0.23     1 
0130321288   40.84334    -74.25932     0.16      0.08     0.18     1 
0130321289   40.84309    -74.22267     0.17      0.08     0.19     1 
0130321290   40.84284    -74.18602     0.13      0.04     0.14     1 
0130321291   40.84258    -74.14937     0.01      0.04     0.05     1 
0130321292   40.84230    -74.11271     0.06      0.01     0.06     1 
0130321293   40.84201    -74.07607    -0.04      0.03     0.05     1 
0130321294   40.84171    -74.03942    -0.05     -0.01     0.05     1 
0130321295   40.84140    -74.00277    -0.02     -0.01     0.02     1 
0130321297   40.84075    -73.92947    -0.02     -0.01     0.03     1 
0130321298   40.84040    -73.89283     0.01     -0.01     0.01     1 
0130321299   40.84004    -73.85618    -0.02      0.01     0.02     1 
0130321300   40.83967    -73.81954    -0.07     -0.11     0.14     1 
0130321301   40.83929    -73.78289    -0.25      0.10     0.27     1 
0130321302   40.83890    -73.74625     0.08      0.04     0.09     1 
0130321303   40.83850    -73.70960    -0.17      0.04     0.18     1 
0130321304   40.83808    -73.67296     0.18     -0.11     0.21     1 
0130321305   40.83765    -73.63632     0.11     -0.00     0.11     1 
0130321306   40.83721    -73.59968     0.15      0.01     0.15     1 
0130321307   40.83676    -73.56304     0.26     -0.05     0.27     1 
0130321308   40.83630    -73.52640     0.17     -0.01     0.17     1 
0130321309   40.83583    -73.48976     0.11      0.04     0.12     1 
0130321310   40.83534    -73.45313     0.13      0.09     0.16     1 
0130321311   40.83484    -73.41649     0.06     -0.00     0.06     1 
0130321312   40.83434    -73.37985     0.14      0.04     0.15     1 
0130321313   40.83382    -73.34322     0.11      0.02     0.12     1 
0130321314   40.83328    -73.30659     0.04     -0.01     0.05     1 
0130321315   40.83274    -73.26995     0.16      0.03     0.16     1 
0130321316   40.83218    -73.23332     0.09      0.01     0.09     1 
0130321317   40.83162    -73.19669     0.12      0.02     0.12     1 
0130321318   40.83104    -73.16006     0.11      0.03     0.11     1 
0130321319   40.83045    -73.12343     0.05     -0.04     0.06     1 
0130321320   40.82985    -73.08681     0.11      0.01     0.11     1 
0130321321   40.82923    -73.05018     0.08     -0.01     0.08     1 
0130321322   40.82861    -73.01355     0.05      0.00     0.05     1 
0130321323   40.82797    -72.97693     0.05      0.01     0.05     1 
0130321324   40.82732    -72.94031     0.04      0.05     0.07     1 
0130321325   40.82666    -72.90369     0.07     -0.02     0.07     1 
0130321326   40.82599    -72.86707     0.06     -0.04     0.07     1 
0130321327   40.82531    -72.83045     0.12     -0.02     0.12     1 
0130321328   40.82461    -72.79383     0.08     -0.01     0.08     1 
0130321329   40.82391    -72.75721     0.17      0.04     0.18     1 
0130321330   40.82319    -72.72060     0.01     -0.02     0.02     1 
0130321331   40.82246    -72.68398     0.06      0.03     0.07     1 
0130321332   40.82172    -72.64737     0.06      0.02     0.06     1 
0130321333   40.82097    -72.61076    -0.04      0.03     0.05     1 
0130321334   40.82020    -72.57415    -0.03     -0.00     0.03     1 
0130321335   40.81943    -72.53754     0.11     -0.19     0.22     1 
0130321362   40.81789    -74.29624     0.05      0.05     0.07     1 
0130321363   40.81766    -74.25960     0.22      0.04     0.23     1 
0130321364   40.81742    -74.22297     0.04      0.02     0.05     1 
0130321365   40.81717    -74.18633     0.11      0.05     0.12     1 
0130321366   40.81691    -74.14969     0.13      0.04     0.13     1 
0130321367   40.81663    -74.11306     0.02      0.06     0.06     1 
0130321368   40.81634    -74.07642    -0.09      0.07     0.12     1 
0130321369   40.81604    -74.03979    -0.06      0.03     0.07     1 
0130321370   40.81573    -74.00315    -0.01      0.01     0.01     1 
0130321372   40.81508    -73.92989    -0.02     -0.03     0.04     1 
0130321373   40.81473    -73.89325    -0.03     -0.03     0.04     1 
0130321374   40.81437    -73.85662    -0.05     -0.04     0.07     1 
0130321376   40.81362    -73.78336    -0.02     -0.06     0.07     1 
0130321377   40.81323    -73.74673     0.16     -0.01     0.16     1 
0130321378   40.81283    -73.71010     0.05      0.05     0.07     1 
0130321379   40.81241    -73.67347     0.07      0.03     0.07     1 
0130321380   40.81199    -73.63685     0.08      0.00     0.08     1 
0130321381   40.81155    -73.60022     0.22      0.02     0.22     1 
0130321382   40.81110    -73.56360     0.15      0.07     0.17     1 
0130321383   40.81063    -73.52697     0.10      0.03     0.10     1 
0130321384   40.81016    -73.49035     0.03      0.02     0.04     1 
0130321385   40.80968    -73.45372     0.13      0.03     0.14     1 
0130321386   40.80918    -73.41710     0.08     -0.00     0.08     1 
0130321387   40.80867    -73.38048     0.11     -0.04     0.11     1 
0130321388   40.80815    -73.34386     0.15     -0.05     0.16     1 
0130321389   40.80762    -73.30724     0.12     -0.06     0.13     1 
0130321390   40.80708    -73.27062    -0.01      0.01     0.01     1 
0130321391   40.80652    -73.23400    -0.01     -0.01     0.01     1 
0130321392   40.80596    -73.19739    -0.01     -0.05     0.05     1 
0130321393   40.80538    -73.16077     0.06     -0.04     0.07     1 
0130321394   40.80479    -73.12416     0.05     -0.01     0.05     1 
0130321395   40.80419    -73.08754     0.11      0.06     0.13     1 
0130321396   40.80357    -73.05093     0.07     -0.02     0.07     1 
0130321397   40.80295    -73.01432     0.08      0.00     0.08     1 
0130321398   40.80231    -72.97771     0.10     -0.04     0.11     1 
0130321399   40.80166    -72.94110     0.09     -0.00     0.09     1 
0130321400   40.80101    -72.90449     0.17     -0.01     0.17     1 
0130321401   40.80033    -72.86789     0.12      0.04     0.13     1 
0130321402   40.79965    -72.83128     0.01      0.03     0.03     1 
0130321403   40.79896    -72.79468     0.07     -0.05     0.08     1 
0130321404   40.79825    -72.75808    -0.06     -0.01     0.06     1 
0130321406   40.79681    -72.68488    -0.16     -0.01     0.16     1 
0130321407   40.79607    -72.64828    -0.02     -0.09     0.09     1 
0130321437   40.79222    -74.29651     0.16      0.08     0.18     1 
0130321438   40.79199    -74.25989     0.14      0.05     0.14     1 
0130321439   40.79175    -74.22327     0.16      0.05     0.16     1 
0130321440   40.79150    -74.18664     0.05      0.03     0.06     1 
0130321441   40.79123    -74.15002     0.03     -0.01     0.03     1 
0130321442   40.79096    -74.11340    -0.04      0.01     0.04     1 
0130321443   40.79067    -74.07678    -0.11      0.02     0.11     1 
0130321444   40.79037    -74.04016    -0.06      0.02     0.06     1 
0130321445   40.79006    -74.00354    -0.04      0.02     0.04     1 
0130321446   40.78974    -73.96692     0.10      0.02     0.10     1 
0130321447   40.78941    -73.93030    -0.01     -0.06     0.06     1 
0130321448   40.78906    -73.89368    -0.15     -0.02     0.15     1 
0130321449   40.78870    -73.85706    -0.08      0.04     0.09     1 
0130321450   40.78834    -73.82045    -0.01     -0.04     0.04     1 
0130321451   40.78795    -73.78383    -0.04     -0.10     0.11     1 
0130321452   40.78756    -73.74721    -0.10      0.19     0.21     1 
0130321453   40.78716    -73.71060     0.05     -0.02     0.05     1 
0130321454   40.78675    -73.67399     0.09     -0.05     0.10     1 
0130321455   40.78632    -73.63737     0.06      0.00     0.06     1 
0130321456   40.78588    -73.60076     0.14     -0.04     0.14     1 
0130321457   40.78543    -73.56415     0.03      0.00     0.03     1 
0130321458   40.78497    -73.52754    -0.01     -0.03     0.03     1 
0130321459   40.78450    -73.49093     0.04      0.03     0.05     1 
0130321460   40.78401    -73.45432     0.08      0.10     0.13     1 
0130321461   40.78352    -73.41771    -0.07      0.04     0.08     1 
0130321462   40.78301    -73.38110     0.03      0.04     0.05     1 
0130321463   40.78249    -73.34450     0.14      0.00     0.14     1 
0130321464   40.78196    -73.30789     0.14      0.06     0.15     1 
0130321465   40.78141    -73.27129    -0.00     -0.02     0.02     1 
0130321466   40.78086    -73.23468     0.08     -0.02     0.08     1 
0130321467   40.78029    -73.19808    -0.03     -0.03     0.04     1 
0130321468   40.77972    -73.16148     0.07     -0.05     0.09     1 
0130321469   40.77913    -73.12488    -0.03     -0.03     0.04     1 
0130321470   40.77853    -73.08828    -0.02     -0.04     0.05     1 
0130321471   40.77791    -73.05168     0.06     -0.07     0.09     1 
0130321472   40.77729    -73.01508    -0.00     -0.03     0.03     1 
0130321473   40.77665    -72.97849     0.05     -0.01     0.05     1 
0130321474   40.77601    -72.94190     0.04      0.00     0.04     1 
0130321475   40.77535    -72.90530     0.07     -0.05     0.08     1 
0130321476   40.77468    -72.86871     0.07     -0.05     0.08     1 
0130321477   40.77400    -72.83212     0.08      0.03     0.08     1 
0130321479   40.77260    -72.75894    -0.11     -0.11     0.15     1 
0130321480   40.77188    -72.72235     0.15     -0.06     0.16     1 
0130321512   40.76655    -74.29678     0.05      0.08     0.10     1 
0130321513   40.76632    -74.26017     0.18      0.03     0.19     1 
0130321514   40.76608    -74.22356     0.05      0.02     0.05     1 
0130321515   40.76583    -74.18696     0.05      0.07     0.08     1 
0130321516   40.76556    -74.15035    -0.00     -0.01     0.01     1 
0130321517   40.76529    -74.11374    -0.11      0.01     0.11     1 
0130321518   40.76500    -74.07713    -0.05     -0.03     0.06     1 
0130321519   40.76470    -74.04053    -0.07     -0.01     0.07     1 
0130321521   40.76407    -73.96732     0.21     -0.14     0.25     1 
0130321522   40.76374    -73.93071    -0.10     -0.01     0.10     1 
0130321523   40.76339    -73.89411    -0.07     -0.02     0.07     1 
0130321524   40.76304    -73.85750    -0.16     -0.03     0.16     1 
0130321525   40.76267    -73.82090    -0.04     -0.05     0.07     1 
0130321526   40.76229    -73.78430    -0.00     -0.03     0.03     1 
0130321527   40.76190    -73.74770    -0.02      0.02     0.03     1 
0130321528   40.76149    -73.71110     0.07      0.00     0.07     1 
0130321529   40.76108    -73.67450    -0.01      0.02     0.02     1 
0130321530   40.76065    -73.63790     0.06     -0.02     0.06     1 
0130321531   40.76021    -73.60130     0.04     -0.07     0.08     1 
0130321532   40.75976    -73.56470    -0.06     -0.04     0.07     1 
0130321533   40.75930    -73.52810    -0.04     -0.03     0.06     1 
0130321534   40.75883    -73.49151    -0.03     -0.07     0.07     1 
0130321535   40.75835    -73.45491     0.04     -0.04     0.06     1 
0130321536   40.75785    -73.41832    -0.12     -0.05     0.13     1 
0130321537   40.75734    -73.38173     0.09      0.00     0.09     1 
0130321538   40.75682    -73.34513     0.04     -0.02     0.04     1 
0130321539   40.75629    -73.30854    -0.03      0.03     0.05     1 
0130321540   40.75575    -73.27195     0.01      0.02     0.03     1 
0130321541   40.75520    -73.23536     0.08      0.02     0.08     1 
0130321542   40.75463    -73.19877     0.17      0.03     0.18     1 
0130321543   40.75406    -73.16219     0.04      0.02     0.04     1 
0130321544   40.75347    -73.12560     0.06     -0.03     0.07     1 
0130321545   40.75287    -73.08902     0.09     -0.02     0.09     1 
0130321546   40.75225    -73.05243     0.04     -0.06     0.07     1 
0130321547   40.75163    -73.01585    -0.08     -0.04     0.09     1 
0130321548   40.75100    -72.97927    -0.04     -0.05     0.06     1 
0130321549   40.75035    -72.94269    -0.03     -0.04     0.05     1 
0130321550   40.74969    -72.90611    -0.08      0.05     0.09     1 
0130321551   40.74902    -72.86953    -0.04      0.02     0.04     1 
0130321552   40.74834    -72.83295    -0.07     -0.02     0.07     1 
0130321553   40.74765    -72.79638     0.06     -0.14     0.15     1 
0130321587   40.74088    -74.29705     0.12     -0.03     0.13     1 
0130321588   40.74065    -74.26046     0.10      0.07     0.12     1 
0130321589   40.74041    -74.22386     0.09      0.03     0.09     1 
0130321590   40.74015    -74.18727    -0.00      0.04     0.04     1 
0130321591   40.73989    -74.15068    -0.12      0.10     0.15     1 
0130321592   40.73962    -74.11408    -0.07      0.06     0.09     1 
0130321593   40.73933    -74.07749    -0.06     -0.01     0.06     1 
0130321594   40.73903    -74.04090    -0.03      0.02     0.04     1 
0130321596   40.73840    -73.96771    -0.03     -0.07     0.07     1 
0130321597   40.73807    -73.93112    -0.04     -0.01     0.04     1 
0130321598   40.73772    -73.89453    -0.07     -0.05     0.08     1 
0130321599   40.73736    -73.85794    -0.00     -0.04     0.04     1 
0130321600   40.73700    -73.82135    -0.03     -0.02     0.04     1 
0130321601   40.73662    -73.78477    -0.07     -0.04     0.08     1 
0130321602   40.73623    -73.74818     0.06     -0.02     0.07     1 
0130321603   40.73582    -73.71159    -0.04     -0.02     0.04     1 
0130321604   40.73541    -73.67500    -0.01      0.01     0.01     1 
0130321605   40.73498    -73.63842     0.02     -0.03     0.04     1 
0130321606   40.73455    -73.60184    -0.10     -0.02     0.10     1 
0130321607   40.73410    -73.56525     0.08     -0.01     0.08     1 
0130321608   40.73364    -73.52867     0.02     -0.01     0.02     1 
0130321609   40.73316    -73.49209     0.05      0.02     0.05     1 
0130321610   40.73268    -73.45551     0.12     -0.02     0.12     1 
0130321611   40.73219    -73.41893    -0.07     -0.01     0.07     1 
0130321612   40.73168    -73.38235    -0.05     -0.01     0.05     1 
0130321613   40.73116    -73.34577     0.06     -0.01     0.06     1 
0130321614   40.73063    -73.30919     0.05     -0.06     0.08     1 
0130321615   40.73009    -73.27262    -0.05     -0.10     0.11     1 
0130321616   40.72953    -73.23604     0.00     -0.03     0.03     1 
0130321617   40.72897    -73.19947     0.06     -0.03     0.07     1 
0130321618   40.72839    -73.16289     0.02     -0.04     0.04     1 
0130321619   40.72781    -73.12632    -0.06      0.02     0.06     1 
0130321620   40.72721    -73.08975    -0.05     -0.03     0.06     1 
0130321625   40.72403    -72.90691     0.06     -0.06     0.09     1 
0130321661   40.71542    -74.33391     0.07      0.01     0.07     1 
0130321662   40.71520    -74.29732     0.01      0.11     0.11     1 
0130321663   40.71497    -74.26074     0.09      0.00     0.09     1 
0130321664   40.71473    -74.22416    -0.01      0.06     0.06     1 
0130321665   40.71448    -74.18758    -0.01      0.04     0.04     1 
0130321666   40.71422    -74.15100    -0.04      0.03     0.05     1 
0130321667   40.71394    -74.11442    -0.06      0.03     0.07     1 
0130321668   40.71366    -74.07784     0.03     -0.01     0.03     1 
0130321669   40.71336    -74.04126     0.03     -0.02     0.04     1 
0130321670   40.71305    -74.00469     0.16     -0.13     0.21     1 
0130321671   40.71273    -73.96811     0.00     -0.06     0.06     1 
0130321672   40.71240    -73.93153    -0.04     -0.01     0.05     1 
0130321673   40.71205    -73.89496    -0.06      0.02     0.07     1 
0130321674   40.71170    -73.85838    -0.03     -0.05     0.06     1 
0130321675   40.71133    -73.82181    -0.02      0.00     0.02     1 
0130321676   40.71095    -73.78523    -0.09     -0.01     0.09     1 
0130321677   40.71056    -73.74866    -0.01     -0.01     0.01     1 
0130321678   40.71016    -73.71209    -0.09     -0.00     0.09     1 
0130321679   40.70974    -73.67551     0.06     -0.05     0.08     1 
0130321680   40.70932    -73.63894    -0.08     -0.04     0.09     1 
0130321681   40.70888    -73.60237    -0.01     -0.01     0.01     1 
0130321682   40.70843    -73.56580     0.07     -0.07     0.10     1 
0130321683   40.70797    -73.52923     0.07     -0.02     0.07     1 
0130321684   40.70750    -73.49267     0.05      0.01     0.05     1 
0130321685   40.70702    -73.45610     0.07     -0.04     0.08     1 
0130321686   40.70652    -73.41953    -0.02      0.02     0.03     1 
0130321687   40.70601    -73.38297    -0.00     -0.02     0.02     1 
0130321688   40.70550    -73.34641    -0.01     -0.04     0.04     1 
0130321689   40.70497    -73.30984    -0.05     -0.06     0.08     1 
0130321690   40.70443    -73.27328     0.04     -0.03     0.05     1 
0130321691   40.70387    -73.23672    -0.18     -0.13     0.22     1 
0130321692   40.70331    -73.20016    -0.11      0.02     0.11     1 
0130321693   40.70273    -73.16360    -0.06     -0.09     0.11     1 
0130321698   40.69968    -72.98082     0.17      0.02     0.17     1 
0130321736   40.68975    -74.33416     0.16      0.10     0.19     1 
0130321737   40.68953    -74.29759     0.06      0.11     0.12     1 
0130321738   40.68930    -74.26103     0.16      0.05     0.17     1 
0130321739   40.68906    -74.22446     0.03      0.09     0.10     1 
0130321740   40.68881    -74.18789    -0.05      0.04     0.06     1 
0130321741   40.68855    -74.15133    -0.18      0.01     0.18     1 
0130321743   40.68799    -74.07820    -0.05      0.14     0.15     1 
0130321744   40.68769    -74.04163    -0.06      0.16     0.17     1 
0130321745   40.68738    -74.00507    -0.12      0.10     0.16     1 
0130321746   40.68706    -73.96850     0.00     -0.02     0.02     1 
0130321747   40.68673    -73.93194    -0.01     -0.01     0.01     1 
0130321748   40.68638    -73.89538     0.06     -0.00     0.06     1 
0130321749   40.68603    -73.85882    -0.06     -0.03     0.06     1 
0130321750   40.68566    -73.82226     0.01     -0.05     0.05     1 
0130321751   40.68528    -73.78570    -0.06     -0.05     0.08     1 
0130321752   40.68489    -73.74914    -0.02     -0.07     0.07     1 
0130321753   40.68449    -73.71258     0.00      0.05     0.05     1 
0130321754   40.68407    -73.67602     0.03     -0.02     0.04     1 
0130321755   40.68365    -73.63947    -0.13     -0.03     0.13     1 
0130321756   40.68321    -73.60291     0.08      0.00     0.08     1 
0130321757   40.68276    -73.56635     0.06     -0.01     0.06     1 
0130321758   40.68230    -73.52980     0.05     -0.03     0.06     1 
0130321759   40.68183    -73.49325     0.05     -0.01     0.05     1 
0130321760   40.68135    -73.45669     0.01     -0.07     0.07     1 
0130321761   40.68086    -73.42014     0.01     -0.03     0.03     1 
0130321762   40.68035    -73.38359     0.03     -0.02     0.04     1 
0130321763   40.67983    -73.34704    -0.10     -0.02     0.10     1 
0130321764   40.67930    -73.31049    -0.10     -0.01     0.10     1 
0130321765   40.67876    -73.27394    -0.09     -0.04     0.10     1 
0130321811   40.66407    -74.33442     0.17      0.08     0.19     1 
0130321812   40.66386    -74.29786     0.11      0.04     0.12     1 
0130321813   40.66363    -74.26131     0.05      0.01     0.05     1 
0130321814   40.66339    -74.22476    -0.01      0.01     0.02     1 
0130321815   40.66314    -74.18820    -0.04      0.01     0.04     1 
0130321816   40.66287    -74.15165     0.07      0.13     0.15     1 
0130321817   40.66260    -74.11510    -0.09      0.06     0.10     1 
0130321818   40.66231    -74.07855    -0.03     -0.01     0.03     1 
0130321820   40.66171    -74.00545    -0.08      0.06     0.10     1 
0130321821   40.66139    -73.96890     0.06      0.01     0.06     1 
0130321822   40.66105    -73.93235    -0.07     -0.02     0.07     1 
0130321823   40.66071    -73.89580    -0.04     -0.02     0.05     1 
0130321824   40.66036    -73.85926    -0.08     -0.01     0.08     1 
0130321825   40.65999    -73.82271    -0.09      0.02     0.09     1 
0130321826   40.65961    -73.78616    -0.11      0.02     0.11     1 
0130321827   40.65922    -73.74962    -0.10     -0.01     0.10     1 
0130321828   40.65882    -73.71307    -0.08      0.00     0.08     1 
0130321829   40.65841    -73.67653    -0.01     -0.05     0.05     1 
0130321830   40.65798    -73.63999    -0.02     -0.01     0.02     1 
0130321831   40.65754    -73.60344     0.05     -0.01     0.05     1 
0130321832   40.65710    -73.56690    -0.02     -0.00     0.02     1 
0130321833   40.65664    -73.53036    -0.00     -0.01     0.01     1 
0130321834   40.65617    -73.49382    -0.09     -0.02     0.09     1 
0130321835   40.65568    -73.45728    -0.09     -0.00     0.09     1 
0130321836   40.65519    -73.42075    -0.12     -0.02     0.12     1 
0130321837   40.65469    -73.38421    -0.09     -0.07     0.11     1 
0130321838   40.65417    -73.34767    -0.09     -0.03     0.09     1 
0130321839   40.65364    -73.31114    -0.10     -0.09     0.13     1 
0130321840   40.65310    -73.27460    -0.04      0.01     0.04     1 
0130321841   40.65255    -73.23807    -0.03     -0.04     0.05     1 
0130321842   40.65198    -73.20154    -0.11     -0.11     0.15     1 
0130321844   40.65082    -73.12848     0.15     -0.21     0.26     1 
0130321886   40.63840    -74.33467     0.23      0.05     0.23     1 
0130321887   40.63818    -74.29813     0.11      0.10     0.15     1 
0130321888   40.63795    -74.26159     0.07      0.09     0.11     1 
0130321889   40.63772    -74.22505    -0.07      0.06     0.09     1 
0130321890   40.63746    -74.18852    -0.07      0.06     0.09     1 
0130321891   40.63720    -74.15198    -0.02      0.04     0.05     1 
0130321892   40.63693    -74.11544     0.02      0.01     0.02     1 
0130321894   40.63634    -74.04237     0.04     -0.07     0.08     1 
0130321895   40.63604    -74.00583    -0.12     -0.00     0.12     1 
0130321896   40.63572    -73.96930    -0.03     -0.04     0.06     1 
0130321897   40.63538    -73.93276    -0.02     -0.01     0.02     1 
0130321898   40.63504    -73.89623    -0.04      0.03     0.05     1 
0130321899   40.63469    -73.85969    -0.06     -0.04     0.07     1 
0130321901   40.63394    -73.78663    -0.02     -0.07     0.07     1 
0130321902   40.63355    -73.75010    -0.10     -0.06     0.12     1 
0130321903   40.63315    -73.71357     0.01      0.01     0.01     1 
0130321904   40.63274    -73.67704    -0.04     -0.02     0.05     1 
0130321905   40.63231    -73.64051    -0.03      0.01     0.03     1 
0130321906   40.63188    -73.60398    -0.08     -0.01     0.08     1 
0130321907   40.63143    -73.56745    -0.08      0.06     0.10     1 
0130321908   40.63097    -73.53093    -0.10     -0.00     0.10     1 
0130321909   40.63050    -73.49440    -0.12     -0.02     0.12     1 
0130321910   40.63002    -73.45788     0.10      0.21     0.23     1 
0130321911   40.62953    -73.42135    -0.07     -0.00     0.07     1 
0130321912   40.62902    -73.38483     0.02      0.03     0.03     1 
0130321914   40.62797    -73.31179    -0.08      0.03     0.08     1 
0130321961   40.61273    -74.33493     0.21      0.02     0.21     1 
0130321962   40.61251    -74.29840     0.10      0.07     0.12     1 
0130321963   40.61228    -74.26188    -0.06      0.03     0.06     1 
0130321964   40.61204    -74.22535    -0.10      0.05     0.11     1 
0130321965   40.61179    -74.18883    -0.05     -0.03     0.05     1 
0130321966   40.61153    -74.15230     0.10      0.02     0.10     1 
0130321967   40.61126    -74.11578    -0.03      0.06     0.06     1 
0130321968   40.61097    -74.07926     0.01     -0.01     0.01     1 
0130321970   40.61037    -74.00621    -0.01     -0.01     0.01     1 
0130321971   40.61004    -73.96969    -0.02      0.02     0.03     1 
0130321972   40.60971    -73.93317    -0.01      0.06     0.06     1 
0130321973   40.60937    -73.89665    -0.21      0.02     0.21     1 
0130321975   40.60865    -73.82361    -0.10      0.03     0.10     1 
0130321976   40.60827    -73.78709    -0.17     -0.04     0.18     1 
0130321977   40.60788    -73.75058    -0.07     -0.00     0.07     1 
0130321978   40.60748    -73.71406    -0.04     -0.04     0.06     1 
0130321979   40.60707    -73.67754    -0.02      0.02     0.03     1 
0130321980   40.60665    -73.64103    -0.06      0.04     0.07     1 
0130321981   40.60621    -73.60451    -0.07      0.01     0.07     1 
0130321982   40.60576    -73.56800    -0.08      0.00     0.08     1 
0130321983   40.60531    -73.53149    -0.16      0.10     0.19     1 
0130321984   40.60484    -73.49498    -0.15      0.02     0.16     1 
0130322035   40.58726    -74.37169     0.22      0.13     0.25     1 
0130322036   40.58705    -74.33518     0.24      0.00     0.24     1 
0130322037   40.58684    -74.29867     0.13     -0.01     0.13     1 
0130322038   40.58661    -74.26216    -0.12     -0.02     0.12     1 
0130322039   40.58637    -74.22565    -0.08     -0.03     0.08     1 
0130322040   40.58612    -74.18914     0.01     -0.04     0.05     1 
0130322041   40.58586    -74.15263     0.11     -0.04     0.12     1 
0130322042   40.58558    -74.11612     0.15     -0.01     0.15     1 
0130322043   40.58530    -74.07961     0.03      0.05     0.06     1 
0130322044   40.58500    -74.04310    -0.13     -0.06     0.14     1 
0130322045   40.58469    -74.00659    -0.10     -0.07     0.12     1 
0130322046   40.58437    -73.97008     0.03     -0.04     0.05     1 
0130322047   40.58404    -73.93358    -0.12      0.06     0.13     1 
0130322048   40.58370    -73.89707     0.01     -0.03     0.03     1 
0130322050   40.58298    -73.82406     0.10      0.02     0.10     1 
0130322052   40.58221    -73.75105     0.08     -0.10     0.13     1 
0130322053   40.58181    -73.71455    -0.04      0.02     0.04     1 
0130322054   40.58140    -73.67805    -0.04     -0.02     0.04     1 
0130322055   40.58098    -73.64155     0.05      0.04     0.06     1 
0130322056   40.58054    -73.60505     0.16      0.09     0.19     1 
0130322057   40.58010    -73.56855     0.05     -0.08     0.10     1 
0130322110   40.56158    -74.37193     0.24     -0.01     0.24     1 
0130322111   40.56138    -74.33544     0.07     -0.10     0.12     1 
0130322112   40.56116    -74.29894     0.04     -0.02     0.04     1 
0130322113   40.56094    -74.26244    -0.01     -0.08     0.08     1 
0130322114   40.56070    -74.22594    -0.06     -0.03     0.07     1 
0130322115   40.56045    -74.18945     0.15     -0.07     0.16     1 
0130322116   40.56018    -74.15295     0.11     -0.06     0.13     1 
0130322117   40.55991    -74.11646     0.02     -0.07     0.07     1 
0130322119   40.55933    -74.04346    -0.07      0.02     0.08     1 
0130322123   40.55803    -73.89749     0.05      0.06     0.08     1 
0130322185   40.53591    -74.37217     0.04     -0.03     0.05     1 
0130322186   40.53571    -74.33569     0.02     -0.02     0.03     1 
0130322187   40.53549    -74.29921     0.02     -0.04     0.04     1 
0130322188   40.53526    -74.26272    -0.07      0.04     0.08     1 
0130322189   40.53502    -74.22624     0.11     -0.05     0.12     1 
0130322190   40.53477    -74.18976     0.16     -0.00     0.16     1 
0130322260   40.51024    -74.37241    -0.01     -0.01     0.01     1 
0130322261   40.51003    -74.33594    -0.04     -0.00     0.04     1 
0130322262   40.50982    -74.29947    -0.07     -0.05     0.08     1 
0130322263   40.50959    -74.26300    -0.00     -0.08     0.08     1 
0130322264   40.50935    -74.22653     0.16     -0.07     0.18     1 
0130322265   40.50910    -74.19007     0.06      0.03     0.07     1 
0130322335   40.48456    -74.37265    -0.09      0.02     0.09     1 
0130322336   40.48436    -74.33620    -0.08      0.07     0.11     1 
0130322337   40.48414    -74.29974     0.08     -0.01     0.08     1 
0130322338   40.48392    -74.26328    -0.20      0.15     0.25     1 
0130322345   40.48201    -74.00811    -0.16      0.04     0.16     1 
0130322409   40.45908    -74.40933    -0.06     -0.06     0.08     1 
0130322410   40.45889    -74.37289    -0.04     -0.04     0.06     1 
0130322411   40.45868    -74.33645     0.07     -0.06     0.09     1 
0130322412   40.45847    -74.30001     0.10     -0.07     0.12     1 
0130322413   40.45824    -74.26356    -0.09     -0.02     0.09     1 
0130322414   40.45800    -74.22712    -0.23     -0.12     0.26     1 
0130322415   40.45775    -74.19068    -0.09     -0.30     0.32     1 
0130322419   40.45664    -74.04492    -0.08     -0.09     0.12     1 
0130322420   40.45634    -74.00848    -0.03     -0.14     0.15     1 
0130322484   40.43340    -74.40956     0.14      0.00     0.14     1 
0130322485   40.43321    -74.37313     0.10     -0.01     0.10     1 
0130322486   40.43301    -74.33670    -0.03      0.00     0.03     1 
0130322487   40.43279    -74.30027     0.10     -0.04     0.11     1 
0130322488   40.43257    -74.26384     0.05     -0.00     0.05     1 
0130322489   40.43233    -74.22742     0.01      0.02     0.02     1 
0130322490   40.43208    -74.19099    -0.05     -0.03     0.06     1 
0130322491   40.43182    -74.15456     0.02     -0.03     0.03     1 
0130322492   40.43155    -74.11814     0.09     -0.07     0.11     1 
0130322493   40.43127    -74.08171    -0.18      0.00     0.18     1 
0130322496   40.43035    -73.97244     0.19      0.10     0.21     1 
0130322559   40.40773    -74.40978     0.17     -0.01     0.17     1 
0130322560   40.40754    -74.37337     0.04     -0.00     0.04     1 
0130322561   40.40734    -74.33695     0.09     -0.04     0.10     1 
0130322562   40.40712    -74.30054     0.17     -0.04     0.18     1 
0130322563   40.40689    -74.26412     0.21     -0.01     0.21     1 
0130322564   40.40666    -74.22771     0.11     -0.04     0.12     1 
0130322565   40.40641    -74.19130     0.07     -0.01     0.07     1 
0130322566   40.40615    -74.15488     0.16     -0.06     0.17     1 
0130322567   40.40588    -74.11847     0.12     -0.01     0.12     1 
0130322568   40.40559    -74.08206     0.18     -0.03     0.18     1 
0130322569   40.40530    -74.04565     0.17     -0.06     0.18     1 
0130322570   40.40499    -74.00924    -0.15      0.08     0.17     1 
0130322571   40.40467    -73.97283    -0.15     -0.00     0.15     1 
0130322634   40.38206    -74.41001     0.24      0.03     0.24     1 
0130322635   40.38186    -74.37360     0.05      0.04     0.07     1 
0130322636   40.38166    -74.33720     0.21      0.01     0.21     1 
0130322637   40.38145    -74.30080     0.11     -0.01     0.11     1 
0130322638   40.38122    -74.26440     0.15     -0.05     0.16     1 
0130322639   40.38098    -74.22800     0.30     -0.05     0.30     1 
0130322640   40.38073    -74.19160     0.25     -0.08     0.27     1 
0130322641   40.38047    -74.15521     0.16     -0.11     0.20     1 
0130322642   40.38020    -74.11881     0.19     -0.01     0.19     1 
0130322643   40.37992    -74.08241     0.15     -0.08     0.17     1 
0130322644   40.37962    -74.04601     0.16     -0.08     0.18     1 
0130322645   40.37932    -74.00961    -0.01     -0.09     0.09     1 
0130322646   40.37900    -73.97322    -0.11      0.13     0.17     1 
0130322709   40.35638    -74.41023     0.24      0.04     0.25     1 
0130322711   40.35599    -74.33746     0.30      0.07     0.30     1 
0130322712   40.35577    -74.30107     0.22     -0.02     0.22     1 
0130322713   40.35555    -74.26468     0.23     -0.02     0.23     1 
0130322714   40.35531    -74.22830     0.23     -0.12     0.26     1 
0130322715   40.35506    -74.19191     0.18     -0.05     0.19     1 
0130322716   40.35480    -74.15553     0.25     -0.04     0.25     1 
0130322717   40.35453    -74.11914     0.22     -0.06     0.23     1 
0130322718   40.35425    -74.08276    -0.08     -0.07     0.11     1 
0130322719   40.35395    -74.04637     0.08     -0.10     0.12     1 
0130322720   40.35365    -74.00999     0.08     -0.05     0.10     1 
0130322721   40.35333    -73.97361    -0.15      0.05     0.16     1 
0130322783   40.33088    -74.44683     0.11     -0.00     0.11     1 
0130322784   40.33071    -74.41045     0.23     -0.02     0.23     1 
0130322785   40.33051    -74.37408     0.24     -0.03     0.25     1 
0130322786   40.33031    -74.33771     0.15     -0.13     0.20     1 
0130322787   40.33010    -74.30133     0.16     -0.10     0.18     1 
0130322788   40.32987    -74.26496     0.19     -0.13     0.23     1 
0130322789   40.32964    -74.22859     0.22     -0.10     0.24     1 
0130322790   40.32939    -74.19222     0.16     -0.01     0.16     1 
0130322791   40.32913    -74.15585    -0.01     -0.03     0.03     1 
0130322792   40.32886    -74.11947     0.19     -0.03     0.19     1 
0130322793   40.32857    -74.08311    -0.01     -0.06     0.06     1 
0130322794   40.32828    -74.04673     0.06     -0.04     0.07     1 
0130322795   40.32797    -74.01037    -0.06     -0.13     0.14     1 
0130322796   40.32766    -73.97400    -0.02     -0.02     0.02     1 
0130322858   40.30521    -74.44704     0.08      0.02     0.08     1 
0130322859   40.30503    -74.41068     0.21      0.03     0.21     1 
0130322860   40.30484    -74.37432     0.18      0.00     0.18     1 
0130322861   40.30464    -74.33796     0.18     -0.00     0.18     1 
0130322862   40.30442    -74.30160     0.23     -0.03     0.23     1 
0130322863   40.30420    -74.26524     0.18     -0.04     0.18     1 
0130322864   40.30396    -74.22888     0.10     -0.04     0.11     1 
0130322865   40.30371    -74.19252     0.13     -0.09     0.16     1 
0130322866   40.30345    -74.15617     0.16     -0.12     0.20     1 
0130322867   40.30318    -74.11981    -0.01     -0.12     0.12     1 
0130322868   40.30290    -74.08345     0.12     -0.13     0.18     1 
0130322869   40.30261    -74.04710     0.09     -0.11     0.15     1 
0130322870   40.30230    -74.01074    -0.06     -0.05     0.08     1 
0130322871   40.30198    -73.97439    -0.05      0.05     0.07     1 
0130322933   40.27953    -74.44725     0.32     -0.09     0.33     1 
0130322934   40.27935    -74.41090     0.28     -0.03     0.28     1 
0130322935   40.27916    -74.37455     0.26     -0.09     0.27     1 
0130322936   40.27896    -74.33821     0.21     -0.01     0.21     1 
0130322937   40.27875    -74.30186     0.24     -0.05     0.25     1 
0130322938   40.27852    -74.26552     0.15      0.02     0.15     1 
0130322939   40.27829    -74.22917     0.11     -0.05     0.12     1 
0130322940   40.27804    -74.19283     0.10     -0.00     0.10     1 
0130322941   40.27778    -74.15649     0.14     -0.02     0.14     1 
0130322942   40.27751    -74.12014     0.17     -0.15     0.23     1 
0130322943   40.27723    -74.08380     0.15     -0.08     0.17     1 
0130322944   40.27693    -74.04746     0.05     -0.07     0.09     1 
0130322945   40.27663    -74.01112     0.14     -0.08     0.16     1 
0130323008   40.25386    -74.44746     0.23      0.05     0.24     1 
0130323009   40.25368    -74.41112     0.16     -0.06     0.17     1 
0130323010   40.25349    -74.37479     0.05     -0.07     0.09     1 
0130323011   40.25329    -74.33846     0.10     -0.06     0.12     1 
0130323012   40.25307    -74.30213     0.04     -0.07     0.08     1 
0130323013   40.25285    -74.26579    -0.04     -0.04     0.05     1 
0130323014   40.25261    -74.22947     0.18     -0.07     0.19     1 
0130323015   40.25236    -74.19313     0.18     -0.04     0.18     1 
0130323016   40.25211    -74.15680     0.05     -0.05     0.07     1 
0130323017   40.25183    -74.12047     0.01     -0.07     0.07     1 
0130323018   40.25155    -74.08415     0.10     -0.05     0.11     1 
0130323019   40.25126    -74.04782     0.05     -0.05     0.07     1 
0130323020   40.25095    -74.01149     0.16     -0.05     0.16     1 
0130323083   40.22818    -74.44767     0.21     -0.05     0.21     1 
0130323084   40.22800    -74.41134     0.23      0.00     0.23     1 
0130323085   40.22781    -74.37503     0.09     -0.06     0.11     1 
0130323086   40.22761    -74.33871     0.18     -0.00     0.18     1 
0130323087   40.22740    -74.30239     0.18     -0.12     0.22     1 
0130323088   40.22717    -74.26607     0.08     -0.07     0.11     1 
0130323089   40.22694    -74.22975     0.12     -0.09     0.15     1 
0130323090   40.22669    -74.19344     0.15     -0.08     0.17     1 
0130323091   40.22643    -74.15712     0.14     -0.04     0.15     1 
0130323092   40.22616    -74.12081     0.07     -0.07     0.10     1 
0130323093   40.22588    -74.08449     0.06     -0.08     0.10     1 
0130323094   40.22559    -74.04818     0.04     -0.06     0.07     1 
0130323095   40.22528    -74.01186    -0.04     -0.11     0.12     1 
0130323157   40.20267    -74.48418     0.06     -0.05     0.08     1 
0130323158   40.20251    -74.44787     0.13      0.02     0.13     1 
0130323159   40.20233    -74.41157     0.18      0.01     0.18     1 
0130323160   40.20214    -74.37526     0.22     -0.11     0.25     1 
0130323161   40.20194    -74.33896     0.19     -0.13     0.24     1 
0130323162   40.20172    -74.30265     0.14     -0.09     0.17     1 
0130323163   40.20150    -74.26635     0.18     -0.04     0.19     1 
0130323164   40.20126    -74.23005     0.29     -0.08     0.30     1 
0130323165   40.20101    -74.19374     0.12     -0.05     0.13     1 
0130323166   40.20076    -74.15744     0.18     -0.02     0.19     1 
0130323167   40.20049    -74.12114     0.10     -0.04     0.11     1 
0130323168   40.20021    -74.08484     0.06     -0.06     0.09     1 
0130323169   40.19991    -74.04854     0.01     -0.06     0.06     1 
0130323170   40.19961    -74.01224    -0.05      0.03     0.06     1 
0130323232   40.17700    -74.48437     0.18      0.02     0.18     1 
0130323233   40.17683    -74.44808     0.16     -0.01     0.16     1 
0130323234   40.17665    -74.41179     0.21     -0.06     0.22     1 
0130323235   40.17646    -74.37550     0.08     -0.02     0.09     1 
0130323236   40.17626    -74.33921     0.12     -0.05     0.13     1 
0130323237   40.17605    -74.30292     0.24     -0.06     0.24     1 
0130323238   40.17582    -74.26663     0.19     -0.03     0.19     1 
0130323239   40.17559    -74.23034     0.07     -0.01     0.07     1 
0130323240   40.17534    -74.19405     0.08     -0.09     0.12     1 
0130323241   40.17508    -74.15776     0.18     -0.11     0.21     1 
0130323242   40.17481    -74.12147     0.03     -0.09     0.10     1 
0130323243   40.17453    -74.08518     0.10     -0.11     0.15     1 
0130323244   40.17424    -74.04889    -0.03     -0.01     0.04     1 
0130323245   40.17394    -74.01261    -0.06     -0.01     0.06     1 
0130323307   40.15132    -74.48457     0.12     -0.04     0.12     1 
0130323308   40.15116    -74.44829     0.27     -0.07     0.27     1 
0130323309   40.15098    -74.41201     0.14      0.03     0.14     1 
0130323310   40.15079    -74.37573     0.16     -0.03     0.16     1 
0130323311   40.15058    -74.33946     0.16     -0.00     0.16     1 
0130323312   40.15037    -74.30318     0.07      0.00     0.07     1 
0130323313   40.15015    -74.26690     0.13     -0.04     0.14     1 
0130323314   40.14991    -74.23063     0.08     -0.06     0.10     1 
0130323315   40.14967    -74.19435     0.18     -0.08     0.19     1 
0130323316   40.14941    -74.15807     0.14     -0.12     0.18     1 
0130323317   40.14914    -74.12180     0.12     -0.11     0.17     1 
0130323318   40.14886    -74.08553     0.12     -0.08     0.15     1 
0130323319   40.14857    -74.04925     0.04     -0.07     0.08     1 
0130323382   40.12564    -74.48476     0.26     -0.00     0.26     1 
0130323383   40.12548    -74.44850    -0.01     -0.00     0.01     1 
0130323384   40.12530    -74.41223     0.14     -0.03     0.14     1 
0130323385   40.12511    -74.37597     0.25     -0.01     0.25     1 
0130323386   40.12491    -74.33970     0.14     -0.01     0.14     1 
0130323387   40.12470    -74.30344     0.22     -0.10     0.24     1 
0130323388   40.12447    -74.26718     0.15     -0.04     0.16     1 
0130323389   40.12424    -74.23092     0.18     -0.08     0.20     1 
0130323390   40.12399    -74.19465     0.15     -0.01     0.15     1 
0130323391   40.12373    -74.15839     0.13     -0.12     0.17     1 
0130323392   40.12346    -74.12213     0.14     -0.09     0.17     1 
0130323393   40.12318    -74.08587     0.10     -0.04     0.11     1 
0130323394   40.12289    -74.04961     0.08     -0.05     0.10     1 
0130323457   40.09997    -74.48495     0.29      0.03     0.29     1 
0130323458   40.09980    -74.44870     0.18      0.00     0.18     1 
0130323459   40.09962    -74.41245     0.13      0.06     0.15     1 
0130323460   40.09943    -74.37620     0.24      0.05     0.25     1 
0130323461   40.09923    -74.33995     0.25     -0.03     0.25     1 
0130323462   40.09902    -74.30370     0.12     -0.03     0.12     1 
0130323463   40.09880    -74.26745     0.27     -0.03     0.27     1 
0130323464   40.09856    -74.23121     0.02      0.05     0.05     1 
0130323465   40.09832    -74.19496     0.15     -0.04     0.15     1 
0130323466   40.09806    -74.15871     0.14     -0.05     0.14     1 
0130323467   40.09779    -74.12246     0.19     -0.06     0.20     1 
0130323468   40.09751    -74.08621    -0.05     -0.02     0.05     1 
0130323469   40.09722    -74.04997    -0.09     -0.09     0.13     1 
0130323531   40.07445    -74.52139     0.20      0.02     0.20     1 
0130323532   40.07429    -74.48515     0.17      0.09     0.19     1 
0130323533   40.07413    -74.44891     0.12     -0.01     0.12     1 
0130323534   40.07395    -74.41267     0.08      0.04     0.09     1 
0130323535   40.07376    -74.37644     0.23     -0.01     0.23     1 
0130323536   40.07356    -74.34020     0.01     -0.02     0.02     1 
0130323537   40.07335    -74.30397     0.07      0.04     0.08     1 
0130323538   40.07312    -74.26773     0.19      0.01     0.19     1 
0130323539   40.07289    -74.23149     0.06      0.00     0.06     1 
0130323540   40.07264    -74.19526     0.06     -0.07     0.09     1 
0130323541   40.07238    -74.15902    -0.05     -0.03     0.05     1 
0130323542   40.07211    -74.12279     0.09     -0.05     0.10     1 
0130323543   40.07184    -74.08656    -0.02     -0.09     0.09     1 
0130323544   40.07154    -74.05032    -0.05     -0.01     0.05     1 
0130323606   40.04877    -74.52157     0.25      0.04     0.25     1 
0130323607   40.04862    -74.48534     0.12     -0.06     0.14     1 
0130323608   40.04845    -74.44912     0.03      0.05     0.06     1 
0130323609   40.04827    -74.41289     0.09      0.01     0.09     1 
0130323610   40.04808    -74.37667     0.05     -0.04     0.07     1 
0130323611   40.04788    -74.34045     0.02     -0.03     0.03     1 
0130323612   40.04767    -74.30423     0.19     -0.01     0.19     1 
0130323613   40.04745    -74.26800     0.04     -0.08     0.09     1 
0130323614   40.04721    -74.23178     0.14     -0.05     0.15     1 
0130323615   40.04697    -74.19556    -0.01     -0.01     0.02     1 
0130323616   40.04671    -74.15934     0.04     -0.07     0.08     1 
0130323617   40.04644    -74.12312     0.01     -0.00     0.01     1 
0130323618   40.04616    -74.08690    -0.05     -0.07     0.08     1 
0130323619   40.04587    -74.05068    -0.05      0.03     0.05     1 
0130323681   40.02309    -74.52174     0.06     -0.02     0.06     1 
0130323682   40.02294    -74.48553     0.06      0.02     0.06     1 
0130323683   40.02277    -74.44933     0.09     -0.03     0.10     1 
0130323684   40.02260    -74.41312     0.05     -0.04     0.07     1 
0130323685   40.02241    -74.37690     0.07      0.01     0.07     1 
0130323686   40.02221    -74.34070    -0.01     -0.02     0.02     1 
0130323687   40.02199    -74.30449     0.05     -0.02     0.05     1 
0130323688   40.02177    -74.26828     0.06     -0.02     0.07     1 
0130323689   40.02154    -74.23207     0.07     -0.19     0.21     1 
0130323690   40.02129    -74.19586     0.15     -0.07     0.16     1 
0130323691   40.02103    -74.15966     0.02     -0.08     0.08     1 
0130323692   40.02077    -74.12345    -0.06     -0.08     0.10     1 
0130323693   40.02049    -74.08724    -0.09     -0.07     0.12     1 
0130323756   39.99742    -74.52192     0.04      0.01     0.05     1 
0130323757   39.99726    -74.48573     0.02     -0.03     0.03     1 
0130323758   39.99710    -74.44953     0.02     -0.02     0.03     1 
0130323759   39.99692    -74.41334     0.15      0.02     0.15     1 
0130323760   39.99673    -74.37714     0.10     -0.05     0.11     1 
0130323761   39.99653    -74.34094    -0.06     -0.06     0.08     1 
0130323762   39.99632    -74.30475    -0.06     -0.07     0.09     1 
0130323763   39.99609    -74.26855     0.10      0.00     0.10     1 
0130323764   39.99586    -74.23236     0.11      0.01     0.11     1 
0130323765   39.99562    -74.19616     0.07     -0.06     0.09     1 
0130323766   39.99536    -74.15997     0.09     -0.04     0.09     1 
0130323767   39.99509    -74.12378    -0.01     -0.05     0.05     1 
0130323768   39.99481    -74.08758    -0.07     -0.03     0.08     1 
0130323830   39.97188    -74.55829     0.07      0.06     0.09     1 
0130323831   39.97174    -74.52210     0.07      0.02     0.07     1 
0130323832   39.97158    -74.48592     0.01     -0.03     0.03     1 
0130323833   39.97142    -74.44974     0.14     -0.01     0.14     1 
0130323834   39.97124    -74.41355     0.03     -0.02     0.04     1 
0130323835   39.97105    -74.37737     0.10     -0.04     0.11     1 
0130323836   39.97085    -74.34119     0.07     -0.01     0.07     1 
0130323837   39.97064    -74.30501    -0.01     -0.02     0.02     1 
0130323838   39.97042    -74.26883     0.00     -0.07     0.07     1 
0130323839   39.97019    -74.23265     0.04     -0.05     0.06     1 
0130323840   39.96994    -74.19647     0.01     -0.05     0.05     1 
0130323841   39.96968    -74.16029     0.15     -0.04     0.15     1 
0130323842   39.96942    -74.12411    -0.05     -0.06     0.07     1 
0130323843   39.96914    -74.08793    -0.07     -0.04     0.08     1 
0130323905   39.94621    -74.55845     0.04     -0.04     0.06     1 
0130323906   39.94606    -74.52228     0.06     -0.05     0.08     1 
0130323907   39.94591    -74.48611    -0.00     -0.00     0.00     1 
0130323908   39.94574    -74.44994     0.15     -0.04     0.16     1 
0130323909   39.94557    -74.41377     0.08     -0.03     0.08     1 
0130323910   39.94538    -74.37760     0.10     -0.01     0.10     1 
0130323911   39.94518    -74.34144     0.07      0.01     0.07     1 
0130323912   39.94497    -74.30527     0.11     -0.01     0.11     1 
0130323913   39.94474    -74.26910     0.10     -0.06     0.12     1 
0130323914   39.94451    -74.23293     0.06     -0.07     0.09     1 
0130323915   39.94427    -74.19676    -0.00     -0.05     0.05     1 
0130323916   39.94401    -74.16060    -0.03     -0.04     0.05     1 
0130323917   39.94374    -74.12443    -0.05     -0.09     0.10     1 
0130323918   39.94346    -74.08827    -0.07     -0.08     0.11     1 
0130323980   39.92053    -74.55862     0.14      0.05     0.14     1 
0130323981   39.92039    -74.52246     0.16      0.03     0.16     1 
0130323982   39.92023    -74.48630     0.18      0.02     0.19     1 
0130323983   39.92007    -74.45015    -0.07      0.01     0.07     1 
0130323984   39.91989    -74.41399     0.11     -0.01     0.11     1 
0130323985   39.91970    -74.37784     0.07     -0.01     0.07     1 
0130323986   39.91950    -74.34168     0.02     -0.02     0.02     1 
0130323987   39.91929    -74.30553     0.03     -0.07     0.08     1 
0130323989   39.91883    -74.23322     0.03     -0.06     0.07     1 
0130323990   39.91859    -74.19706    -0.01     -0.12     0.12     1 
0130323991   39.91833    -74.16091     0.12     -0.05     0.13     1 
0130323992   39.91807    -74.12476    -0.02     -0.10     0.10     1 
0130324055   39.89485    -74.55878    -0.23     -0.14     0.27     1 
0130324056   39.89471    -74.52264     0.11     -0.03     0.11     1 
0130324057   39.89455    -74.48650     0.04      0.00     0.04     1 
0130324058   39.89439    -74.45035     0.06     -0.01     0.06     1 
0130324059   39.89421    -74.41421     0.13     -0.02     0.13     1 
0130324060   39.89402    -74.37807    -0.06     -0.01     0.06     1 
0130324062   39.89361    -74.30579     0.09     -0.09     0.12     1 
0130324063   39.89339    -74.26964     0.12     -0.15     0.19     1 
0130324064   39.89316    -74.23350     0.04     -0.11     0.11     1 
0130324065   39.89291    -74.19737     0.12     -0.08     0.15     1 
0130324066   39.89266    -74.16123     0.19     -0.09     0.21     1 
0130324067   39.89239    -74.12509    -0.05     -0.11     0.12     1 
0130324068   39.89211    -74.08895    -0.09      0.07     0.12     1 
0130324131   39.86903    -74.52282     0.07     -0.01     0.07     1 
0130324132   39.86888    -74.48669     0.15     -0.00     0.15     1 
0130324133   39.86871    -74.45056    -0.10     -0.10     0.14     1 
0130324134   39.86853    -74.41443     0.13     -0.11     0.17     1 
0130324136   39.86815    -74.34217     0.15     -0.06     0.16     1 
0130324137   39.86794    -74.30604    -0.11     -0.10     0.15     1 
0130324139   39.86748    -74.23379    -0.00     -0.06     0.06     1 
0130324140   39.86724    -74.19766     0.12     -0.08     0.14     1 
0130324141   39.86698    -74.16154    -0.00     -0.05     0.05     1 
0130324142   39.86671    -74.12541    -0.03     -0.14     0.14     1 
0130324143   39.86644    -74.08929    -0.10      0.07     0.12     1 
0130324204   39.84363    -74.59523     0.04     -0.07     0.08     1 
0130324205   39.84350    -74.55911     0.15      0.05     0.16     1 
0130324206   39.84335    -74.52299     0.12      0.04     0.13     1 
0130324207   39.84320    -74.48688     0.04     -0.02     0.05     1 
0130324208   39.84303    -74.45076     0.15      0.09     0.17     1 
0130324209   39.84286    -74.41465     0.11     -0.04     0.12     1 
0130324210   39.84267    -74.37853     0.08     -0.04     0.09     1 
0130324211   39.84247    -74.34242     0.05     -0.00     0.05     1 
0130324213   39.84204    -74.27019     0.02     -0.08     0.08     1 
0130324214   39.84181    -74.23408    -0.02     -0.06     0.07     1 
0130324215   39.84156    -74.19796     0.05     -0.05     0.07     1 
0130324216   39.84131    -74.16185    -0.05     -0.08     0.09     1 
0130324218   39.84076    -74.08963    -0.09      0.05     0.11     1 
0130324280   39.81782    -74.55927     0.12      0.00     0.12     1 
0130324281   39.81768    -74.52317     0.12     -0.01     0.12     1 
0130324282   39.81752    -74.48707     0.14      0.00     0.14     1 
0130324283   39.81736    -74.45097    -0.06      0.07     0.09     1 
0130324285   39.81699    -74.37876     0.02     -0.02     0.03     1 
0130324286   39.81679    -74.34266     0.08     -0.00     0.08     1 
0130324287   39.81658    -74.30656     0.18     -0.04     0.19     1 
0130324288   39.81636    -74.27046     0.01      0.01     0.01     1 
0130324289   39.81613    -74.23436    -0.05     -0.05     0.07     1 
0130324290   39.81589    -74.19826    -0.00     -0.07     0.07     1 
0130324291   39.81563    -74.16216    -0.08     -0.11     0.13     1 
0130324293   39.81509    -74.08997    -0.14      0.03     0.14     1 
0130324354   39.79227    -74.59553     0.18      0.09     0.20     1 
0130324355   39.79214    -74.55944     0.04      0.04     0.06     1 
0130324356   39.79200    -74.52335     0.07     -0.05     0.08     1 
0130324357   39.79184    -74.48726     0.03      0.00     0.03     1 
0130324359   39.79150    -74.41508     0.01      0.04     0.04     1 
0130324360   39.79131    -74.37900     0.02      0.02     0.03     1 
0130324362   39.79091    -74.30682     0.13     -0.03     0.13     1 
0130324363   39.79069    -74.27073     0.06     -0.09     0.10     1 
0130324364   39.79045    -74.23465     0.08     -0.05     0.10     1 
0130324365   39.79021    -74.19856     0.09     -0.04     0.10     1 
0130324367   39.78969    -74.12639    -0.05     -0.10     0.11     1 
0130324368   39.78941    -74.09030    -0.04      0.07     0.08     1 
0130324429   39.76659    -74.59568     0.15      0.13     0.20     1 
0130324430   39.76646    -74.55960     0.16      0.06     0.17     1 
0130324431   39.76632    -74.52353    -0.01      0.05     0.05     1 
0130324432   39.76617    -74.48745     0.06     -0.05     0.07     1 
0130324434   39.76582    -74.41530    -0.04      0.11     0.12     1 
0130324436   39.76544    -74.34315    -0.04      0.18     0.19     1 
0130324437   39.76523    -74.30708     0.16      0.05     0.17     1 
0130324438   39.76501    -74.27100     0.06     -0.02     0.06     1 
0130324439   39.76478    -74.23493     0.16     -0.03     0.17     1 
0130324440   39.76453    -74.19886    -0.03     -0.02     0.03     1 
0130324442   39.76401    -74.12671    -0.04      0.04     0.05     1 
0130324443   39.76373    -74.09064     0.22      0.23     0.31     1 
0130324504   39.74092    -74.59583     0.04      0.11     0.12     1 
0130324505   39.74078    -74.55977     0.09      0.13     0.16     1 
0130324506   39.74064    -74.52370     0.03      0.08     0.09     1 
0130324507   39.74049    -74.48764     0.07     -0.07     0.10     1 
0130324508   39.74032    -74.45158     0.04     -0.03     0.05     1 
0130324509   39.74015    -74.41552    -0.15     -0.08     0.17     1 
0130324510   39.73996    -74.37946     0.04      0.05     0.06     1 
0130324511   39.73976    -74.34340     0.13      0.02     0.13     1 
0130324512   39.73955    -74.30733     0.13      0.02     0.13     1 
0130324513   39.73933    -74.27127     0.08      0.03     0.09     1 
0130324514   39.73910    -74.23521     0.16     -0.01     0.16     1 
0130324515   39.73886    -74.19916    -0.05      0.02     0.05     1 
0130324516   39.73860    -74.16310    -0.03      0.03     0.04     1 
0130324517   39.73834    -74.12704    -0.02      0.03     0.04     1 
0130324579   39.71524    -74.59598     0.11      0.10     0.15     1 
0130324580   39.71511    -74.55993     0.07      0.03     0.08     1 
0130324581   39.71496    -74.52388     0.06      0.03     0.06     1 
0130324586   39.71408    -74.34364     0.14      0.09     0.16     1 
0130324587   39.71387    -74.30759     0.11     -0.04     0.11     1 
0130324588   39.71365    -74.27155     0.16      0.02     0.16     1 
0130324589   39.71342    -74.23550     0.20      0.07     0.22     1 
0130324590   39.71318    -74.19945     0.01     -0.00     0.01     1 
0130324591   39.71292    -74.16341    -0.02      0.03     0.04     1 
0130324592   39.71266    -74.12736    -0.06      0.11     0.13     1 
0130324653   39.68968    -74.63217     0.05      0.06     0.08     1 
0130324654   39.68956    -74.59613     0.03      0.08     0.08     1 
0130324655   39.68943    -74.56009     0.05      0.02     0.06     1 
0130324656   39.68928    -74.52406     0.11     -0.04     0.12     1 
0130324657   39.68913    -74.48802    -0.06      0.14     0.15     1 
0130324660   39.68860    -74.37992     0.10      0.13     0.17     1 
0130324661   39.68841    -74.34388     0.01     -0.01     0.02     1 
0130324662   39.68820    -74.30785    -0.05     -0.02     0.06     1 
0130324663   39.68798    -74.27182     0.08     -0.07     0.11     1 
0130324664   39.68774    -74.23578     0.11     -0.04     0.12     1 
0130324665   39.68750    -74.19975    -0.03      0.02     0.04     1 
0130324666   39.68725    -74.16372    -0.04      0.10     0.11     1 
0130324737   39.66252    -74.30810     0.09     -0.04     0.10     1 
0130324738   39.66230    -74.27208     0.10      0.00     0.10     1 
0130324739   39.66207    -74.23606    -0.03     -0.01     0.03     1 
0130324740   39.66183    -74.20005    -0.04     -0.03     0.05     1 
0130324741   39.66157    -74.16403    -0.10      0.14     0.17     1 
0130324813   39.63662    -74.27235     0.03      0.01     0.03     1 
0130324814   39.63639    -74.23635    -0.08     -0.12     0.14     1 
0130324815   39.63615    -74.20034    -0.14     -0.08     0.16     1 
----------------------------------------------------------------------
---------------------------------------------------
Total correlated GCPs in Upper Left Quadrant: 642

GCP statistics this quadrant only (in Pixels)
Line residual statistics:
  Mean: 0.054
  Median: 0.054
  Standard Deviation: 0.116

Sample residual statistics:
  Mean: 0.015
  Median: 0.014
  Standard Deviation: 0.058

Quadrant RMSE: 0.141

---------------------------------------------------
Total correlated GCPs in Upper Right Quadrant: 213

GCP statistics this quadrant only (in Pixels)
Line residual statistics:
  Mean: 0.038
  Median: 0.054
  Standard Deviation: 0.099

Sample residual statistics:
  Mean: -0.022
  Median: -0.019
  Standard Deviation: 0.052

Quadrant RMSE: 0.120

---------------------------------------------------
Total correlated GCPs in Lower Left Quadrant: 398

GCP statistics this quadrant only (in Pixels)
Line residual statistics:
  Mean: 0.080
  Median: 0.084
  Standard Deviation: 0.098

Sample residual statistics:
  Mean: -0.026
  Median: -0.032
  Standard Deviation: 0.057

Quadrant RMSE: 0.141

---------------------------------------------------
Total correlated GCPs in Lower Right Quadrant: 0

GCP statistics this quadrant only (in Pixels)
Line residual statistics:
  Mean: 0.000
  Median: 0.000
  Standard Deviation: 0.000

Sample residual statistics:
  Mean: 0.000
  Median: 0.000
  Standard Deviation: 0.000

Quadrant RMSE: 0.000

---------------------------------------------------
---------------------------------------------------
Total correlated GCPs in scene: 1253

GCP statistics entire scene (in Pixels)
Line residual statistics:
  Mean: 0.060
  Median: 0.064
  Standard Deviation: 0.109

Sample residual statistics:
  Mean: -0.005
  Median: -0.006
  Standard Deviation: 0.060

Scene RMSE: 0.138

