==============================================================================
==============================================================================
Thu. Sep. 29 2016                  LANDSAT 5                       Time: 12:26
                            Image Assessment System
                            GEOMETRIC VERIFY Report
==============================================================================
Order ID: 0501609283288_05326                          Path / Row - 13 / 32
Reference Image: L51XXX1092264140100_HDF.L1G

Color mapping per rank
----------------------
Rank  1 is Green: total residual <= 0.5
Rank  2 is Cyan: 0.5 < total residual <=  1
Rank  3 is Blue:  1 < total residual <=  2
Rank  4 is Yellow:  2 < total residual <=  3
Rank  5 is Red:  3 < total residual

Percentage of residuals by rank
-------------------------------
Rank   1 -- 100.0%
Rank   2 --  0.0%
Rank   3 --  0.0%
Rank   4 --  0.0%
Rank   5 --  0.0%

       GCP    Latitude    Longitude  Sample   Line     Total    Rank
        ID                           Residual Residual Residual
              (Degree)    (Degree)   (Pixel)  (Pixel)  (Pixel)
----------------------------------------------------------------------
0130320092   41.25129    -74.16450     0.12     -0.05     0.13     1 
0130320093   41.25102    -74.12762    -0.10      0.05     0.11     1 
0130320094   41.25073    -74.09074    -0.05      0.10     0.11     1 
0130320095   41.25044    -74.05386     0.22     -0.02     0.22     1 
0130320096   41.25013    -74.01699     0.11      0.07     0.13     1 
0130320167   41.22589    -74.16482     0.05      0.04     0.06     1 
0130320168   41.22562    -74.12796     0.02     -0.00     0.02     1 
0130320169   41.22533    -74.09109    -0.02      0.10     0.10     1 
0130320170   41.22504    -74.05423     0.02     -0.04     0.04     1 
0130320171   41.22473    -74.01737     0.15     -0.09     0.17     1 
0130320172   41.22441    -73.98051    -0.04     -0.00     0.04     1 
0130320174   41.22373    -73.90679     0.07      0.05     0.09     1 
0130320175   41.22338    -73.86993     0.12     -0.07     0.14     1 
0130320176   41.22301    -73.83307     0.05     -0.05     0.07     1 
0130320242   41.20049    -74.16514    -0.01      0.01     0.02     1 
0130320243   41.20022    -74.12829    -0.07      0.06     0.10     1 
0130320244   41.19994    -74.09144    -0.10      0.09     0.13     1 
0130320245   41.19964    -74.05460     0.07      0.07     0.10     1 
0130320246   41.19933    -74.01775     0.19      0.08     0.21     1 
0130320247   41.19901    -73.98090     0.14      0.10     0.17     1 
0130320249   41.19833    -73.90721    -0.00     -0.00     0.00     1 
0130320250   41.19798    -73.87037     0.00     -0.05     0.05     1 
0130320251   41.19761    -73.83352     0.02     -0.09     0.09     1 
0130320252   41.19723    -73.79668     0.06      0.04     0.07     1 
0130320253   41.19684    -73.75983     0.05     -0.10     0.11     1 
0130320254   41.19644    -73.72299     0.07      0.06     0.09     1 
0130320255   41.19602    -73.68615     0.14      0.03     0.15     1 
0130320256   41.19560    -73.64931     0.04      0.05     0.07     1 
0130320257   41.19516    -73.61247     0.09     -0.01     0.09     1 
0130320317   41.17509    -74.16546     0.19      0.02     0.19     1 
0130320318   41.17482    -74.12863    -0.13      0.05     0.14     1 
0130320319   41.17454    -74.09180     0.17     -0.01     0.17     1 
0130320320   41.17424    -74.05496     0.10     -0.03     0.11     1 
0130320321   41.17393    -74.01813     0.13     -0.01     0.13     1 
0130320322   41.17361    -73.98130     0.15     -0.00     0.15     1 
0130320323   41.17328    -73.94446     0.03      0.10     0.10     1 
0130320324   41.17294    -73.90763    -0.01      0.03     0.03     1 
0130320325   41.17258    -73.87080     0.14      0.02     0.14     1 
0130320326   41.17221    -73.83397     0.15      0.05     0.16     1 
0130320327   41.17184    -73.79714     0.08      0.02     0.08     1 
0130320328   41.17144    -73.76031     0.07      0.04     0.09     1 
0130320329   41.17104    -73.72349     0.13     -0.06     0.14     1 
0130320330   41.17063    -73.68666    -0.02      0.15     0.15     1 
0130320331   41.17020    -73.64983    -0.05      0.04     0.06     1 
0130320332   41.16976    -73.61301    -0.02      0.04     0.05     1 
0130320333   41.16931    -73.57618    -0.04     -0.03     0.05     1 
0130320334   41.16885    -73.53936    -0.14      0.09     0.16     1 
0130320335   41.16838    -73.50253     0.09      0.00     0.09     1 
0130320336   41.16790    -73.46571     0.01      0.06     0.06     1 
0130320337   41.16740    -73.42889     0.07      0.04     0.08     1 
0130320392   41.14969    -74.16579     0.17     -0.11     0.20     1 
0130320393   41.14942    -74.12897     0.12      0.07     0.14     1 
0130320394   41.14914    -74.09215     0.14      0.03     0.14     1 
0130320395   41.14884    -74.05533     0.13     -0.00     0.13     1 
0130320396   41.14853    -74.01851     0.12      0.01     0.12     1 
0130320397   41.14821    -73.98169     0.09      0.01     0.09     1 
0130320398   41.14788    -73.94487     0.08      0.03     0.08     1 
0130320400   41.14718    -73.87124    -0.02      0.04     0.05     1 
0130320401   41.14682    -73.83442     0.06     -0.01     0.06     1 
0130320402   41.14644    -73.79761     0.07      0.06     0.09     1 
0130320403   41.14605    -73.76079     0.03      0.04     0.05     1 
0130320404   41.14565    -73.72398     0.14      0.05     0.15     1 
0130320405   41.14523    -73.68716     0.11      0.11     0.16     1 
0130320406   41.14481    -73.65035     0.07      0.06     0.09     1 
0130320407   41.14437    -73.61354    -0.06      0.05     0.08     1 
0130320408   41.14392    -73.57673    -0.02      0.04     0.05     1 
0130320409   41.14346    -73.53992     0.07      0.03     0.07     1 
0130320410   41.14299    -73.50311     0.04      0.02     0.05     1 
0130320411   41.14250    -73.46631     0.04      0.02     0.05     1 
0130320412   41.14201    -73.42950     0.05      0.02     0.05     1 
0130320413   41.14150    -73.39269     0.09      0.01     0.09     1 
0130320414   41.14098    -73.35589     0.02     -0.02     0.03     1 
0130320415   41.14045    -73.31908     0.12      0.01     0.12     1 
0130320416   41.13990    -73.28228     0.02     -0.01     0.03     1 
0130320417   41.13935    -73.24548     0.01     -0.05     0.05     1 
0130320418   41.13878    -73.20868     0.02     -0.08     0.08     1 
0130320466   41.12455    -74.20292     0.14     -0.02     0.14     1 
0130320467   41.12429    -74.16611     0.08      0.04     0.09     1 
0130320468   41.12402    -74.12930     0.03      0.10     0.10     1 
0130320469   41.12374    -74.09250     0.20     -0.04     0.21     1 
0130320470   41.12344    -74.05569     0.09     -0.03     0.09     1 
0130320471   41.12313    -74.01889     0.05     -0.04     0.06     1 
0130320472   41.12281    -73.98208     0.09     -0.01     0.09     1 
0130320473   41.12248    -73.94528     0.09      0.04     0.10     1 
0130320474   41.12214    -73.90847     0.17     -0.01     0.17     1 
0130320476   41.12142    -73.83487     0.18     -0.04     0.18     1 
0130320477   41.12104    -73.79807     0.07     -0.02     0.07     1 
0130320478   41.12065    -73.76127     0.09     -0.05     0.11     1 
0130320479   41.12025    -73.72447     0.04      0.05     0.07     1 
0130320480   41.11984    -73.68767     0.05     -0.02     0.05     1 
0130320481   41.11941    -73.65087     0.03      0.03     0.04     1 
0130320482   41.11897    -73.61408     0.05      0.05     0.07     1 
0130320483   41.11853    -73.57728     0.00      0.00     0.00     1 
0130320484   41.11807    -73.54049     0.03      0.04     0.05     1 
0130320485   41.11759    -73.50369     0.06      0.09     0.10     1 
0130320486   41.11711    -73.46690     0.07      0.10     0.12     1 
0130320487   41.11661    -73.43010     0.10      0.10     0.14     1 
0130320488   41.11611    -73.39331     0.09      0.03     0.09     1 
0130320489   41.11559    -73.35652    -0.01      0.08     0.08     1 
0130320490   41.11506    -73.31973    -0.05      0.02     0.05     1 
0130320491   41.11451    -73.28294    -0.17      0.03     0.17     1 
0130320541   41.09915    -74.20322     0.16     -0.10     0.19     1 
0130320542   41.09889    -74.16643     0.18      0.02     0.18     1 
0130320543   41.09862    -74.12964     0.12     -0.03     0.12     1 
0130320544   41.09834    -74.09285     0.17     -0.02     0.17     1 
0130320545   41.09804    -74.05606     0.22     -0.05     0.22     1 
0130320546   41.09774    -74.01926     0.09      0.09     0.13     1 
0130320547   41.09742    -73.98247     0.16      0.07     0.17     1 
0130320548   41.09708    -73.94568     0.05     -0.03     0.06     1 
0130320549   41.09674    -73.90890     0.03     -0.03     0.04     1 
0130320550   41.09639    -73.87211    -0.02     -0.03     0.04     1 
0130320551   41.09602    -73.83532     0.08     -0.09     0.12     1 
0130320552   41.09564    -73.79853     0.16     -0.03     0.16     1 
0130320554   41.09485    -73.72496     0.07      0.04     0.08     1 
0130320555   41.09444    -73.68818     0.10     -0.03     0.10     1 
0130320556   41.09402    -73.65139     0.05      0.06     0.08     1 
0130320557   41.09358    -73.61461     0.04      0.02     0.05     1 
0130320558   41.09313    -73.57783     0.08      0.06     0.10     1 
0130320559   41.09267    -73.54105     0.21      0.02     0.21     1 
0130320560   41.09220    -73.50427     0.13      0.04     0.14     1 
0130320561   41.09172    -73.46749     0.07      0.02     0.07     1 
0130320562   41.09122    -73.43071     0.07      0.02     0.07     1 
0130320563   41.09071    -73.39393    -0.09     -0.02     0.09     1 
0130320564   41.09020    -73.35715    -0.12     -0.03     0.13     1 
0130320616   41.07375    -74.20353     0.05     -0.01     0.05     1 
0130320617   41.07349    -74.16675     0.17     -0.01     0.17     1 
0130320618   41.07322    -74.12997     0.08      0.02     0.09     1 
0130320619   41.07294    -74.09319     0.11      0.01     0.11     1 
0130320620   41.07264    -74.05642     0.16     -0.00     0.16     1 
0130320621   41.07234    -74.01964     0.17     -0.04     0.18     1 
0130320622   41.07202    -73.98287     0.02     -0.10     0.10     1 
0130320623   41.07169    -73.94609     0.05     -0.02     0.05     1 
0130320624   41.07134    -73.90932    -0.11     -0.04     0.12     1 
0130320625   41.07099    -73.87254     0.01      0.04     0.04     1 
0130320626   41.07062    -73.83577     0.18     -0.09     0.20     1 
0130320627   41.07025    -73.79900     0.08      0.02     0.08     1 
0130320628   41.06986    -73.76222    -0.03      0.05     0.06     1 
0130320629   41.06946    -73.72545     0.05      0.00     0.05     1 
0130320630   41.06904    -73.68868     0.12     -0.04     0.13     1 
0130320631   41.06862    -73.65191     0.06     -0.04     0.07     1 
0130320632   41.06818    -73.61514     0.09     -0.02     0.09     1 
0130320633   41.06774    -73.57838     0.07     -0.03     0.07     1 
0130320634   41.06728    -73.54161    -0.00      0.01     0.01     1 
0130320635   41.06681    -73.50484     0.03      0.06     0.07     1 
0130320636   41.06632    -73.46808     0.00      0.00     0.00     1 
0130320637   41.06583    -73.43131    -0.10      0.02     0.10     1 
0130320638   41.06532    -73.39455    -0.10      0.05     0.11     1 
0130320691   41.04835    -74.20383     0.04      0.07     0.08     1 
0130320692   41.04809    -74.16707     0.14      0.05     0.14     1 
0130320693   41.04782    -74.13031     0.12     -0.05     0.13     1 
0130320694   41.04754    -74.09354     0.11     -0.04     0.12     1 
0130320695   41.04724    -74.05678     0.09      0.00     0.09     1 
0130320696   41.04694    -74.02002     0.10     -0.03     0.10     1 
0130320697   41.04662    -73.98326     0.01      0.02     0.03     1 
0130320698   41.04629    -73.94650     0.04      0.06     0.07     1 
0130320699   41.04595    -73.90973    -0.07      0.14     0.16     1 
0130320700   41.04559    -73.87297     0.12     -0.06     0.14     1 
0130320701   41.04523    -73.83622     0.07     -0.10     0.12     1 
0130320702   41.04485    -73.79946     0.04     -0.03     0.05     1 
0130320703   41.04446    -73.76270     0.03     -0.02     0.04     1 
0130320704   41.04406    -73.72594     0.16      0.01     0.16     1 
0130320705   41.04365    -73.68919     0.11      0.03     0.11     1 
0130320706   41.04322    -73.65243     0.10      0.00     0.10     1 
0130320707   41.04279    -73.61568     0.13      0.04     0.14     1 
0130320708   41.04234    -73.57892     0.08      0.01     0.08     1 
0130320709   41.04188    -73.54217    -0.07      0.06     0.09     1 
0130320710   41.04141    -73.50542    -0.03     -0.01     0.03     1 
0130320711   41.04093    -73.46867    -0.08     -0.08     0.11     1 
0130320712   41.04043    -73.43192    -0.09      0.06     0.11     1 
0130320737   41.02427    -72.51351     0.04     -0.02     0.05     1 
0130320738   41.02347    -72.47679    -0.03      0.09     0.10     1 
0130320741   41.02101    -72.36664     0.00     -0.00     0.00     1 
0130320766   41.02295    -74.20414     0.06      0.07     0.09     1 
0130320767   41.02269    -74.16739     0.06      0.01     0.06     1 
0130320768   41.02242    -74.13064     0.05      0.00     0.05     1 
0130320769   41.02214    -74.09389     0.07      0.03     0.07     1 
0130320770   41.02184    -74.05714     0.09      0.02     0.09     1 
0130320771   41.02154    -74.02039     0.09      0.03     0.09     1 
0130320772   41.02122    -73.98365     0.09      0.21     0.23     1 
0130320773   41.02089    -73.94690     0.10      0.03     0.10     1 
0130320774   41.02055    -73.91015     0.12      0.07     0.14     1 
0130320775   41.02019    -73.87341     0.09     -0.03     0.10     1 
0130320776   41.01983    -73.83666     0.04     -0.01     0.04     1 
0130320777   41.01945    -73.79992    -0.02      0.02     0.03     1 
0130320778   41.01906    -73.76318     0.10     -0.01     0.10     1 
0130320779   41.01866    -73.72643     0.14      0.05     0.15     1 
0130320780   41.01825    -73.68969     0.05     -0.06     0.08     1 
0130320781   41.01783    -73.65295     0.00      0.00     0.00     1 
0130320782   41.01739    -73.61621    -0.12     -0.05     0.13     1 
0130320783   41.01694    -73.57947    -0.10     -0.04     0.10     1 
0130320784   41.01649    -73.54273    -0.15      0.01     0.15     1 
0130320811   40.99968    -72.55117    -0.09     -0.04     0.10     1 
0130320812   40.99889    -72.51447    -0.01      0.04     0.04     1 
0130320813   40.99810    -72.47776    -0.23     -0.06     0.24     1 
0130320814   40.99729    -72.44106    -0.22     -0.09     0.23     1 
0130320816   40.99563    -72.36765    -0.22     -0.06     0.23     1 
0130320817   40.99479    -72.33095    -0.06     -0.02     0.06     1 
0130320818   40.99393    -72.29426    -0.11     -0.02     0.11     1 
0130320819   40.99306    -72.25756    -0.02     -0.02     0.03     1 
0130320821   40.99129    -72.18417     0.16     -0.04     0.16     1 
0130320840   40.99780    -74.24118     0.05     -0.01     0.05     1 
0130320841   40.99755    -74.20445     0.11     -0.02     0.11     1 
0130320842   40.99729    -74.16771     0.05     -0.05     0.07     1 
0130320843   40.99702    -74.13098     0.08     -0.07     0.11     1 
0130320844   40.99674    -74.09424     0.08     -0.01     0.08     1 
0130320845   40.99644    -74.05751     0.10     -0.01     0.10     1 
0130320846   40.99614    -74.02077     0.12     -0.00     0.12     1 
0130320847   40.99582    -73.98404     0.03     -0.00     0.03     1 
0130320848   40.99549    -73.94731     0.13      0.07     0.15     1 
0130320849   40.99515    -73.91057     0.09      0.09     0.13     1 
0130320850   40.99480    -73.87384     0.04      0.02     0.04     1 
0130320851   40.99443    -73.83711     0.11      0.08     0.14     1 
0130320852   40.99405    -73.80038     0.09     -0.01     0.09     1 
0130320853   40.99367    -73.76365     0.09     -0.02     0.09     1 
0130320854   40.99327    -73.72692     0.08     -0.07     0.11     1 
0130320855   40.99285    -73.69019     0.09     -0.04     0.10     1 
0130320856   40.99243    -73.65347    -0.10     -0.04     0.11     1 
0130320857   40.99200    -73.61674    -0.10      0.06     0.11     1 
0130320883   40.97659    -72.66220     0.07     -0.16     0.18     1 
0130320884   40.97584    -72.62550     0.06     -0.10     0.11     1 
0130320886   40.97430    -72.55211     0.04      0.08     0.09     1 
0130320888   40.97272    -72.47873    -0.01      0.05     0.05     1 
0130320891   40.97026    -72.36866     0.06     -0.10     0.12     1 
0130320893   40.96856    -72.29529    -0.04     -0.00     0.04     1 
0130320894   40.96769    -72.25861     0.11     -0.18     0.21     1 
0130320895   40.96681    -72.22193     0.02      0.03     0.04     1 
0130320896   40.96592    -72.18525    -0.02     -0.05     0.05     1 
0130320897   40.96502    -72.14858    -0.09      0.00     0.09     1 
0130320915   40.97240    -74.24147    -0.07      0.10     0.12     1 
0130320916   40.97215    -74.20475     0.01      0.11     0.11     1 
0130320917   40.97189    -74.16803     0.07      0.09     0.11     1 
0130320918   40.97162    -74.13131     0.09      0.13     0.16     1 
0130320919   40.97134    -74.09459     0.12      0.06     0.14     1 
0130320920   40.97104    -74.05787     0.12     -0.03     0.12     1 
0130320921   40.97074    -74.02115     0.06      0.04     0.07     1 
0130320922   40.97042    -73.98443    -0.02      0.03     0.04     1 
0130320923   40.97009    -73.94771     0.12     -0.04     0.13     1 
0130320925   40.96940    -73.87427     0.13     -0.02     0.13     1 
0130320926   40.96903    -73.83756     0.07      0.03     0.07     1 
0130320927   40.96866    -73.80084     0.09     -0.02     0.09     1 
0130320928   40.96827    -73.76412     0.08     -0.01     0.08     1 
0130320929   40.96787    -73.72741     0.13      0.06     0.15     1 
0130320930   40.96746    -73.69070     0.02      0.07     0.08     1 
0130320931   40.96704    -73.65398    -0.05     -0.02     0.05     1 
0130320945   40.95989    -73.14009    -0.06      0.06     0.09     1 
0130320946   40.95929    -73.10339    -0.00     -0.03     0.03     1 
0130320947   40.95868    -73.06669     0.10      0.10     0.14     1 
0130320948   40.95806    -73.03000     0.04      0.07     0.09     1 
0130320949   40.95743    -72.99330     0.17     -0.04     0.18     1 
0130320950   40.95678    -72.95661     0.18     -0.03     0.18     1 
0130320951   40.95613    -72.91991     0.14     -0.01     0.14     1 
0130320952   40.95546    -72.88322     0.01     -0.10     0.10     1 
0130320953   40.95478    -72.84653     0.06     -0.02     0.06     1 
0130320954   40.95409    -72.80984    -0.02      0.06     0.07     1 
0130320955   40.95338    -72.77315     0.04     -0.01     0.04     1 
0130320956   40.95267    -72.73646    -0.05     -0.01     0.05     1 
0130320958   40.95120    -72.66309     0.18     -0.10     0.21     1 
0130320959   40.95045    -72.62641     0.03     -0.10     0.10     1 
0130320960   40.94969    -72.58973     0.08     -0.06     0.10     1 
0130320964   40.94653    -72.44302    -0.13     -0.02     0.13     1 
0130320965   40.94571    -72.40634    -0.13      0.06     0.14     1 
0130320966   40.94488    -72.36967    -0.01      0.11     0.11     1 
0130320967   40.94404    -72.33300    -0.15     -0.09     0.18     1 
0130320968   40.94318    -72.29633     0.07     -0.01     0.07     1 
0130320970   40.94144    -72.22300     0.05     -0.04     0.06     1 
0130320971   40.94055    -72.18633    -0.02     -0.03     0.04     1 
0130320990   40.94700    -74.24177     0.10     -0.03     0.10     1 
0130320991   40.94675    -74.20506     0.09      0.06     0.10     1 
0130320992   40.94649    -74.16835     0.07      0.05     0.08     1 
0130320993   40.94622    -74.13164     0.10      0.03     0.10     1 
0130320994   40.94594    -74.09494     0.11      0.03     0.11     1 
0130320995   40.94564    -74.05823     0.10      0.03     0.10     1 
0130320996   40.94534    -74.02152     0.04      0.01     0.04     1 
0130320997   40.94502    -73.98482     0.08      0.01     0.08     1 
0130320998   40.94469    -73.94811     0.14      0.03     0.14     1 
0130320999   40.94435    -73.91141    -0.09      0.05     0.11     1 
0130321000   40.94400    -73.87471     0.09      0.02     0.09     1 
0130321001   40.94364    -73.83800     0.10     -0.04     0.10     1 
0130321002   40.94326    -73.80130     0.09     -0.08     0.12     1 
0130321003   40.94287    -73.76460    -0.00     -0.03     0.03     1 
0130321004   40.94247    -73.72790    -0.08     -0.01     0.08     1 
0130321005   40.94206    -73.69120    -0.07      0.01     0.07     1 
0130321011   40.93935    -73.47101     0.13      0.06     0.14     1 
0130321012   40.93886    -73.43432     0.15      0.11     0.19     1 
0130321013   40.93836    -73.39763    -0.01      0.08     0.08     1 
0130321015   40.93731    -73.32424     0.23     -0.04     0.23     1 
0130321020   40.93450    -73.14080    -0.02      0.04     0.04     1 
0130321021   40.93390    -73.10412     0.12     -0.06     0.13     1 
0130321022   40.93329    -73.06743     0.17     -0.05     0.18     1 
0130321023   40.93267    -73.03075     0.08     -0.12     0.14     1 
0130321025   40.93139    -72.95739     0.12     -0.03     0.12     1 
0130321026   40.93074    -72.92071     0.11     -0.07     0.13     1 
0130321028   40.92939    -72.84735     0.07      0.02     0.07     1 
0130321030   40.92800    -72.77400     0.08      0.03     0.09     1 
0130321031   40.92728    -72.73733     0.06      0.11     0.13     1 
0130321032   40.92656    -72.70066     0.03     -0.04     0.05     1 
0130321033   40.92582    -72.66399    -0.04     -0.01     0.05     1 
0130321034   40.92507    -72.62732    -0.17     -0.04     0.17     1 
0130321035   40.92431    -72.59065    -0.27      0.06     0.27     1 
0130321036   40.92354    -72.55399     0.00     -0.00     0.00     1 
0130321039   40.92115    -72.44400    -0.15     -0.02     0.15     1 
0130321040   40.92033    -72.40734     0.04      0.04     0.06     1 
0130321041   40.91950    -72.37068     0.04     -0.13     0.13     1 
0130321042   40.91866    -72.33402    -0.04     -0.01     0.04     1 
0130321043   40.91781    -72.29736    -0.11     -0.17     0.20     1 
0130321065   40.92160    -74.24206     0.11      0.00     0.11     1 
0130321066   40.92135    -74.20536     0.09      0.11     0.14     1 
0130321067   40.92109    -74.16867    -0.02      0.02     0.02     1 
0130321068   40.92082    -74.13197    -0.05      0.11     0.13     1 
0130321069   40.92054    -74.09528     0.07      0.01     0.07     1 
0130321070   40.92024    -74.05859     0.07     -0.03     0.08     1 
0130321071   40.91994    -74.02190     0.04      0.03     0.05     1 
0130321072   40.91962    -73.98521     0.10     -0.01     0.11     1 
0130321073   40.91929    -73.94852     0.12     -0.04     0.13     1 
0130321075   40.91860    -73.87514    -0.02      0.08     0.08     1 
0130321076   40.91824    -73.83845     0.05      0.04     0.06     1 
0130321077   40.91786    -73.80176     0.04      0.02     0.04     1 
0130321078   40.91747    -73.76507    -0.11      0.05     0.12     1 
0130321079   40.91707    -73.72839    -0.21      0.03     0.21     1 
0130321083   40.91536    -73.58164    -0.18      0.19     0.26     1 
0130321084   40.91491    -73.54496     0.02     -0.12     0.12     1 
0130321085   40.91444    -73.50828     0.08     -0.01     0.08     1 
0130321086   40.91396    -73.47160    -0.05     -0.04     0.06     1 
0130321087   40.91347    -73.43492    -0.12     -0.02     0.13     1 
0130321088   40.91296    -73.39824    -0.14      0.06     0.15     1 
0130321089   40.91245    -73.36156    -0.07      0.06     0.09     1 
0130321090   40.91192    -73.32488     0.12      0.06     0.13     1 
0130321091   40.91138    -73.28821     0.15     -0.00     0.15     1 
0130321092   40.91083    -73.25153    -0.04     -0.00     0.04     1 
0130321094   40.90969    -73.17819     0.05      0.03     0.06     1 
0130321095   40.90911    -73.14151     0.07     -0.04     0.08     1 
0130321096   40.90851    -73.10484     0.10      0.01     0.10     1 
0130321097   40.90790    -73.06817     0.03      0.03     0.05     1 
0130321098   40.90728    -73.03150     0.18      0.04     0.18     1 
0130321099   40.90665    -72.99484     0.12     -0.02     0.12     1 
0130321100   40.90601    -72.95817     0.19      0.07     0.20     1 
0130321101   40.90535    -72.92150     0.21     -0.16     0.27     1 
0130321102   40.90469    -72.88484     0.15      0.00     0.15     1 
0130321103   40.90401    -72.84818    -0.01     -0.09     0.09     1 
0130321104   40.90332    -72.81152     0.07     -0.12     0.14     1 
0130321105   40.90261    -72.77486     0.05     -0.04     0.06     1 
0130321106   40.90190    -72.73820     0.05     -0.11     0.13     1 
0130321107   40.90118    -72.70154     0.15     -0.05     0.16     1 
0130321108   40.90044    -72.66488     0.06     -0.02     0.07     1 
0130321109   40.89969    -72.62823     0.04      0.07     0.08     1 
0130321110   40.89893    -72.59158    -0.13     -0.03     0.13     1 
0130321111   40.89816    -72.55492    -0.05      0.03     0.06     1 
0130321112   40.89737    -72.51827     0.02      0.07     0.08     1 
0130321113   40.89658    -72.48162    -0.05     -0.09     0.10     1 
0130321114   40.89577    -72.44497    -0.08     -0.11     0.13     1 
0130321115   40.89496    -72.40833     0.02     -0.02     0.03     1 
0130321116   40.89413    -72.37168    -0.04     -0.08     0.09     1 
0130321139   40.89643    -74.27903    -0.09     -0.10     0.14     1 
0130321140   40.89619    -74.24235    -0.07      0.03     0.08     1 
0130321141   40.89595    -74.20567    -0.01      0.03     0.03     1 
0130321142   40.89569    -74.16899    -0.03      0.04     0.05     1 
0130321143   40.89542    -74.13231    -0.07     -0.00     0.07     1 
0130321144   40.89514    -74.09563    -0.16     -0.04     0.17     1 
0130321145   40.89484    -74.05895    -0.15     -0.03     0.15     1 
0130321146   40.89454    -74.02227     0.01     -0.09     0.09     1 
0130321147   40.89422    -73.98559     0.04      0.05     0.06     1 
0130321148   40.89389    -73.94892     0.11      0.07     0.13     1 
0130321150   40.89320    -73.87557     0.13     -0.02     0.13     1 
0130321151   40.89284    -73.83889    -0.07     -0.00     0.07     1 
0130321152   40.89246    -73.80222     0.02     -0.02     0.02     1 
0130321153   40.89208    -73.76554    -0.13     -0.05     0.14     1 
0130321157   40.89041    -73.61886     0.00      0.02     0.02     1 
0130321158   40.88997    -73.58219     0.09      0.07     0.11     1 
0130321159   40.88951    -73.54552     0.07      0.02     0.07     1 
0130321160   40.88904    -73.50885    -0.01      0.22     0.22     1 
0130321162   40.88807    -73.43552     0.12      0.11     0.16     1 
0130321163   40.88757    -73.39885     0.13     -0.01     0.13     1 
0130321164   40.88705    -73.36219    -0.04     -0.01     0.04     1 
0130321165   40.88653    -73.32553     0.07     -0.00     0.07     1 
0130321166   40.88599    -73.28886     0.14      0.11     0.18     1 
0130321167   40.88544    -73.25220     0.07     -0.02     0.08     1 
0130321168   40.88488    -73.21554     0.15      0.05     0.16     1 
0130321169   40.88430    -73.17888     0.12     -0.06     0.13     1 
0130321170   40.88372    -73.14222     0.04      0.05     0.06     1 
0130321171   40.88312    -73.10557     0.06      0.01     0.07     1 
0130321172   40.88251    -73.06891     0.00      0.01     0.01     1 
0130321173   40.88189    -73.03226     0.08      0.02     0.08     1 
0130321174   40.88126    -72.99560     0.15     -0.06     0.16     1 
0130321175   40.88062    -72.95895    -0.04     -0.07     0.08     1 
0130321176   40.87996    -72.92230     0.13     -0.06     0.14     1 
0130321177   40.87930    -72.88565     0.11     -0.07     0.13     1 
0130321178   40.87862    -72.84900     0.17     -0.02     0.17     1 
0130321179   40.87793    -72.81235     0.11     -0.09     0.15     1 
0130321180   40.87723    -72.77571     0.09     -0.01     0.09     1 
0130321181   40.87652    -72.73906    -0.04     -0.06     0.08     1 
0130321182   40.87579    -72.70242    -0.00      0.04     0.04     1 
0130321183   40.87506    -72.66578    -0.03     -0.05     0.06     1 
0130321184   40.87431    -72.62914    -0.08     -0.05     0.10     1 
0130321185   40.87355    -72.59249     0.24     -0.06     0.24     1 
0130321186   40.87278    -72.55586    -0.03     -0.07     0.08     1 
0130321187   40.87200    -72.51922    -0.00     -0.03     0.03     1 
0130321188   40.87120    -72.48259    -0.16      0.08     0.18     1 
0130321189   40.87040    -72.44595    -0.10     -0.05     0.11     1 
0130321214   40.87103    -74.27930    -0.04      0.00     0.04     1 
0130321215   40.87079    -74.24264     0.06      0.02     0.06     1 
0130321216   40.87055    -74.20597     0.00      0.05     0.05     1 
0130321217   40.87029    -74.16930    -0.04      0.06     0.07     1 
0130321218   40.87002    -74.13264    -0.08      0.07     0.10     1 
0130321219   40.86974    -74.09597    -0.03      0.06     0.07     1 
0130321220   40.86944    -74.05931    -0.12      0.17     0.20     1 
0130321221   40.86914    -74.02264    -0.01      0.04     0.04     1 
0130321222   40.86882    -73.98598    -0.08      0.03     0.08     1 
0130321224   40.86815    -73.91266    -0.02      0.07     0.07     1 
0130321225   40.86780    -73.87600     0.10     -0.01     0.10     1 
0130321226   40.86744    -73.83934     0.12     -0.09     0.15     1 
0130321227   40.86706    -73.80267    -0.09      0.03     0.10     1 
0130321229   40.86628    -73.72936    -0.23      0.14     0.27     1 
0130321230   40.86587    -73.69270     0.06      0.07     0.09     1 
0130321231   40.86545    -73.65604    -0.09      0.10     0.14     1 
0130321232   40.86502    -73.61939     0.03     -0.05     0.06     1 
0130321233   40.86457    -73.58273     0.09     -0.02     0.09     1 
0130321234   40.86411    -73.54608     0.10     -0.05     0.11     1 
0130321235   40.86365    -73.50942     0.09     -0.02     0.09     1 
0130321236   40.86317    -73.47277     0.01      0.00     0.01     1 
0130321237   40.86268    -73.43612     0.12      0.06     0.13     1 
0130321238   40.86217    -73.39947     0.15      0.00     0.15     1 
0130321239   40.86166    -73.36281     0.05     -0.02     0.06     1 
0130321240   40.86113    -73.32617     0.03      0.03     0.04     1 
0130321241   40.86060    -73.28952     0.04     -0.00     0.04     1 
0130321242   40.86005    -73.25287     0.11      0.01     0.11     1 
0130321243   40.85948    -73.21622     0.08      0.01     0.08     1 
0130321244   40.85891    -73.17958     0.13      0.06     0.14     1 
0130321245   40.85833    -73.14293     0.04      0.02     0.05     1 
0130321246   40.85773    -73.10629     0.08      0.01     0.08     1 
0130321247   40.85712    -73.06965     0.14      0.01     0.14     1 
0130321248   40.85650    -73.03301     0.12     -0.01     0.12     1 
0130321249   40.85587    -72.99637     0.08     -0.04     0.09     1 
0130321250   40.85523    -72.95973     0.23      0.05     0.24     1 
0130321251   40.85458    -72.92309     0.14      0.15     0.21     1 
0130321252   40.85391    -72.88646     0.09     -0.02     0.09     1 
0130321253   40.85323    -72.84982     0.13      0.01     0.13     1 
0130321254   40.85255    -72.81319     0.20      0.05     0.20     1 
0130321255   40.85184    -72.77656     0.21      0.04     0.21     1 
0130321257   40.85041    -72.70329     0.01      0.24     0.24     1 
0130321259   40.84893    -72.63004    -0.09     -0.01     0.09     1 
0130321260   40.84817    -72.59341     0.17     -0.09     0.19     1 
0130321261   40.84740    -72.55679    -0.05      0.01     0.05     1 
0130321262   40.84662    -72.52017    -0.18     -0.07     0.19     1 
0130321289   40.84563    -74.27958     0.03      0.06     0.07     1 
0130321290   40.84539    -74.24292     0.11     -0.02     0.11     1 
0130321291   40.84515    -74.20627     0.03     -0.00     0.03     1 
0130321292   40.84489    -74.16962     0.06     -0.02     0.06     1 
0130321293   40.84462    -74.13297     0.01     -0.07     0.07     1 
0130321294   40.84434    -74.09632    -0.04     -0.09     0.10     1 
0130321295   40.84404    -74.05967    -0.05     -0.02     0.05     1 
0130321296   40.84374    -74.02302    -0.17     -0.02     0.17     1 
0130321297   40.84342    -73.98637    -0.00      0.00     0.00     1 
0130321299   40.84275    -73.91307     0.20     -0.09     0.22     1 
0130321300   40.84240    -73.87642     0.03     -0.04     0.04     1 
0130321301   40.84204    -73.83978    -0.02      0.02     0.03     1 
0130321302   40.84167    -73.80313    -0.22     -0.03     0.22     1 
0130321303   40.84128    -73.76649    -0.26     -0.07     0.27     1 
0130321304   40.84088    -73.72984    -0.18      0.04     0.19     1 
0130321305   40.84047    -73.69320     0.02      0.11     0.11     1 
0130321306   40.84005    -73.65655    -0.17      0.05     0.18     1 
0130321307   40.83962    -73.61991     0.04      0.05     0.07     1 
0130321308   40.83917    -73.58327     0.09      0.02     0.09     1 
0130321309   40.83872    -73.54663     0.13      0.00     0.13     1 
0130321310   40.83825    -73.50999     0.09      0.03     0.09     1 
0130321311   40.83777    -73.47335     0.09      0.00     0.09     1 
0130321312   40.83728    -73.43671     0.10     -0.08     0.13     1 
0130321313   40.83678    -73.40008     0.05     -0.05     0.07     1 
0130321314   40.83627    -73.36344     0.09      0.04     0.10     1 
0130321315   40.83574    -73.32680     0.12      0.06     0.14     1 
0130321316   40.83520    -73.29017     0.05      0.03     0.06     1 
0130321317   40.83465    -73.25354     0.05      0.02     0.05     1 
0130321318   40.83409    -73.21690    -0.01      0.05     0.05     1 
0130321319   40.83352    -73.18027     0.05      0.04     0.06     1 
0130321320   40.83294    -73.14364     0.01     -0.04     0.04     1 
0130321321   40.83234    -73.10701     0.03     -0.01     0.03     1 
0130321322   40.83174    -73.07039     0.12      0.01     0.12     1 
0130321323   40.83112    -73.03376     0.12     -0.09     0.15     1 
0130321324   40.83049    -72.99713     0.09     -0.07     0.11     1 
0130321325   40.82984    -72.96051     0.13     -0.13     0.18     1 
0130321326   40.82919    -72.92389     0.02      0.17     0.17     1 
0130321327   40.82852    -72.88726     0.04      0.07     0.08     1 
0130321328   40.82785    -72.85064     0.10      0.03     0.10     1 
0130321331   40.82575    -72.74079     0.09      0.11     0.14     1 
0130321333   40.82429    -72.66756     0.09     -0.08     0.12     1 
0130321334   40.82354    -72.63094     0.01     -0.03     0.03     1 
0130321335   40.82279    -72.59433    -0.10     -0.01     0.10     1 
0130321364   40.82022    -74.27985     0.06      0.02     0.06     1 
0130321365   40.81999    -74.24321     0.11     -0.00     0.11     1 
0130321366   40.81974    -74.20658     0.01     -0.01     0.02     1 
0130321367   40.81949    -74.16994     0.05      0.01     0.05     1 
0130321368   40.81922    -74.13330    -0.00      0.07     0.07     1 
0130321369   40.81894    -74.09666    -0.12      0.05     0.13     1 
0130321370   40.81864    -74.06003    -0.14      0.06     0.15     1 
0130321371   40.81834    -74.02339    -0.07      0.04     0.08     1 
0130321373   40.81769    -73.95012     0.01     -0.14     0.14     1 
0130321374   40.81735    -73.91349     0.09     -0.13     0.16     1 
0130321375   40.81700    -73.87685    -0.04      0.09     0.10     1 
0130321376   40.81664    -73.84022    -0.10     -0.03     0.10     1 
0130321377   40.81627    -73.80359    -0.18      0.01     0.18     1 
0130321378   40.81588    -73.76696    -0.05      0.06     0.07     1 
0130321379   40.81549    -73.73033     0.00      0.02     0.02     1 
0130321380   40.81508    -73.69370    -0.00      0.05     0.05     1 
0130321382   40.81422    -73.62044     0.07      0.00     0.07     1 
0130321383   40.81378    -73.58381     0.14      0.01     0.14     1 
0130321384   40.81332    -73.54718     0.08     -0.01     0.08     1 
0130321385   40.81286    -73.51056    -0.04     -0.03     0.05     1 
0130321386   40.81238    -73.47393    -0.00      0.03     0.03     1 
0130321387   40.81189    -73.43731     0.11     -0.01     0.11     1 
0130321388   40.81139    -73.40069     0.08      0.01     0.09     1 
0130321389   40.81087    -73.36406     0.12      0.09     0.15     1 
0130321390   40.81035    -73.32744     0.15     -0.05     0.16     1 
0130321391   40.80981    -73.29082     0.03     -0.05     0.06     1 
0130321392   40.80926    -73.25420    -0.05      0.01     0.06     1 
0130321393   40.80870    -73.21758    -0.02     -0.09     0.09     1 
0130321394   40.80813    -73.18097    -0.01      0.02     0.02     1 
0130321395   40.80755    -73.14435     0.16     -0.01     0.16     1 
0130321397   40.80635    -73.07112     0.15     -0.03     0.15     1 
0130321399   40.80510    -72.99790     0.02      0.03     0.04     1 
0130321400   40.80446    -72.96129     0.03      0.20     0.20     1 
0130321401   40.80380    -72.92468     0.19      0.06     0.20     1 
0130321402   40.80314    -72.88807     0.06      0.04     0.08     1 
0130321403   40.80246    -72.85146    -0.01      0.04     0.04     1 
0130321405   40.80107    -72.77825     0.14     -0.06     0.15     1 
0130321406   40.80036    -72.74165    -0.02      0.03     0.03     1 
0130321407   40.79964    -72.70505    -0.08     -0.05     0.09     1 
0130321408   40.79891    -72.66845    -0.14     -0.01     0.14     1 
0130321409   40.79816    -72.63185    -0.16      0.03     0.17     1 
0130321439   40.79482    -74.28013     0.19      0.01     0.19     1 
0130321440   40.79459    -74.24350     0.03      0.02     0.03     1 
0130321441   40.79434    -74.20688     0.04     -0.00     0.04     1 
0130321442   40.79408    -74.17025     0.09      0.01     0.09     1 
0130321443   40.79382    -74.13363     0.02     -0.08     0.08     1 
0130321444   40.79353    -74.09701    -0.04     -0.01     0.04     1 
0130321445   40.79324    -74.06038    -0.14     -0.05     0.15     1 
0130321446   40.79294    -74.02376    -0.04     -0.11     0.12     1 
0130321447   40.79262    -73.98714    -0.04     -0.02     0.05     1 
0130321448   40.79229    -73.95052     0.14     -0.08     0.16     1 
0130321449   40.79196    -73.91390    -0.05      0.02     0.06     1 
0130321450   40.79160    -73.87728    -0.07     -0.05     0.09     1 
0130321451   40.79124    -73.84066    -0.11     -0.00     0.11     1 
0130321453   40.79048    -73.76743    -0.09     -0.14     0.16     1 
0130321454   40.79009    -73.73081     0.01      0.04     0.04     1 
0130321455   40.78968    -73.69419     0.01     -0.03     0.03     1 
0130321456   40.78926    -73.65758    -0.01     -0.01     0.02     1 
0130321457   40.78883    -73.62096     0.03      0.00     0.03     1 
0130321458   40.78838    -73.58435     0.06      0.02     0.06     1 
0130321459   40.78793    -73.54774     0.05      0.09     0.10     1 
0130321460   40.78746    -73.51113     0.02      0.08     0.08     1 
0130321461   40.78698    -73.47451     0.04      0.08     0.09     1 
0130321462   40.78649    -73.43791     0.20     -0.12     0.24     1 
0130321463   40.78599    -73.40130    -0.08      0.12     0.14     1 
0130321464   40.78548    -73.36469     0.08      0.02     0.08     1 
0130321465   40.78495    -73.32808    -0.02      0.02     0.03     1 
0130321466   40.78442    -73.29147    -0.01      0.04     0.04     1 
0130321467   40.78387    -73.25487     0.08      0.01     0.08     1 
0130321468   40.78331    -73.21826     0.05      0.03     0.06     1 
0130321469   40.78274    -73.18166     0.05      0.01     0.05     1 
0130321470   40.78216    -73.14506     0.03     -0.12     0.13     1 
0130321471   40.78156    -73.10846    -0.06      0.04     0.07     1 
0130321472   40.78095    -73.07186    -0.01     -0.04     0.04     1 
0130321473   40.78034    -73.03526    -0.02     -0.00     0.02     1 
0130321474   40.77971    -72.99866     0.04     -0.04     0.06     1 
0130321475   40.77907    -72.96206     0.05     -0.05     0.07     1 
0130321476   40.77842    -72.92547    -0.03     -0.04     0.05     1 
0130321477   40.77775    -72.88887    -0.06     -0.02     0.07     1 
0130321478   40.77708    -72.85228    -0.06      0.07     0.09     1 
0130321479   40.77639    -72.81569    -0.10      0.02     0.10     1 
0130321480   40.77569    -72.77910    -0.03      0.22     0.22     1 
0130321514   40.76942    -74.28040     0.03     -0.07     0.08     1 
0130321515   40.76919    -74.24379     0.04     -0.03     0.05     1 
0130321516   40.76894    -74.20718    -0.03     -0.05     0.06     1 
0130321517   40.76868    -74.17057     0.01     -0.08     0.08     1 
0130321518   40.76841    -74.13396    -0.09     -0.09     0.13     1 
0130321519   40.76813    -74.09735    -0.04      0.06     0.07     1 
0130321520   40.76784    -74.06074     0.02      0.12     0.12     1 
0130321521   40.76754    -74.02414     0.03      0.09     0.09     1 
0130321523   40.76689    -73.95092     0.02     -0.19     0.19     1 
0130321524   40.76656    -73.91432     0.13     -0.07     0.14     1 
0130321525   40.76621    -73.87771    -0.16      0.07     0.18     1 
0130321526   40.76584    -73.84110    -0.16      0.02     0.17     1 
0130321527   40.76547    -73.80450    -0.01     -0.00     0.01     1 
0130321528   40.76508    -73.76790    -0.05     -0.01     0.05     1 
0130321529   40.76469    -73.73129     0.05     -0.02     0.06     1 
0130321530   40.76428    -73.69469     0.04      0.03     0.05     1 
0130321531   40.76386    -73.65809     0.02      0.04     0.04     1 
0130321532   40.76343    -73.62149    -0.03      0.02     0.03     1 
0130321533   40.76299    -73.58489     0.00     -0.01     0.01     1 
0130321534   40.76253    -73.54829    -0.08     -0.02     0.08     1 
0130321535   40.76206    -73.51169    -0.06      0.03     0.07     1 
0130321536   40.76159    -73.47510    -0.04     -0.03     0.05     1 
0130321537   40.76110    -73.43850    -0.02      0.14     0.15     1 
0130321538   40.76060    -73.40190    -0.06      0.08     0.10     1 
0130321539   40.76008    -73.36531     0.05      0.01     0.05     1 
0130321540   40.75956    -73.32872    -0.01     -0.01     0.02     1 
0130321541   40.75902    -73.29212    -0.07      0.05     0.09     1 
0130321542   40.75848    -73.25553    -0.01     -0.05     0.06     1 
0130321543   40.75792    -73.21894     0.02     -0.04     0.05     1 
0130321544   40.75735    -73.18235     0.07     -0.05     0.08     1 
0130321545   40.75677    -73.14576    -0.01      0.01     0.01     1 
0130321547   40.75557    -73.07259    -0.01     -0.10     0.10     1 
0130321548   40.75495    -73.03601     0.04     -0.09     0.10     1 
0130321549   40.75432    -72.99942    -0.06     -0.03     0.06     1 
0130321550   40.75368    -72.96284     0.04      0.03     0.05     1 
0130321551   40.75303    -72.92626     0.11     -0.08     0.13     1 
0130321552   40.75236    -72.88968     0.12     -0.17     0.21     1 
0130321553   40.75169    -72.85310     0.01     -0.06     0.06     1 
0130321588   40.74424    -74.31727     0.02      0.02     0.03     1 
0130321589   40.74402    -74.28068     0.05      0.02     0.05     1 
0130321590   40.74378    -74.24408    -0.06     -0.03     0.06     1 
0130321591   40.74354    -74.20748     0.03     -0.03     0.04     1 
0130321592   40.74328    -74.17089    -0.07     -0.01     0.07     1 
0130321593   40.74301    -74.13429    -0.02     -0.06     0.06     1 
0130321594   40.74273    -74.09770    -0.07     -0.05     0.09     1 
0130321595   40.74244    -74.06110    -0.13     -0.07     0.15     1 
0130321597   40.74182    -73.98791     0.01     -0.09     0.09     1 
0130321598   40.74150    -73.95132    -0.05     -0.10     0.11     1 
0130321599   40.74116    -73.91473    -0.01     -0.01     0.01     1 
0130321600   40.74081    -73.87814    -0.03     -0.04     0.05     1 
0130321601   40.74045    -73.84154     0.02     -0.01     0.02     1 
0130321602   40.74007    -73.80496     0.06     -0.05     0.08     1 
0130321603   40.73969    -73.76837     0.01     -0.03     0.03     1 
0130321604   40.73929    -73.73178    -0.05     -0.00     0.05     1 
0130321605   40.73888    -73.69519     0.06      0.00     0.06     1 
0130321606   40.73846    -73.65860     0.05      0.00     0.05     1 
0130321607   40.73803    -73.62202    -0.05      0.10     0.11     1 
0130321608   40.73759    -73.58543     0.05     -0.02     0.05     1 
0130321609   40.73714    -73.54884     0.03      0.01     0.04     1 
0130321610   40.73667    -73.51226     0.01      0.04     0.04     1 
0130321611   40.73619    -73.47568     0.06      0.03     0.07     1 
0130321612   40.73570    -73.43909     0.07     -0.07     0.10     1 
0130321613   40.73520    -73.40251    -0.08      0.06     0.10     1 
0130321614   40.73469    -73.36593    -0.04     -0.02     0.04     1 
0130321615   40.73417    -73.32935    -0.01     -0.05     0.05     1 
0130321616   40.73363    -73.29277     0.06     -0.03     0.07     1 
0130321617   40.73308    -73.25620     0.01     -0.05     0.05     1 
0130321618   40.73253    -73.21962    -0.05      0.05     0.08     1 
0130321619   40.73195    -73.18304     0.03      0.02     0.04     1 
0130321621   40.73078    -73.10990     0.02      0.01     0.03     1 
0130321622   40.73018    -73.07332     0.00      0.03     0.03     1 
0130321623   40.72956    -73.03675    -0.06     -0.04     0.07     1 
0130321626   40.72764    -72.92705    -0.14     -0.19     0.24     1 
0130321663   40.71884    -74.31753     0.05     -0.05     0.07     1 
0130321664   40.71861    -74.28095     0.06     -0.12     0.13     1 
0130321665   40.71838    -74.24437    -0.04     -0.08     0.08     1 
0130321666   40.71814    -74.20778    -0.03     -0.13     0.13     1 
0130321667   40.71788    -74.17120    -0.08     -0.10     0.13     1 
0130321668   40.71761    -74.13462    -0.13     -0.09     0.16     1 
0130321669   40.71733    -74.09804    -0.11     -0.02     0.12     1 
0130321670   40.71704    -74.06146    -0.00     -0.00     0.00     1 
0130321671   40.71674    -74.02488     0.00     -0.26     0.26     1 
0130321672   40.71642    -73.98830     0.06     -0.11     0.13     1 
0130321673   40.71609    -73.95172     0.03     -0.06     0.07     1 
0130321674   40.71576    -73.91514    -0.08     -0.05     0.10     1 
0130321675   40.71541    -73.87856    -0.02     -0.08     0.08     1 
0130321676   40.71505    -73.84199     0.01     -0.04     0.04     1 
0130321677   40.71467    -73.80541    -0.06      0.03     0.07     1 
0130321678   40.71429    -73.76883     0.00     -0.02     0.02     1 
0130321679   40.71389    -73.73226    -0.07      0.01     0.07     1 
0130321680   40.71348    -73.69568    -0.01      0.04     0.04     1 
0130321681   40.71307    -73.65911    -0.04      0.03     0.05     1 
0130321682   40.71263    -73.62254     0.02     -0.01     0.02     1 
0130321683   40.71219    -73.58597    -0.05      0.01     0.05     1 
0130321684   40.71174    -73.54940    -0.03     -0.04     0.05     1 
0130321685   40.71127    -73.51283     0.02     -0.12     0.12     1 
0130321686   40.71080    -73.47626     0.02     -0.05     0.06     1 
0130321687   40.71031    -73.43969    -0.05     -0.06     0.08     1 
0130321688   40.70981    -73.40312    -0.04      0.01     0.04     1 
0130321689   40.70930    -73.36655     0.02      0.06     0.06     1 
0130321690   40.70877    -73.32999     0.04      0.01     0.04     1 
0130321691   40.70824    -73.29342     0.11      0.05     0.12     1 
0130321692   40.70769    -73.25686    -0.03      0.06     0.06     1 
0130321693   40.70713    -73.22030    -0.11     -0.02     0.11     1 
0130321695   40.70598    -73.14717    -0.14     -0.05     0.15     1 
0130321738   40.69343    -74.31779    -0.03      0.07     0.07     1 
0130321739   40.69321    -74.28122     0.08      0.01     0.08     1 
0130321740   40.69298    -74.24465    -0.02      0.01     0.02     1 
0130321741   40.69273    -74.20808    -0.01      0.12     0.12     1 
0130321742   40.69248    -74.17152    -0.13      0.04     0.14     1 
0130321743   40.69221    -74.13495    -0.04      0.03     0.05     1 
0130321744   40.69193    -74.09838    -0.10     -0.09     0.13     1 
0130321745   40.69164    -74.06181    -0.00      0.08     0.08     1 
0130321746   40.69134    -74.02525    -0.10     -0.09     0.14     1 
0130321747   40.69102    -73.98868     0.03     -0.14     0.14     1 
0130321748   40.69069    -73.95212     0.05     -0.02     0.06     1 
0130321749   40.69036    -73.91555     0.00      0.01     0.01     1 
0130321750   40.69001    -73.87899     0.01      0.01     0.02     1 
0130321752   40.68927    -73.80586     0.09     -0.06     0.11     1 
0130321753   40.68889    -73.76930     0.09     -0.11     0.14     1 
0130321754   40.68849    -73.73274    -0.01     -0.03     0.03     1 
0130321755   40.68809    -73.69618    -0.06     -0.05     0.08     1 
0130321756   40.68767    -73.65962     0.03     -0.06     0.07     1 
0130321757   40.68724    -73.62306     0.11     -0.07     0.13     1 
0130321758   40.68680    -73.58650     0.03     -0.03     0.04     1 
0130321759   40.68634    -73.54995     0.04      0.04     0.06     1 
0130321760   40.68588    -73.51339    -0.01     -0.01     0.02     1 
0130321761   40.68540    -73.47683     0.01     -0.01     0.02     1 
0130321762   40.68491    -73.44028    -0.05     -0.04     0.06     1 
0130321763   40.68441    -73.40373    -0.06     -0.00     0.06     1 
0130321764   40.68390    -73.36717    -0.01     -0.08     0.08     1 
0130321765   40.68338    -73.33062    -0.08     -0.01     0.08     1 
0130321766   40.68285    -73.29407    -0.10      0.05     0.11     1 
0130321813   40.66803    -74.31805     0.06      0.03     0.06     1 
0130321814   40.66781    -74.28150    -0.01      0.08     0.08     1 
0130321815   40.66758    -74.24494     0.02     -0.03     0.04     1 
0130321816   40.66733    -74.20839    -0.08     -0.06     0.11     1 
0130321817   40.66707    -74.17183    -0.16     -0.01     0.16     1 
0130321818   40.66681    -74.13528    -0.10      0.03     0.11     1 
0130321819   40.66653    -74.09872    -0.10      0.12     0.16     1 
0130321820   40.66624    -74.06217    -0.12      0.05     0.13     1 
0130321821   40.66593    -74.02562    -0.15      0.06     0.16     1 
0130321823   40.66529    -73.95252     0.07      0.01     0.07     1 
0130321824   40.66496    -73.91596    -0.04     -0.06     0.07     1 
0130321825   40.66461    -73.87941     0.07      0.03     0.08     1 
0130321826   40.66425    -73.84287    -0.03     -0.08     0.09     1 
0130321827   40.66387    -73.80632    -0.13      0.06     0.15     1 
0130321828   40.66349    -73.76977    -0.01     -0.03     0.03     1 
0130321829   40.66310    -73.73322     0.02     -0.01     0.02     1 
0130321830   40.66269    -73.69667    -0.05      0.01     0.06     1 
0130321831   40.66227    -73.66013     0.00     -0.02     0.02     1 
0130321832   40.66184    -73.62358     0.07      0.01     0.07     1 
0130321833   40.66140    -73.58704    -0.01     -0.01     0.01     1 
0130321834   40.66095    -73.55050    -0.01     -0.06     0.06     1 
0130321835   40.66048    -73.51395    -0.01     -0.04     0.04     1 
0130321836   40.66000    -73.47741    -0.07      0.00     0.07     1 
0130321837   40.65952    -73.44087    -0.02     -0.00     0.02     1 
0130321838   40.65902    -73.40433    -0.07     -0.05     0.08     1 
0130321839   40.65851    -73.36779    -0.01      0.01     0.01     1 
0130321841   40.65745    -73.29472    -0.20     -0.00     0.20     1 
0130321842   40.65691    -73.25818    -0.11     -0.00     0.11     1 
0130321843   40.65635    -73.22165    -0.09     -0.04     0.10     1 
0130321844   40.65578    -73.18511    -0.04      0.00     0.04     1 
0130321887   40.64284    -74.35485     0.04      0.03     0.05     1 
0130321888   40.64263    -74.31831     0.06      0.01     0.06     1 
0130321889   40.64241    -74.28177     0.01      0.12     0.12     1 
0130321890   40.64217    -74.24523    -0.01      0.02     0.02     1 
0130321891   40.64193    -74.20869    -0.04      0.02     0.04     1 
0130321892   40.64167    -74.17214    -0.13      0.06     0.14     1 
0130321893   40.64140    -74.13560    -0.07     -0.01     0.07     1 
0130321894   40.64113    -74.09906    -0.07     -0.02     0.07     1 
0130321895   40.64084    -74.06253     0.00     -0.10     0.10     1 
0130321896   40.64053    -74.02599    -0.09     -0.18     0.20     1 
0130321897   40.64022    -73.98945     0.11      0.00     0.11     1 
0130321899   40.63956    -73.91638    -0.04      0.03     0.05     1 
0130321900   40.63921    -73.87984    -0.02      0.08     0.08     1 
0130321901   40.63885    -73.84330    -0.08     -0.01     0.08     1 
0130321903   40.63809    -73.77023    -0.11      0.04     0.11     1 
0130321904   40.63770    -73.73370    -0.15     -0.06     0.16     1 
0130321905   40.63729    -73.69717    -0.03     -0.03     0.04     1 
0130321906   40.63687    -73.66064    -0.05     -0.01     0.05     1 
0130321907   40.63644    -73.62411    -0.01     -0.00     0.01     1 
0130321908   40.63600    -73.58758    -0.02     -0.02     0.03     1 
0130321909   40.63555    -73.55105    -0.12      0.09     0.15     1 
0130321910   40.63508    -73.51452    -0.03      0.00     0.03     1 
0130321911   40.63461    -73.47799    -0.09      0.08     0.12     1 
0130321912   40.63412    -73.44146    -0.09     -0.08     0.12     1 
0130321913   40.63362    -73.40494    -0.06     -0.05     0.08     1 
0130321917   40.63151    -73.25884    -0.12      0.08     0.15     1 
0130321962   40.61744    -74.35510     0.09     -0.09     0.13     1 
0130321963   40.61722    -74.31857     0.01     -0.05     0.05     1 
0130321964   40.61700    -74.28204    -0.00     -0.06     0.06     1 
0130321965   40.61677    -74.24551    -0.12      0.05     0.13     1 
0130321966   40.61653    -74.20898    -0.13     -0.06     0.14     1 
0130321967   40.61627    -74.17246    -0.01     -0.02     0.02     1 
0130321968   40.61600    -74.13593     0.08     -0.02     0.08     1 
0130321969   40.61572    -74.09941     0.02      0.05     0.05     1 
0130321971   40.61513    -74.02636     0.13      0.01     0.13     1 
0130321973   40.61449    -73.95331     0.05      0.08     0.09     1 
0130321974   40.61416    -73.91679    -0.08     -0.02     0.09     1 
0130321975   40.61381    -73.88026    -0.14      0.12     0.18     1 
0130321976   40.61345    -73.84374    -0.10     -0.14     0.17     1 
0130321977   40.61308    -73.80722    -0.18      0.01     0.18     1 
0130321978   40.61269    -73.77070    -0.17     -0.01     0.17     1 
0130321979   40.61230    -73.73418     0.02     -0.05     0.05     1 
0130321980   40.61189    -73.69766    -0.09      0.05     0.10     1 
0130321981   40.61147    -73.66114    -0.10      0.12     0.15     1 
0130321982   40.61105    -73.62463    -0.08      0.06     0.10     1 
0130321983   40.61060    -73.58811    -0.09      0.05     0.11     1 
0130321984   40.61015    -73.55160    -0.10      0.04     0.11     1 
0130321985   40.60969    -73.51508    -0.09     -0.07     0.11     1 
0130321986   40.60921    -73.47857    -0.10     -0.07     0.12     1 
0130321987   40.60873    -73.44205    -0.02     -0.12     0.12     1 
0130322037   40.59203    -74.35534     0.02     -0.02     0.03     1 
0130322038   40.59182    -74.31883     0.10     -0.00     0.10     1 
0130322039   40.59160    -74.28231    -0.04      0.08     0.09     1 
0130322040   40.59137    -74.24580    -0.01     -0.05     0.05     1 
0130322041   40.59112    -74.20928    -0.06      0.05     0.08     1 
0130322042   40.59087    -74.17277    -0.08     -0.03     0.09     1 
0130322043   40.59060    -74.13626     0.15     -0.10     0.18     1 
0130322044   40.59032    -74.09975     0.11     -0.03     0.11     1 
0130322047   40.58942    -73.99021    -0.05     -0.07     0.09     1 
0130322048   40.58909    -73.95370    -0.06      0.07     0.10     1 
0130322049   40.58875    -73.91720    -0.04      0.10     0.10     1 
0130322050   40.58841    -73.88069     0.05      0.15     0.16     1 
0130322051   40.58805    -73.84418    -0.15     -0.20     0.25     1 
0130322052   40.58768    -73.80767     0.02      0.01     0.02     1 
0130322112   40.56663    -74.35558     0.03     -0.00     0.03     1 
0130322113   40.56642    -74.31908     0.04     -0.01     0.04     1 
0130322114   40.56620    -74.28258     0.03     -0.04     0.05     1 
0130322115   40.56596    -74.24608    -0.12      0.01     0.12     1 
0130322116   40.56572    -74.20958    -0.24     -0.03     0.24     1 
0130322117   40.56547    -74.17308    -0.10      0.02     0.10     1 
0130322118   40.56520    -74.13658     0.04     -0.08     0.09     1 
0130322119   40.56492    -74.10009     0.01     -0.12     0.12     1 
0130322125   40.56301    -73.88111     0.06     -0.17     0.18     1 
0130322187   40.54122    -74.35583     0.07     -0.06     0.09     1 
0130322188   40.54102    -74.31934     0.01     -0.09     0.09     1 
0130322189   40.54080    -74.28285     0.00     -0.05     0.05     1 
0130322190   40.54056    -74.24637    -0.08      0.05     0.09     1 
0130322191   40.54032    -74.20988     0.08      0.02     0.08     1 
0130322192   40.54006    -74.17340     0.07     -0.07     0.10     1 
0130322193   40.53980    -74.13691    -0.10      0.02     0.10     1 
0130322261   40.51602    -74.39254    -0.05     -0.11     0.12     1 
0130322262   40.51582    -74.35607    -0.06     -0.02     0.06     1 
0130322263   40.51561    -74.31960    -0.01      0.01     0.02     1 
0130322264   40.51539    -74.28312    -0.09     -0.02     0.09     1 
0130322265   40.51516    -74.24665    -0.09     -0.03     0.09     1 
0130322266   40.51492    -74.21018     0.00     -0.13     0.13     1 
0130322267   40.51466    -74.17371     0.03     -0.19     0.19     1 
0130322336   40.49061    -74.39277    -0.14     -0.12     0.18     1 
0130322337   40.49042    -74.35631    -0.04     -0.10     0.11     1 
0130322338   40.49021    -74.31985    -0.03     -0.22     0.22     1 
0130322339   40.48999    -74.28339    -0.05     -0.03     0.06     1 
0130322412   40.46501    -74.35656    -0.10     -0.06     0.12     1 
0130322413   40.46480    -74.32011    -0.03     -0.04     0.04     1 
0130322414   40.46458    -74.28366    -0.03     -0.15     0.15     1 
0130322486   40.43981    -74.39323     0.03      0.03     0.04     1 
0130322487   40.43961    -74.35680     0.02      0.03     0.04     1 
0130322488   40.43940    -74.32037    -0.01     -0.02     0.02     1 
0130322489   40.43918    -74.28393    -0.04     -0.06     0.07     1 
0130322490   40.43895    -74.24750     0.09     -0.03     0.10     1 
0130322491   40.43871    -74.21107    -0.15      0.06     0.16     1 
0130322492   40.43845    -74.17464     0.03     -0.03     0.04     1 
0130322493   40.43819    -74.13821     0.02     -0.03     0.04     1 
0130322561   40.41440    -74.39346    -0.06      0.09     0.11     1 
0130322562   40.41421    -74.35704    -0.09      0.04     0.10     1 
0130322563   40.41400    -74.32062     0.07      0.01     0.07     1 
0130322564   40.41378    -74.28420     0.13      0.05     0.14     1 
0130322565   40.41355    -74.24779    -0.00     -0.02     0.02     1 
0130322566   40.41330    -74.21137     0.06     -0.08     0.10     1 
0130322567   40.41305    -74.17495     0.13     -0.02     0.14     1 
0130322569   40.41251    -74.10212     0.16     -0.05     0.17     1 
0130322570   40.41222    -74.06571     0.07      0.01     0.07     1 
0130322571   40.41192    -74.02929    -0.04     -0.04     0.06     1 
0130322635   40.38918    -74.43009     0.11      0.16     0.19     1 
0130322636   40.38900    -74.39369     0.00      0.01     0.01     1 
0130322637   40.38880    -74.35728     0.09     -0.06     0.11     1 
0130322638   40.38859    -74.32088     0.11     -0.09     0.14     1 
0130322639   40.38837    -74.28447     0.09     -0.11     0.14     1 
0130322640   40.38814    -74.24807     0.10     -0.09     0.14     1 
0130322641   40.38790    -74.21167     0.14     -0.06     0.15     1 
0130322642   40.38765    -74.17526     0.06     -0.03     0.07     1 
0130322643   40.38738    -74.13886     0.17      0.04     0.18     1 
0130322644   40.38710    -74.10246     0.09      0.05     0.11     1 
0130322645   40.38681    -74.06606     0.14     -0.05     0.15     1 
0130322646   40.38652    -74.02966     0.00     -0.04     0.04     1 
0130322647   40.38620    -73.99326    -0.14     -0.10     0.17     1 
0130322710   40.36378    -74.43031     0.14      0.05     0.15     1 
0130322711   40.36359    -74.39391     0.13     -0.05     0.14     1 
0130322712   40.36340    -74.35752     0.13      0.03     0.13     1 
0130322713   40.36319    -74.32113     0.19      0.01     0.19     1 
0130322714   40.36297    -74.28474     0.13      0.18     0.22     1 
0130322715   40.36274    -74.24835     0.23     -0.01     0.23     1 
0130322716   40.36250    -74.21196     0.18     -0.05     0.18     1 
0130322717   40.36224    -74.17557     0.11     -0.11     0.16     1 
0130322718   40.36198    -74.13918     0.08     -0.09     0.12     1 
0130322719   40.36170    -74.10280     0.14     -0.06     0.15     1 
0130322720   40.36141    -74.06641    -0.05     -0.09     0.11     1 
0130322721   40.36111    -74.03002     0.02     -0.06     0.06     1 
0130322722   40.36080    -73.99363    -0.00     -0.03     0.03     1 
0130322785   40.33837    -74.43052     0.06      0.03     0.06     1 
0130322786   40.33819    -74.39414    -0.03     -0.02     0.04     1 
0130322787   40.33799    -74.35776     0.07     -0.01     0.07     1 
0130322788   40.33778    -74.32139     0.18     -0.10     0.21     1 
0130322789   40.33756    -74.28501     0.20     -0.09     0.22     1 
0130322790   40.33733    -74.24863     0.10     -0.04     0.11     1 
0130322791   40.33709    -74.21226     0.10     -0.04     0.11     1 
0130322792   40.33684    -74.17588     0.07      0.05     0.09     1 
0130322793   40.33657    -74.13951     0.05     -0.03     0.06     1 
0130322794   40.33630    -74.10313     0.10      0.03     0.10     1 
0130322795   40.33601    -74.06676     0.08     -0.04     0.09     1 
0130322796   40.33571    -74.03038    -0.06     -0.07     0.09     1 
0130322797   40.33540    -73.99401    -0.12     -0.10     0.16     1 
0130322860   40.31297    -74.43073     0.12      0.09     0.15     1 
0130322861   40.31278    -74.39437     0.09     -0.00     0.09     1 
0130322862   40.31259    -74.35801     0.10      0.06     0.12     1 
0130322863   40.31238    -74.32164     0.10      0.08     0.13     1 
0130322864   40.31216    -74.28528     0.15      0.03     0.15     1 
0130322865   40.31193    -74.24891     0.10      0.03     0.10     1 
0130322866   40.31169    -74.21255     0.07     -0.09     0.11     1 
0130322867   40.31144    -74.17619     0.05     -0.13     0.14     1 
0130322868   40.31117    -74.13983    -0.02     -0.11     0.11     1 
0130322869   40.31090    -74.10347     0.12     -0.07     0.14     1 
0130322870   40.31061    -74.06711     0.08     -0.05     0.10     1 
0130322871   40.31031    -74.03075    -0.01     -0.06     0.06     1 
0130322872   40.31000    -73.99439    -0.07     -0.02     0.07     1 
0130322935   40.28756    -74.43095     0.19      0.03     0.19     1 
0130322936   40.28738    -74.39460     0.25     -0.04     0.25     1 
0130322937   40.28718    -74.35824     0.14     -0.03     0.14     1 
0130322938   40.28697    -74.32189     0.07      0.02     0.08     1 
0130322939   40.28676    -74.28555     0.12     -0.01     0.12     1 
0130322940   40.28653    -74.24920     0.05     -0.01     0.05     1 
0130322941   40.28628    -74.21285     0.06     -0.03     0.07     1 
0130322942   40.28603    -74.17650     0.05     -0.01     0.05     1 
0130322943   40.28577    -74.14015     0.20     -0.02     0.20     1 
0130322944   40.28549    -74.10380     0.18     -0.09     0.20     1 
0130322945   40.28520    -74.06746     0.08      0.01     0.09     1 
0130322946   40.28491    -74.03111     0.13     -0.01     0.13     1 
0130322947   40.28460    -73.99477    -0.02     -0.12     0.13     1 
0130323009   40.26233    -74.46750     0.10     -0.02     0.10     1 
0130323010   40.26216    -74.43116     0.23     -0.07     0.24     1 
0130323011   40.26197    -74.39482     0.03     -0.03     0.04     1 
0130323012   40.26178    -74.35849     0.13      0.01     0.13     1 
0130323013   40.26157    -74.32215     0.11      0.14     0.18     1 
0130323014   40.26135    -74.28581     0.08     -0.02     0.08     1 
0130323015   40.26112    -74.24948    -0.19      0.16     0.24     1 
0130323016   40.26088    -74.21314     0.21      0.05     0.21     1 
0130323017   40.26063    -74.17681     0.10     -0.01     0.11     1 
0130323018   40.26036    -74.14047     0.04     -0.05     0.06     1 
0130323019   40.26009    -74.10414     0.05      0.03     0.06     1 
0130323020   40.25980    -74.06781     0.18     -0.02     0.18     1 
0130323021   40.25950    -74.03147    -0.05      0.02     0.06     1 
0130323084   40.23692    -74.46770     0.05     -0.09     0.10     1 
0130323085   40.23675    -74.43137     0.11     -0.06     0.13     1 
0130323086   40.23657    -74.39505     0.12      0.02     0.12     1 
0130323087   40.23637    -74.35873     0.12     -0.04     0.12     1 
0130323088   40.23617    -74.32240     0.04      0.02     0.05     1 
0130323089   40.23595    -74.28608    -0.04     -0.10     0.11     1 
0130323090   40.23572    -74.24976     0.02     -0.11     0.11     1 
0130323091   40.23548    -74.21344     0.09      0.05     0.10     1 
0130323092   40.23522    -74.17712     0.07     -0.03     0.08     1 
0130323093   40.23496    -74.14079     0.10     -0.06     0.12     1 
0130323095   40.23440    -74.06816     0.10     -0.02     0.10     1 
0130323096   40.23410    -74.03184     0.05     -0.10     0.12     1 
0130323159   40.21152    -74.46789     0.05     -0.12     0.13     1 
0130323160   40.21135    -74.43158     0.08     -0.15     0.17     1 
0130323161   40.21116    -74.39527     0.08     -0.09     0.13     1 
0130323162   40.21097    -74.35896     0.12     -0.14     0.18     1 
0130323163   40.21076    -74.32265     0.03      0.04     0.04     1 
0130323164   40.21054    -74.28635     0.15      0.08     0.17     1 
0130323165   40.21031    -74.25004     0.27     -0.03     0.27     1 
0130323166   40.21007    -74.21373     0.17      0.01     0.17     1 
0130323167   40.20982    -74.17742     0.08     -0.06     0.10     1 
0130323168   40.20956    -74.14111     0.16     -0.08     0.18     1 
0130323169   40.20928    -74.10481     0.04     -0.10     0.10     1 
0130323170   40.20900    -74.06850     0.06     -0.05     0.08     1 
0130323171   40.20870    -74.03220    -0.00     -0.05     0.05     1 
0130323234   40.18611    -74.46809     0.13      0.03     0.13     1 
0130323235   40.18594    -74.43180     0.16     -0.01     0.16     1 
0130323236   40.18576    -74.39550     0.14      0.03     0.15     1 
0130323237   40.18556    -74.35920     0.05     -0.06     0.08     1 
0130323238   40.18536    -74.32291     0.06     -0.06     0.09     1 
0130323239   40.18514    -74.28661     0.10     -0.11     0.15     1 
0130323240   40.18491    -74.25032     0.13     -0.12     0.17     1 
0130323241   40.18467    -74.21402     0.06     -0.07     0.09     1 
0130323242   40.18442    -74.17773     0.11     -0.08     0.13     1 
0130323243   40.18415    -74.14144    -0.25      0.02     0.25     1 
0130323244   40.18388    -74.10514     0.01     -0.00     0.01     1 
0130323245   40.18359    -74.06885     0.09     -0.06     0.10     1 
0130323246   40.18329    -74.03256    -0.08     -0.07     0.11     1 
0130323309   40.16071    -74.46829     0.11      0.05     0.12     1 
0130323310   40.16054    -74.43201     0.18      0.08     0.20     1 
0130323311   40.16035    -74.39572     0.07     -0.09     0.11     1 
0130323312   40.16016    -74.35944     0.08     -0.05     0.09     1 
0130323313   40.15995    -74.32316     0.07     -0.02     0.07     1 
0130323314   40.15973    -74.28688     0.10     -0.03     0.10     1 
0130323315   40.15950    -74.25060     0.14      0.02     0.14     1 
0130323316   40.15926    -74.21432     0.05     -0.03     0.06     1 
0130323317   40.15901    -74.17804     0.20      0.04     0.21     1 
0130323318   40.15875    -74.14176     0.08     -0.13     0.15     1 
0130323319   40.15847    -74.10548     0.04     -0.15     0.15     1 
0130323320   40.15819    -74.06920     0.08     -0.09     0.12     1 
0130323321   40.15789    -74.03292    -0.05     -0.15     0.15     1 
0130323383   40.13546    -74.50476     0.09      0.01     0.09     1 
0130323384   40.13530    -74.46849     0.06      0.08     0.10     1 
0130323385   40.13513    -74.43222     0.00      0.06     0.06     1 
0130323387   40.13475    -74.35968     0.11      0.11     0.16     1 
0130323388   40.13455    -74.32341     0.17     -0.08     0.19     1 
0130323390   40.13410    -74.25088     0.12     -0.01     0.12     1 
0130323391   40.13386    -74.21461     0.10     -0.06     0.12     1 
0130323392   40.13361    -74.17834     0.09     -0.12     0.15     1 
0130323393   40.13334    -74.14208     0.18     -0.07     0.19     1 
0130323394   40.13307    -74.10581    -0.02     -0.04     0.04     1 
0130323395   40.13278    -74.06954     0.17     -0.03     0.17     1 
0130323458   40.11006    -74.50494     0.07      0.01     0.07     1 
0130323459   40.10990    -74.46869     0.12      0.03     0.12     1 
0130323460   40.10972    -74.43243    -0.01     -0.08     0.09     1 
0130323461   40.10954    -74.39617     0.07     -0.02     0.07     1 
0130323462   40.10935    -74.35992     0.16     -0.03     0.17     1 
0130323463   40.10914    -74.32367     0.07      0.01     0.07     1 
0130323465   40.10869    -74.25115     0.12      0.04     0.13     1 
0130323466   40.10845    -74.21490     0.06     -0.02     0.07     1 
0130323467   40.10820    -74.17865     0.15     -0.12     0.19     1 
0130323468   40.10794    -74.14239     0.06     -0.11     0.13     1 
0130323469   40.10767    -74.10614     0.04     -0.01     0.04     1 
0130323470   40.10738    -74.06989     0.16     -0.04     0.16     1 
0130323533   40.08465    -74.50513     0.16     -0.07     0.17     1 
0130323534   40.08449    -74.46889     0.24      0.08     0.25     1 
0130323535   40.08432    -74.43264     0.06      0.06     0.08     1 
0130323536   40.08414    -74.39640     0.09      0.14     0.17     1 
0130323537   40.08394    -74.36016     0.00     -0.02     0.02     1 
0130323539   40.08352    -74.28767     0.08      0.02     0.08     1 
0130323540   40.08329    -74.25143     0.05     -0.15     0.16     1 
0130323541   40.08305    -74.21519    -0.02     -0.02     0.03     1 
0130323542   40.08280    -74.17895    -0.02     -0.05     0.05     1 
0130323543   40.08254    -74.14271     0.09     -0.04     0.10     1 
0130323544   40.08226    -74.10648     0.03     -0.03     0.04     1 
0130323545   40.08198    -74.07024    -0.03      0.00     0.03     1 
0130323546   40.08168    -74.03400    -0.18     -0.05     0.18     1 
0130323608   40.05924    -74.50531     0.06      0.03     0.07     1 
0130323609   40.05908    -74.46908     0.08      0.04     0.09     1 
0130323610   40.05891    -74.43285     0.04     -0.04     0.06     1 
0130323611   40.05873    -74.39662    -0.05      0.01     0.05     1 
0130323612   40.05853    -74.36039     0.05      0.16     0.16     1 
0130323613   40.05833    -74.32417    -0.01      0.23     0.23     1 
0130323614   40.05811    -74.28794    -0.07      0.04     0.08     1 
0130323616   40.05764    -74.21549     0.15      0.08     0.17     1 
0130323617   40.05739    -74.17926    -0.08     -0.07     0.11     1 
0130323618   40.05713    -74.14303    -0.03     -0.02     0.04     1 
0130323619   40.05686    -74.10681    -0.03      0.02     0.03     1 
0130323620   40.05657    -74.07058    -0.12     -0.05     0.13     1 
0130323683   40.03384    -74.50550     0.01      0.12     0.12     1 
0130323684   40.03368    -74.46928    -0.08      0.10     0.13     1 
0130323685   40.03351    -74.43306     0.03      0.04     0.05     1 
0130323686   40.03332    -74.39685     0.04     -0.09     0.09     1 
0130323687   40.03313    -74.36063     0.06      0.11     0.13     1 
0130323688   40.03292    -74.32442    -0.05      0.04     0.07     1 
0130323689   40.03271    -74.28820     0.02      0.02     0.03     1 
0130323691   40.03224    -74.21578     0.13     -0.14     0.20     1 
0130323693   40.03173    -74.14335    -0.05      0.03     0.06     1 
0130323694   40.03145    -74.10714    -0.04      0.04     0.06     1 
0130323695   40.03117    -74.07093    -0.14      0.00     0.14     1 
0130323757   40.00858    -74.54188    -0.03     -0.08     0.08     1 
0130323758   40.00843    -74.50568    -0.09     -0.05     0.10     1 
0130323759   40.00827    -74.46948    -0.08     -0.01     0.08     1 
0130323760   40.00810    -74.43327    -0.05     -0.05     0.07     1 
0130323761   40.00792    -74.39707     0.01      0.03     0.03     1 
0130323762   40.00772    -74.36087    -0.02     -0.02     0.03     1 
0130323763   40.00752    -74.32467    -0.03     -0.04     0.05     1 
0130323764   40.00730    -74.28847     0.11      0.02     0.11     1 
0130323765   40.00707    -74.25227    -0.17     -0.10     0.19     1 
0130323766   40.00683    -74.21607     0.09      0.04     0.10     1 
0130323767   40.00658    -74.17987     0.16     -0.09     0.18     1 
0130323768   40.00632    -74.14367    -0.03      0.04     0.05     1 
0130323769   40.00605    -74.10747    -0.08     -0.02     0.08     1 
0130323770   40.00576    -74.07127    -0.09     -0.04     0.10     1 
0130323832   39.98317    -74.54205    -0.07     -0.01     0.07     1 
0130323833   39.98302    -74.50586    -0.03     -0.06     0.07     1 
0130323834   39.98286    -74.46967    -0.13     -0.08     0.15     1 
0130323835   39.98269    -74.43348    -0.01      0.10     0.10     1 
0130323836   39.98251    -74.39729     0.04      0.04     0.05     1 
0130323837   39.98232    -74.36111    -0.01      0.10     0.10     1 
0130323838   39.98211    -74.32492    -0.07     -0.03     0.07     1 
0130323839   39.98190    -74.28873    -0.08     -0.07     0.10     1 
0130323840   39.98167    -74.25254    -0.07     -0.02     0.07     1 
0130323841   39.98143    -74.21636     0.18      0.01     0.18     1 
0130323842   39.98118    -74.18017     0.03      0.13     0.13     1 
0130323843   39.98092    -74.14399     0.05      0.03     0.06     1 
0130323844   39.98064    -74.10780    -0.01     -0.01     0.02     1 
0130323845   39.98036    -74.07161    -0.07      0.15     0.17     1 
0130323907   39.95777    -74.54222    -0.03      0.01     0.03     1 
0130323908   39.95762    -74.50605     0.05     -0.02     0.05     1 
0130323909   39.95746    -74.46987    -0.08      0.02     0.08     1 
0130323910   39.95729    -74.43369    -0.07      0.14     0.15     1 
0130323911   39.95710    -74.39752     0.07      0.04     0.08     1 
0130323912   39.95691    -74.36134    -0.01     -0.08     0.08     1 
0130323913   39.95671    -74.32517    -0.00     -0.10     0.10     1 
0130323914   39.95649    -74.28899    -0.01     -0.02     0.02     1 
0130323915   39.95626    -74.25282     0.05     -0.05     0.08     1 
0130323916   39.95602    -74.21665     0.06      0.03     0.07     1 
0130323917   39.95577    -74.18047     0.07     -0.01     0.07     1 
0130323918   39.95551    -74.14430     0.08     -0.07     0.11     1 
0130323919   39.95524    -74.10813    -0.09     -0.08     0.12     1 
0130323982   39.93236    -74.54239     0.06     -0.03     0.07     1 
0130323983   39.93221    -74.50623     0.06     -0.08     0.10     1 
0130323984   39.93205    -74.47007     0.21      0.15     0.26     1 
0130323985   39.93188    -74.43390     0.12      0.02     0.12     1 
0130323986   39.93170    -74.39774     0.07     -0.08     0.10     1 
0130323988   39.93130    -74.32542    -0.06     -0.25     0.25     1 
0130323989   39.93108    -74.28926    -0.14     -0.05     0.15     1 
0130323991   39.93062    -74.21694    -0.05     -0.08     0.09     1 
0130323993   39.93011    -74.14462    -0.09     -0.06     0.11     1 
0130323994   39.92983    -74.10846    -0.06     -0.03     0.07     1 
0130324057   39.90695    -74.54256    -0.04     -0.02     0.05     1 
0130324058   39.90680    -74.50641     0.05      0.20     0.20     1 
0130324059   39.90664    -74.47026     0.14      0.01     0.14     1 
0130324061   39.90629    -74.39796     0.03      0.03     0.04     1 
0130324065   39.90545    -74.25337     0.18      0.04     0.19     1 
0130324066   39.90521    -74.21723    -0.01     -0.01     0.02     1 
0130324067   39.90496    -74.18108    -0.14      0.03     0.14     1 
0130324131   39.88168    -74.57886     0.05      0.00     0.05     1 
0130324132   39.88154    -74.54273     0.05      0.05     0.07     1 
0130324133   39.88140    -74.50659     0.04     -0.04     0.05     1 
0130324134   39.88124    -74.47046     0.07     -0.10     0.13     1 
0130324135   39.88107    -74.43432     0.07     -0.01     0.08     1 
0130324137   39.88069    -74.36205     0.03      0.10     0.10     1 
0130324138   39.88049    -74.32592     0.08      0.03     0.08     1 
0130324139   39.88027    -74.28978    -0.12      0.02     0.12     1 
0130324140   39.88004    -74.25365    -0.22      0.09     0.24     1 
0130324142   39.87956    -74.18138     0.05     -0.04     0.07     1 
0130324143   39.87930    -74.14525    -0.10      0.08     0.13     1 
0130324206   39.85627    -74.57902     0.10      0.08     0.13     1 
0130324207   39.85614    -74.54290    -0.10      0.06     0.11     1 
0130324208   39.85599    -74.50677     0.26     -0.09     0.27     1 
0130324210   39.85566    -74.43453     0.00     -0.00     0.00     1 
0130324211   39.85548    -74.39841     0.04     -0.07     0.08     1 
0130324213   39.85508    -74.32617    -0.06      0.04     0.07     1 
0130324214   39.85486    -74.29004    -0.10      0.05     0.11     1 
0130324215   39.85464    -74.25392    -0.04     -0.02     0.05     1 
0130324216   39.85440    -74.21780    -0.01      0.05     0.05     1 
0130324217   39.85415    -74.18168     0.02      0.05     0.05     1 
0130324218   39.85389    -74.14557    -0.09      0.04     0.10     1 
0130324281   39.83087    -74.57918     0.09      0.09     0.13     1 
0130324282   39.83073    -74.54307     0.03     -0.01     0.03     1 
0130324283   39.83058    -74.50696    -0.00     -0.00     0.00     1 
0130324284   39.83042    -74.47085     0.03     -0.01     0.03     1 
0130324285   39.83025    -74.43474     0.01     -0.07     0.07     1 
0130324286   39.83007    -74.39863     0.02     -0.05     0.06     1 
0130324290   39.82923    -74.25420    -0.01     -0.24     0.24     1 
0130324291   39.82899    -74.21809    -0.05     -0.08     0.10     1 
0130324292   39.82875    -74.18199    -0.09     -0.06     0.11     1 
0130324293   39.82849    -74.14588    -0.03     -0.09     0.09     1 
0130324356   39.80546    -74.57933    -0.05      0.06     0.08     1 
0130324357   39.80532    -74.54323     0.02      0.07     0.07     1 
0130324358   39.80517    -74.50714     0.01      0.05     0.05     1 
0130324359   39.80501    -74.47104     0.07      0.06     0.09     1 
0130324366   39.80359    -74.21838     0.01     -0.04     0.05     1 
0130324367   39.80334    -74.18229    -0.04      0.01     0.04     1 
0130324369   39.80281    -74.11010    -0.18      0.00     0.18     1 
0130324431   39.78005    -74.57949     0.04      0.05     0.06     1 
0130324432   39.77991    -74.54340    -0.02      0.18     0.18     1 
0130324434   39.77961    -74.47124    -0.08     -0.04     0.09     1 
0130324438   39.77886    -74.32691     0.09      0.06     0.10     1 
0130324441   39.77818    -74.21867     0.03      0.05     0.06     1 
0130324442   39.77793    -74.18259    -0.03      0.05     0.05     1 
0130324444   39.77740    -74.11043     0.02      0.26     0.26     1 
0130324505   39.75477    -74.61571     0.15      0.13     0.20     1 
0130324506   39.75464    -74.57964     0.08      0.06     0.10     1 
0130324508   39.75436    -74.50750     0.09      0.01     0.09     1 
0130324511   39.75385    -74.39929     0.23      0.00     0.23     1 
0130324512   39.75366    -74.36322     0.17      0.07     0.18     1 
0130324514   39.75324    -74.29109     0.09      0.05     0.10     1 
0130324515   39.75301    -74.25502     0.16      0.01     0.16     1 
0130324516   39.75278    -74.21895     0.11      0.09     0.14     1 
0130324517   39.75253    -74.18289    -0.04      0.07     0.08     1 
0130324518   39.75227    -74.14682     0.01     -0.06     0.06     1 
0130324580   39.72936    -74.61585     0.01      0.08     0.08     1 
0130324581   39.72923    -74.57979     0.18      0.08     0.20     1 
0130324582   39.72910    -74.54374     0.01      0.11     0.11     1 
0130324583   39.72895    -74.50768    -0.08      0.27     0.28     1 
0130324584   39.72879    -74.47163     0.04      0.00     0.04     1 
0130324587   39.72825    -74.36346     0.15      0.04     0.16     1 
0130324588   39.72805    -74.32740    -0.15     -0.04     0.15     1 
0130324589   39.72783    -74.29135     0.23      0.10     0.25     1 
0130324590   39.72761    -74.25530     0.15      0.16     0.22     1 
0130324591   39.72737    -74.21924    -0.01      0.12     0.12     1 
0130324592   39.72712    -74.18319    -0.01      0.04     0.05     1 
0130324593   39.72686    -74.14714    -0.09      0.03     0.10     1 
0130324655   39.70395    -74.61599     0.12      0.17     0.21     1 
0130324658   39.70354    -74.50786     0.13      0.16     0.21     1 
0130324663   39.70264    -74.32765    -0.11      0.04     0.11     1 
0130324664   39.70242    -74.29161    -0.06     -0.05     0.08     1 
0130324665   39.70220    -74.25557     0.04      0.08     0.09     1 
0130324667   39.70172    -74.18349    -0.05      0.07     0.09     1 
0130324668   39.70146    -74.14745    -0.06      0.10     0.11     1 
0130324732   39.67828    -74.54407     0.08      0.10     0.13     1 
0130324738   39.67723    -74.32790     0.08      0.02     0.08     1 
0130324740   39.67679    -74.25584     0.02     -0.06     0.07     1 
0130324741   39.67656    -74.21981    -0.03      0.06     0.07     1 
0130324742   39.67631    -74.18379    -0.08      0.09     0.12     1 
0130324813   39.65183    -74.32814    -0.08      0.16     0.18     1 
0130324814   39.65161    -74.29213     0.02      0.05     0.05     1 
0130324815   39.65139    -74.25611    -0.04      0.04     0.06     1 
0130324816   39.65115    -74.22010    -0.07      0.07     0.10     1 
0130324817   39.65090    -74.18409    -0.07      0.11     0.13     1 
0130324891   39.62574    -74.22038    -0.06      0.01     0.06     1 
----------------------------------------------------------------------
---------------------------------------------------
Total correlated GCPs in Upper Left Quadrant: 616

GCP statistics this quadrant only (in Pixels)
Line residual statistics:
  Mean: 0.017
  Median: 0.023
  Standard Deviation: 0.086

Sample residual statistics:
  Mean: 0.001
  Median: 0.001
  Standard Deviation: 0.062

Quadrant RMSE: 0.107

---------------------------------------------------
Total correlated GCPs in Upper Right Quadrant: 209

GCP statistics this quadrant only (in Pixels)
Line residual statistics:
  Mean: 0.021
  Median: 0.030
  Standard Deviation: 0.096

Sample residual statistics:
  Mean: -0.012
  Median: -0.013
  Standard Deviation: 0.067

Quadrant RMSE: 0.120

---------------------------------------------------
Total correlated GCPs in Lower Left Quadrant: 350

GCP statistics this quadrant only (in Pixels)
Line residual statistics:
  Mean: 0.042
  Median: 0.052
  Standard Deviation: 0.092

Sample residual statistics:
  Mean: -0.003
  Median: -0.011
  Standard Deviation: 0.075

Quadrant RMSE: 0.126

---------------------------------------------------
Total correlated GCPs in Lower Right Quadrant: 0

GCP statistics this quadrant only (in Pixels)
Line residual statistics:
  Mean: 0.000
  Median: 0.000
  Standard Deviation: 0.000

Sample residual statistics:
  Mean: 0.000
  Median: 0.000
  Standard Deviation: 0.000

Quadrant RMSE: 0.000

---------------------------------------------------
---------------------------------------------------
Total correlated GCPs in scene: 1175

GCP statistics entire scene (in Pixels)
Line residual statistics:
  Mean: 0.025
  Median: 0.032
  Standard Deviation: 0.090

Sample residual statistics:
  Mean: -0.002
  Median: -0.003
  Standard Deviation: 0.067

Scene RMSE: 0.115

