==============================================================================
==============================================================================
Tue. Sep. 27 2016                  LANDSAT 5                       Time: 21:48
                            Image Assessment System
                            GEOMETRIC VERIFY Report
==============================================================================
Order ID: 0501609263030_07083                          Path / Row - 13 / 32
Reference Image: L51XXX1094221141300_HDF.L1G

Color mapping per rank
----------------------
Rank  1 is Green: total residual <= 0.5
Rank  2 is Cyan: 0.5 < total residual <=  1
Rank  3 is Blue:  1 < total residual <=  2
Rank  4 is Yellow:  2 < total residual <=  3
Rank  5 is Red:  3 < total residual

Percentage of residuals by rank
-------------------------------
Rank   1 -- 100.0%
Rank   2 --  0.0%
Rank   3 --  0.0%
Rank   4 --  0.0%
Rank   5 --  0.0%

       GCP    Latitude    Longitude  Sample   Line     Total    Rank
        ID                           Residual Residual Residual
              (Degree)    (Degree)   (Pixel)  (Pixel)  (Pixel)
----------------------------------------------------------------------
0130320092   41.25921    -74.13933     0.02      0.28     0.28     1 
0130320093   41.25893    -74.10245    -0.06      0.22     0.23     1 
0130320094   41.25864    -74.06556     0.34     -0.18     0.39     1 
0130320095   41.25833    -74.02868     0.09      0.28     0.30     1 
0130320096   41.25802    -73.99180     0.32     -0.00     0.32     1 
0130320167   41.23381    -74.13966    -0.07      0.12     0.14     1 
0130320168   41.23353    -74.10279    -0.07      0.17     0.19     1 
0130320169   41.23324    -74.06592     0.27      0.15     0.30     1 
0130320171   41.23262    -73.99219     0.21      0.05     0.22     1 
0130320172   41.23229    -73.95533    -0.29      0.07     0.29     1 
0130320173   41.23195    -73.91846     0.01      0.07     0.08     1 
0130320174   41.23160    -73.88160     0.18      0.04     0.19     1 
0130320175   41.23123    -73.84474    -0.14      0.08     0.16     1 
0130320176   41.23086    -73.80787    -0.13      0.03     0.13     1 
0130320177   41.23047    -73.77101    -0.46      0.10     0.47     1 
0130320241   41.20868    -74.17685     0.11      0.05     0.12     1 
0130320242   41.20842    -74.13999     0.05      0.07     0.08     1 
0130320243   41.20813    -74.10314    -0.01      0.04     0.04     1 
0130320244   41.20784    -74.06629    -0.02      0.21     0.22     1 
0130320245   41.20754    -74.02943     0.30      0.10     0.32     1 
0130320246   41.20722    -73.99258     0.17      0.11     0.20     1 
0130320247   41.20689    -73.95573     0.11      0.02     0.11     1 
0130320249   41.20620    -73.88203     0.09      0.08     0.12     1 
0130320250   41.20584    -73.84518     0.17      0.00     0.17     1 
0130320251   41.20546    -73.80833     0.29     -0.03     0.29     1 
0130320252   41.20507    -73.77149     0.26      0.01     0.26     1 
0130320253   41.20467    -73.73464     0.18     -0.01     0.18     1 
0130320254   41.20426    -73.69779     0.32      0.03     0.33     1 
0130320255   41.20384    -73.66095     0.38     -0.12     0.40     1 
0130320256   41.20341    -73.62410     0.20     -0.14     0.24     1 
0130320257   41.20296    -73.58726    -0.03      0.01     0.03     1 
0130320316   41.18328    -74.17716     0.18      0.09     0.20     1 
0130320317   41.18301    -74.14033     0.14     -0.04     0.14     1 
0130320318   41.18273    -74.10349     0.32      0.31     0.45     1 
0130320319   41.18244    -74.06665     0.33      0.03     0.33     1 
0130320320   41.18214    -74.02981     0.36      0.12     0.38     1 
0130320321   41.18182    -73.99297     0.27     -0.02     0.27     1 
0130320324   41.18080    -73.88246    -0.09      0.01     0.09     1 
0130320325   41.18044    -73.84563     0.26     -0.00     0.26     1 
0130320326   41.18006    -73.80880     0.29     -0.00     0.29     1 
0130320327   41.17968    -73.77196     0.18     -0.01     0.18     1 
0130320328   41.17928    -73.73513     0.27      0.02     0.27     1 
0130320329   41.17887    -73.69830     0.25     -0.01     0.25     1 
0130320330   41.17845    -73.66147     0.08     -0.08     0.11     1 
0130320331   41.17801    -73.62463     0.11     -0.03     0.11     1 
0130320332   41.17757    -73.58781    -0.10     -0.01     0.10     1 
0130320334   41.17664    -73.51415     0.20     -0.01     0.20     1 
0130320335   41.17616    -73.47732     0.01      0.01     0.02     1 
0130320336   41.17567    -73.44050     0.11     -0.06     0.13     1 
0130320337   41.17516    -73.40367     0.21     -0.02     0.21     1 
0130320391   41.15789    -74.17748     0.10      0.14     0.17     1 
0130320392   41.15762    -74.14066     0.20      0.14     0.24     1 
0130320393   41.15734    -74.10383     0.09      0.20     0.22     1 
0130320394   41.15704    -74.06701     0.38      0.15     0.41     1 
0130320395   41.15674    -74.03018     0.39      0.08     0.40     1 
0130320396   41.15642    -73.99336     0.19      0.15     0.24     1 
0130320397   41.15610    -73.95654     0.01      0.13     0.13     1 
0130320400   41.15504    -73.84607     0.28     -0.03     0.28     1 
0130320401   41.15467    -73.80925     0.25     -0.05     0.26     1 
0130320402   41.15428    -73.77244     0.09      0.06     0.11     1 
0130320403   41.15388    -73.73562     0.27      0.07     0.28     1 
0130320404   41.15347    -73.69880     0.21      0.11     0.24     1 
0130320405   41.15305    -73.66198     0.04      0.02     0.05     1 
0130320406   41.15262    -73.62517     0.02     -0.04     0.05     1 
0130320407   41.15217    -73.58835     0.11      0.04     0.12     1 
0130320408   41.15171    -73.55154     0.21     -0.06     0.22     1 
0130320409   41.15125    -73.51472     0.19     -0.00     0.19     1 
0130320410   41.15076    -73.47791     0.32     -0.05     0.32     1 
0130320411   41.15027    -73.44110     0.21     -0.07     0.22     1 
0130320412   41.14977    -73.40429     0.29     -0.11     0.31     1 
0130320413   41.14925    -73.36748     0.21     -0.01     0.21     1 
0130320414   41.14872    -73.33067     0.34     -0.12     0.36     1 
0130320415   41.14818    -73.29386     0.25     -0.03     0.25     1 
0130320416   41.14763    -73.25705     0.15     -0.06     0.16     1 
0130320417   41.14707    -73.22025    -0.33     -0.19     0.38     1 
0130320466   41.13249    -74.17780     0.31      0.14     0.34     1 
0130320467   41.13222    -74.14099     0.30     -0.03     0.30     1 
0130320469   41.13164    -74.06737     0.40      0.05     0.41     1 
0130320470   41.13134    -74.03056     0.31      0.05     0.31     1 
0130320471   41.13102    -73.99375     0.28      0.06     0.28     1 
0130320473   41.13036    -73.92013     0.25      0.07     0.26     1 
0130320475   41.12964    -73.84652     0.36      0.05     0.37     1 
0130320476   41.12927    -73.80971     0.26      0.10     0.28     1 
0130320477   41.12888    -73.77291     0.30     -0.01     0.30     1 
0130320478   41.12848    -73.73610     0.12      0.05     0.13     1 
0130320479   41.12808    -73.69930     0.25      0.08     0.27     1 
0130320480   41.12765    -73.66250     0.17     -0.02     0.17     1 
0130320481   41.12722    -73.62570     0.21     -0.01     0.21     1 
0130320482   41.12678    -73.58890    -0.05      0.03     0.06     1 
0130320483   41.12632    -73.55209    -0.01      0.03     0.03     1 
0130320484   41.12585    -73.51530     0.20     -0.01     0.21     1 
0130320485   41.12537    -73.47850     0.26     -0.02     0.26     1 
0130320486   41.12488    -73.44170     0.25      0.03     0.25     1 
0130320487   41.12438    -73.40490     0.13      0.03     0.14     1 
0130320488   41.12386    -73.36811     0.12      0.02     0.12     1 
0130320489   41.12333    -73.33131    -0.08     -0.02     0.08     1 
0130320490   41.12279    -73.29452    -0.28     -0.09     0.29     1 
0130320491   41.12224    -73.25772    -0.38     -0.08     0.39     1 
0130320541   41.10708    -74.17812     0.20      0.19     0.28     1 
0130320543   41.10654    -74.10452     0.45      0.10     0.46     1 
0130320544   41.10624    -74.06773     0.35      0.02     0.35     1 
0130320545   41.10594    -74.03093     0.10     -0.00     0.10     1 
0130320546   41.10563    -73.99414     0.12      0.07     0.14     1 
0130320547   41.10530    -73.95734     0.09      0.02     0.10     1 
0130320551   41.10387    -73.81017     0.35     -0.03     0.35     1 
0130320552   41.10349    -73.77338     0.13     -0.03     0.13     1 
0130320553   41.10309    -73.73659    -0.10      0.01     0.10     1 
0130320554   41.10268    -73.69980     0.24     -0.00     0.24     1 
0130320555   41.10226    -73.66301     0.27     -0.03     0.28     1 
0130320556   41.10182    -73.62623     0.10     -0.07     0.13     1 
0130320557   41.10138    -73.58944     0.15     -0.01     0.16     1 
0130320558   41.10092    -73.55265     0.18     -0.01     0.18     1 
0130320559   41.10046    -73.51587     0.23     -0.03     0.23     1 
0130320560   41.09998    -73.47908     0.27     -0.04     0.27     1 
0130320561   41.09949    -73.44230     0.09     -0.06     0.11     1 
0130320562   41.09898    -73.40552    -0.15     -0.06     0.16     1 
0130320563   41.09847    -73.36874    -0.32     -0.24     0.40     1 
0130320615   41.08194    -74.21522     0.18      0.11     0.22     1 
0130320616   41.08168    -74.17843     0.13      0.09     0.16     1 
0130320617   41.08142    -74.14165     0.08      0.10     0.13     1 
0130320618   41.08114    -74.10487     0.33     -0.01     0.33     1 
0130320619   41.08084    -74.06809     0.42      0.01     0.42     1 
0130320620   41.08054    -74.03131     0.32      0.03     0.32     1 
0130320621   41.08023    -73.99452     0.39      0.00     0.39     1 
0130320622   41.07990    -73.95775     0.02      0.09     0.09     1 
0130320624   41.07921    -73.88419    -0.03     -0.33     0.33     1 
0130320625   41.07885    -73.84741     0.18     -0.03     0.18     1 
0130320626   41.07847    -73.81063     0.19     -0.09     0.21     1 
0130320627   41.07809    -73.77385     0.09     -0.01     0.09     1 
0130320628   41.07769    -73.73708    -0.25     -0.00     0.25     1 
0130320629   41.07728    -73.70030     0.24     -0.02     0.24     1 
0130320630   41.07686    -73.66353     0.17     -0.03     0.18     1 
0130320631   41.07643    -73.62676     0.30      0.01     0.30     1 
0130320632   41.07599    -73.58998     0.09      0.02     0.10     1 
0130320633   41.07553    -73.55321     0.04     -0.02     0.05     1 
0130320634   41.07506    -73.51644     0.04      0.06     0.07     1 
0130320635   41.07458    -73.47967     0.07      0.01     0.07     1 
0130320636   41.07409    -73.44290     0.03      0.01     0.03     1 
0130320637   41.07359    -73.40613    -0.17      0.05     0.18     1 
0130320638   41.07307    -73.36936    -0.17     -0.01     0.17     1 
0130320690   41.05654    -74.21552     0.28      0.14     0.31     1 
0130320691   41.05628    -74.17875     0.37     -0.01     0.37     1 
0130320692   41.05602    -74.14198     0.18      0.05     0.19     1 
0130320693   41.05574    -74.10521     0.26      0.12     0.28     1 
0130320694   41.05544    -74.06844     0.21      0.04     0.21     1 
0130320695   41.05514    -74.03168     0.22      0.04     0.22     1 
0130320696   41.05483    -73.99491     0.15     -0.02     0.15     1 
0130320697   41.05450    -73.95815     0.07      0.04     0.09     1 
0130320700   41.05345    -73.84785     0.11      0.02     0.11     1 
0130320701   41.05308    -73.81109     0.25      0.03     0.25     1 
0130320702   41.05269    -73.77433     0.17     -0.05     0.18     1 
0130320703   41.05230    -73.73756     0.15     -0.03     0.15     1 
0130320704   41.05189    -73.70080     0.15      0.00     0.15     1 
0130320705   41.05147    -73.66404     0.11      0.01     0.11     1 
0130320706   41.05103    -73.62728     0.20     -0.00     0.20     1 
0130320707   41.05059    -73.59052     0.11     -0.02     0.11     1 
0130320708   41.05013    -73.55377     0.06     -0.08     0.10     1 
0130320709   41.04967    -73.51701     0.05     -0.04     0.06     1 
0130320710   41.04919    -73.48025    -0.22     -0.09     0.24     1 
0130320711   41.04870    -73.44350    -0.39      0.02     0.39     1 
0130320712   41.04820    -73.40674    -0.31     -0.15     0.35     1 
0130320738   41.03102    -72.45153    -0.20     -0.12     0.23     1 
0130320739   41.03021    -72.41480    -0.26     -0.23     0.35     1 
0130320765   41.03114    -74.21582     0.15      0.18     0.23     1 
0130320766   41.03088    -74.17906     0.26      0.17     0.31     1 
0130320767   41.03062    -74.14231     0.31      0.03     0.32     1 
0130320768   41.03034    -74.10556     0.34      0.12     0.36     1 
0130320769   41.03005    -74.06880     0.28      0.03     0.28     1 
0130320770   41.02974    -74.03205     0.13      0.06     0.14     1 
0130320771   41.02943    -73.99530     0.05      0.09     0.10     1 
0130320772   41.02910    -73.95855     0.27      0.06     0.28     1 
0130320773   41.02876    -73.92180     0.29     -0.02     0.29     1 
0130320775   41.02805    -73.84829     0.30     -0.08     0.31     1 
0130320776   41.02768    -73.81155     0.28     -0.02     0.28     1 
0130320777   41.02730    -73.77480     0.09     -0.09     0.13     1 
0130320778   41.02690    -73.73805     0.18     -0.08     0.20     1 
0130320779   41.02649    -73.70130     0.22     -0.12     0.25     1 
0130320780   41.02607    -73.66456     0.13      0.02     0.13     1 
0130320781   41.02564    -73.62781    -0.02      0.03     0.04     1 
0130320782   41.02519    -73.59107    -0.13     -0.10     0.16     1 
0130320783   41.02474    -73.55432    -0.15     -0.07     0.16     1 
0130320784   41.02427    -73.51758    -0.24     -0.24     0.34     1 
0130320810   41.00803    -72.56264    -0.06      0.06     0.08     1 
0130320812   41.00645    -72.48921     0.08     -0.08     0.12     1 
0130320813   41.00565    -72.45250    -0.46     -0.06     0.46     1 
0130320816   41.00316    -72.34239    -0.35     -0.20     0.40     1 
0130320817   41.00231    -72.30568    -0.29     -0.13     0.32     1 
0130320818   41.00144    -72.26898    -0.00     -0.13     0.13     1 
0130320819   41.00057    -72.23228     0.09     -0.06     0.11     1 
0130320840   41.00574    -74.21612     0.26      0.16     0.30     1 
0130320841   41.00548    -74.17938     0.22      0.09     0.23     1 
0130320842   41.00522    -74.14264     0.28      0.10     0.30     1 
0130320843   41.00494    -74.10590     0.22      0.10     0.24     1 
0130320844   41.00465    -74.06916     0.35      0.10     0.36     1 
0130320845   41.00434    -74.03242     0.32      0.07     0.33     1 
0130320846   41.00403    -73.99568     0.26      0.00     0.26     1 
0130320847   41.00370    -73.95895     0.18      0.01     0.18     1 
0130320848   41.00337    -73.92221     0.23      0.02     0.23     1 
0130320850   41.00265    -73.84874     0.15      0.04     0.16     1 
0130320851   41.00228    -73.81200     0.28      0.01     0.29     1 
0130320852   41.00190    -73.77527     0.23     -0.05     0.24     1 
0130320853   41.00150    -73.73853     0.27     -0.05     0.27     1 
0130320854   41.00109    -73.70180     0.15      0.04     0.16     1 
0130320855   41.00067    -73.66507    -0.06     -0.02     0.07     1 
0130320856   41.00024    -73.62834    -0.22     -0.11     0.24     1 
0130320857   40.99980    -73.59161    -0.32     -0.05     0.32     1 
0130320884   40.98342    -72.60027     0.04      0.08     0.09     1 
0130320885   40.98265    -72.56357     0.08      0.15     0.17     1 
0130320886   40.98187    -72.52687    -0.13     -0.15     0.20     1 
0130320888   40.98027    -72.45348    -0.16      0.08     0.17     1 
0130320892   40.97693    -72.30672     0.04     -0.10     0.11     1 
0130320893   40.97607    -72.27003    -0.05      0.06     0.08     1 
0130320894   40.97519    -72.23334     0.05     -0.08     0.09     1 
0130320895   40.97431    -72.19666    -0.02     -0.05     0.06     1 
0130320896   40.97341    -72.15998     0.07     -0.09     0.11     1 
0130320914   40.98058    -74.25315    -0.20      0.25     0.32     1 
0130320915   40.98034    -74.21642     0.01      0.15     0.15     1 
0130320917   40.97982    -74.14297     0.26      0.08     0.27     1 
0130320918   40.97954    -74.10624     0.18      0.03     0.18     1 
0130320919   40.97925    -74.06952     0.17      0.02     0.17     1 
0130320920   40.97894    -74.03279     0.24      0.04     0.25     1 
0130320921   40.97863    -73.99607    -0.10      0.10     0.14     1 
0130320922   40.97830    -73.95935     0.12      0.14     0.18     1 
0130320925   40.97726    -73.84918     0.17      0.04     0.18     1 
0130320926   40.97688    -73.81246     0.22      0.04     0.23     1 
0130320927   40.97650    -73.77574     0.18     -0.05     0.19     1 
0130320928   40.97610    -73.73902     0.07      0.11     0.13     1 
0130320929   40.97570    -73.70230     0.02     -0.01     0.03     1 
0130320930   40.97528    -73.66558    -0.17     -0.18     0.25     1 
0130320931   40.97485    -73.62886    -0.12      0.08     0.15     1 
0130320944   40.96818    -73.15162    -0.09      0.34     0.36     1 
0130320945   40.96759    -73.11492    -0.04     -0.05     0.06     1 
0130320946   40.96698    -73.07822    -0.08      0.07     0.10     1 
0130320947   40.96636    -73.04151     0.05     -0.09     0.11     1 
0130320953   40.96241    -72.82133     0.23     -0.01     0.23     1 
0130320954   40.96171    -72.78463     0.01     -0.07     0.07     1 
0130320956   40.96028    -72.71125    -0.08     -0.31     0.32     1 
0130320959   40.95804    -72.60119     0.12     -0.03     0.12     1 
0130320960   40.95727    -72.56450     0.08     -0.22     0.23     1 
0130320964   40.95407    -72.41778    -0.21      0.15     0.25     1 
0130320965   40.95325    -72.38110     0.12      0.10     0.15     1 
0130320966   40.95241    -72.34442    -0.05     -0.16     0.16     1 
0130320967   40.95155    -72.30775     0.06      0.06     0.09     1 
0130320968   40.95069    -72.27108     0.01     -0.08     0.08     1 
0130320969   40.94982    -72.23440    -0.12      0.05     0.13     1 
0130320989   40.95518    -74.25343     0.21      0.07     0.22     1 
0130320990   40.95494    -74.21672     0.08      0.12     0.14     1 
0130320991   40.95468    -74.18001     0.16      0.11     0.20     1 
0130320992   40.95441    -74.14330     0.19      0.12     0.22     1 
0130320993   40.95414    -74.10659     0.27      0.13     0.30     1 
0130320994   40.95385    -74.06987     0.06      0.10     0.11     1 
0130320995   40.95354    -74.03316     0.19      0.06     0.19     1 
0130320996   40.95323    -73.99645     0.34      0.04     0.34     1 
0130320997   40.95291    -73.95974     0.35      0.01     0.35     1 
0130320999   40.95222    -73.88633    -0.03      0.01     0.03     1 
0130321000   40.95186    -73.84962     0.17      0.03     0.18     1 
0130321001   40.95149    -73.81291     0.07      0.04     0.08     1 
0130321002   40.95110    -73.77621     0.27     -0.01     0.27     1 
0130321003   40.95071    -73.73950    -0.07      0.01     0.07     1 
0130321004   40.95030    -73.70280    -0.15     -0.12     0.19     1 
0130321010   40.94761    -73.48259     0.02     -0.11     0.11     1 
0130321012   40.94662    -73.40919     0.21      0.22     0.30     1 
0130321013   40.94611    -73.37249     0.00     -0.00     0.00     1 
0130321020   40.94220    -73.11564     0.15     -0.05     0.15     1 
0130321021   40.94159    -73.07895     0.14     -0.00     0.14     1 
0130321022   40.94097    -73.04226     0.28     -0.09     0.29     1 
0130321023   40.94035    -73.00558     0.26     -0.27     0.37     1 
0130321024   40.93970    -72.96889     0.21     -0.14     0.25     1 
0130321025   40.93905    -72.93221     0.25     -0.02     0.25     1 
0130321026   40.93839    -72.89553     0.32      0.24     0.40     1 
0130321027   40.93771    -72.85884     0.21     -0.00     0.21     1 
0130321028   40.93702    -72.82216     0.18     -0.02     0.18     1 
0130321029   40.93633    -72.78548     0.30     -0.09     0.31     1 
0130321031   40.93489    -72.71213     0.11     -0.09     0.14     1 
0130321032   40.93416    -72.67545    -0.03      0.05     0.06     1 
0130321033   40.93341    -72.63878     0.08     -0.02     0.08     1 
0130321034   40.93266    -72.60211    -0.14      0.04     0.15     1 
0130321035   40.93189    -72.56544    -0.41      0.11     0.42     1 
0130321038   40.92951    -72.45543    -0.24     -0.06     0.25     1 
0130321039   40.92870    -72.41877    -0.06     -0.01     0.06     1 
0130321040   40.92787    -72.38210     0.12     -0.09     0.15     1 
0130321041   40.92703    -72.34544    -0.02      0.07     0.08     1 
0130321042   40.92618    -72.30878    -0.10     -0.02     0.11     1 
0130321044   40.92444    -72.23546    -0.21      0.40     0.45     1 
0130321064   40.92978    -74.25372     0.26      0.03     0.26     1 
0130321065   40.92954    -74.21702     0.24      0.06     0.24     1 
0130321066   40.92928    -74.18032     0.06      0.04     0.07     1 
0130321067   40.92901    -74.14363    -0.06      0.03     0.07     1 
0130321068   40.92874    -74.10693     0.23      0.07     0.24     1 
0130321069   40.92845    -74.07023     0.19      0.01     0.19     1 
0130321070   40.92814    -74.03353     0.12      0.02     0.12     1 
0130321071   40.92783    -73.99684     0.17      0.08     0.18     1 
0130321072   40.92750    -73.96014     0.14      0.08     0.16     1 
0130321074   40.92682    -73.88675     0.10      0.01     0.10     1 
0130321075   40.92646    -73.85006     0.06      0.03     0.07     1 
0130321076   40.92609    -73.81337     0.15     -0.05     0.16     1 
0130321077   40.92571    -73.77668     0.13      0.01     0.13     1 
0130321078   40.92531    -73.73999    -0.18     -0.09     0.20     1 
0130321083   40.92316    -73.55654     0.10     -0.25     0.27     1 
0130321084   40.92269    -73.51985    -0.03     -0.14     0.14     1 
0130321085   40.92222    -73.48317    -0.06      0.23     0.24     1 
0130321086   40.92173    -73.44648    -0.26     -0.10     0.28     1 
0130321087   40.92123    -73.40980    -0.38      0.05     0.38     1 
0130321088   40.92072    -73.37311    -0.22     -0.02     0.22     1 
0130321089   40.92019    -73.33643     0.13     -0.07     0.15     1 
0130321090   40.91966    -73.29975     0.20     -0.02     0.20     1 
0130321091   40.91911    -73.26307     0.18      0.21     0.27     1 
0130321093   40.91798    -73.18972     0.14     -0.19     0.24     1 
0130321094   40.91740    -73.15304     0.07     -0.11     0.13     1 
0130321095   40.91681    -73.11636     0.14     -0.09     0.17     1 
0130321096   40.91620    -73.07969     0.15     -0.05     0.16     1 
0130321097   40.91559    -73.04301     0.08     -0.08     0.11     1 
0130321098   40.91496    -73.00634     0.13     -0.04     0.13     1 
0130321099   40.91432    -72.96967     0.32      0.07     0.33     1 
0130321101   40.91300    -72.89633     0.15     -0.07     0.17     1 
0130321102   40.91233    -72.85966     0.08      0.00     0.08     1 
0130321103   40.91164    -72.82300     0.13     -0.04     0.14     1 
0130321104   40.91094    -72.78633     0.02     -0.04     0.04     1 
0130321105   40.91023    -72.74967     0.07     -0.08     0.10     1 
0130321106   40.90951    -72.71300    -0.03      0.03     0.04     1 
0130321107   40.90878    -72.67634     0.04     -0.02     0.05     1 
0130321108   40.90803    -72.63968    -0.16     -0.09     0.18     1 
0130321109   40.90728    -72.60303    -0.12     -0.05     0.13     1 
0130321110   40.90651    -72.56637    -0.18     -0.13     0.22     1 
0130321111   40.90573    -72.52971    -0.25     -0.20     0.32     1 
0130321113   40.90413    -72.45641    -0.14     -0.03     0.15     1 
0130321114   40.90332    -72.41975     0.07     -0.02     0.08     1 
0130321115   40.90249    -72.38311    -0.11     -0.02     0.12     1 
0130321116   40.90165    -72.34646    -0.26     -0.08     0.27     1 
0130321117   40.90080    -72.30981     0.06      0.03     0.07     1 
0130321139   40.90438    -74.25401     0.04      0.07     0.08     1 
0130321140   40.90413    -74.21732     0.07      0.11     0.13     1 
0130321141   40.90388    -74.18064     0.01      0.10     0.10     1 
0130321142   40.90361    -74.14395     0.01      0.02     0.03     1 
0130321143   40.90333    -74.10727     0.05      0.02     0.05     1 
0130321144   40.90304    -74.07059     0.10      0.01     0.10     1 
0130321145   40.90274    -74.03390     0.04     -0.12     0.12     1 
0130321146   40.90243    -73.99722     0.22     -0.10     0.24     1 
0130321147   40.90211    -73.96054     0.18     -0.04     0.18     1 
0130321149   40.90142    -73.88718     0.29      0.00     0.29     1 
0130321150   40.90106    -73.85050     0.02     -0.03     0.04     1 
0130321151   40.90069    -73.81382     0.01     -0.04     0.04     1 
0130321152   40.90031    -73.77714    -0.04     -0.11     0.11     1 
0130321156   40.89866    -73.63044     0.03     -0.04     0.05     1 
0130321157   40.89822    -73.59377     0.12      0.01     0.12     1 
0130321158   40.89776    -73.55709    -0.16     -0.14     0.21     1 
0130321159   40.89730    -73.52042    -0.15     -0.14     0.20     1 
0130321160   40.89682    -73.48375    -0.34     -0.06     0.34     1 
0130321161   40.89633    -73.44708     0.06     -0.01     0.06     1 
0130321162   40.89583    -73.41041     0.05      0.12     0.13     1 
0130321163   40.89532    -73.37374     0.01      0.03     0.03     1 
0130321164   40.89480    -73.33707     0.17     -0.04     0.17     1 
0130321165   40.89426    -73.30040     0.40      0.07     0.40     1 
0130321166   40.89372    -73.26374     0.17     -0.02     0.17     1 
0130321167   40.89316    -73.22707     0.19     -0.03     0.19     1 
0130321168   40.89259    -73.19041     0.11      0.08     0.14     1 
0130321169   40.89201    -73.15374     0.25     -0.04     0.25     1 
0130321170   40.89142    -73.11708     0.16     -0.08     0.18     1 
0130321171   40.89081    -73.08042     0.05     -0.06     0.08     1 
0130321172   40.89020    -73.04376     0.13     -0.07     0.15     1 
0130321173   40.88957    -73.00710     0.07     -0.01     0.07     1 
0130321174   40.88893    -72.97045     0.33     -0.11     0.35     1 
0130321175   40.88828    -72.93379     0.02     -0.10     0.11     1 
0130321176   40.88761    -72.89714     0.35      0.02     0.35     1 
0130321177   40.88694    -72.86048     0.13      0.02     0.13     1 
0130321178   40.88625    -72.82383     0.22      0.08     0.24     1 
0130321179   40.88556    -72.78718     0.12     -0.10     0.15     1 
0130321180   40.88485    -72.75053     0.18     -0.07     0.19     1 
0130321181   40.88413    -72.71388    -0.01     -0.03     0.03     1 
0130321182   40.88339    -72.67723     0.01     -0.03     0.03     1 
0130321183   40.88265    -72.64059     0.07      0.02     0.07     1 
0130321185   40.88113    -72.56730    -0.06      0.03     0.07     1 
0130321186   40.88035    -72.53066     0.05     -0.01     0.05     1 
0130321187   40.87956    -72.49402    -0.25     -0.06     0.25     1 
0130321188   40.87875    -72.45738    -0.34     -0.12     0.36     1 
0130321189   40.87794    -72.42074    -0.05      0.00     0.05     1 
0130321190   40.87712    -72.38411     0.04      0.04     0.06     1 
0130321214   40.87898    -74.25429     0.10      0.05     0.11     1 
0130321215   40.87873    -74.21762     0.06      0.04     0.07     1 
0130321216   40.87848    -74.18095     0.04      0.04     0.06     1 
0130321217   40.87821    -74.14428    -0.06      0.12     0.13     1 
0130321218   40.87794    -74.10761     0.09      0.10     0.13     1 
0130321219   40.87765    -74.07094     0.06      0.11     0.13     1 
0130321220   40.87734    -74.03427     0.01      0.03     0.04     1 
0130321221   40.87703    -73.99761     0.06      0.05     0.08     1 
0130321222   40.87671    -73.96094     0.17      0.01     0.17     1 
0130321223   40.87637    -73.92427    -0.10     -0.02     0.10     1 
0130321225   40.87566    -73.85094     0.00     -0.05     0.05     1 
0130321226   40.87529    -73.81428     0.11     -0.04     0.12     1 
0130321227   40.87491    -73.77761    -0.16     -0.12     0.20     1 
0130321228   40.87451    -73.74095    -0.30      0.34     0.46     1 
0130321229   40.87411    -73.70429     0.24      0.05     0.24     1 
0130321231   40.87326    -73.63096     0.15     -0.05     0.16     1 
0130321232   40.87282    -73.59430     0.23      0.04     0.23     1 
0130321233   40.87237    -73.55764     0.27      0.00     0.27     1 
0130321234   40.87190    -73.52098     0.25     -0.03     0.25     1 
0130321236   40.87094    -73.44767     0.15     -0.00     0.15     1 
0130321237   40.87044    -73.41101     0.12      0.11     0.16     1 
0130321238   40.86993    -73.37436     0.05      0.03     0.06     1 
0130321239   40.86941    -73.33770     0.24     -0.03     0.25     1 
0130321240   40.86887    -73.30105     0.16      0.04     0.17     1 
0130321241   40.86833    -73.26440     0.27      0.02     0.27     1 
0130321242   40.86777    -73.22775     0.23     -0.06     0.24     1 
0130321243   40.86720    -73.19110     0.13     -0.06     0.14     1 
0130321244   40.86662    -73.15445     0.20     -0.03     0.20     1 
0130321245   40.86603    -73.11780     0.20     -0.07     0.21     1 
0130321246   40.86542    -73.08115     0.15      0.02     0.15     1 
0130321247   40.86481    -73.04451     0.06      0.01     0.06     1 
0130321248   40.86418    -73.00786     0.06      0.03     0.06     1 
0130321249   40.86354    -72.97122     0.35     -0.02     0.35     1 
0130321250   40.86289    -72.93458     0.39     -0.08     0.40     1 
0130321251   40.86223    -72.89794     0.14     -0.06     0.15     1 
0130321252   40.86156    -72.86130     0.20     -0.11     0.22     1 
0130321253   40.86087    -72.82466     0.10     -0.05     0.11     1 
0130321254   40.86017    -72.78802     0.08     -0.06     0.10     1 
0130321255   40.85946    -72.75139     0.13     -0.08     0.15     1 
0130321256   40.85874    -72.71475     0.05     -0.02     0.05     1 
0130321258   40.85727    -72.64149    -0.13     -0.05     0.14     1 
0130321259   40.85651    -72.60486    -0.03     -0.06     0.07     1 
0130321260   40.85575    -72.56823    -0.00     -0.00     0.00     1 
0130321261   40.85497    -72.53160    -0.26     -0.02     0.26     1 
0130321262   40.85418    -72.49497    -0.30     -0.21     0.36     1 
0130321289   40.85357    -74.25458     0.40      0.03     0.40     1 
0130321290   40.85333    -74.21792     0.29     -0.03     0.29     1 
0130321291   40.85308    -74.18126     0.19      0.02     0.20     1 
0130321292   40.85281    -74.14461     0.06      0.10     0.12     1 
0130321293   40.85253    -74.10795     0.02      0.03     0.03     1 
0130321294   40.85224    -74.07130    -0.16      0.02     0.16     1 
0130321295   40.85194    -74.03464    -0.06      0.02     0.06     1 
0130321296   40.85163    -73.99799     0.07      0.02     0.07     1 
0130321298   40.85097    -73.92468     0.21     -0.11     0.23     1 
0130321299   40.85062    -73.88803     0.05      0.04     0.07     1 
0130321300   40.85026    -73.85138     0.08      0.05     0.10     1 
0130321301   40.84989    -73.81473    -0.06     -0.03     0.06     1 
0130321302   40.84951    -73.77808    -0.24     -0.13     0.27     1 
0130321304   40.84871    -73.70478     0.08      0.03     0.08     1 
0130321306   40.84786    -73.63149     0.15     -0.01     0.15     1 
0130321307   40.84742    -73.59484     0.23     -0.06     0.24     1 
0130321308   40.84697    -73.55819     0.32     -0.02     0.32     1 
0130321309   40.84651    -73.52155     0.28      0.01     0.28     1 
0130321310   40.84603    -73.48490     0.24      0.04     0.24     1 
0130321312   40.84505    -73.41162     0.06      0.06     0.09     1 
0130321313   40.84454    -73.37498     0.22      0.18     0.29     1 
0130321314   40.84401    -73.33834     0.09      0.07     0.12     1 
0130321315   40.84348    -73.30170     0.02      0.07     0.07     1 
0130321316   40.84293    -73.26506     0.12     -0.05     0.13     1 
0130321317   40.84238    -73.22843    -0.03      0.05     0.06     1 
0130321318   40.84181    -73.19179     0.15     -0.01     0.15     1 
0130321319   40.84123    -73.15515     0.17      0.09     0.19     1 
0130321320   40.84064    -73.11852     0.13     -0.01     0.13     1 
0130321321   40.84003    -73.08189     0.11      0.02     0.11     1 
0130321322   40.83942    -73.04526     0.10     -0.07     0.12     1 
0130321323   40.83879    -73.00862     0.10     -0.01     0.11     1 
0130321324   40.83815    -72.97200     0.28      0.10     0.30     1 
0130321325   40.83750    -72.93537     0.06      0.06     0.09     1 
0130321326   40.83684    -72.89874     0.11      0.14     0.17     1 
0130321327   40.83617    -72.86212     0.22      0.09     0.24     1 
0130321328   40.83548    -72.82549     0.09     -0.01     0.09     1 
0130321329   40.83479    -72.78887     0.13      0.04     0.13     1 
0130321330   40.83408    -72.75225     0.17      0.12     0.20     1 
0130321331   40.83336    -72.71563     0.11      0.02     0.11     1 
0130321332   40.83263    -72.67901     0.14     -0.05     0.14     1 
0130321333   40.83188    -72.64239    -0.10      0.04     0.11     1 
0130321334   40.83113    -72.60577     0.06      0.11     0.12     1 
0130321335   40.83037    -72.56916    -0.35     -0.14     0.38     1 
0130321336   40.82959    -72.53254     0.08     -0.00     0.08     1 
0130321363   40.82840    -74.29151     0.26     -0.02     0.27     1 
0130321364   40.82817    -74.25486     0.21      0.03     0.21     1 
0130321365   40.82793    -74.21822     0.14      0.05     0.15     1 
0130321366   40.82768    -74.18158     0.18      0.01     0.18     1 
0130321367   40.82741    -74.14493    -0.03      0.09     0.10     1 
0130321368   40.82713    -74.10829     0.07      0.09     0.12     1 
0130321369   40.82684    -74.07165    -0.07      0.11     0.12     1 
0130321370   40.82654    -74.03501    -0.09      0.11     0.15     1 
0130321371   40.82623    -73.99837     0.14      0.06     0.15     1 
0130321372   40.82591    -73.96173    -0.04     -0.08     0.09     1 
0130321373   40.82557    -73.92509    -0.08     -0.00     0.08     1 
0130321374   40.82522    -73.88845     0.04     -0.02     0.04     1 
0130321375   40.82487    -73.85182     0.05     -0.03     0.06     1 
0130321376   40.82449    -73.81518     0.01     -0.17     0.17     1 
0130321378   40.82372    -73.74191     0.16     -0.00     0.16     1 
0130321380   40.82290    -73.66864     0.19      0.04     0.19     1 
0130321381   40.82247    -73.63201     0.25      0.06     0.26     1 
0130321382   40.82203    -73.59538     0.25      0.12     0.28     1 
0130321383   40.82158    -73.55874     0.44      0.06     0.45     1 
0130321384   40.82111    -73.52211     0.23      0.02     0.24     1 
0130321385   40.82064    -73.48548     0.11      0.01     0.11     1 
0130321386   40.82015    -73.44885     0.20     -0.02     0.20     1 
0130321387   40.81965    -73.41223     0.11      0.05     0.12     1 
0130321388   40.81914    -73.37560     0.19      0.03     0.19     1 
0130321389   40.81862    -73.33897     0.38     -0.00     0.38     1 
0130321390   40.81809    -73.30235     0.23     -0.03     0.23     1 
0130321391   40.81754    -73.26572    -0.01      0.04     0.04     1 
0130321392   40.81699    -73.22910     0.07     -0.01     0.08     1 
0130321393   40.81642    -73.19248     0.03      0.07     0.08     1 
0130321394   40.81584    -73.15586     0.07      0.08     0.11     1 
0130321395   40.81525    -73.11924     0.08      0.02     0.09     1 
0130321396   40.81464    -73.08262     0.12      0.02     0.12     1 
0130321397   40.81403    -73.04600     0.11     -0.00     0.11     1 
0130321398   40.81340    -73.00938     0.16     -0.00     0.16     1 
0130321399   40.81276    -72.97277     0.05      0.05     0.07     1 
0130321400   40.81212    -72.93615     0.13     -0.07     0.15     1 
0130321401   40.81146    -72.89954     0.11      0.02     0.12     1 
0130321402   40.81078    -72.86293     0.02      0.01     0.02     1 
0130321403   40.81010    -72.82632     0.10     -0.00     0.10     1 
0130321404   40.80940    -72.78971     0.12      0.06     0.13     1 
0130321405   40.80870    -72.75310     0.04      0.05     0.07     1 
0130321406   40.80798    -72.71650    -0.10      0.05     0.11     1 
0130321407   40.80725    -72.67989    -0.13      0.01     0.13     1 
0130321408   40.80650    -72.64329    -0.13      0.01     0.13     1 
0130321409   40.80575    -72.60668     0.11      0.07     0.13     1 
0130321438   40.80300    -74.29178     0.31     -0.05     0.32     1 
0130321439   40.80277    -74.25515     0.01      0.02     0.02     1 
0130321440   40.80253    -74.21852     0.09      0.08     0.12     1 
0130321441   40.80228    -74.18189     0.18      0.03     0.18     1 
0130321442   40.80201    -74.14526     0.07     -0.00     0.07     1 
0130321444   40.80144    -74.07201    -0.16     -0.04     0.17     1 
0130321445   40.80114    -74.03538    -0.10     -0.07     0.13     1 
0130321446   40.80083    -73.99875    -0.08     -0.05     0.10     1 
0130321447   40.80051    -73.96213     0.19     -0.16     0.25     1 
0130321448   40.80017    -73.92550     0.00     -0.05     0.05     1 
0130321449   40.79982    -73.88888    -0.20      0.03     0.21     1 
0130321450   40.79947    -73.85225    -0.18      0.01     0.18     1 
0130321452   40.79871    -73.77901    -0.12      0.03     0.12     1 
0130321453   40.79832    -73.74239     0.01      0.05     0.05     1 
0130321454   40.79792    -73.70577     0.02      0.03     0.03     1 
0130321455   40.79750    -73.66915     0.04     -0.01     0.05     1 
0130321456   40.79707    -73.63253     0.15      0.03     0.16     1 
0130321457   40.79663    -73.59591     0.27     -0.06     0.27     1 
0130321458   40.79618    -73.55929     0.25      0.05     0.26     1 
0130321459   40.79572    -73.52268    -0.04      0.08     0.10     1 
0130321460   40.79524    -73.48606     0.01      0.05     0.06     1 
0130321461   40.79476    -73.44945     0.30      0.14     0.33     1 
0130321462   40.79426    -73.41283    -0.00      0.09     0.09     1 
0130321463   40.79375    -73.37622     0.09     -0.01     0.09     1 
0130321464   40.79323    -73.33961     0.13      0.01     0.13     1 
0130321465   40.79269    -73.30300     0.10      0.03     0.10     1 
0130321466   40.79215    -73.26638     0.11      0.04     0.12     1 
0130321467   40.79159    -73.22978     0.06     -0.05     0.08     1 
0130321468   40.79103    -73.19317     0.02     -0.04     0.05     1 
0130321469   40.79045    -73.15656     0.27     -0.19     0.33     1 
0130321470   40.78986    -73.11996    -0.09     -0.06     0.11     1 
0130321471   40.78925    -73.08335    -0.04      0.03     0.05     1 
0130321472   40.78864    -73.04675     0.09      0.10     0.13     1 
0130321473   40.78801    -73.01014    -0.01      0.04     0.04     1 
0130321474   40.78738    -72.97354     0.08      0.04     0.08     1 
0130321476   40.78607    -72.90034    -0.02     -0.00     0.02     1 
0130321477   40.78540    -72.86374     0.06     -0.00     0.06     1 
0130321478   40.78471    -72.82715    -0.16     -0.02     0.16     1 
0130321479   40.78402    -72.79055    -0.12      0.03     0.12     1 
0130321480   40.78331    -72.75396    -0.13      0.05     0.14     1 
0130321513   40.77760    -74.29205     0.03      0.09     0.09     1 
0130321514   40.77737    -74.25543     0.28     -0.05     0.28     1 
0130321515   40.77713    -74.21882     0.07      0.06     0.09     1 
0130321516   40.77687    -74.18220     0.01      0.08     0.08     1 
0130321517   40.77661    -74.14559    -0.07      0.07     0.09     1 
0130321518   40.77633    -74.10897    -0.24     -0.04     0.24     1 
0130321519   40.77604    -74.07236    -0.02      0.13     0.13     1 
0130321522   40.77511    -73.96252     0.04     -0.18     0.18     1 
0130321523   40.77477    -73.92591    -0.15     -0.15     0.21     1 
0130321524   40.77443    -73.88930    -0.17     -0.02     0.17     1 
0130321525   40.77407    -73.85269    -0.28     -0.11     0.30     1 
0130321526   40.77370    -73.81608    -0.01     -0.03     0.03     1 
0130321527   40.77332    -73.77948     0.10     -0.04     0.11     1 
0130321528   40.77292    -73.74287    -0.00      0.05     0.05     1 
0130321529   40.77252    -73.70626     0.19     -0.00     0.19     1 
0130321530   40.77210    -73.66966     0.11      0.02     0.11     1 
0130321531   40.77167    -73.63305     0.20     -0.02     0.20     1 
0130321532   40.77123    -73.59645     0.21      0.04     0.22     1 
0130321533   40.77078    -73.55984    -0.01      0.02     0.02     1 
0130321534   40.77032    -73.52324    -0.08     -0.05     0.10     1 
0130321535   40.76985    -73.48664    -0.01     -0.05     0.05     1 
0130321536   40.76936    -73.45004    -0.07      0.06     0.09     1 
0130321537   40.76886    -73.41344    -0.05      0.09     0.10     1 
0130321538   40.76835    -73.37684     0.14      0.08     0.16     1 
0130321539   40.76783    -73.34024    -0.04      0.17     0.18     1 
0130321540   40.76730    -73.30364     0.03      0.08     0.09     1 
0130321542   40.76620    -73.23045     0.07      0.09     0.11     1 
0130321543   40.76564    -73.19386     0.05      0.09     0.11     1 
0130321544   40.76506    -73.15726     0.18      0.08     0.20     1 
0130321545   40.76447    -73.12067     0.11     -0.05     0.12     1 
0130321546   40.76386    -73.08408     0.18      0.01     0.18     1 
0130321547   40.76325    -73.04749     0.15      0.00     0.15     1 
0130321548   40.76262    -73.01090    -0.01     -0.05     0.05     1 
0130321549   40.76199    -72.97431     0.11     -0.08     0.13     1 
0130321550   40.76134    -72.93773     0.04     -0.01     0.04     1 
0130321551   40.76068    -72.90114     0.00     -0.03     0.03     1 
0130321552   40.76001    -72.86456     0.22      0.05     0.22     1 
0130321555   40.75793    -72.75481     0.05     -0.10     0.11     1 
0130321588   40.75220    -74.29232     0.26      0.03     0.26     1 
0130321589   40.75197    -74.25571     0.20      0.03     0.20     1 
0130321590   40.75173    -74.21911     0.12      0.00     0.12     1 
0130321591   40.75147    -74.18251     0.01     -0.10     0.10     1 
0130321592   40.75121    -74.14591     0.04      0.03     0.05     1 
0130321593   40.75093    -74.10931    -0.10      0.04     0.11     1 
0130321594   40.75064    -74.07271    -0.14     -0.12     0.18     1 
0130321595   40.75034    -74.03611    -0.01     -0.02     0.02     1 
0130321596   40.75003    -73.99952    -0.03     -0.02     0.03     1 
0130321597   40.74971    -73.96292    -0.02     -0.10     0.10     1 
0130321598   40.74937    -73.92632     0.07     -0.01     0.07     1 
0130321600   40.74867    -73.85313     0.05     -0.05     0.07     1 
0130321601   40.74830    -73.81654     0.09     -0.01     0.09     1 
0130321602   40.74792    -73.77994    -0.08     -0.01     0.08     1 
0130321603   40.74753    -73.74335     0.08     -0.08     0.12     1 
0130321604   40.74712    -73.70675     0.00     -0.01     0.01     1 
0130321605   40.74670    -73.67016    -0.05     -0.04     0.06     1 
0130321606   40.74628    -73.63357    -0.04     -0.00     0.04     1 
0130321607   40.74584    -73.59698    -0.04      0.16     0.17     1 
0130321608   40.74539    -73.56039     0.09     -0.07     0.12     1 
0130321609   40.74493    -73.52380     0.03      0.01     0.03     1 
0130321610   40.74445    -73.48721     0.17      0.06     0.18     1 
0130321611   40.74397    -73.45063     0.30      0.06     0.30     1 
0130321612   40.74347    -73.41404    -0.06      0.06     0.08     1 
0130321613   40.74296    -73.37745    -0.05      0.02     0.06     1 
0130321614   40.74244    -73.34087     0.06     -0.04     0.07     1 
0130321615   40.74191    -73.30429    -0.05     -0.03     0.06     1 
0130321616   40.74137    -73.26771     0.15      0.05     0.16     1 
0130321617   40.74081    -73.23112     0.04      0.05     0.06     1 
0130321618   40.74024    -73.19454     0.11      0.01     0.11     1 
0130321619   40.73967    -73.15796    -0.03      0.02     0.04     1 
0130321620   40.73907    -73.12139    -0.08      0.09     0.13     1 
0130321621   40.73847    -73.08481     0.11      0.03     0.11     1 
0130321622   40.73786    -73.04823     0.02      0.06     0.06     1 
0130321624   40.73660    -72.97508    -0.07      0.07     0.10     1 
0130321625   40.73595    -72.93851    -0.21     -0.20     0.29     1 
0130321626   40.73529    -72.90194    -0.20     -0.05     0.20     1 
0130321627   40.73462    -72.86537     0.13      0.02     0.14     1 
0130321663   40.72679    -74.29258     0.23     -0.03     0.23     1 
0130321664   40.72656    -74.25600     0.06     -0.04     0.07     1 
0130321665   40.72632    -74.21941     0.01      0.03     0.03     1 
0130321666   40.72607    -74.18282    -0.00      0.02     0.02     1 
0130321667   40.72581    -74.14624    -0.10      0.03     0.10     1 
0130321668   40.72553    -74.10965    -0.05      0.01     0.06     1 
0130321669   40.72524    -74.07306     0.14     -0.04     0.14     1 
0130321672   40.72431    -73.96331     0.04     -0.06     0.07     1 
0130321673   40.72397    -73.92673    -0.13      0.01     0.13     1 
0130321674   40.72363    -73.89015     0.07     -0.05     0.08     1 
0130321675   40.72327    -73.85357     0.07     -0.15     0.16     1 
0130321676   40.72290    -73.81699     0.11     -0.09     0.14     1 
0130321677   40.72252    -73.78040     0.02     -0.01     0.02     1 
0130321678   40.72213    -73.74383    -0.01      0.02     0.02     1 
0130321679   40.72172    -73.70725    -0.04      0.12     0.12     1 
0130321680   40.72131    -73.67067     0.05     -0.05     0.07     1 
0130321681   40.72088    -73.63409     0.04     -0.01     0.04     1 
0130321682   40.72044    -73.59751    -0.05      0.06     0.08     1 
0130321683   40.71999    -73.56094    -0.01     -0.05     0.05     1 
0130321684   40.71953    -73.52436    -0.02     -0.15     0.15     1 
0130321685   40.71906    -73.48779    -0.12      0.00     0.12     1 
0130321686   40.71857    -73.45122    -0.00     -0.04     0.04     1 
0130321687   40.71807    -73.41464    -0.12      0.06     0.13     1 
0130321688   40.71757    -73.37807     0.08      0.05     0.09     1 
0130321689   40.71705    -73.34150     0.13     -0.02     0.13     1 
0130321690   40.71652    -73.30493     0.06      0.02     0.06     1 
0130321691   40.71597    -73.26836     0.06     -0.04     0.07     1 
0130321692   40.71542    -73.23180    -0.09     -0.02     0.10     1 
0130321693   40.71485    -73.19523    -0.06      0.01     0.06     1 
0130321694   40.71427    -73.15866     0.12      0.02     0.12     1 
0130321695   40.71368    -73.12210     0.06      0.09     0.11     1 
0130321696   40.71308    -73.08554    -0.26     -0.10     0.28     1 
0130321700   40.71057    -72.93930     0.17      0.05     0.18     1 
0130321737   40.70161    -74.32943     0.19      0.02     0.19     1 
0130321738   40.70139    -74.29285     0.05      0.05     0.07     1 
0130321739   40.70116    -74.25628     0.07     -0.03     0.08     1 
0130321740   40.70092    -74.21971    -0.04      0.13     0.13     1 
0130321741   40.70067    -74.18313    -0.17      0.04     0.17     1 
0130321742   40.70040    -74.14656    -0.19     -0.06     0.20     1 
0130321744   40.69984    -74.07342     0.08     -0.11     0.13     1 
0130321745   40.69954    -74.03685    -0.20      0.14     0.25     1 
0130321746   40.69923    -74.00028    -0.15      0.07     0.16     1 
0130321747   40.69891    -73.96371     0.05      0.04     0.06     1 
0130321748   40.69857    -73.92714     0.16     -0.11     0.19     1 
0130321749   40.69823    -73.89057     0.00      0.02     0.02     1 
0130321750   40.69787    -73.85400     0.13     -0.02     0.13     1 
0130321752   40.69712    -73.78087    -0.11      0.00     0.11     1 
0130321753   40.69673    -73.74430    -0.01     -0.08     0.08     1 
0130321754   40.69633    -73.70774     0.09     -0.04     0.10     1 
0130321755   40.69591    -73.67117     0.12     -0.05     0.13     1 
0130321756   40.69548    -73.63461    -0.03     -0.04     0.05     1 
0130321757   40.69504    -73.59805     0.04     -0.02     0.04     1 
0130321758   40.69459    -73.56149     0.08      0.06     0.10     1 
0130321759   40.69413    -73.52492     0.04     -0.02     0.04     1 
0130321760   40.69366    -73.48836     0.07      0.01     0.07     1 
0130321761   40.69318    -73.45180     0.15     -0.05     0.16     1 
0130321762   40.69268    -73.41525     0.12      0.06     0.14     1 
0130321763   40.69217    -73.37869     0.04     -0.00     0.04     1 
0130321764   40.69165    -73.34213    -0.08     -0.01     0.08     1 
0130321765   40.69112    -73.30558    -0.09      0.05     0.10     1 
0130321766   40.69058    -73.26902    -0.10      0.12     0.16     1 
0130321812   40.67621    -74.32968     0.10      0.04     0.11     1 
0130321813   40.67599    -74.29312     0.16      0.04     0.17     1 
0130321814   40.67576    -74.25656     0.23      0.07     0.24     1 
0130321815   40.67552    -74.22000     0.14      0.02     0.14     1 
0130321816   40.67527    -74.18344    -0.05      0.04     0.06     1 
0130321817   40.67500    -74.14688    -0.18      0.16     0.24     1 
0130321818   40.67473    -74.11033    -0.07      0.07     0.10     1 
0130321819   40.67444    -74.07377    -0.17     -0.02     0.17     1 
0130321821   40.67383    -74.00066    -0.11      0.09     0.14     1 
0130321822   40.67351    -73.96410     0.13     -0.03     0.13     1 
0130321823   40.67317    -73.92754     0.02     -0.03     0.04     1 
0130321824   40.67283    -73.89099     0.04     -0.03     0.06     1 
0130321825   40.67247    -73.85444     0.07      0.12     0.14     1 
0130321826   40.67210    -73.81788    -0.11      0.05     0.12     1 
0130321827   40.67172    -73.78133     0.02     -0.04     0.05     1 
0130321828   40.67133    -73.74478     0.04     -0.05     0.07     1 
0130321829   40.67093    -73.70823    -0.05     -0.00     0.05     1 
0130321830   40.67051    -73.67168     0.11      0.06     0.13     1 
0130321831   40.67009    -73.63513     0.11     -0.08     0.14     1 
0130321832   40.66965    -73.59858     0.07     -0.04     0.08     1 
0130321833   40.66920    -73.56203     0.10     -0.06     0.12     1 
0130321834   40.66874    -73.52548    -0.00     -0.05     0.05     1 
0130321835   40.66826    -73.48894     0.01     -0.03     0.03     1 
0130321836   40.66778    -73.45239    -0.03     -0.04     0.05     1 
0130321837   40.66728    -73.41585     0.01     -0.00     0.02     1 
0130321838   40.66678    -73.37930    -0.05      0.00     0.05     1 
0130321839   40.66626    -73.34276    -0.15     -0.07     0.17     1 
0130321841   40.66519    -73.26968     0.02      0.01     0.02     1 
0130321842   40.66463    -73.23314    -0.25     -0.22     0.33     1 
0130321843   40.66407    -73.19660    -0.12     -0.01     0.12     1 
0130321845   40.66290    -73.12353    -0.15      0.33     0.36     1 
0130321887   40.65080    -74.32994    -0.02      0.14     0.14     1 
0130321888   40.65059    -74.29339    -0.02      0.11     0.11     1 
0130321889   40.65036    -74.25684     0.26      0.04     0.26     1 
0130321890   40.65012    -74.22030    -0.02     -0.03     0.03     1 
0130321891   40.64986    -74.18375    -0.06     -0.04     0.08     1 
0130321892   40.64960    -74.14721    -0.20     -0.02     0.20     1 
0130321893   40.64932    -74.11066    -0.12      0.06     0.14     1 
0130321894   40.64904    -74.07412     0.01      0.02     0.03     1 
0130321895   40.64874    -74.03758    -0.20     -0.05     0.20     1 
0130321896   40.64843    -74.00104    -0.00     -0.04     0.04     1 
0130321897   40.64811    -73.96449     0.08     -0.01     0.08     1 
0130321898   40.64777    -73.92795    -0.03     -0.01     0.03     1 
0130321899   40.64743    -73.89141    -0.04      0.06     0.07     1 
0130321901   40.64670    -73.81833    -0.19      0.13     0.23     1 
0130321902   40.64632    -73.78179    -0.09      0.09     0.13     1 
0130321903   40.64593    -73.74526    -0.19     -0.00     0.19     1 
0130321904   40.64553    -73.70872    -0.03      0.00     0.03     1 
0130321905   40.64511    -73.67218     0.05     -0.03     0.06     1 
0130321906   40.64469    -73.63564     0.11      0.07     0.13     1 
0130321907   40.64425    -73.59911    -0.00      0.03     0.03     1 
0130321908   40.64380    -73.56258    -0.08      0.13     0.15     1 
0130321909   40.64334    -73.52604    -0.10      0.01     0.10     1 
0130321910   40.64287    -73.48951    -0.06     -0.02     0.06     1 
0130321911   40.64238    -73.45298    -0.20     -0.01     0.20     1 
0130321912   40.64189    -73.41645    -0.08     -0.12     0.14     1 
0130321913   40.64138    -73.37992    -0.07     -0.06     0.09     1 
0130321914   40.64086    -73.34339    -0.10     -0.03     0.11     1 
0130321915   40.64033    -73.30686     0.12      0.01     0.12     1 
0130321916   40.63979    -73.27033    -0.12      0.05     0.13     1 
0130321962   40.62540    -74.33019     0.12      0.07     0.14     1 
0130321963   40.62518    -74.29366     0.11      0.06     0.12     1 
0130321964   40.62495    -74.25713    -0.05      0.02     0.05     1 
0130321965   40.62471    -74.22059    -0.11      0.11     0.15     1 
0130321966   40.62446    -74.18406    -0.14      0.00     0.14     1 
0130321967   40.62420    -74.14753    -0.03      0.08     0.09     1 
0130321968   40.62392    -74.11100     0.10      0.10     0.14     1 
0130321970   40.62334    -74.03794     0.07      0.01     0.07     1 
0130321972   40.62271    -73.96488     0.01      0.01     0.02     1 
0130321973   40.62237    -73.92836    -0.03     -0.00     0.03     1 
0130321974   40.62203    -73.89183    -0.17     -0.19     0.25     1 
0130321975   40.62167    -73.85531    -0.02     -0.24     0.24     1 
0130321976   40.62130    -73.81878    -0.27     -0.04     0.27     1 
0130321977   40.62092    -73.78225    -0.30      0.03     0.30     1 
0130321978   40.62053    -73.74573    -0.01      0.08     0.08     1 
0130321979   40.62013    -73.70921    -0.06     -0.01     0.06     1 
0130321980   40.61972    -73.67268    -0.10      0.00     0.10     1 
0130321981   40.61929    -73.63616    -0.14      0.07     0.16     1 
0130321982   40.61885    -73.59964    -0.20     -0.01     0.20     1 
0130321983   40.61840    -73.56312    -0.05      0.05     0.07     1 
0130321984   40.61794    -73.52660    -0.04     -0.02     0.04     1 
0130321985   40.61747    -73.49008    -0.11     -0.04     0.12     1 
0130321986   40.61699    -73.45356    -0.14      0.08     0.16     1 
0130322036   40.60020    -74.36696     0.13      0.02     0.13     1 
0130322037   40.60000    -74.33044     0.19     -0.06     0.20     1 
0130322038   40.59978    -74.29393     0.03     -0.01     0.04     1 
0130322039   40.59955    -74.25741    -0.09      0.03     0.10     1 
0130322040   40.59931    -74.22089    -0.11     -0.01     0.11     1 
0130322041   40.59906    -74.18437    -0.10     -0.04     0.10     1 
0130322042   40.59880    -74.14785     0.27     -0.04     0.27     1 
0130322043   40.59852    -74.11134     0.16     -0.00     0.16     1 
0130322044   40.59823    -74.07482     0.01     -0.06     0.07     1 
0130322045   40.59793    -74.03831    -0.04     -0.01     0.04     1 
0130322048   40.59697    -73.92876    -0.09      0.07     0.11     1 
0130322049   40.59663    -73.89225    -0.04     -0.13     0.14     1 
0130322050   40.59627    -73.85574    -0.29     -0.12     0.31     1 
0130322051   40.59590    -73.81923    -0.18     -0.10     0.20     1 
0130322053   40.59513    -73.74621    -0.41      0.08     0.42     1 
0130322054   40.59473    -73.70969    -0.37     -0.00     0.37     1 
0130322055   40.59432    -73.67319    -0.15      0.08     0.17     1 
0130322056   40.59389    -73.63668    -0.13      0.09     0.16     1 
0130322058   40.59301    -73.56366    -0.08      0.15     0.17     1 
0130322111   40.57480    -74.36720     0.27      0.02     0.27     1 
0130322112   40.57460    -74.33070     0.18      0.05     0.19     1 
0130322113   40.57438    -74.29419     0.13      0.02     0.13     1 
0130322114   40.57415    -74.25769    -0.21      0.04     0.22     1 
0130322115   40.57391    -74.22118    -0.16     -0.04     0.16     1 
0130322116   40.57366    -74.18468    -0.34     -0.11     0.36     1 
0130322117   40.57339    -74.14818     0.24     -0.02     0.24     1 
0130322118   40.57312    -74.11167     0.07     -0.03     0.08     1 
0130322120   40.57253    -74.03867    -0.36     -0.04     0.36     1 
0130322123   40.57157    -73.92917    -0.26     -0.06     0.27     1 
0130322124   40.57123    -73.89267     0.09     -0.14     0.17     1 
0130322186   40.54940    -74.36744     0.27     -0.11     0.29     1 
0130322187   40.54919    -74.33095     0.14     -0.12     0.18     1 
0130322188   40.54897    -74.29446    -0.06     -0.05     0.07     1 
0130322189   40.54875    -74.25797    -0.14     -0.02     0.14     1 
0130322190   40.54850    -74.22148    -0.08     -0.04     0.08     1 
0130322191   40.54825    -74.18499     0.38     -0.18     0.42     1 
0130322192   40.54799    -74.14850     0.15     -0.07     0.17     1 
0130322193   40.54772    -74.11201    -0.00     -0.15     0.15     1 
0130322261   40.52399    -74.36768    -0.04     -0.08     0.09     1 
0130322262   40.52379    -74.33120     0.12     -0.11     0.16     1 
0130322263   40.52357    -74.29472    -0.03      0.02     0.04     1 
0130322264   40.52334    -74.25825    -0.08      0.03     0.09     1 
0130322265   40.52310    -74.22177     0.14      0.01     0.14     1 
0130322266   40.52285    -74.18529    -0.16     -0.08     0.18     1 
0130322336   40.49859    -74.36792    -0.10     -0.01     0.10     1 
0130322338   40.49817    -74.29499    -0.23     -0.02     0.23     1 
0130322339   40.49794    -74.25853    -0.10      0.15     0.18     1 
0130322340   40.49770    -74.22207    -0.28     -0.05     0.29     1 
0130322410   40.47338    -74.40461    -0.04      0.00     0.05     1 
0130322411   40.47319    -74.36816    -0.17     -0.16     0.23     1 
0130322412   40.47298    -74.33171     0.13      0.03     0.13     1 
0130322485   40.44797    -74.40483     0.03     -0.05     0.06     1 
0130322486   40.44778    -74.36840    -0.13      0.00     0.13     1 
0130322487   40.44758    -74.33196     0.08     -0.04     0.09     1 
0130322488   40.44736    -74.29552    -0.02     -0.12     0.13     1 
0130322489   40.44713    -74.25909    -0.07     -0.11     0.13     1 
0130322490   40.44689    -74.22265    -0.10     -0.11     0.15     1 
0130322491   40.44664    -74.18622    -0.11     -0.13     0.17     1 
0130322492   40.44638    -74.14978     0.02     -0.00     0.02     1 
0130322495   40.44552    -74.04048    -0.16      0.03     0.17     1 
0130322496   40.44522    -74.00405    -0.32     -0.20     0.37     1 
0130322560   40.42257    -74.40506     0.13      0.03     0.13     1 
0130322561   40.42238    -74.36863     0.11      0.11     0.16     1 
0130322562   40.42217    -74.33221    -0.06      0.02     0.07     1 
0130322563   40.42196    -74.29579     0.40      0.04     0.40     1 
0130322564   40.42173    -74.25937     0.17      0.03     0.17     1 
0130322565   40.42149    -74.22294    -0.03     -0.06     0.07     1 
0130322566   40.42124    -74.18652     0.04      0.02     0.04     1 
0130322567   40.42098    -74.15010     0.20     -0.17     0.26     1 
0130322568   40.42070    -74.11368     0.18     -0.05     0.19     1 
0130322569   40.42042    -74.07726     0.12     -0.07     0.13     1 
0130322570   40.42012    -74.04084     0.19     -0.17     0.25     1 
0130322635   40.39717    -74.40528     0.27     -0.03     0.27     1 
0130322636   40.39697    -74.36887    -0.02     -0.01     0.02     1 
0130322637   40.39677    -74.33246     0.12     -0.10     0.15     1 
0130322638   40.39655    -74.29605     0.20     -0.02     0.20     1 
0130322639   40.39632    -74.25964     0.29     -0.08     0.30     1 
0130322640   40.39609    -74.22324     0.17      0.05     0.18     1 
0130322641   40.39584    -74.18683     0.35      0.06     0.35     1 
0130322642   40.39557    -74.15042     0.34     -0.05     0.35     1 
0130322643   40.39530    -74.11401     0.24      0.03     0.24     1 
0130322644   40.39502    -74.07761     0.33     -0.07     0.33     1 
0130322645   40.39472    -74.04120     0.38     -0.11     0.40     1 
0130322646   40.39441    -74.00480    -0.01      0.05     0.05     1 
0130322710   40.37176    -74.40550     0.13      0.04     0.13     1 
0130322711   40.37157    -74.36911     0.24     -0.01     0.24     1 
0130322712   40.37136    -74.33271     0.34      0.00     0.34     1 
0130322713   40.37115    -74.29632     0.08      0.05     0.10     1 
0130322714   40.37092    -74.25992     0.24     -0.06     0.25     1 
0130322716   40.37043    -74.18713     0.32     -0.15     0.36     1 
0130322717   40.37017    -74.15074     0.25     -0.14     0.29     1 
0130322718   40.36990    -74.11435     0.23     -0.11     0.26     1 
0130322719   40.36961    -74.07796     0.25     -0.12     0.27     1 
0130322720   40.36932    -74.04156    -0.12     -0.01     0.12     1 
0130322721   40.36901    -74.00517     0.13      0.01     0.13     1 
0130322784   40.34654    -74.44211     0.01      0.16     0.16     1 
0130322785   40.34636    -74.40573     0.26     -0.01     0.26     1 
0130322786   40.34616    -74.36934     0.30     -0.08     0.32     1 
0130322787   40.34596    -74.33296     0.36      0.03     0.36     1 
0130322788   40.34574    -74.29658     0.29      0.04     0.30     1 
0130322790   40.34528    -74.22382     0.35      0.03     0.35     1 
0130322791   40.34503    -74.18744     0.27      0.07     0.28     1 
0130322792   40.34477    -74.15106     0.29     -0.01     0.29     1 
0130322793   40.34450    -74.11468     0.31     -0.01     0.31     1 
0130322794   40.34421    -74.07830    -0.04     -0.08     0.09     1 
0130322795   40.34392    -74.04192     0.14     -0.09     0.17     1 
0130322796   40.34361    -74.00555    -0.19     -0.10     0.21     1 
0130322859   40.32113    -74.44232     0.01     -0.09     0.09     1 
0130322860   40.32095    -74.40595     0.21      0.04     0.21     1 
0130322861   40.32076    -74.36958     0.24     -0.03     0.24     1 
0130322862   40.32055    -74.33321     0.31     -0.08     0.32     1 
0130322863   40.32034    -74.29684     0.32     -0.07     0.33     1 
0130322864   40.32011    -74.26048     0.19     -0.12     0.23     1 
0130322865   40.31988    -74.22411     0.22     -0.10     0.24     1 
0130322866   40.31963    -74.18774     0.14     -0.02     0.15     1 
0130322867   40.31936    -74.15138    -0.02     -0.02     0.02     1 
0130322868   40.31909    -74.11501    -0.01     -0.02     0.03     1 
0130322869   40.31881    -74.07865     0.13      0.02     0.13     1 
0130322870   40.31851    -74.04228    -0.08     -0.02     0.08     1 
0130322871   40.31821    -74.00592    -0.06     -0.06     0.08     1 
0130322935   40.29555    -74.40617     0.30     -0.06     0.30     1 
0130322936   40.29535    -74.36982     0.26      0.08     0.27     1 
0130322937   40.29515    -74.33346     0.32     -0.01     0.32     1 
0130322938   40.29494    -74.29711     0.21      0.02     0.21     1 
0130322939   40.29471    -74.26075     0.29      0.09     0.30     1 
0130322940   40.29447    -74.22440     0.26     -0.05     0.27     1 
0130322941   40.29422    -74.18805     0.23      0.11     0.26     1 
0130322942   40.29396    -74.15170     0.03     -0.04     0.05     1 
0130322943   40.29369    -74.11534     0.12     -0.08     0.14     1 
0130322944   40.29340    -74.07899     0.18     -0.09     0.20     1 
0130322945   40.29311    -74.04264     0.13     -0.04     0.14     1 
0130322946   40.29280    -74.00629     0.11     -0.03     0.11     1 
0130323009   40.27032    -74.44273     0.44     -0.08     0.44     1 
0130323010   40.27014    -74.40639     0.32     -0.03     0.32     1 
0130323011   40.26995    -74.37005     0.18     -0.14     0.22     1 
0130323012   40.26975    -74.33371     0.19     -0.09     0.21     1 
0130323013   40.26953    -74.29737     0.24     -0.15     0.28     1 
0130323014   40.26931    -74.26103     0.22     -0.13     0.26     1 
0130323015   40.26907    -74.22469     0.13      0.09     0.16     1 
0130323016   40.26882    -74.18835     0.29     -0.08     0.30     1 
0130323017   40.26856    -74.15201     0.29     -0.09     0.30     1 
0130323018   40.26828    -74.11567     0.19      0.09     0.21     1 
0130323019   40.26800    -74.07934     0.30     -0.01     0.30     1 
0130323020   40.26771    -74.04300     0.10      0.02     0.10     1 
0130323021   40.26740    -74.00666     0.15     -0.04     0.15     1 
0130323084   40.24492    -74.44294     0.28      0.01     0.28     1 
0130323085   40.24474    -74.40662     0.30     -0.04     0.31     1 
0130323087   40.24434    -74.33396     0.13      0.02     0.13     1 
0130323088   40.24413    -74.29763    -0.04      0.04     0.06     1 
0130323089   40.24390    -74.26131     0.05     -0.08     0.10     1 
0130323090   40.24366    -74.22498     0.25     -0.13     0.28     1 
0130323091   40.24341    -74.18865     0.13     -0.06     0.14     1 
0130323092   40.24315    -74.15233     0.14     -0.07     0.15     1 
0130323094   40.24260    -74.07968     0.18     -0.01     0.18     1 
0130323095   40.24230    -74.04336     0.06     -0.03     0.06     1 
0130323096   40.24200    -74.00703     0.05      0.01     0.05     1 
0130323158   40.21968    -74.47947     0.38     -0.20     0.43     1 
0130323159   40.21951    -74.44315     0.24     -0.08     0.26     1 
0130323160   40.21933    -74.40684     0.35     -0.08     0.36     1 
0130323161   40.21914    -74.37052     0.13      0.01     0.13     1 
0130323162   40.21894    -74.33421     0.06      0.04     0.07     1 
0130323163   40.21872    -74.29790     0.22     -0.06     0.22     1 
0130323164   40.21850    -74.26158     0.11     -0.06     0.13     1 
0130323165   40.21826    -74.22527     0.31      0.09     0.32     1 
0130323166   40.21801    -74.18896     0.21     -0.04     0.21     1 
0130323167   40.21775    -74.15265     0.24      0.00     0.24     1 
0130323168   40.21748    -74.11634     0.10      0.03     0.10     1 
0130323170   40.21690    -74.04372     0.03     -0.03     0.04     1 
0130323233   40.19427    -74.47966     0.19     -0.11     0.22     1 
0130323234   40.19411    -74.44336     0.19     -0.04     0.20     1 
0130323235   40.19393    -74.40706     0.14     -0.13     0.19     1 
0130323236   40.19373    -74.37076     0.17      0.03     0.17     1 
0130323237   40.19353    -74.33446     0.18     -0.03     0.18     1 
0130323238   40.19332    -74.29816     0.10      0.10     0.14     1 
0130323239   40.19309    -74.26186     0.36     -0.03     0.36     1 
0130323240   40.19285    -74.22556     0.19      0.01     0.19     1 
0130323241   40.19261    -74.18926     0.16     -0.13     0.20     1 
0130323242   40.19235    -74.15296     0.24     -0.07     0.25     1 
0130323243   40.19207    -74.11666     0.00     -0.09     0.09     1 
0130323244   40.19179    -74.08037     0.23     -0.25     0.34     1 
0130323245   40.19150    -74.04407    -0.23     -0.08     0.24     1 
0130323308   40.16887    -74.47986     0.10     -0.16     0.19     1 
0130323309   40.16870    -74.44357     0.22     -0.07     0.23     1 
0130323310   40.16852    -74.40728     0.19     -0.04     0.19     1 
0130323311   40.16833    -74.37099    -0.02     -0.02     0.03     1 
0130323312   40.16813    -74.33471     0.07     -0.04     0.08     1 
0130323313   40.16791    -74.29842     0.22     -0.11     0.24     1 
0130323314   40.16769    -74.26213     0.20     -0.04     0.20     1 
0130323315   40.16745    -74.22585     0.04     -0.03     0.06     1 
0130323316   40.16720    -74.18956     0.15     -0.01     0.16     1 
0130323317   40.16694    -74.15328     0.24     -0.06     0.25     1 
0130323318   40.16667    -74.11700     0.14     -0.17     0.22     1 
0130323319   40.16639    -74.08071     0.04     -0.08     0.09     1 
0130323320   40.16609    -74.04443     0.02     -0.11     0.11     1 
0130323384   40.14330    -74.44377     0.08     -0.02     0.08     1 
0130323385   40.14312    -74.40750     0.27     -0.02     0.27     1 
0130323386   40.14292    -74.37123     0.31     -0.01     0.31     1 
0130323387   40.14272    -74.33495     0.19     -0.05     0.19     1 
0130323389   40.14228    -74.26241     0.29     -0.12     0.31     1 
0130323390   40.14205    -74.22614     0.15      0.01     0.15     1 
0130323391   40.14180    -74.18986     0.23     -0.07     0.24     1 
0130323392   40.14154    -74.15359     0.25     -0.09     0.27     1 
0130323393   40.14127    -74.11732     0.08     -0.00     0.08     1 
0130323394   40.14098    -74.08105     0.16     -0.02     0.16     1 
0130323395   40.14069    -74.04478    -0.07      0.04     0.08     1 
0130323458   40.11806    -74.48024     0.40     -0.07     0.41     1 
0130323459   40.11789    -74.44398     0.13     -0.08     0.15     1 
0130323460   40.11771    -74.40772     0.21     -0.12     0.25     1 
0130323461   40.11752    -74.37146     0.44     -0.11     0.45     1 
0130323462   40.11731    -74.33520     0.18     -0.11     0.21     1 
0130323463   40.11710    -74.29894     0.15      0.02     0.16     1 
0130323464   40.11688    -74.26268     0.18      0.03     0.19     1 
0130323465   40.11664    -74.22643     0.22      0.02     0.22     1 
0130323466   40.11639    -74.19017     0.24      0.05     0.25     1 
0130323467   40.11613    -74.15391     0.19     -0.03     0.20     1 
0130323468   40.11586    -74.11765     0.14     -0.06     0.15     1 
0130323470   40.11529    -74.04514    -0.19     -0.07     0.20     1 
0130323532   40.09281    -74.51668     0.14      0.02     0.15     1 
0130323533   40.09265    -74.48043     0.40     -0.07     0.40     1 
0130323534   40.09248    -74.44419     0.11      0.03     0.12     1 
0130323535   40.09230    -74.40794     0.10      0.02     0.10     1 
0130323536   40.09211    -74.37170     0.08      0.34     0.34     1 
0130323537   40.09191    -74.33545     0.01      0.01     0.01     1 
0130323539   40.09147    -74.26296     0.14     -0.15     0.20     1 
0130323540   40.09123    -74.22671    -0.05      0.05     0.07     1 
0130323541   40.09099    -74.19047     0.06     -0.03     0.06     1 
0130323542   40.09073    -74.15422     0.18     -0.09     0.20     1 
0130323543   40.09046    -74.11798     0.04     -0.04     0.06     1 
0130323544   40.09018    -74.08174    -0.05      0.04     0.07     1 
0130323545   40.08988    -74.04550    -0.07     -0.23     0.24     1 
0130323607   40.06740    -74.51686     0.28     -0.10     0.30     1 
0130323608   40.06724    -74.48063     0.23     -0.02     0.23     1 
0130323609   40.06708    -74.44440     0.06      0.00     0.06     1 
0130323610   40.06690    -74.40816    -0.03      0.03     0.04     1 
0130323611   40.06671    -74.37193     0.17      0.02     0.17     1 
0130323612   40.06650    -74.33570    -0.18      0.06     0.19     1 
0130323613   40.06629    -74.29946     0.01      0.03     0.03     1 
0130323614   40.06607    -74.26323     0.28      0.03     0.29     1 
0130323615   40.06583    -74.22700     0.10      0.12     0.15     1 
0130323616   40.06558    -74.19077    -0.23      0.03     0.24     1 
0130323617   40.06532    -74.15454    -0.01      0.07     0.07     1 
0130323618   40.06505    -74.11831    -0.07      0.04     0.08     1 
0130323619   40.06477    -74.08208    -0.21     -0.05     0.22     1 
0130323620   40.06448    -74.04585    -0.15     -0.13     0.20     1 
0130323682   40.04200    -74.51704     0.28     -0.05     0.29     1 
0130323683   40.04184    -74.48082     0.10      0.04     0.11     1 
0130323684   40.04167    -74.44460     0.10      0.03     0.10     1 
0130323685   40.04149    -74.40838     0.10     -0.02     0.11     1 
0130323686   40.04130    -74.37216    -0.07     -0.09     0.11     1 
0130323687   40.04110    -74.33594    -0.01     -0.03     0.03     1 
0130323688   40.04089    -74.29972     0.25     -0.02     0.25     1 
0130323691   40.04018    -74.19107    -0.08     -0.06     0.10     1 
0130323692   40.03992    -74.15485    -0.00     -0.02     0.02     1 
0130323693   40.03965    -74.11863     0.14      0.05     0.15     1 
0130323694   40.03937    -74.08242    -0.10      0.03     0.10     1 
0130323757   40.01659    -74.51722    -0.05     -0.12     0.13     1 
0130323758   40.01643    -74.48101    -0.14     -0.03     0.14     1 
0130323759   40.01626    -74.44481     0.07     -0.03     0.07     1 
0130323760   40.01608    -74.40860    -0.09     -0.04     0.10     1 
0130323761   40.01590    -74.37239     0.01      0.05     0.05     1 
0130323762   40.01569    -74.33619    -0.04     -0.13     0.14     1 
0130323763   40.01548    -74.29998     0.06      0.06     0.08     1 
0130323764   40.01526    -74.26378     0.08      0.01     0.08     1 
0130323765   40.01502    -74.22757     0.21      0.07     0.23     1 
0130323766   40.01477    -74.19137     0.22     -0.02     0.22     1 
0130323767   40.01452    -74.15517     0.03     -0.05     0.06     1 
0130323768   40.01425    -74.11896    -0.12     -0.01     0.12     1 
0130323769   40.01396    -74.08276    -0.08     -0.01     0.08     1 
0130323832   39.99118    -74.51740    -0.12     -0.12     0.17     1 
0130323833   39.99103    -74.48121     0.00     -0.03     0.03     1 
0130323834   39.99086    -74.44501    -0.04      0.03     0.05     1 
0130323835   39.99068    -74.40882     0.01      0.05     0.05     1 
0130323836   39.99049    -74.37263     0.16     -0.11     0.20     1 
0130323837   39.99029    -74.33643    -0.11     -0.09     0.14     1 
0130323838   39.99007    -74.30024    -0.16     -0.12     0.20     1 
0130323839   39.98985    -74.26405    -0.08      0.02     0.08     1 
0130323840   39.98962    -74.22786     0.08      0.04     0.09     1 
0130323841   39.98937    -74.19167     0.15     -0.02     0.15     1 
0130323842   39.98911    -74.15548     0.02      0.08     0.08     1 
0130323843   39.98884    -74.11929    -0.14      0.14     0.19     1 
0130323844   39.98856    -74.08310    -0.11      0.02     0.11     1 
0130323906   39.96592    -74.55376     0.09     -0.02     0.09     1 
0130323907   39.96578    -74.51758     0.17      0.00     0.17     1 
0130323908   39.96562    -74.48140    -0.18     -0.15     0.24     1 
0130323909   39.96545    -74.44522     0.00     -0.02     0.02     1 
0130323910   39.96527    -74.40904     0.03      0.01     0.03     1 
0130323911   39.96508    -74.37286     0.04      0.01     0.04     1 
0130323912   39.96488    -74.33668     0.04      0.04     0.06     1 
0130323914   39.96444    -74.26432    -0.06     -0.01     0.06     1 
0130323915   39.96421    -74.22815     0.04     -0.03     0.05     1 
0130323916   39.96396    -74.19197     0.10     -0.04     0.10     1 
0130323917   39.96370    -74.15579     0.20     -0.03     0.20     1 
0130323918   39.96344    -74.11961    -0.15     -0.02     0.15     1 
0130323919   39.96316    -74.08344    -0.13     -0.00     0.13     1 
0130323981   39.94051    -74.55392    -0.03      0.01     0.03     1 
0130323982   39.94037    -74.51776     0.05     -0.02     0.05     1 
0130323983   39.94021    -74.48159     0.08      0.08     0.12     1 
0130323984   39.94004    -74.44542     0.13     -0.11     0.16     1 
0130323985   39.93987    -74.40926     0.09     -0.08     0.12     1 
0130323986   39.93968    -74.37309     0.09     -0.03     0.09     1 
0130323987   39.93948    -74.33693     0.02     -0.26     0.26     1 
0130323988   39.93926    -74.30076     0.11     -0.01     0.11     1 
0130323989   39.93904    -74.26459     0.07     -0.07     0.10     1 
0130323990   39.93880    -74.22843    -0.00     -0.02     0.02     1 
0130323991   39.93856    -74.19227    -0.02      0.03     0.03     1 
0130323992   39.93830    -74.15610    -0.13     -0.04     0.14     1 
0130323993   39.93803    -74.11994    -0.13     -0.03     0.13     1 
0130323994   39.93775    -74.08378    -0.10     -0.02     0.10     1 
0130324056   39.91511    -74.55409     0.09      0.06     0.10     1 
0130324057   39.91496    -74.51793     0.03     -0.02     0.03     1 
0130324058   39.91481    -74.48178     0.07      0.08     0.10     1 
0130324059   39.91464    -74.44563    -0.15      0.01     0.15     1 
0130324060   39.91446    -74.40948    -0.02      0.10     0.10     1 
0130324061   39.91427    -74.37332     0.23      0.22     0.32     1 
0130324062   39.91407    -74.33717     0.04      0.07     0.08     1 
0130324063   39.91386    -74.30102     0.13     -0.06     0.14     1 
0130324064   39.91363    -74.26487     0.20      0.05     0.21     1 
0130324065   39.91340    -74.22872    -0.07      0.01     0.08     1 
0130324066   39.91315    -74.19257    -0.09     -0.02     0.09     1 
0130324067   39.91289    -74.15641     0.17     -0.07     0.18     1 
0130324068   39.91263    -74.12027    -0.15      0.01     0.16     1 
0130324069   39.91235    -74.08412    -0.09     -0.19     0.20     1 
0130324131   39.88970    -74.55425    -0.08     -0.04     0.09     1 
0130324132   39.88955    -74.51811     0.15      0.01     0.15     1 
0130324133   39.88940    -74.48197     0.06     -0.03     0.07     1 
0130324134   39.88923    -74.44583     0.20      0.01     0.20     1 
0130324135   39.88905    -74.40969    -0.01     -0.00     0.01     1 
0130324136   39.88886    -74.37355    -0.11     -0.08     0.13     1 
0130324137   39.88866    -74.33741    -0.04     -0.05     0.07     1 
0130324138   39.88845    -74.30128     0.20     -0.09     0.22     1 
0130324139   39.88823    -74.26514     0.09      0.04     0.10     1 
0130324140   39.88799    -74.22900     0.00     -0.00     0.00     1 
0130324141   39.88775    -74.19286     0.14      0.02     0.14     1 
0130324142   39.88749    -74.15673     0.28     -0.19     0.33     1 
0130324206   39.86429    -74.55442     0.09     -0.08     0.12     1 
0130324207   39.86415    -74.51829     0.10     -0.05     0.11     1 
0130324208   39.86399    -74.48216     0.02      0.08     0.08     1 
0130324210   39.86365    -74.40991     0.08     -0.02     0.08     1 
0130324211   39.86346    -74.37378     0.06      0.10     0.12     1 
0130324212   39.86326    -74.33766     0.18     -0.04     0.18     1 
0130324213   39.86304    -74.30154    -0.03      0.02     0.04     1 
0130324214   39.86282    -74.26541    -0.01     -0.03     0.04     1 
0130324215   39.86259    -74.22929    -0.01     -0.08     0.08     1 
0130324216   39.86234    -74.19316     0.18      0.10     0.20     1 
0130324217   39.86208    -74.15704    -0.05      0.06     0.08     1 
0130324218   39.86181    -74.12091    -0.14     -0.01     0.14     1 
0130324280   39.83902    -74.59070     0.19      0.09     0.21     1 
0130324281   39.83888    -74.55458     0.09     -0.02     0.09     1 
0130324282   39.83874    -74.51847     0.05     -0.05     0.07     1 
0130324283   39.83858    -74.48235     0.09     -0.04     0.09     1 
0130324284   39.83842    -74.44624     0.08      0.02     0.08     1 
0130324285   39.83824    -74.41013     0.07     -0.02     0.07     1 
0130324286   39.83805    -74.37402     0.07     -0.05     0.08     1 
0130324287   39.83785    -74.33790     0.16     -0.18     0.24     1 
0130324288   39.83764    -74.30179    -0.07      0.01     0.08     1 
0130324289   39.83742    -74.26568     0.01      0.02     0.02     1 
0130324290   39.83718    -74.22957    -0.04     -0.01     0.04     1 
0130324291   39.83693    -74.19346    -0.07      0.02     0.07     1 
0130324292   39.83668    -74.15735    -0.12     -0.01     0.12     1 
0130324355   39.81361    -74.59085     0.07      0.03     0.07     1 
0130324356   39.81348    -74.55475     0.01     -0.00     0.01     1 
0130324357   39.81333    -74.51865     0.08      0.01     0.08     1 
0130324358   39.81318    -74.48255     0.16      0.05     0.17     1 
0130324359   39.81301    -74.44645     0.03      0.12     0.12     1 
0130324360   39.81283    -74.41035     0.01      0.12     0.12     1 
0130324361   39.81264    -74.37425     0.02      0.04     0.05     1 
0130324362   39.81244    -74.33815     0.11     -0.05     0.12     1 
0130324363   39.81223    -74.30205    -0.09     -0.01     0.09     1 
0130324364   39.81201    -74.26595    -0.03      0.00     0.03     1 
0130324365   39.81177    -74.22985    -0.09     -0.04     0.10     1 
0130324366   39.81153    -74.19376    -0.08     -0.02     0.08     1 
0130324367   39.81127    -74.15766    -0.22      0.01     0.22     1 
0130324430   39.78820    -74.59100     0.19      0.08     0.20     1 
0130324431   39.78807    -74.55491    -0.06     -0.01     0.06     1 
0130324432   39.78792    -74.51882    -0.02     -0.41     0.41     1 
0130324433   39.78777    -74.48274    -0.04      0.07     0.08     1 
0130324434   39.78760    -74.44665     0.03      0.05     0.06     1 
0130324435   39.78742    -74.41056    -0.06      0.01     0.06     1 
0130324436   39.78724    -74.37448    -0.07      0.05     0.08     1 
0130324437   39.78704    -74.33839     0.19     -0.05     0.20     1 
0130324438   39.78682    -74.30231     0.01      0.10     0.10     1 
0130324440   39.78637    -74.23014     0.10      0.01     0.10     1 
0130324441   39.78612    -74.19405     0.06      0.10     0.12     1 
0130324443   39.78560    -74.12189    -0.17      0.12     0.21     1 
0130324505   39.76279    -74.59115     0.11      0.14     0.18     1 
0130324506   39.76266    -74.55507     0.17     -0.02     0.17     1 
0130324507   39.76252    -74.51900     0.03      0.20     0.20     1 
0130324508   39.76236    -74.48293    -0.01      0.06     0.06     1 
0130324509   39.76219    -74.44685     0.04      0.10     0.11     1 
0130324510   39.76202    -74.41078     0.11      0.10     0.15     1 
0130324511   39.76183    -74.37471     0.10     -0.00     0.10     1 
0130324512   39.76163    -74.33863     0.20      0.03     0.21     1 
0130324513   39.76142    -74.30256     0.07      0.14     0.16     1 
0130324514   39.76120    -74.26649     0.32     -0.10     0.33     1 
0130324515   39.76096    -74.23042     0.15      0.08     0.17     1 
0130324516   39.76072    -74.19435    -0.10      0.11     0.15     1 
0130324518   39.76019    -74.12221    -0.02      0.04     0.04     1 
0130324580   39.73739    -74.59130     0.10      0.07     0.12     1 
0130324581   39.73725    -74.55524     0.12      0.05     0.13     1 
0130324582   39.73711    -74.51918    -0.07      0.01     0.07     1 
0130324583   39.73695    -74.48312    -0.03     -0.00     0.03     1 
0130324584   39.73679    -74.44706    -0.02      0.01     0.02     1 
0130324585   39.73661    -74.41100    -0.06      0.05     0.08     1 
0130324586   39.73642    -74.37494     0.17     -0.11     0.20     1 
0130324587   39.73622    -74.33888     0.15      0.17     0.22     1 
0130324588   39.73601    -74.30282     0.34      0.22     0.40     1 
0130324589   39.73579    -74.26676     0.15      0.11     0.19     1 
0130324590   39.73555    -74.23070     0.22      0.05     0.22     1 
0130324591   39.73531    -74.19464    -0.07      0.06     0.10     1 
0130324592   39.73506    -74.15859    -0.12      0.05     0.13     1 
0130324654   39.71210    -74.62750     0.17      0.07     0.18     1 
0130324655   39.71198    -74.59145     0.11      0.04     0.12     1 
0130324656   39.71184    -74.55540     0.03      0.11     0.11     1 
0130324657   39.71170    -74.51935     0.06      0.06     0.09     1 
0130324658   39.71155    -74.48331     0.00      0.07     0.07     1 
0130324659   39.71138    -74.44726    -0.03      0.22     0.23     1 
0130324660   39.71120    -74.41121    -0.24      0.04     0.24     1 
0130324661   39.71101    -74.37517    -0.02      0.06     0.07     1 
0130324662   39.71081    -74.33912     0.08      0.09     0.12     1 
0130324663   39.71060    -74.30307     0.01      0.06     0.06     1 
0130324664   39.71038    -74.26703     0.18      0.23     0.29     1 
0130324665   39.71015    -74.23099     0.15      0.07     0.16     1 
0130324666   39.70990    -74.19494    -0.04      0.13     0.13     1 
0130324667   39.70965    -74.15890    -0.02      0.13     0.13     1 
0130324729   39.68669    -74.62763    -0.04     -0.10     0.10     1 
0130324730   39.68657    -74.59160    -0.07      0.22     0.23     1 
0130324731   39.68644    -74.55556    -0.02      0.03     0.04     1 
0130324732   39.68629    -74.51953    -0.14     -0.17     0.22     1 
0130324733   39.68614    -74.48350    -0.21      0.30     0.37     1 
0130324735   39.68579    -74.41143    -0.30      0.18     0.35     1 
0130324736   39.68561    -74.37539     0.03      0.04     0.05     1 
0130324737   39.68541    -74.33936    -0.20      0.08     0.21     1 
0130324738   39.68520    -74.30333     0.09      0.10     0.14     1 
0130324739   39.68498    -74.26730    -0.29      0.00     0.29     1 
0130324740   39.68474    -74.23127     0.14      0.10     0.17     1 
0130324741   39.68450    -74.19523    -0.10      0.06     0.11     1 
0130324810   39.66039    -74.41164     0.02     -0.07     0.07     1 
0130324811   39.66020    -74.37562     0.14     -0.02     0.15     1 
0130324812   39.66000    -74.33960    -0.04      0.02     0.04     1 
0130324813   39.65979    -74.30358     0.13      0.09     0.16     1 
0130324814   39.65957    -74.26757    -0.09      0.07     0.12     1 
0130324815   39.65933    -74.23155    -0.12      0.12     0.17     1 
0130324816   39.65909    -74.19553    -0.08      0.10     0.13     1 
0130324889   39.63416    -74.26783    -0.01      0.10     0.10     1 
0130324891   39.63368    -74.19582    -0.24     -0.19     0.31     1 
----------------------------------------------------------------------
---------------------------------------------------
Total correlated GCPs in Upper Left Quadrant: 606

GCP statistics this quadrant only (in Pixels)
Line residual statistics:
  Mean: 0.066
  Median: 0.073
  Standard Deviation: 0.167

Sample residual statistics:
  Mean: 0.010
  Median: 0.009
  Standard Deviation: 0.080

Quadrant RMSE: 0.197

---------------------------------------------------
Total correlated GCPs in Upper Right Quadrant: 215

GCP statistics this quadrant only (in Pixels)
Line residual statistics:
  Mean: 0.034
  Median: 0.064
  Standard Deviation: 0.150

Sample residual statistics:
  Mean: -0.013
  Median: -0.011
  Standard Deviation: 0.092

Quadrant RMSE: 0.180

---------------------------------------------------
Total correlated GCPs in Lower Left Quadrant: 395

GCP statistics this quadrant only (in Pixels)
Line residual statistics:
  Mean: 0.083
  Median: 0.086
  Standard Deviation: 0.144

Sample residual statistics:
  Mean: -0.009
  Median: -0.010
  Standard Deviation: 0.085

Quadrant RMSE: 0.187

---------------------------------------------------
Total correlated GCPs in Lower Right Quadrant: 0

GCP statistics this quadrant only (in Pixels)
Line residual statistics:
  Mean: 0.000
  Median: 0.000
  Standard Deviation: 0.000

Sample residual statistics:
  Mean: 0.000
  Median: 0.000
  Standard Deviation: 0.000

Quadrant RMSE: 0.000

---------------------------------------------------
---------------------------------------------------
Total correlated GCPs in scene: 1216

GCP statistics entire scene (in Pixels)
Line residual statistics:
  Mean: 0.066
  Median: 0.074
  Standard Deviation: 0.158

Sample residual statistics:
  Mean: -0.000
  Median: -0.000
  Standard Deviation: 0.085

Scene RMSE: 0.191

