Thu. Sep. 22, 2016             LANDSAT 5                 Time: 18:44
                         Image Assessment System
                           GCP Residual Report
----------------------------------------------------------------------------
WOID: L19877218            Path/Row: 013 / 032

L0R Reference Image: L51XXX1000190150100_HDF.162662342
Acquisition Date: Jul 08, 2000

Band Number:  5

GLS date for each WRS-2 path/row used:
Path  Row   Date
013   032   10-20-2000


Point_ID         Latitude  Longitude    Height       Across    Along    Residual  Residual
                                                      Scan      Scan      In y      in x
                                                    Residual  Residual    dir       dir
                   (deg)     (deg)     (meters)     (meters)  (meters)  (meters)  (meters)

0130320001_01   40.899350  -72.547400    -5.607      -0.030    -1.556     0.233    -1.540
0130320002_01   40.985966  -74.209579   109.451      -6.436     4.433    -7.089     3.284
0130320004_01   41.050400  -73.531986   -15.842      -1.363     1.470    -1.591     1.218
0130320005_01   40.837345  -73.132134    -7.643      -3.880    -1.700    -3.537    -2.331
0130320006_01   40.577940  -74.178956   -28.593       5.536    -3.197     5.998    -2.215
0130320008_01   40.742508  -74.255819    36.008      -2.758     4.070    -3.405     3.546
0130320009_01   40.528315  -74.193730   -22.011      -6.331    -0.632    -6.131    -1.693
0130320010_01   40.471312  -74.278993    -4.971      -1.972    -1.213    -1.736    -1.528
0130320011_01   40.320072  -74.446563    15.000      -1.467     1.136    -1.638     0.871
0130320012_01   40.704794  -73.791026   -15.364       3.632    -2.133     3.941    -1.489
0130320014_01   41.031222  -73.762948    33.541      -2.698     0.752    -2.785     0.286
0130320015_01   40.849362  -73.315786    24.221      -1.462     2.361    -1.840     2.080
0130320016_01   40.246943  -74.117011    -0.020       1.307    -2.696     1.747    -2.435
0130320018_01   40.689480  -74.096283   -23.540       4.989     1.045     4.741     1.873
0130320019_01   40.348265  -74.045041   -22.951      -6.809    -2.162    -6.342    -3.284
0130320020_01   40.017080  -74.100998   -32.000       3.488     0.571     3.340     1.155
0130320021_01   40.830719  -73.926433   -25.000       1.745    -2.817     2.197    -2.481
0130320022_01   40.684149  -73.833291   -20.021      -0.362    -0.358    -0.295    -0.415
0130320023_01   40.627324  -74.207084   -29.527       1.290     0.808     1.136     1.014
0130320024_01   40.707930  -73.860221   -11.161      -0.708    -2.737    -0.234    -2.818
0130320025_01   40.799067  -73.664494    23.537       0.499     0.013     0.490     0.097
0130320026_01   40.761740  -73.733483    20.856      -1.509     0.254    -1.529    -0.005
0130320027_01   40.706608  -73.311220   -27.502       2.535     0.189     2.467     0.615
0130320028_01   40.815703  -72.604548   -29.085       0.212     1.996    -0.129     2.004
0130320029_01   40.857797  -73.395655    36.005       0.184     1.469    -0.067     1.479
0130320031_01   40.559868  -74.308164    -2.814       0.439     0.764     0.304     0.827
0130320032_01   40.761611  -73.377712    17.883      -6.946     4.252    -7.565     3.017
0130320033_01   40.949976  -72.368043    21.203      -2.262     2.834    -2.709     2.411
0130320034_01   40.466811  -74.389095   -32.000       2.779    -3.914     3.403    -3.387
0130320035_01   40.997535  -73.674050    -2.958      -0.333     0.652    -0.438     0.586
0130320036_01   40.888862  -73.901991   -15.490      -0.358    -4.951     0.485    -4.940
0130320037_01   40.440476  -74.232983   -21.941      -4.342     1.021    -4.451     0.271
0130320038_01   40.672778  -74.004221   -30.000       3.337    -0.067     3.301     0.497
0130320040_01   41.137758  -73.265178   -27.482       2.273     0.052     2.232     0.434
0130320041_01   40.663038  -73.913156   -23.863       0.350    -2.955     0.846    -2.853
0130320042_01   40.929434  -72.332519   -24.015      -0.847    -1.544    -0.575    -1.666
0130320044_01   40.028130  -74.336771   -11.875       2.764    -1.482     2.976    -0.991
0130320046_01   40.254409  -74.299644    18.888      -1.964     0.356    -1.995     0.019
0130320047_01   40.880966  -73.278311    13.341      -3.983     5.410    -4.839     4.659
0130320050_01   39.798738  -74.181290   -31.000       0.303    -0.437     0.374    -0.379
0130320052_01   39.950177  -74.537004   -11.575       2.106    -2.229     2.455    -1.839
0130320054_01   40.703019  -73.251655   -30.243       5.657    -1.922     5.900    -0.938
0130320055_01   40.651400  -74.099636   -31.000       4.798     1.066     4.548     1.861
0130320056_01   40.852614  -73.157330     5.136      -1.777     1.330    -1.976     1.010
0130320060_01   40.794862  -74.027647   -29.864       0.480    -4.884     1.300    -4.732
0130320061_01   41.083545  -73.462677   -15.734      -4.211     1.525    -4.408     0.794
0130320062_01   39.673538  -74.297501    -5.740       0.190     0.191     0.155     0.221
0130320065_01   40.809518  -72.824205   -22.039      -3.280     4.383    -3.975     3.765
0130320066_01   40.928985  -74.139706   -20.218       2.298     1.229     2.058     1.599
0130320067_01   40.063206  -74.055365   -31.609       2.863    -1.569     3.089    -1.060
0130320071_01   40.773303  -73.441769    28.159      -5.823     4.357    -6.475     3.309
0130320072_01   40.647365  -74.003179    17.815       0.936     1.552     0.661     1.688
0130320073_01   40.943221  -72.577493   -28.992       4.612    -1.359     4.776    -0.561
0130320074_01   40.910900  -74.179838     3.081       0.401     1.557     0.133     1.602
0130320076_01   40.946991  -72.439437   -30.802       3.286    -5.095     4.099    -4.469
0130320078_01   40.545627  -74.235682   -14.045       4.954    -1.735     5.177    -0.873
0130320079_01   40.881471  -74.043115   -29.200       0.435    -1.339     0.656    -1.246
0130320080_01   39.671251  -74.156914   -31.000      -0.472    -0.467    -0.385    -0.541
0130320081_01   40.857971  -73.640532   -28.120      -1.261     2.397    -1.648     2.150
0130320082_01   40.899458  -73.478701   -32.000      -2.511     3.639    -3.089     3.163
0130320083_01   40.853379  -73.922152   -30.795       0.190    -3.001     0.695    -2.925
0130320085_01   39.891523  -74.273525   -15.133       0.598    -2.113     0.949    -1.980
0130320086_01   40.056895  -74.111730   -31.615       2.327     1.695     2.006     2.065
0130320087_01   40.728748  -73.614036   -10.000       1.831    -2.214     2.179    -1.873
0130320088_01   40.063315  -74.345224    -3.424      -0.246     3.408    -0.821     3.317
0130320089_01   39.737284  -74.496768    -4.243      -2.062     3.477    -2.623     3.076
0130320090_01   40.100594  -74.033378   -29.946       0.458    -0.454     0.529    -0.369
0130320091_01   40.964243  -72.562108   -21.427      -3.048     5.177    -3.880     4.589
0130320092_01   40.783988  -73.900165   -28.172       3.650    -2.159     3.963    -1.512
0130320093_01   40.897519  -72.877234    -6.312      -3.305     1.785    -3.560     1.200
0130320095_01   40.575041  -73.575036   -32.953       4.280     0.325     4.164     1.045
0130320096_01   40.787516  -72.666357   -30.431       0.037     5.753    -0.936     5.678
0130320097_01   40.439273  -74.345128   -24.866      -0.693     1.072    -0.864     0.939
0130320098_01   40.698016  -73.954843   -27.807      -1.275    -2.796    -0.783    -2.971
0130320099_01   40.019276  -74.452868    22.019      -0.740     0.431    -0.802     0.299
0130320101_01   40.629209  -73.748405   -29.343       3.333    -3.649     3.903    -3.032
0130320102_01   40.875895  -72.537230   -18.903      -2.492     0.647    -2.567     0.216
0130320103_01   40.822648  -73.960004   -32.000       0.471    -4.676     1.256    -4.529
0130320104_01   40.655550  -73.407608   -31.619       3.000    -0.191     2.989     0.319
0130320105_01   40.241116  -74.248640     5.368      -4.316    -0.398    -4.184    -1.123
0130320106_01   39.761465  -74.266488     5.734      -4.676     3.786    -5.251     2.936
0130320107_01   39.758370  -74.095966   -33.773      -3.260     3.067    -3.734     2.468
0130320109_01   40.669321  -73.349073   -30.091       3.521    -2.400     3.877    -1.770
0130320110_01   40.091202  -74.221786   -21.000       0.534     1.123     0.337     1.198
0130320111_01   40.738885  -74.160992   -25.810       2.097     0.628     1.961     0.973
0130320112_01   39.739329  -74.115471   -31.350       1.199    -0.674     1.297    -0.461
0130320113_01   40.731814  -73.492118    -4.000       0.528     0.695     0.403     0.774
0130320114_01   40.607318  -74.061930   -16.425      -1.230    -0.207    -1.176    -0.412
0130320115_01   40.917360  -72.568463   -30.156       5.727    -2.458     6.061    -1.455
0130320116_01   40.702132  -73.671759   -17.716      -2.001    -0.549    -1.878    -0.880
0130320117_01   40.776091  -74.078402   -30.000       3.102    -1.467     3.306    -0.922
0130320118_01   39.862333  -74.318378    11.564       0.327     1.188     0.120     1.226
0130320119_01   40.563395  -74.225203   -30.000       4.326    -1.399     4.501    -0.648
0130320120_01   40.896528  -72.504059   -30.689      -1.544    -3.383    -0.952    -3.597
0130320121_01   40.680789  -73.435051   -27.000       1.163    -0.067     1.158     0.131
0130320122_01   39.777713  -74.115680   -31.000       3.389     3.345     2.770     3.873
0130320123_01   39.852418  -74.381952    12.098      -0.174    -0.841    -0.027    -0.857
0130320126_01   40.842333  -73.666829   -27.616      -3.628    -0.846    -3.433    -1.446
0130320127_01   39.940846  -74.171874   -31.275      -0.644    -0.021    -0.631    -0.129
0130320129_01   40.819865  -72.716444   -26.181       1.223     0.618     1.100     0.816
0130320130_01   40.853632  -72.900702     9.669      -4.854     5.693    -5.747     4.791
0130320131_01   40.680451  -73.315076   -30.082       3.136    -0.630     3.198    -0.090
0130320132_01   40.661770  -73.865621   -31.124       1.584    -2.314     1.953    -2.013
0130320133_01   39.928397  -74.499233    -2.226      -3.906    -2.038    -3.500    -2.671
0130320134_01   40.956359  -72.248032   -20.000       1.786    -1.073     1.941    -0.756
0130320135_01   40.756389  -73.954640   -26.334      -0.678    -4.915     0.164    -4.958
0130320137_01   40.719578  -73.948467   -28.586       0.061    -1.440     0.304    -1.409
0130320138_01   40.768890  -74.282184    68.379      -3.485     1.060    -3.612     0.457
0130320139_01   40.535371  -74.324711    27.678      -2.412     1.448    -2.621     1.018
0130320140_01   40.787891  -74.002503    -7.496       1.785    -4.120     2.457    -3.759
0130320141_01   39.760479  -74.550185    -8.647      -0.458     0.497    -0.535     0.412
0130320142_01   40.186610  -74.009252   -30.898       1.654    -3.530     2.230    -3.199
0130320143_01   40.739764  -73.586449    -4.148      -0.448    -1.855    -0.127    -1.905
0130320144_01   40.567967  -74.109615   -28.000       0.683    -5.122     1.542    -4.932
0130320145_01   40.841022  -73.693899   -21.153      -3.186     2.355    -3.537     1.783
0130320147_01   40.693247  -74.129254   -27.591       3.176     4.448     2.378     4.920
0130320148_01   40.930916  -73.054675    26.962      -2.326     1.509    -2.547     1.094
0130320149_01   39.721836  -74.125495   -32.323       0.986     1.378     0.737     1.526
0130320150_01   40.915771  -73.406010   -29.813      -0.562     0.972    -0.718     0.863
0130320153_01   39.912061  -74.191174   -20.784      -0.141    -1.896     0.185    -1.892
0130320155_01   40.839914  -73.898529    -9.132      -0.385    -0.857    -0.234    -0.910
0130320156_01   40.105804  -74.110038   -22.342      -3.150    -0.357    -3.043    -0.886
0130320157_01   39.763305  -74.513741    -9.916      -0.054     3.324    -0.619     3.266
0130320158_01   40.790529  -72.937891   -10.194      -3.455     1.482    -3.657     0.876
0130320160_01   40.933678  -73.090583     4.604      -6.832     2.023    -7.076     0.840
0130320161_01   40.809960  -72.776533   -20.008      -3.374     4.865    -4.148     4.225
0130320162_01   40.900078  -72.383912   -17.865       2.270    -1.507     2.491    -1.102
0130320163_01   40.845585  -74.050038   -30.000       0.363     4.185    -0.349     4.185
0130320164_01   40.899689  -74.090223   -19.733      -2.316     0.819    -2.420     0.417
0130320165_01   40.692493  -74.296142    -3.000      -0.022     5.673    -0.981     5.587
0130320166_01   40.016077  -74.184675   -12.000      -4.394     2.307    -4.721     1.528
0130320167_01   40.916827  -72.727714   -19.271       1.436    -1.901     1.736    -1.631
0130320168_01   39.978490  -74.074451   -31.558       0.587    -2.243     0.960    -2.111
0130320169_01   39.921786  -74.081534   -32.589      -0.936     1.570    -1.189     1.388
0130320170_01   40.424301  -73.991981   -33.000       2.297    -4.186     2.974    -3.736
0130320171_01   39.990431  -74.314646    -9.384       3.409    -0.884     3.510    -0.292
0130320172_01   40.899444  -73.359390   -31.400       2.111     1.638     1.804     1.971
0130320174_01   40.937192  -73.491733   -31.420       1.295     2.513     0.852     2.695
0130320175_01   40.872765  -72.883009    -0.176      -6.713    -0.985    -6.452    -2.106
0130320176_01   40.926202  -72.616592   -30.518       6.698    -5.626     7.552    -4.415
0130320177_01   40.664484  -74.187478   -22.741       2.654    -1.362     2.847    -0.894
0130320178_01   40.705311  -73.925254   -25.051       1.190    -0.343     1.231    -0.137
0130320180_01   40.917522  -72.450905   -33.449       7.052    -2.072     7.301    -0.851
0130320181_01   39.928303  -74.234517   -25.016      -0.964    -1.028    -0.774    -1.176
0130320182_01   39.694903  -74.449840     6.929      -1.644     1.056    -1.799     0.761
0130320183_01   39.739425  -74.380511    -6.000       0.870    -3.095     1.385    -2.902
0130320184_01   40.774747  -72.716924   -29.608      -2.333    -7.065    -1.106    -7.360
0130320185_01   39.701100  -74.135905   -31.000       2.259     1.857     1.910     2.214
0130320186_01   40.910012  -73.542577   -32.000       2.040     1.291     1.793     1.617
0130320187_01   41.078182  -74.142764    72.984      -3.363     1.748    -3.607     1.156
0130320188_01   40.865901  -74.198549    87.717      -1.260     4.230    -1.956     3.955
0130320189_01   40.955158  -73.401142   -31.490      -1.934     0.891    -2.057     0.551
0130320190_01   40.872204  -74.135814   -17.651       2.263    -0.160     2.259     0.224
0130320191_01   40.907967  -73.509495   -31.552       3.358    -1.829     3.619    -1.236
0130320192_01   39.654049  -74.170411   -31.072       2.041     3.610     1.396     3.905
0130320193_01   40.650922  -73.485425   -31.895       3.937    -0.174     3.910     0.494
0130320194_01   40.833785  -72.669359   -15.875      -4.386    -0.679    -4.209    -1.411
0130320195_01   39.780236  -74.379795     2.529      -0.559     1.318    -0.775     1.203
0130320196_01   40.812603  -74.016361   -29.000       1.883    -4.328     2.589    -3.948
0130320198_01   40.705603  -73.816936   -13.366       0.970    -0.279     1.004    -0.111
0130320199_01   40.977429  -72.471774   -30.925       6.882    -0.965     6.947     0.212
0130320200_01   40.747370  -74.103318   -30.000       6.097     2.354     5.611     3.350
0130320201_01   40.052140  -74.283781    -5.601      -3.351     0.953    -3.463     0.371
0130320202_01   40.807405  -73.022012    -9.880      -4.330     0.382    -4.333    -0.356
0130320203_01   41.122474  -73.547177    34.697      -2.374     4.286    -3.062     3.824
0130320204_01   40.769089  -74.152081    -0.606       2.230     2.007     1.858     2.354
0130320205_01   39.979539  -74.177731   -18.677      -4.394    -2.010    -3.987    -2.726
0130320207_01   40.793519  -73.936634   -29.778      -0.753    -3.725    -0.111    -3.798
0130320208_01   40.601214  -73.571644   -33.444       3.960     0.415     3.833     1.079
0130320209_01   40.839389  -74.156879     8.131       1.242     1.288     1.007     1.479
0130320210_01   39.810792  -74.434897     9.651       0.086    -2.207     0.462    -2.160
0130320211_01   40.675652  -73.495869   -26.000      -1.527     1.529    -1.764     1.249
0130320212_01   40.849862  -72.702959   -12.009      -2.718     0.020    -2.684    -0.440
0130320213_01   39.685678  -74.502041   -18.889       1.447     0.549     1.334     0.787
0130320214_01   41.144736  -74.152980   131.884      -5.484     4.815    -6.214     3.821
0130320215_01   40.747555  -72.998914   -27.739       3.629    -2.687     4.031    -2.035
0130320217_01   40.885661  -72.344248   -28.139       5.092     4.644     4.235     5.441
0130320218_01   40.695822  -74.225091   -13.310       2.184     3.652     1.535     3.968
0130320219_01   40.947778  -72.936569    28.548      -2.370     0.990    -2.503     0.575
0130320220_01   40.475355  -74.321773   -29.128      -2.508    -3.852    -1.817    -4.220
0130320222_01   40.725609  -74.194195    -5.529       1.923    -4.169     2.601    -3.784
0130320223_01   40.057509  -74.157801   -23.011      -2.645     0.806    -2.743     0.346
0130320224_01   40.637419  -74.074636   -28.778       1.019    -4.289     1.732    -4.055
0130320225_01   40.612418  -73.415371   -30.753      -0.073    -4.699     0.724    -4.644
0130320226_01   40.717149  -73.426031   -15.000       3.207     0.855     3.016     1.385
0130320227_01   39.679411  -74.330674   -24.707       0.852     2.960     0.336     3.062
0130320228_01   39.810248  -74.203935   -31.493      -0.295    -1.802     0.017    -1.827
0130320230_01   40.939272  -72.701288   -17.136      -6.087     0.874    -6.149    -0.167
0130320231_01   39.933407  -74.271678    -2.177      -4.927    -1.710    -4.563    -2.522
0130320232_01   40.599152  -73.473831   -31.431       1.032    -1.705     1.306    -1.506
0130320233_01   40.641718  -73.167401   -29.004       2.245    -6.195     3.261    -5.727
0130320234_01   40.727253  -73.694350    -4.845      -0.044    -1.550     0.219    -1.534
0130320235_01   40.713223  -73.560018   -12.000      -1.377    -1.320    -1.134    -1.534
0130320236_01   41.111534  -73.337685   -29.291       5.150     0.922     4.920     1.778
0130320237_01   40.632061  -73.332610   -31.613       2.542     4.063     1.818     4.434
0130320238_01   40.852851  -73.983022    51.961      -2.917     2.130    -3.233     1.607
0130320239_01   40.908143  -73.234863   -32.000       4.003    -0.645     4.055     0.040
0130320240_01   40.954851  -72.751360     2.228       0.637     0.504     0.542     0.604
0130320241_01   40.919174  -72.682748   -23.991       0.815    -3.240     1.350    -3.056
0130320242_01   40.813287  -72.956393    -3.018      -1.828     0.597    -1.903     0.279
0130320243_01   39.781308  -74.554253    -7.748       1.484     1.785     1.159     2.011
0130320244_01   39.688325  -74.241723   -30.000      -4.481     2.661    -4.868     1.860
0130320245_01   40.858243  -72.571340   -21.524       2.744     4.424     1.958     4.825
0130320246_01   39.842550  -74.147108   -33.000       2.163    -1.032     2.307    -0.649
0130320248_01   40.759794  -72.767545   -29.822       1.471    -4.832     2.266    -4.515
0130320249_01   40.704794  -74.193381   -29.595       2.337     1.019     2.132     1.399
0130320250_01   39.769614  -74.416319     0.927      -0.344     0.200    -0.372     0.139
0130320251_01   40.868023  -73.011309    -3.641      -3.545     3.285    -4.049     2.639
0130320252_01   39.992080  -74.538829    -3.391       1.186    -0.450     1.246    -0.242
0130320253_01   40.929059  -72.902591     2.891      -4.968     0.676    -5.012    -0.173
0130320255_01   40.966998  -72.723141    10.382      -6.008    -1.625    -5.649    -2.617
0130320256_01   40.877729  -73.984778   -28.275       1.903    -1.015     2.048    -0.680
