Thu. Sep. 15, 2016             LANDSAT 5                 Time: 07:46
                         Image Assessment System
                           GCP Residual Report
----------------------------------------------------------------------------
WOID: L19708878            Path/Row: 014 / 032

L0R Reference Image: L51GNC1003237150100_HDF.162591244
Acquisition Date: Aug 25, 2003

Band Number:  5

GLS date for each WRS-2 path/row used:
Path  Row   Date
014   032   09-23-1999


Point_ID         Latitude  Longitude    Height       Across    Along    Residual  Residual
                                                      Scan      Scan      In y      in x
                                                    Residual  Residual    dir       dir
                   (deg)     (deg)     (meters)     (meters)  (meters)  (meters)  (meters)

0140320001_01   39.805434  -75.427445   -32.455       0.964    -0.962     1.126    -0.765
0140320002_01   40.844760  -73.788842   -27.396      -1.528    -1.561    -1.211    -1.818
0140320003_01   40.948134  -74.065321   -15.668       0.431    -0.843     0.579    -0.747
0140320004_01   40.978516  -73.787468    47.304      -2.863     0.301    -2.867    -0.237
0140320005_01   39.597576  -74.342643   -30.984      -1.472    -1.874    -1.096    -2.115
0140320006_01   40.864834  -73.649647    -0.304       0.547    -1.976     0.904    -1.838
0140320007_01   40.869077  -74.151518    -4.729       1.790     3.042     1.193     3.321
0140320008_01   40.462764  -74.295361    -1.381       2.523    -0.169     2.508     0.305
0140320009_01   40.348343  -74.123108   -16.496      -2.846     1.622    -3.097     1.062
0140320010_01   40.600232  -75.454805    41.220       2.632    -2.023     2.961    -1.497
0140320011_01   40.627047  -74.167714   -25.800       2.335    -2.227     2.707    -1.752
0140320012_01   39.992673  -75.274339    41.869       0.379    -0.181     0.406    -0.107
0140320013_01   40.876867  -74.352585    25.543      -2.114     1.600    -2.373     1.178
0140320014_01   41.034599  -75.065550   265.632      -3.164    -5.291    -2.123    -5.780
0140320015_01   40.732542  -73.708102    -4.949       0.054     2.222    -0.361     2.192
0140320016_01   39.989676  -74.158986   -27.474      -1.733    -0.854    -1.543    -1.163
0140320018_01   40.362150  -74.024706   -18.215      -1.735    -0.838    -1.549    -1.146
0140320019_01   41.002140  -74.203678   125.341      -1.944     3.128    -2.490     2.710
0140320020_01   40.098094  -74.091837   -27.866       0.729    -0.448     0.799    -0.304
0140320021_01   40.155362  -75.136205    49.267       2.742     3.177     2.100     3.630
0140320022_01   40.260332  -74.001827   -22.602      -1.732    -2.192    -1.293    -2.476
0140320023_01   40.207880  -74.441131    51.843      -0.280    -1.154    -0.060    -1.185
0140320024_01   40.171667  -75.246519    38.178      -1.294     0.180    -1.304    -0.065
0140320025_01   39.957452  -75.178311   -28.973      -0.325    -1.295    -0.078    -1.332
0140320026_01   40.603280  -74.097800    16.189       0.257     1.049     0.057     1.078
0140320027_01   40.482680  -74.484165    -1.784       0.317     0.476     0.222     0.526
0140320028_01   40.569220  -74.938214   144.014      -4.424    -2.103    -3.952    -2.888
0140320029_01   40.851084  -75.265036   197.558       3.785     2.809     3.194     3.460
0140320030_01   39.894887  -74.752838   -18.246      -1.493     1.916    -1.823     1.603
0140320031_01   39.881033  -75.875588   125.109      -4.820    -1.201    -4.507    -2.078
0140320032_01   40.330097  -74.257896    13.724      -1.422     1.630    -1.700     1.335
0140320033_01   40.003845  -75.232910    52.481       0.287     1.818    -0.057     1.838
0140320034_01   40.535374  -74.198250    -6.496      -1.232    -0.128    -1.186    -0.355
0140320035_01   39.870199  -75.139147   -27.239       2.357     1.058     2.117     1.479
0140320036_01   40.001070  -75.091614   -24.348       1.450     3.385     0.792     3.594
0140320037_01   39.575384  -74.752579    -7.417      -0.505    -0.650    -0.374    -0.733
0140320038_01   40.890743  -73.900892     7.681      -0.356    -2.566     0.127    -2.586
0140320039_01   40.269896  -74.815696    13.164       1.989    -0.284     2.006     0.092
0140320040_01   40.796170  -74.619726   175.825      -3.156     1.256    -3.331     0.647
0140320041_01   40.998681  -75.557052   469.341      -3.609     2.867    -4.073     2.144
0140320042_01   40.680498  -75.142238    82.604      -0.070     0.763    -0.211     0.736
0140320043_01   40.361513  -75.731967    69.510       1.730    -0.723     1.834    -0.387
0140320044_01   39.857539  -75.095281   -28.243       1.273     1.581     0.954     1.790
0140320045_01   40.451689  -74.342177    -5.624      -0.092     2.011    -0.465     1.958
0140320046_01   40.685601  -74.318581    -1.702       1.360     0.680     1.209     0.921
0140320047_01   39.699187  -75.558709   -18.511       2.361    -1.502     2.599    -1.033
0140320048_01   40.336427  -75.155640    96.453       0.507     3.049    -0.071     3.087
0140320049_01   40.788161  -74.002499    -1.738      -0.308     1.090    -0.505     1.013
0140320050_01   40.675469  -75.347048    64.468       3.373    -2.094     3.702    -1.429
0140320051_01   40.597285  -74.376918    -7.258      -0.389     1.000    -0.568     0.910
0140320052_01   40.369305  -74.586092     0.020       0.007    -1.820     0.346    -1.786
0140320053_01   40.856112  -75.180698   173.073       2.775     0.773     2.580     1.274
0140320054_01   40.804332  -75.086663    81.998       2.185    -3.374     2.773    -2.907
0140320055_01   40.510479  -75.296268   109.912      -0.264    -1.412     0.004    -1.435
0140320056_01   40.300870  -74.252215    29.689      -2.412    -0.348    -2.303    -0.791
0140320057_01   40.030276  -75.260073    68.982       0.601     0.302     0.534     0.409
0140320058_01   40.484142  -74.509639     4.000       0.055     0.575    -0.053     0.575
0140320059_01   40.902666  -75.128109   122.481       1.289    -0.583     1.374    -0.333
0140320060_01   39.992566  -76.019682   103.143      -0.961     2.035    -1.323     1.819
0140320061_01   40.520817  -74.633328    -8.987      -0.390     2.221    -0.796     2.108
0140320062_01   40.610151  -74.463327    -6.471       0.566    -1.345     0.806    -1.216
0140320064_01   40.056895  -74.111730   -31.615      -0.204    -0.191    -0.165    -0.225
0140320065_01   40.950594  -73.704930   -13.516       0.054    -2.996     0.609    -2.932
0140320066_01   40.403094  -75.212714   103.118      -1.948    -1.403    -1.651    -1.740
0140320067_01   40.389696  -75.284427   135.939       0.564     0.920     0.383     1.008
0140320068_01   40.547533  -74.424500    -1.385       2.438     0.090     2.377     0.542
0140320069_01   40.818104  -73.935885   -28.955      -0.695    -3.252    -0.078    -3.323
0140320070_01   39.663913  -75.771067    -4.805       4.591    -0.678     4.635     0.191
0140320071_01   39.781890  -75.708972    46.435       3.114    -1.967     3.425    -1.350
0140320073_01   40.653594  -75.423230    85.425       5.955    -0.101     5.866     1.008
0140320074_01   40.253826  -75.004116    25.831       0.744     1.548     0.442     1.658
0140320075_01   40.865901  -74.198549    87.717       0.192     0.888     0.023     0.908
0140320076_01   39.749436  -76.094175    63.500      -1.857    -0.117    -1.801    -0.461
0140320077_01   40.042458  -75.355071    79.994      -1.186    -0.432    -1.084    -0.645
0140320078_01   40.647365  -74.003179    17.815       2.019    -4.340     2.789    -3.885
0140320079_01   39.841734  -76.051108   105.121       1.957     4.366     1.105     4.652
0140320080_01   39.698992  -75.856837    71.774      -5.585    -1.076    -5.282    -2.098
0140320081_01   40.156785  -76.001704   144.577      -1.082     4.914    -1.979     4.623
0140320082_01   39.981445  -74.784500   -17.666      -1.649     0.545    -1.721     0.227
0140320083_01   40.135578  -74.189587   -12.000      -1.762     0.223    -1.772    -0.110
0140320084_01   39.960343  -75.699571   106.569      -3.559     2.903    -4.036     2.187
0140320085_01   40.578708  -74.252320   -21.684       1.070    -0.846     1.208    -0.632
0140320086_01   40.312531  -75.487469    80.078      -1.361     2.096    -1.727     1.804
0140320087_01   40.004607  -75.503549   109.849      -2.518     0.578    -2.580     0.098
0140320089_01   40.670550  -75.265739    79.887       2.750    -2.119     3.094    -1.569
0140320090_01   40.639498  -73.881963   -30.612       0.901    -3.216     1.482    -2.990
0140320091_01   40.381208  -75.480896    71.216       2.316     1.086     2.071     1.498
0140320092_01   41.113810  -75.555881   487.482      -2.755     4.441    -3.527     3.847
0140320093_01   40.322671  -75.132656    75.205       0.701    -2.416     1.139    -2.242
0140320094_01   40.832035  -73.866282   -22.096      -0.814     0.121    -0.822    -0.033
0140320095_01   40.717101  -73.805011     1.958       1.502     1.817     1.136     2.065
0140320096_01   40.254028  -75.279625    70.075       4.227     1.395     3.890     2.157
0140320097_01   40.773997  -74.158062   -24.319       3.275    -0.277     3.267     0.337
0140320098_01   40.309000  -75.232542    74.660      -4.540    -2.833    -3.930    -3.627
0140320099_01   40.474566  -74.717103   133.476      -3.820     2.190    -4.158     1.439
0140320100_01   40.063315  -74.345224    -3.424       2.601    -5.351     3.551    -4.769
0140320101_01   40.212760  -74.758033   -21.440       2.547     0.690     2.372     1.153
0140320102_01   40.428235  -74.518888     1.000      -1.165     0.712    -1.277     0.482
0140320103_01   39.824322  -76.120952    98.715      -2.758     2.551    -3.184     1.990
0140320104_01   40.791652  -74.952587   127.661      -1.752     5.218    -2.690     4.797
0140320106_01   40.704794  -74.193381   -29.595       1.616     1.447     1.318     1.722
0140320107_01   40.479406  -74.321379   -24.555      -0.281    -4.448     0.551    -4.420
0140320108_01   40.735811  -75.691287   173.733       0.008     1.728    -0.313     1.698
0140320109_01   40.817986  -73.839486   -29.568      -3.058    -0.451    -2.919    -1.012
0140320111_01   39.952023  -75.592018    88.933       4.659    -0.179     4.608     0.693
0140320112_01   40.528496  -75.214881   150.581      -2.492     1.716    -2.766     1.221
0140320113_01   40.725801  -73.733809    -6.983       0.062     3.644    -0.617     3.590
0140320114_01   40.280053  -74.032592   -16.000      -1.716    -0.667    -1.562    -0.975
0140320115_01   40.269180  -74.890854    37.984      -1.763    -0.581    -1.623    -0.898
0140320116_01   39.760487  -75.110907   -16.325      -0.874    -0.635    -0.740    -0.786
0140320117_01   40.327078  -74.134683    -9.000      -2.605    -0.454    -2.474    -0.932
0140320118_01   40.347979  -74.799234    29.081      -1.343    -0.261    -1.270    -0.506
0140320119_01   40.286497  -75.264935    68.530       0.164     0.123     0.138     0.152
0140320120_01   40.412426  -75.110909   123.086       0.541    -0.633     0.649    -0.521
0140320121_01   40.057739  -75.809959   162.289      -1.634     2.953    -2.155     2.594
0140320122_01   39.775908  -75.568087    48.602       3.618     0.816     3.400     1.476
0140320123_01   40.842337  -73.667184   -26.425       0.136     5.682    -0.922     5.606
0140320124_01   40.260965  -74.044859   -15.000      -1.271    -0.034    -1.242    -0.271
0140320125_01   40.090599  -74.761985   -19.718      -3.728    -2.988    -3.103    -3.629
0140320126_01   40.782797  -74.039200   -29.000       3.485     1.628     3.120     2.248
0140320127_01   40.842410  -73.934073    29.268      -0.032    -5.277     0.949    -5.188
0140320129_01   39.928058  -74.123579   -31.000       3.555    -0.912     3.660    -0.231
0140320130_01   39.872511  -75.217380   -31.000       2.904     1.619     2.549     2.131
0140320131_01   40.207776  -74.019167   -27.000      -1.071    -0.370    -0.983    -0.563
0140320132_01   39.577394  -74.225817   -31.025      -0.296     1.431    -0.559     1.350
0140320133_01   40.139070  -74.810416   -32.000       4.656     3.520     3.915     4.325
0140320134_01   40.384341  -75.082235   121.076      -0.101     1.933    -0.459     1.878
0140320135_01   40.858007  -74.604423   243.915       4.730     1.054     4.447     1.914
0140320136_01   41.142711  -75.030982   319.000      -0.327    -0.922    -0.150    -0.966
0140320137_01   40.194471  -76.049486   119.148      -2.113     1.936    -2.435     1.508
0140320138_01   40.676477  -74.284596    -0.594      -0.932     0.649    -1.036     0.464
0140320139_01   40.089761  -74.988621    -2.654       2.124     0.515     1.990     0.902
0140320140_01   40.218996  -74.102918    -5.409      -1.164    -1.831    -0.803    -2.015
0140320141_01   39.930005  -75.056409   -28.000       0.876     0.867     0.698     1.015
0140320142_01   40.223492  -74.722734   -19.000       0.771     0.144     0.730     0.285
0140320143_01   40.328658  -75.939968    33.652       2.400    -0.177     2.390     0.273
0140320144_01   40.224945  -74.138805     3.529       0.226    -0.770     0.365    -0.714
0140320145_01   40.639411  -74.236033   -26.267       3.436     1.360     3.120     1.975
0140320146_01   40.353276  -75.937130    61.609       1.694     1.527     1.379     1.814
0140320147_01   39.849263  -75.697741    77.010       0.282    -0.912     0.448    -0.843
0140320148_01   40.989163  -73.964881   -13.162      -1.221    -1.498    -0.921    -1.698
0140320149_01   40.035091  -75.801955   141.802       0.008     0.941    -0.168     0.925
0140320150_01   40.151009  -74.155238   -19.789      -1.909    -0.544    -1.774    -0.891
0140320151_01   40.694316  -73.905547   -11.117       1.455     3.058     0.860     3.274
0140320152_01   39.752212  -75.225056    -5.000       0.040    -1.979     0.409    -1.935
0140320153_01   39.946933  -75.983185   107.179      -1.262    -3.418    -0.600    -3.591
0140320154_01   40.061203  -74.145443   -28.296      -2.230     2.237    -2.607     1.780
0140320155_01   40.679373  -74.016902   -31.000       2.349     1.345     2.056     1.758
0140320156_01   40.545954  -74.556664   -14.713      -0.353    -0.836    -0.192    -0.887
0140320158_01   40.054038  -74.897177   -24.000      -0.933     0.785    -1.063     0.597
0140320159_01   40.130289  -74.562193     8.223      -3.211     1.413    -3.416     0.788
0140320160_01   40.863265  -73.999593   -30.000       0.226     0.549     0.120     0.581
0140320162_01   40.038203  -75.217202    58.313       0.661     0.229     0.606     0.348
0140320163_01   40.245369  -75.378350    34.762      -3.133    -0.294    -3.021    -0.872
0140320164_01   40.756094  -73.687744     6.704      -0.004     2.258    -0.424     2.216
0140320165_01   39.752684  -76.149555    83.637      -1.394    -3.307    -0.750    -3.506
0140320166_01   40.180768  -75.454458    11.792       0.514     0.030     0.499     0.125
0140320167_01   40.047982  -74.685815   -13.844      -2.949     2.180    -3.303     1.590
0140320168_01   40.725186  -75.556897   100.790       2.295    -2.598     2.737    -2.124
0140320169_01   40.482150  -74.627521    -6.990       1.223    -1.317     1.445    -1.065
0140320170_01   40.510584  -74.969075   128.033       0.021     0.114    -0.001     0.116
0140320171_01   40.738841  -73.956691   -29.439       1.306     1.270     1.046     1.490
0140320172_01   41.040536  -74.560500   350.538      -6.388    -4.929    -5.355    -6.023
0140320173_01   40.275648  -75.127271    32.041       2.414     0.483     2.281     0.924
0140320174_01   40.536326  -74.667604    -2.483       3.740    -0.757     3.813    -0.047
0140320175_01   40.136247  -74.966428    18.302       0.866     1.021     0.660     1.164
0140320176_01   39.781216  -75.811963    87.145       2.750    -0.970     2.881    -0.439
0140320177_01   39.783708  -76.155677   106.376      -4.170     0.357    -4.160    -0.427
0140320178_01   40.324814  -76.011246    78.057      -4.087    -4.809    -3.115    -5.482
0140320179_01   40.809197  -75.617710   157.267       0.665     0.604     0.541     0.716
0140320180_01   39.911319  -76.037781   182.398      -1.051    -4.574    -0.177    -4.686
0140320182_01   40.615281  -73.760014   -30.019       0.470    -0.543     0.562    -0.446
0140320183_01   39.935350  -75.131554   -31.000       0.935    -3.586     1.587    -3.346
0140320185_01   40.051410  -74.655903     3.968      -1.163    -0.094    -1.124    -0.309
0140320186_01   40.409024  -74.513721    -3.080      -1.635    -0.339    -1.542    -0.638
0140320187_01   40.780757  -74.370584    21.494      -0.844    -0.720    -0.695    -0.864
0140320188_01   40.470472  -75.389520   144.556       1.957     1.551     1.633     1.887
0140320189_01   39.950619  -74.778275   -19.052       3.088    -0.569     3.137     0.018
0140320191_01   40.620949  -75.478000    48.317       3.173    -1.722     3.436    -1.101
0140320192_01   40.289450  -74.126693   -15.000      -1.913    -1.541    -1.592    -1.871
0140320193_01   40.086216  -74.913316   -28.990       5.227    -1.925     5.491    -0.916
0140320194_01   40.077526  -75.130068    25.598       0.362     0.661     0.232     0.716
0140320195_01   40.067056  -74.978071   -21.573      -0.157     2.032    -0.533     1.966
0140320196_01   40.804703  -75.648610   192.210      -1.433    -3.055    -0.838    -3.265
0140320197_01   39.942830  -74.184843   -32.886      -1.720    -0.035    -1.683    -0.356
0140320198_01   40.472393  -74.857966    14.866      -2.376    -1.402    -2.072    -1.819
0140320199_01   40.504123  -75.494873   146.230      -4.301    -1.336    -3.973    -2.111
0140320200_01   40.637419  -74.074636   -28.778       0.501    -0.555     0.595    -0.452
0140320201_01   40.297003  -74.374743    -3.412       0.827     1.442     0.543     1.570
0140320202_01   39.968397  -75.560543    98.338      -2.455    -2.075    -2.022    -2.495
0140320203_01   40.148954  -75.013971    35.787      -0.469    -1.603    -0.162    -1.661
0140320204_01   40.572870  -75.588949   106.261       1.104     4.889     0.174     5.006
0140320205_01   40.149740  -74.333476     0.859       1.658     0.602     1.515     0.901
0140320206_01   39.565970  -74.775314   -17.062       2.633    -4.477     3.421    -3.903
0140320207_01   40.200172  -75.468687    49.100       3.930     0.827     3.704     1.544
0140320208_01   40.909406  -74.123574   -10.782      -0.656    -0.173    -0.612    -0.291
0140320209_01   40.522565  -74.520339    -8.094      -0.192    -0.761    -0.047    -0.783
0140320210_01   40.209449  -75.569575     8.166       2.346     1.814     1.966     2.219
0140320211_01   39.936623  -74.811678   -24.896      -1.592     1.343    -1.814     1.021
0140320212_01   39.798738  -74.181290   -31.000      -1.196    -0.335    -1.113    -0.553
0140320213_01   40.594835  -74.280858   -25.276       1.156     1.566     0.844     1.753
0140320214_01   39.538679  -74.258016   -31.000      -2.311     1.990    -2.641     1.521
0140320215_01   40.043780  -75.086747    -2.464       2.170    -0.300     2.186     0.110
0140320216_01   40.217498  -75.296750    75.995       1.922    -0.325     1.948     0.039
0140320217_01   40.197160  -75.202200    54.415       0.845     1.126     0.619     1.263
0140320218_01   40.093001  -75.033668    13.399       0.586     0.632     0.458     0.729
0140320219_01   39.796021  -75.740303    91.852       0.784    -1.166     0.988    -0.998
0140320220_01   39.770279  -75.499035    28.196      -1.309     0.725    -1.421     0.468
0140320221_01   39.679485  -75.932856    70.882      -2.974    -0.155    -2.890    -0.707
0140320223_01   40.286308  -75.488693    60.200       2.491     2.129     2.049     2.554
0140320224_01   40.350552  -75.265186   100.892      -4.026    -1.473    -3.678    -2.196
0140320225_01   39.975758  -74.582504    -7.995       0.645     0.693     0.503     0.801
0140320226_01   40.196717  -74.864888    24.075       0.998     0.846     0.822     1.017
0140320227_01   39.831415  -75.548209    80.896       0.983    -2.873     1.502    -2.637
0140320228_01   40.094673  -74.661316    -8.178      -3.181     3.156    -3.712     2.506
0140320229_01   40.738885  -74.160992   -25.810       2.987     0.840     2.777     1.381
0140320230_01   40.391268  -75.769757    82.405      -5.495    -1.857    -5.049    -2.846
0140320231_01   39.746889  -74.531364   -16.000      -0.527     0.680    -0.645     0.569
0140320232_01   40.782947  -74.125950    -4.197       2.116    -0.282     2.130     0.117
0140320233_01   40.714229  -74.229495    16.515       2.290     2.053     1.866     2.443
0140320234_01   39.645427  -74.507924   -28.248      -0.535    -1.115    -0.317    -1.194
0140320235_01   40.406302  -75.700632   117.102      -3.717    -5.771    -2.573    -6.357
0140320236_01   39.670713  -74.157270   -31.040      -0.574     0.130    -0.588     0.021
0140320237_01   40.336631  -74.594416    -9.970      -2.172     0.807    -2.283     0.387
0140320238_01   39.605302  -74.863598   -10.390       1.713    -0.327     1.743    -0.001
0140320239_01   39.997234  -75.947357   189.926       3.613    -0.491     3.639     0.191
0140320240_01   40.338783  -74.183275    -7.460      -2.193     1.749    -2.479     1.308
0140320241_01   39.790937  -75.921746   117.178      -2.510     2.426    -2.917     1.914
0140320242_01   40.088858  -75.764932   125.467      -2.890     1.937    -3.198     1.363
0140320243_01   39.730341  -74.260167   -16.282       0.901    -1.020     1.075    -0.833
0140320244_01   40.357070  -74.976918     8.311      -2.015    -0.887    -1.813    -1.246
0140320245_01   40.306679  -75.391401    69.328       0.386     3.205    -0.219     3.219
0140320246_01   39.646675  -75.375066   -19.949       4.456     1.995     4.003     2.791
0140320247_01   40.664464  -73.950398    -8.931      -2.133    -1.845    -1.752    -2.209
0140320248_01   40.649103  -75.769519   147.981      -5.509    -4.960    -4.484    -5.893
0140320249_01   40.139349  -75.986305    96.092       6.699    -2.783     7.096    -1.486
0140320250_01   41.041520  -74.118968    52.280       1.594    -1.611     1.864    -1.286
