==============================================================================
==============================================================================
Tue. Sep. 27 2016                  LANDSAT 5                       Time: 19:27
                            Image Assessment System
                            GEOMETRIC VERIFY Report
==============================================================================
Order ID: 0501609263030_05596                          Path / Row - 13 / 32
Reference Image: L51XXX1094237140100_HDF.L1G

Color mapping per rank
----------------------
Rank  1 is Green: total residual <= 0.5
Rank  2 is Cyan: 0.5 < total residual <=  1
Rank  3 is Blue:  1 < total residual <=  2
Rank  4 is Yellow:  2 < total residual <=  3
Rank  5 is Red:  3 < total residual

Percentage of residuals by rank
-------------------------------
Rank   1 -- 100.0%
Rank   2 --  0.0%
Rank   3 --  0.0%
Rank   4 --  0.0%
Rank   5 --  0.0%

       GCP    Latitude    Longitude  Sample   Line     Total    Rank
        ID                           Residual Residual Residual
              (Degree)    (Degree)   (Pixel)  (Pixel)  (Pixel)
----------------------------------------------------------------------
0130320092   41.25659    -74.15010     0.08      0.10     0.13     1 
0130320093   41.25631    -74.11322    -0.07      0.14     0.16     1 
0130320094   41.25602    -74.07634     0.08      0.02     0.08     1 
0130320095   41.25572    -74.03946     0.30      0.16     0.34     1 
0130320096   41.25541    -74.00258     0.09      0.07     0.12     1 
0130320097   41.25508    -73.96571     0.21     -0.04     0.21     1 
0130320167   41.23119    -74.15043    -0.12      0.17     0.21     1 
0130320168   41.23091    -74.11357    -0.13      0.08     0.15     1 
0130320169   41.23062    -74.07670    -0.00      0.08     0.08     1 
0130320170   41.23032    -74.03984     0.16      0.00     0.16     1 
0130320171   41.23001    -74.00297     0.16     -0.04     0.16     1 
0130320172   41.22968    -73.96611    -0.17     -0.04     0.17     1 
0130320173   41.22935    -73.92924    -0.17      0.09     0.20     1 
0130320174   41.22900    -73.89238     0.09      0.00     0.09     1 
0130320175   41.22864    -73.85552    -0.09      0.03     0.10     1 
0130320176   41.22827    -73.81866    -0.09     -0.02     0.09     1 
0130320177   41.22788    -73.78180     0.27     -0.04     0.27     1 
0130320242   41.20579    -74.15076    -0.08      0.12     0.15     1 
0130320243   41.20551    -74.11391     0.12     -0.05     0.13     1 
0130320244   41.20522    -74.07706    -0.15      0.12     0.19     1 
0130320245   41.20492    -74.04021     0.14      0.10     0.18     1 
0130320246   41.20461    -74.00336     0.16      0.02     0.17     1 
0130320247   41.20429    -73.96651     0.09      0.03     0.09     1 
0130320249   41.20360    -73.89281    -0.11      0.11     0.15     1 
0130320250   41.20324    -73.85596     0.08      0.00     0.08     1 
0130320251   41.20287    -73.81911     0.10     -0.07     0.13     1 
0130320252   41.20249    -73.78227     0.14      0.05     0.15     1 
0130320253   41.20209    -73.74542     0.06     -0.03     0.07     1 
0130320254   41.20168    -73.70858     0.19      0.03     0.19     1 
0130320255   41.20126    -73.67173     0.21     -0.04     0.22     1 
0130320256   41.20083    -73.63489     0.08     -0.01     0.09     1 
0130320257   41.20039    -73.59805    -0.06      0.07     0.09     1 
0130320316   41.18066    -74.18793    -0.01      0.05     0.05     1 
0130320317   41.18039    -74.15109     0.17     -0.04     0.18     1 
0130320318   41.18012    -74.11425    -0.15      0.15     0.21     1 
0130320319   41.17983    -74.07742     0.17     -0.02     0.17     1 
0130320320   41.17952    -74.04058     0.30      0.01     0.30     1 
0130320321   41.17921    -74.00374     0.11     -0.06     0.13     1 
0130320322   41.17889    -73.96691    -0.03      0.11     0.11     1 
0130320324   41.17820    -73.89324    -0.02      0.01     0.02     1 
0130320325   41.17784    -73.85640     0.20      0.06     0.21     1 
0130320326   41.17747    -73.81957     0.05     -0.00     0.05     1 
0130320327   41.17709    -73.78274     0.07      0.04     0.08     1 
0130320328   41.17669    -73.74591     0.11      0.01     0.11     1 
0130320329   41.17629    -73.70908     0.30     -0.10     0.32     1 
0130320330   41.17587    -73.67225     0.02     -0.02     0.03     1 
0130320331   41.17544    -73.63542    -0.05     -0.01     0.05     1 
0130320332   41.17500    -73.59859    -0.04      0.02     0.05     1 
0130320334   41.17408    -73.52494     0.08      0.08     0.11     1 
0130320335   41.17360    -73.48811     0.12      0.00     0.12     1 
0130320336   41.17311    -73.45129     0.00      0.04     0.04     1 
0130320337   41.17261    -73.41446     0.04      0.12     0.13     1 
0130320391   41.15526    -74.18824     0.12      0.04     0.13     1 
0130320392   41.15499    -74.15142     0.04      0.03     0.05     1 
0130320393   41.15472    -74.11459     0.10      0.04     0.11     1 
0130320394   41.15443    -74.07777     0.19      0.06     0.20     1 
0130320395   41.15413    -74.04095     0.21     -0.01     0.21     1 
0130320396   41.15381    -74.00413     0.15      0.07     0.17     1 
0130320397   41.15349    -73.96731     0.07     -0.01     0.07     1 
0130320398   41.15315    -73.93049     0.08      0.04     0.08     1 
0130320400   41.15245    -73.85685     0.14      0.00     0.14     1 
0130320401   41.15208    -73.82003     0.18     -0.07     0.19     1 
0130320402   41.15169    -73.78321     0.13     -0.02     0.13     1 
0130320403   41.15130    -73.74639     0.12      0.02     0.12     1 
0130320404   41.15089    -73.70958     0.11      0.06     0.13     1 
0130320405   41.15047    -73.67276    -0.07      0.07     0.10     1 
0130320406   41.15004    -73.63595     0.16      0.08     0.18     1 
0130320407   41.14960    -73.59913     0.05      0.03     0.06     1 
0130320408   41.14915    -73.56232     0.09     -0.01     0.09     1 
0130320409   41.14868    -73.52551     0.12      0.02     0.12     1 
0130320410   41.14820    -73.48869     0.13     -0.03     0.14     1 
0130320411   41.14771    -73.45188     0.13      0.01     0.13     1 
0130320412   41.14721    -73.41507     0.02      0.03     0.04     1 
0130320413   41.14670    -73.37826     0.09      0.03     0.09     1 
0130320414   41.14618    -73.34146     0.09     -0.04     0.10     1 
0130320415   41.14564    -73.30465     0.12     -0.03     0.13     1 
0130320416   41.14509    -73.26784     0.00     -0.03     0.03     1 
0130320417   41.14453    -73.23104    -0.15     -0.10     0.18     1 
0130320466   41.12986    -74.18855     0.20      0.13     0.24     1 
0130320467   41.12959    -74.15175     0.10      0.02     0.10     1 
0130320468   41.12932    -74.11494     0.24     -0.00     0.24     1 
0130320469   41.12903    -74.07813     0.25     -0.04     0.25     1 
0130320470   41.12873    -74.04132     0.11     -0.04     0.12     1 
0130320471   41.12841    -74.00451     0.16     -0.03     0.17     1 
0130320472   41.12809    -73.96770     0.09     -0.04     0.09     1 
0130320473   41.12776    -73.93090     0.14      0.04     0.14     1 
0130320475   41.12705    -73.85729     0.22     -0.02     0.22     1 
0130320476   41.12668    -73.82048     0.23     -0.03     0.23     1 
0130320477   41.12629    -73.78368     0.14     -0.06     0.15     1 
0130320478   41.12590    -73.74688     0.07      0.07     0.10     1 
0130320479   41.12549    -73.71007     0.16      0.05     0.17     1 
0130320480   41.12508    -73.67327     0.10     -0.04     0.11     1 
0130320481   41.12465    -73.63647     0.18     -0.01     0.18     1 
0130320482   41.12421    -73.59967    -0.03      0.11     0.11     1 
0130320483   41.12375    -73.56287    -0.01      0.06     0.06     1 
0130320484   41.12329    -73.52607     0.10      0.00     0.10     1 
0130320485   41.12281    -73.48928     0.18      0.09     0.20     1 
0130320486   41.12232    -73.45248     0.11      0.09     0.14     1 
0130320487   41.12182    -73.41568     0.01      0.08     0.08     1 
0130320488   41.12131    -73.37889     0.07      0.05     0.09     1 
0130320489   41.12078    -73.34210    -0.03      0.10     0.10     1 
0130320490   41.12025    -73.30530    -0.11     -0.04     0.11     1 
0130320491   41.11970    -73.26851    -0.20      0.02     0.20     1 
0130320541   41.10446    -74.18887     0.21      0.01     0.21     1 
0130320542   41.10419    -74.15207    -0.00      0.04     0.04     1 
0130320543   41.10392    -74.11528     0.24      0.02     0.24     1 
0130320544   41.10363    -74.07848     0.23      0.04     0.23     1 
0130320545   41.10333    -74.04169     0.14      0.07     0.15     1 
0130320546   41.10302    -74.00490     0.04     -0.03     0.05     1 
0130320547   41.10269    -73.96810     0.03     -0.04     0.05     1 
0130320548   41.10236    -73.93131     0.09     -0.11     0.14     1 
0130320550   41.10165    -73.85773     0.32     -0.06     0.32     1 
0130320551   41.10128    -73.82094     0.18     -0.11     0.21     1 
0130320552   41.10090    -73.78415     0.05     -0.02     0.05     1 
0130320553   41.10050    -73.74736    -0.21      0.07     0.23     1 
0130320554   41.10010    -73.71057     0.13      0.03     0.13     1 
0130320555   41.09968    -73.67378     0.14      0.00     0.14     1 
0130320556   41.09925    -73.63700    -0.03     -0.08     0.08     1 
0130320557   41.09881    -73.60021     0.10      0.00     0.10     1 
0130320558   41.09836    -73.56343     0.04      0.02     0.04     1 
0130320559   41.09789    -73.52664     0.21     -0.02     0.21     1 
0130320560   41.09742    -73.48986     0.21     -0.06     0.22     1 
0130320561   41.09693    -73.45308     0.01     -0.00     0.01     1 
0130320562   41.09643    -73.41630    -0.10     -0.03     0.10     1 
0130320563   41.09592    -73.37951    -0.19     -0.04     0.19     1 
0130320564   41.09539    -73.34274    -0.29      0.07     0.30     1 
0130320616   41.07906    -74.18918     0.07     -0.02     0.07     1 
0130320617   41.07879    -74.15240     0.09      0.07     0.11     1 
0130320618   41.07852    -74.11562     0.18      0.00     0.18     1 
0130320619   41.07823    -74.07884     0.21     -0.04     0.22     1 
0130320620   41.07793    -74.04206     0.12      0.13     0.17     1 
0130320621   41.07762    -74.00528     0.15      0.06     0.16     1 
0130320622   41.07729    -73.96850     0.01     -0.06     0.06     1 
0130320623   41.07696    -73.93172     0.10      0.04     0.11     1 
0130320625   41.07625    -73.85817     0.13      0.02     0.13     1 
0130320626   41.07588    -73.82139     0.13     -0.09     0.16     1 
0130320627   41.07550    -73.78462     0.15     -0.01     0.15     1 
0130320628   41.07511    -73.74784    -0.15      0.05     0.16     1 
0130320629   41.07470    -73.71107     0.03     -0.07     0.08     1 
0130320630   41.07428    -73.67429     0.08     -0.02     0.08     1 
0130320631   41.07386    -73.63752     0.12      0.02     0.13     1 
0130320632   41.07341    -73.60075     0.05     -0.00     0.05     1 
0130320633   41.07296    -73.56398     0.07      0.02     0.07     1 
0130320634   41.07250    -73.52721     0.07     -0.01     0.07     1 
0130320635   41.07202    -73.49044     0.13     -0.01     0.13     1 
0130320636   41.07153    -73.45367     0.03      0.08     0.08     1 
0130320637   41.07104    -73.41690    -0.11      0.01     0.11     1 
0130320638   41.07052    -73.38014    -0.15      0.02     0.15     1 
0130320690   41.05391    -74.22626     0.13      0.03     0.13     1 
0130320691   41.05366    -74.18949     0.24      0.10     0.26     1 
0130320692   41.05339    -74.15272     0.11      0.08     0.14     1 
0130320693   41.05312    -74.11596     0.07      0.06     0.09     1 
0130320694   41.05283    -74.07919     0.15      0.02     0.15     1 
0130320695   41.05253    -74.04243     0.20     -0.05     0.21     1 
0130320696   41.05222    -74.00566     0.21     -0.09     0.23     1 
0130320697   41.05190    -73.96890     0.12      0.02     0.12     1 
0130320698   41.05156    -73.93213     0.05     -0.03     0.05     1 
0130320699   41.05121    -73.89537     0.09     -0.06     0.11     1 
0130320700   41.05085    -73.85861     0.19     -0.01     0.19     1 
0130320701   41.05049    -73.82184     0.20      0.09     0.22     1 
0130320702   41.05010    -73.78508     0.12     -0.00     0.12     1 
0130320703   41.04971    -73.74832    -0.00     -0.01     0.01     1 
0130320704   41.04930    -73.71156     0.18     -0.05     0.19     1 
0130320705   41.04889    -73.67480     0.08      0.05     0.09     1 
0130320706   41.04846    -73.63805     0.13     -0.03     0.13     1 
0130320707   41.04802    -73.60129     0.12     -0.03     0.12     1 
0130320708   41.04757    -73.56453     0.04     -0.07     0.08     1 
0130320709   41.04710    -73.52778     0.01     -0.01     0.02     1 
0130320710   41.04663    -73.49102    -0.15      0.02     0.15     1 
0130320711   41.04614    -73.45427    -0.18      0.03     0.18     1 
0130320712   41.04564    -73.41751    -0.14     -0.01     0.14     1 
0130320737   41.02936    -72.49905    -0.09      0.04     0.10     1 
0130320738   41.02856    -72.46233    -0.03     -0.01     0.03     1 
0130320739   41.02775    -72.42560    -0.33      0.05     0.33     1 
0130320765   41.02851    -74.22656     0.14      0.02     0.14     1 
0130320766   41.02826    -74.18980     0.12      0.06     0.14     1 
0130320767   41.02799    -74.15305     0.04      0.04     0.05     1 
0130320768   41.02772    -74.11630     0.18      0.06     0.19     1 
0130320769   41.02743    -74.07954     0.14      0.04     0.15     1 
0130320770   41.02713    -74.04279    -0.01      0.06     0.06     1 
0130320771   41.02682    -74.00604     0.13      0.00     0.13     1 
0130320772   41.02650    -73.96929     0.20      0.04     0.20     1 
0130320773   41.02616    -73.93254     0.09      0.02     0.10     1 
0130320775   41.02546    -73.85904     0.21     -0.05     0.21     1 
0130320776   41.02509    -73.82230    -0.05      0.09     0.10     1 
0130320777   41.02471    -73.78555     0.06     -0.06     0.08     1 
0130320778   41.02431    -73.74880     0.13     -0.04     0.14     1 
0130320779   41.02391    -73.71206     0.13     -0.00     0.13     1 
0130320780   41.02349    -73.67531     0.14     -0.01     0.14     1 
0130320781   41.02306    -73.63857     0.01      0.04     0.04     1 
0130320782   41.02262    -73.60183    -0.04      0.01     0.04     1 
0130320783   41.02217    -73.56508    -0.10      0.05     0.11     1 
0130320784   41.02171    -73.52834    -0.14      0.02     0.14     1 
0130320810   41.00556    -72.57343    -0.08      0.11     0.13     1 
0130320811   41.00478    -72.53672    -0.04     -0.11     0.11     1 
0130320812   41.00399    -72.50001     0.08     -0.05     0.10     1 
0130320816   41.00071    -72.35318    -0.28     -0.02     0.28     1 
0130320817   40.99986    -72.31648    -0.21     -0.03     0.21     1 
0130320818   40.99900    -72.27978    -0.10     -0.02     0.10     1 
0130320840   41.00311    -74.22685     0.04      0.14     0.15     1 
0130320841   41.00286    -74.19011     0.20      0.06     0.21     1 
0130320842   41.00259    -74.15337     0.10      0.07     0.12     1 
0130320843   41.00232    -74.11664     0.10      0.07     0.12     1 
0130320844   41.00203    -74.07990     0.18      0.05     0.19     1 
0130320845   41.00173    -74.04316     0.13      0.05     0.14     1 
0130320846   41.00142    -74.00642     0.15     -0.04     0.16     1 
0130320847   41.00110    -73.96969     0.24     -0.10     0.26     1 
0130320848   41.00076    -73.93295     0.15      0.01     0.15     1 
0130320850   41.00006    -73.85948     0.10      0.05     0.11     1 
0130320851   40.99969    -73.82275     0.17      0.09     0.19     1 
0130320852   40.99931    -73.78602     0.16      0.02     0.16     1 
0130320853   40.99892    -73.74928     0.16     -0.01     0.16     1 
0130320854   40.99851    -73.71255     0.12     -0.00     0.12     1 
0130320855   40.99809    -73.67582    -0.00      0.01     0.01     1 
0130320856   40.99767    -73.63909    -0.16      0.01     0.17     1 
0130320857   40.99723    -73.60236    -0.09     -0.09     0.13     1 
0130320858   40.99678    -73.56563    -0.30     -0.01     0.30     1 
0130320884   40.98094    -72.61106     0.01     -0.24     0.24     1 
0130320886   40.97940    -72.53766    -0.10      0.00     0.10     1 
0130320888   40.97780    -72.46427    -0.19      0.09     0.21     1 
0130320891   40.97533    -72.35420     0.17     -0.08     0.19     1 
0130320893   40.97362    -72.28083     0.04     -0.00     0.04     1 
0130320894   40.97275    -72.24414     0.03      0.09     0.09     1 
0130320895   40.97187    -72.20746    -0.01      0.10     0.10     1 
0130320896   40.97097    -72.17078     0.01     -0.00     0.01     1 
0130320915   40.97771    -74.22715    -0.15      0.15     0.21     1 
0130320916   40.97746    -74.19043     0.05      0.16     0.17     1 
0130320917   40.97719    -74.15370     0.23      0.01     0.23     1 
0130320918   40.97692    -74.11698     0.12      0.03     0.13     1 
0130320919   40.97663    -74.08025     0.16      0.05     0.17     1 
0130320920   40.97633    -74.04353     0.23     -0.00     0.23     1 
0130320921   40.97602    -74.00681    -0.07     -0.01     0.07     1 
0130320922   40.97570    -73.97008     0.02      0.09     0.09     1 
0130320923   40.97536    -73.93336     0.29      0.02     0.29     1 
0130320925   40.97466    -73.85992     0.03      0.01     0.03     1 
0130320926   40.97429    -73.82320     0.11      0.05     0.13     1 
0130320927   40.97391    -73.78648     0.14     -0.05     0.15     1 
0130320928   40.97352    -73.74976     0.20      0.01     0.20     1 
0130320929   40.97311    -73.71305     0.02     -0.02     0.03     1 
0130320930   40.97270    -73.67633    -0.10      0.01     0.10     1 
0130320944   40.96565    -73.16239    -0.05      0.26     0.27     1 
0130320945   40.96506    -73.12569     0.02     -0.18     0.18     1 
0130320946   40.96446    -73.08898    -0.09      0.01     0.09     1 
0130320947   40.96384    -73.05228    -0.08     -0.02     0.08     1 
0130320948   40.96322    -73.01558     0.01      0.11     0.11     1 
0130320951   40.96127    -72.90549     0.07     -0.10     0.12     1 
0130320952   40.96060    -72.86880    -0.07     -0.06     0.09     1 
0130320954   40.95922    -72.79541     0.12     -0.17     0.21     1 
0130320959   40.95556    -72.61197     0.12     -0.05     0.13     1 
0130320960   40.95479    -72.57529     0.17     -0.23     0.29     1 
0130320961   40.95402    -72.53861    -0.02     -0.02     0.03     1 
0130320963   40.95243    -72.46524     0.12      0.02     0.12     1 
0130320964   40.95161    -72.42857    -0.19     -0.04     0.20     1 
0130320965   40.95079    -72.39189    -0.12      0.00     0.12     1 
0130320966   40.94995    -72.35521    -0.09     -0.02     0.09     1 
0130320968   40.94825    -72.28187    -0.09     -0.09     0.13     1 
0130320969   40.94738    -72.24520    -0.10      0.05     0.11     1 
0130320970   40.94649    -72.20853    -0.08     -0.03     0.08     1 
0130320990   40.95231    -74.22745     0.05      0.03     0.06     1 
0130320991   40.95206    -74.19074     0.11      0.13     0.16     1 
0130320992   40.95179    -74.15403     0.14      0.04     0.15     1 
0130320993   40.95152    -74.11731     0.22      0.03     0.22     1 
0130320994   40.95123    -74.08061     0.07      0.02     0.07     1 
0130320995   40.95093    -74.04390     0.21      0.03     0.21     1 
0130320996   40.95062    -74.00719     0.19     -0.02     0.19     1 
0130320997   40.95030    -73.97048     0.25     -0.01     0.25     1 
0130320998   40.94996    -73.93377     0.29     -0.02     0.29     1 
0130321000   40.94926    -73.86036     0.09     -0.03     0.10     1 
0130321001   40.94889    -73.82365     0.10      0.02     0.10     1 
0130321002   40.94851    -73.78695     0.24     -0.07     0.25     1 
0130321003   40.94812    -73.75024    -0.00      0.06     0.06     1 
0130321004   40.94772    -73.71354    -0.14     -0.02     0.14     1 
0130321005   40.94730    -73.67684    -0.15     -0.06     0.16     1 
0130321010   40.94505    -73.49334    -0.21      0.09     0.23     1 
0130321020   40.93967    -73.12640     0.15     -0.04     0.15     1 
0130321021   40.93907    -73.08971     0.18     -0.09     0.20     1 
0130321022   40.93845    -73.05303     0.15     -0.01     0.15     1 
0130321023   40.93783    -73.01634     0.13     -0.03     0.13     1 
0130321024   40.93719    -72.97966     0.07     -0.07     0.09     1 
0130321025   40.93654    -72.94298     0.03     -0.13     0.13     1 
0130321026   40.93588    -72.90629     0.36      0.03     0.36     1 
0130321027   40.93521    -72.86961     0.15     -0.05     0.16     1 
0130321028   40.93453    -72.83293     0.08     -0.13     0.16     1 
0130321029   40.93383    -72.79626     0.10     -0.03     0.10     1 
0130321031   40.93241    -72.72290     0.08     -0.05     0.10     1 
0130321032   40.93167    -72.68623     0.15     -0.04     0.15     1 
0130321033   40.93093    -72.64956     0.06      0.00     0.06     1 
0130321034   40.93018    -72.61289    -0.15     -0.01     0.15     1 
0130321035   40.92941    -72.57622    -0.15      0.12     0.20     1 
0130321039   40.92623    -72.42955    -0.14     -0.02     0.14     1 
0130321040   40.92541    -72.39289     0.07     -0.03     0.08     1 
0130321042   40.92373    -72.31957    -0.01      0.00     0.01     1 
0130321043   40.92287    -72.28291    -0.26     -0.09     0.27     1 
0130321064   40.92715    -74.26444     0.10      0.01     0.10     1 
0130321065   40.92691    -74.22774     0.11      0.02     0.11     1 
0130321066   40.92665    -74.19105     0.10      0.01     0.10     1 
0130321067   40.92639    -74.15435    -0.05      0.07     0.09     1 
0130321068   40.92612    -74.11765     0.08      0.02     0.08     1 
0130321069   40.92583    -74.08096     0.15      0.07     0.16     1 
0130321070   40.92553    -74.04426     0.19      0.03     0.19     1 
0130321071   40.92522    -74.00757     0.13      0.07     0.14     1 
0130321072   40.92490    -73.97087     0.10      0.08     0.13     1 
0130321073   40.92457    -73.93418     0.14      0.04     0.15     1 
0130321074   40.92422    -73.89749     0.03     -0.03     0.04     1 
0130321075   40.92386    -73.86079     0.01      0.05     0.06     1 
0130321076   40.92350    -73.82410     0.06     -0.01     0.06     1 
0130321077   40.92312    -73.78741     0.13     -0.03     0.13     1 
0130321078   40.92272    -73.75072    -0.10     -0.02     0.10     1 
0130321083   40.92059    -73.56728    -0.03      0.06     0.07     1 
0130321084   40.92013    -73.53060    -0.08      0.02     0.08     1 
0130321085   40.91965    -73.49391    -0.09      0.24     0.25     1 
0130321086   40.91917    -73.45723    -0.02     -0.04     0.05     1 
0130321088   40.91817    -73.38387    -0.10     -0.01     0.10     1 
0130321089   40.91765    -73.34718    -0.01      0.05     0.05     1 
0130321090   40.91711    -73.31050     0.16     -0.04     0.17     1 
0130321091   40.91657    -73.27383     0.08      0.12     0.14     1 
0130321094   40.91487    -73.16379    -0.04     -0.01     0.04     1 
0130321095   40.91428    -73.12712     0.14     -0.07     0.15     1 
0130321096   40.91368    -73.09045     0.23     -0.09     0.24     1 
0130321097   40.91307    -73.05377     0.10     -0.04     0.11     1 
0130321099   40.91180    -72.98043     0.32      0.02     0.32     1 
0130321102   40.90982    -72.87043     0.23     -0.01     0.23     1 
0130321103   40.90914    -72.83376     0.01     -0.02     0.02     1 
0130321104   40.90845    -72.79710    -0.01      0.00     0.01     1 
0130321105   40.90774    -72.76044     0.04      0.03     0.05     1 
0130321106   40.90702    -72.72378    -0.03     -0.03     0.05     1 
0130321107   40.90629    -72.68712     0.06      0.01     0.06     1 
0130321108   40.90555    -72.65046     0.05     -0.06     0.07     1 
0130321109   40.90480    -72.61380    -0.05     -0.02     0.05     1 
0130321110   40.90403    -72.57714    -0.14     -0.16     0.21     1 
0130321112   40.90247    -72.50384    -0.16     -0.15     0.21     1 
0130321113   40.90167    -72.46718    -0.15     -0.03     0.16     1 
0130321114   40.90086    -72.43053    -0.01     -0.08     0.08     1 
0130321115   40.90003    -72.39388    -0.08      0.01     0.08     1 
0130321116   40.89920    -72.35724    -0.16      0.01     0.16     1 
0130321117   40.89835    -72.32059     0.02      0.03     0.04     1 
0130321139   40.90174    -74.26472    -0.02     -0.01     0.03     1 
0130321140   40.90150    -74.22804     0.06      0.02     0.06     1 
0130321141   40.90125    -74.19136    -0.02      0.02     0.03     1 
0130321142   40.90099    -74.15467    -0.09      0.06     0.11     1 
0130321143   40.90071    -74.11799     0.04      0.03     0.05     1 
0130321144   40.90043    -74.08131    -0.11     -0.00     0.11     1 
0130321145   40.90013    -74.04463     0.05     -0.03     0.06     1 
0130321146   40.89982    -74.00795     0.15     -0.04     0.15     1 
0130321147   40.89950    -73.97127     0.05     -0.01     0.06     1 
0130321149   40.89882    -73.89791     0.07      0.00     0.07     1 
0130321150   40.89847    -73.86123     0.11     -0.03     0.11     1 
0130321151   40.89810    -73.82455    -0.06     -0.03     0.06     1 
0130321152   40.89772    -73.78788     0.04     -0.01     0.04     1 
0130321156   40.89608    -73.64118    -0.10      0.01     0.11     1 
0130321157   40.89564    -73.60450     0.03     -0.03     0.04     1 
0130321158   40.89520    -73.56783    -0.05     -0.01     0.05     1 
0130321159   40.89473    -73.53116    -0.01     -0.05     0.05     1 
0130321160   40.89426    -73.49449     0.01     -0.01     0.01     1 
0130321161   40.89378    -73.45782     0.18      0.05     0.19     1 
0130321162   40.89328    -73.42115    -0.10      0.10     0.14     1 
0130321163   40.89277    -73.38448     0.13      0.10     0.17     1 
0130321164   40.89225    -73.34782     0.00      0.06     0.06     1 
0130321165   40.89172    -73.31115     0.26      0.00     0.26     1 
0130321166   40.89118    -73.27449     0.19     -0.03     0.20     1 
0130321167   40.89062    -73.23782     0.18     -0.03     0.18     1 
0130321168   40.89006    -73.20116     0.07      0.12     0.14     1 
0130321169   40.88948    -73.16450     0.07      0.06     0.10     1 
0130321170   40.88889    -73.12784     0.12      0.02     0.13     1 
0130321171   40.88829    -73.09118     0.09      0.01     0.09     1 
0130321172   40.88768    -73.05452     0.14      0.00     0.14     1 
0130321173   40.88705    -73.01786     0.19     -0.04     0.19     1 
0130321178   40.88376    -72.83459     0.17      0.12     0.21     1 
0130321179   40.88306    -72.79794     0.19     -0.07     0.20     1 
0130321180   40.88235    -72.76129     0.17     -0.02     0.17     1 
0130321181   40.88164    -72.72465    -0.01     -0.08     0.08     1 
0130321182   40.88091    -72.68800     0.06     -0.01     0.06     1 
0130321183   40.88017    -72.65135     0.01      0.02     0.02     1 
0130321184   40.87942    -72.61471     0.06     -0.06     0.09     1 
0130321185   40.87865    -72.57807    -0.02     -0.01     0.02     1 
0130321186   40.87788    -72.54143     0.10     -0.01     0.10     1 
0130321187   40.87709    -72.50479    -0.10     -0.05     0.11     1 
0130321189   40.87548    -72.43152    -0.01     -0.06     0.06     1 
0130321190   40.87466    -72.39488     0.12      0.01     0.12     1 
0130321214   40.87634    -74.26500     0.07     -0.01     0.07     1 
0130321215   40.87610    -74.22833     0.02      0.02     0.03     1 
0130321216   40.87585    -74.19166    -0.05      0.05     0.07     1 
0130321217   40.87559    -74.15500     0.01      0.04     0.04     1 
0130321218   40.87531    -74.11833    -0.12      0.07     0.14     1 
0130321219   40.87503    -74.08166     0.02      0.09     0.09     1 
0130321220   40.87473    -74.04499    -0.06      0.04     0.07     1 
0130321221   40.87442    -74.00833     0.07      0.05     0.08     1 
0130321222   40.87410    -73.97166     0.07      0.01     0.07     1 
0130321223   40.87377    -73.93500    -0.21      0.05     0.22     1 
0130321225   40.87307    -73.86167     0.16     -0.05     0.17     1 
0130321226   40.87270    -73.82500     0.24     -0.16     0.29     1 
0130321227   40.87232    -73.78834     0.00     -0.01     0.01     1 
0130321228   40.87193    -73.75168    -0.22      0.09     0.24     1 
0130321229   40.87153    -73.71502    -0.06     -0.03     0.07     1 
0130321231   40.87069    -73.64170     0.18     -0.04     0.18     1 
0130321232   40.87025    -73.60504     0.18      0.07     0.19     1 
0130321233   40.86980    -73.56838     0.14      0.05     0.15     1 
0130321234   40.86934    -73.53172     0.08      0.02     0.08     1 
0130321235   40.86886    -73.49506     0.07      0.04     0.08     1 
0130321236   40.86838    -73.45841    -0.07      0.01     0.07     1 
0130321237   40.86789    -73.42176     0.15      0.01     0.15     1 
0130321238   40.86738    -73.38510     0.08      0.06     0.09     1 
0130321239   40.86686    -73.34845     0.16     -0.02     0.16     1 
0130321240   40.86633    -73.31180     0.07     -0.02     0.08     1 
0130321242   40.86523    -73.23850     0.22      0.03     0.22     1 
0130321243   40.86467    -73.20185     0.13     -0.06     0.14     1 
0130321244   40.86409    -73.16520     0.11     -0.02     0.11     1 
0130321245   40.86350    -73.12855     0.12     -0.03     0.12     1 
0130321246   40.86290    -73.09191     0.19     -0.06     0.20     1 
0130321247   40.86229    -73.05526     0.10     -0.08     0.13     1 
0130321248   40.86166    -73.01862     0.08      0.02     0.08     1 
0130321249   40.86103    -72.98198     0.23     -0.11     0.25     1 
0130321250   40.86038    -72.94534     0.15     -0.01     0.15     1 
0130321252   40.85905    -72.87206     0.28      0.04     0.29     1 
0130321254   40.85768    -72.79878     0.20      0.01     0.20     1 
0130321259   40.85403    -72.61562    -0.07      0.02     0.07     1 
0130321260   40.85327    -72.57900    -0.04     -0.01     0.04     1 
0130321261   40.85249    -72.54237    -0.14     -0.12     0.18     1 
0130321262   40.85171    -72.50574    -0.18     -0.09     0.20     1 
0130321289   40.85094    -74.26528     0.15      0.00     0.15     1 
0130321290   40.85070    -74.22863     0.19     -0.01     0.19     1 
0130321291   40.85045    -74.19197     0.08     -0.03     0.08     1 
0130321292   40.85019    -74.15532    -0.04      0.04     0.05     1 
0130321293   40.84991    -74.11866    -0.04     -0.07     0.08     1 
0130321294   40.84963    -74.08201     0.05     -0.04     0.07     1 
0130321295   40.84933    -74.04536     0.06     -0.01     0.06     1 
0130321296   40.84902    -74.00871    -0.04     -0.00     0.04     1 
0130321297   40.84870    -73.97205     0.09     -0.08     0.12     1 
0130321298   40.84837    -73.93540     0.16     -0.12     0.20     1 
0130321299   40.84802    -73.89875     0.10     -0.01     0.10     1 
0130321300   40.84767    -73.86210     0.01      0.04     0.04     1 
0130321301   40.84730    -73.82545    -0.03      0.04     0.05     1 
0130321302   40.84692    -73.78880    -0.20     -0.04     0.20     1 
0130321304   40.84613    -73.71551    -0.04      0.02     0.04     1 
0130321305   40.84571    -73.67886     0.22      0.04     0.23     1 
0130321306   40.84529    -73.64221     0.03     -0.05     0.06     1 
0130321307   40.84485    -73.60557     0.11     -0.01     0.11     1 
0130321308   40.84440    -73.56892     0.26     -0.03     0.26     1 
0130321309   40.84394    -73.53228     0.11      0.03     0.12     1 
0130321310   40.84347    -73.49564     0.17      0.08     0.18     1 
0130321311   40.84299    -73.45900     0.12      0.15     0.19     1 
0130321313   40.84198    -73.38572     0.15      0.15     0.21     1 
0130321314   40.84147    -73.34908     0.13      0.08     0.15     1 
0130321315   40.84094    -73.31244    -0.01      0.13     0.13     1 
0130321316   40.84039    -73.27580     0.07      0.01     0.07     1 
0130321317   40.83984    -73.23917     0.18      0.06     0.19     1 
0130321318   40.83928    -73.20253     0.08      0.01     0.08     1 
0130321319   40.83870    -73.16590     0.06      0.08     0.10     1 
0130321320   40.83811    -73.12927     0.09     -0.04     0.10     1 
0130321321   40.83751    -73.09264     0.16     -0.01     0.16     1 
0130321322   40.83690    -73.05600     0.20     -0.02     0.20     1 
0130321324   40.83564    -72.98275     0.08     -0.04     0.09     1 
0130321325   40.83499    -72.94612     0.32      0.03     0.32     1 
0130321327   40.83367    -72.87287     0.19      0.05     0.19     1 
0130321328   40.83298    -72.83625     0.18     -0.22     0.29     1 
0130321329   40.83229    -72.79962     0.15      0.05     0.16     1 
0130321330   40.83159    -72.76300     0.25      0.06     0.25     1 
0130321331   40.83087    -72.72638     0.10      0.02     0.10     1 
0130321332   40.83014    -72.68976     0.08     -0.00     0.08     1 
0130321334   40.82865    -72.61653     0.02      0.03     0.03     1 
0130321335   40.82789    -72.57992    -0.25     -0.01     0.25     1 
0130321364   40.82554    -74.26556     0.25      0.01     0.25     1 
0130321365   40.82530    -74.22892     0.13      0.02     0.13     1 
0130321366   40.82505    -74.19228     0.10      0.02     0.10     1 
0130321367   40.82479    -74.15564     0.12      0.02     0.12     1 
0130321368   40.82451    -74.11900    -0.10     -0.00     0.10     1 
0130321369   40.82423    -74.08236    -0.16      0.02     0.17     1 
0130321370   40.82393    -74.04572    -0.08      0.11     0.14     1 
0130321373   40.82297    -73.93581    -0.09     -0.02     0.09     1 
0130321374   40.82262    -73.89917     0.14     -0.06     0.15     1 
0130321375   40.82227    -73.86253    -0.01      0.02     0.02     1 
0130321376   40.82190    -73.82590    -0.01     -0.06     0.07     1 
0130321377   40.82152    -73.78927    -0.22     -0.15     0.27     1 
0130321378   40.82113    -73.75263    -0.01      0.03     0.04     1 
0130321379   40.82073    -73.71600    -0.11      0.03     0.11     1 
0130321380   40.82032    -73.67937     0.17      0.03     0.17     1 
0130321381   40.81989    -73.64273     0.00      0.06     0.06     1 
0130321382   40.81945    -73.60610     0.21      0.06     0.22     1 
0130321383   40.81901    -73.56947     0.22      0.06     0.23     1 
0130321384   40.81855    -73.53284     0.20     -0.02     0.20     1 
0130321385   40.81808    -73.49621     0.05      0.01     0.05     1 
0130321386   40.81759    -73.45959     0.08      0.06     0.10     1 
0130321387   40.81710    -73.42296     0.13      0.01     0.13     1 
0130321388   40.81659    -73.38633     0.10      0.04     0.11     1 
0130321389   40.81607    -73.34971     0.17      0.02     0.17     1 
0130321390   40.81554    -73.31308     0.18      0.02     0.18     1 
0130321391   40.81500    -73.27646     0.06      0.04     0.07     1 
0130321392   40.81445    -73.23984    -0.04      0.01     0.05     1 
0130321393   40.81388    -73.20322    -0.02      0.05     0.05     1 
0130321394   40.81331    -73.16660    -0.01      0.09     0.09     1 
0130321395   40.81272    -73.12998     0.15      0.01     0.15     1 
0130321397   40.81151    -73.05675     0.06      0.04     0.07     1 
0130321399   40.81025    -72.98352     0.08      0.10     0.13     1 
0130321400   40.80961    -72.94690     0.23      0.02     0.23     1 
0130321401   40.80895    -72.91029     0.13      0.05     0.14     1 
0130321402   40.80828    -72.87368     0.12      0.06     0.13     1 
0130321403   40.80760    -72.83707     0.07      0.01     0.08     1 
0130321404   40.80691    -72.80046     0.17     -0.03     0.17     1 
0130321405   40.80620    -72.76386     0.03      0.07     0.07     1 
0130321406   40.80549    -72.72725    -0.16     -0.04     0.17     1 
0130321407   40.80476    -72.69065    -0.10      0.04     0.11     1 
0130321408   40.80402    -72.65404    -0.07     -0.00     0.07     1 
0130321409   40.80327    -72.61744    -0.08      0.06     0.10     1 
0130321438   40.80036    -74.30247     0.06      0.01     0.06     1 
0130321439   40.80014    -74.26584     0.07     -0.06     0.10     1 
0130321440   40.79990    -74.22922     0.10      0.01     0.10     1 
0130321441   40.79965    -74.19259     0.05     -0.04     0.06     1 
0130321442   40.79939    -74.15596     0.11     -0.09     0.14     1 
0130321443   40.79911    -74.11934    -0.03     -0.09     0.09     1 
0130321444   40.79883    -74.08271    -0.15     -0.06     0.16     1 
0130321445   40.79853    -74.04609    -0.16     -0.03     0.16     1 
0130321446   40.79822    -74.00946    -0.05     -0.02     0.06     1 
0130321448   40.79757    -73.93621     0.01     -0.07     0.07     1 
0130321449   40.79722    -73.89959    -0.17      0.05     0.18     1 
0130321450   40.79687    -73.86297    -0.30     -0.00     0.30     1 
0130321451   40.79650    -73.82635    -0.20     -0.03     0.20     1 
0130321452   40.79613    -73.78973    -0.20     -0.08     0.21     1 
0130321453   40.79574    -73.75311    -0.10      0.04     0.10     1 
0130321454   40.79533    -73.71649     0.05      0.07     0.08     1 
0130321455   40.79492    -73.67987     0.13      0.00     0.13     1 
0130321456   40.79449    -73.64325     0.06      0.07     0.09     1 
0130321457   40.79406    -73.60663     0.18      0.02     0.18     1 
0130321458   40.79361    -73.57002     0.18      0.02     0.18     1 
0130321459   40.79315    -73.53340    -0.04      0.06     0.07     1 
0130321460   40.79268    -73.49679     0.02      0.05     0.05     1 
0130321462   40.79170    -73.42356    -0.01      0.07     0.07     1 
0130321463   40.79120    -73.38695     0.06      0.03     0.07     1 
0130321464   40.79068    -73.35034     0.11      0.04     0.12     1 
0130321465   40.79015    -73.31373     0.18     -0.02     0.18     1 
0130321466   40.78961    -73.27712    -0.04      0.00     0.04     1 
0130321467   40.78906    -73.24051     0.13     -0.02     0.13     1 
0130321468   40.78849    -73.20390     0.06      0.01     0.06     1 
0130321469   40.78792    -73.16730     0.23      0.07     0.24     1 
0130321470   40.78733    -73.13069    -0.06      0.07     0.09     1 
0130321471   40.78673    -73.09409     0.03      0.09     0.09     1 
0130321473   40.78550    -73.02089     0.12      0.08     0.14     1 
0130321474   40.78486    -72.98428     0.07      0.07     0.10     1 
0130321476   40.78356    -72.91109     0.09      0.07     0.12     1 
0130321477   40.78289    -72.87449     0.12      0.05     0.13     1 
0130321478   40.78221    -72.83790    -0.03      0.12     0.12     1 
0130321479   40.78152    -72.80130    -0.12      0.05     0.13     1 
0130321480   40.78082    -72.76471     0.02      0.01     0.02     1 
0130321513   40.77496    -74.30274     0.03      0.07     0.08     1 
0130321514   40.77473    -74.26612     0.15     -0.01     0.15     1 
0130321515   40.77450    -74.22951    -0.01      0.06     0.06     1 
0130321516   40.77425    -74.19290    -0.01      0.06     0.06     1 
0130321517   40.77398    -74.15628    -0.04      0.02     0.04     1 
0130321518   40.77371    -74.11967    -0.19     -0.03     0.19     1 
0130321519   40.77343    -74.08306    -0.13      0.10     0.17     1 
0130321520   40.77313    -74.04645    -0.06      0.03     0.07     1 
0130321522   40.77250    -73.97323     0.10     -0.20     0.22     1 
0130321523   40.77217    -73.93662    -0.05     -0.13     0.14     1 
0130321524   40.77182    -73.90001    -0.08      0.02     0.08     1 
0130321526   40.77110    -73.82679    -0.06      0.00     0.06     1 
0130321527   40.77073    -73.79019     0.08     -0.03     0.09     1 
0130321528   40.77034    -73.75358    -0.05      0.02     0.06     1 
0130321529   40.76994    -73.71698     0.07      0.00     0.07     1 
0130321530   40.76952    -73.68037     0.08     -0.05     0.10     1 
0130321531   40.76910    -73.64377     0.08      0.00     0.08     1 
0130321532   40.76866    -73.60716     0.15     -0.03     0.15     1 
0130321533   40.76821    -73.57056     0.11     -0.06     0.12     1 
0130321534   40.76776    -73.53396    -0.04     -0.10     0.11     1 
0130321536   40.76680    -73.46076     0.10     -0.07     0.12     1 
0130321537   40.76631    -73.42416    -0.18      0.03     0.18     1 
0130321538   40.76580    -73.38756     0.14      0.07     0.16     1 
0130321539   40.76528    -73.35097     0.07      0.10     0.13     1 
0130321540   40.76476    -73.31437     0.04      0.07     0.08     1 
0130321541   40.76422    -73.27778     0.04      0.02     0.05     1 
0130321542   40.76366    -73.24118     0.05      0.03     0.05     1 
0130321543   40.76310    -73.20459     0.10      0.07     0.12     1 
0130321544   40.76252    -73.16800     0.25     -0.06     0.25     1 
0130321546   40.76134    -73.09481     0.20     -0.04     0.20     1 
0130321547   40.76073    -73.05823     0.20     -0.12     0.23     1 
0130321548   40.76011    -73.02164     0.02      0.03     0.04     1 
0130321549   40.75948    -72.98505     0.08     -0.01     0.08     1 
0130321550   40.75883    -72.94847     0.09      0.03     0.10     1 
0130321551   40.75817    -72.91188     0.03      0.06     0.07     1 
0130321552   40.75751    -72.87530     0.05      0.06     0.08     1 
0130321553   40.75683    -72.83872    -0.02      0.07     0.08     1 
0130321554   40.75614    -72.80214     0.10      0.04     0.10     1 
0130321588   40.74956    -74.30300     0.12     -0.07     0.14     1 
0130321589   40.74933    -74.26640     0.16     -0.03     0.16     1 
0130321590   40.74909    -74.22980    -0.03     -0.01     0.04     1 
0130321591   40.74884    -74.19320     0.01     -0.08     0.08     1 
0130321592   40.74858    -74.15660    -0.05      0.07     0.08     1 
0130321593   40.74831    -74.12001    -0.16      0.03     0.17     1 
0130321594   40.74802    -74.08341    -0.15      0.04     0.15     1 
0130321595   40.74773    -74.04681    -0.07      0.02     0.08     1 
0130321598   40.74677    -73.93702    -0.01     -0.02     0.02     1 
0130321599   40.74643    -73.90043     0.04     -0.09     0.10     1 
0130321600   40.74607    -73.86383    -0.09      0.04     0.10     1 
0130321601   40.74571    -73.82724     0.07     -0.05     0.08     1 
0130321602   40.74533    -73.79065     0.05     -0.01     0.05     1 
0130321603   40.74494    -73.75405     0.07     -0.05     0.08     1 
0130321604   40.74454    -73.71746     0.05      0.00     0.05     1 
0130321605   40.74412    -73.68087    -0.00     -0.05     0.05     1 
0130321606   40.74370    -73.64428    -0.08     -0.05     0.09     1 
0130321607   40.74327    -73.60769    -0.07      0.10     0.12     1 
0130321608   40.74282    -73.57111     0.05     -0.02     0.05     1 
0130321609   40.74236    -73.53452     0.06     -0.07     0.09     1 
0130321611   40.74141    -73.46134     0.21      0.03     0.21     1 
0130321612   40.74091    -73.42476    -0.05      0.01     0.05     1 
0130321613   40.74041    -73.38818     0.07      0.04     0.08     1 
0130321614   40.73989    -73.35159     0.13      0.00     0.13     1 
0130321615   40.73936    -73.31501    -0.01      0.04     0.04     1 
0130321616   40.73882    -73.27843     0.10      0.05     0.12     1 
0130321617   40.73827    -73.24185     0.07      0.03     0.08     1 
0130321618   40.73771    -73.20527     0.01     -0.01     0.02     1 
0130321619   40.73713    -73.16869    -0.02     -0.04     0.04     1 
0130321620   40.73655    -73.13211    -0.07      0.05     0.09     1 
0130321621   40.73595    -73.09554     0.06      0.03     0.06     1 
0130321622   40.73534    -73.05897    -0.01      0.02     0.02     1 
0130321625   40.73344    -72.94925    -0.25     -0.18     0.31     1 
0130321626   40.73279    -72.91268    -0.14     -0.00     0.14     1 
0130321627   40.73212    -72.87611     0.11      0.06     0.12     1 
0130321663   40.72416    -74.30327     0.06      0.02     0.06     1 
0130321664   40.72393    -74.26668     0.06      0.02     0.07     1 
0130321665   40.72369    -74.23010     0.00      0.01     0.01     1 
0130321666   40.72344    -74.19351    -0.04      0.01     0.04     1 
0130321667   40.72318    -74.15693    -0.11     -0.01     0.11     1 
0130321668   40.72291    -74.12034    -0.15      0.01     0.15     1 
0130321669   40.72262    -74.08376    -0.01     -0.01     0.02     1 
0130321670   40.72233    -74.04717    -0.03     -0.02     0.04     1 
0130321673   40.72137    -73.93743    -0.14      0.07     0.16     1 
0130321674   40.72103    -73.90085    -0.04      0.14     0.15     1 
0130321675   40.72067    -73.86427     0.04     -0.08     0.09     1 
0130321676   40.72031    -73.82769    -0.02      0.03     0.04     1 
0130321677   40.71993    -73.79111     0.02      0.07     0.08     1 
0130321678   40.71954    -73.75453    -0.00      0.02     0.02     1 
0130321679   40.71914    -73.71795    -0.11      0.04     0.12     1 
0130321680   40.71873    -73.68138     0.08      0.01     0.08     1 
0130321681   40.71830    -73.64480    -0.03     -0.05     0.06     1 
0130321682   40.71787    -73.60822    -0.01      0.03     0.04     1 
0130321683   40.71742    -73.57165    -0.11     -0.05     0.12     1 
0130321684   40.71696    -73.53508    -0.00     -0.17     0.17     1 
0130321686   40.71601    -73.46193     0.06     -0.05     0.08     1 
0130321688   40.71501    -73.38879     0.01      0.01     0.01     1 
0130321689   40.71450    -73.35222     0.03      0.02     0.04     1 
0130321691   40.71343    -73.27908     0.10     -0.10     0.14     1 
0130321692   40.71288    -73.24252    -0.10      0.01     0.10     1 
0130321693   40.71232    -73.20595    -0.15     -0.03     0.16     1 
0130321694   40.71174    -73.16939     0.14     -0.06     0.15     1 
0130321695   40.71116    -73.13282    -0.08      0.02     0.09     1 
0130321700   40.70805    -72.95003     0.18     -0.01     0.18     1 
0130321738   40.69875    -74.30353     0.05      0.08     0.10     1 
0130321739   40.69853    -74.26696     0.04     -0.01     0.04     1 
0130321740   40.69829    -74.23039    -0.16      0.08     0.18     1 
0130321741   40.69804    -74.19382    -0.04     -0.00     0.04     1 
0130321742   40.69778    -74.15725    -0.19     -0.01     0.19     1 
0130321744   40.69722    -74.08411    -0.06     -0.02     0.06     1 
0130321745   40.69693    -74.04754    -0.17      0.09     0.19     1 
0130321746   40.69662    -74.01097    -0.17      0.06     0.18     1 
0130321747   40.69630    -73.97440     0.06     -0.03     0.06     1 
0130321748   40.69597    -73.93783     0.09     -0.07     0.11     1 
0130321749   40.69563    -73.90126     0.04     -0.02     0.05     1 
0130321750   40.69527    -73.86470     0.12     -0.03     0.12     1 
0130321751   40.69491    -73.82813    -0.00      0.07     0.07     1 
0130321752   40.69453    -73.79157    -0.04     -0.07     0.08     1 
0130321753   40.69414    -73.75500     0.06     -0.04     0.07     1 
0130321754   40.69374    -73.71844     0.02     -0.02     0.03     1 
0130321755   40.69333    -73.68188     0.11      0.03     0.11     1 
0130321756   40.69291    -73.64531    -0.05      0.00     0.06     1 
0130321757   40.69247    -73.60875     0.05      0.08     0.09     1 
0130321758   40.69203    -73.57219    -0.01      0.07     0.07     1 
0130321760   40.69110    -73.49907     0.04     -0.02     0.04     1 
0130321763   40.68962    -73.38940    -0.02     -0.01     0.02     1 
0130321764   40.68910    -73.35285    -0.13      0.02     0.13     1 
0130321765   40.68858    -73.31629    -0.07      0.02     0.08     1 
0130321766   40.68804    -73.27974    -0.03      0.08     0.09     1 
0130321812   40.67357    -74.34036    -0.00     -0.01     0.01     1 
0130321813   40.67335    -74.30380     0.08     -0.01     0.08     1 
0130321814   40.67312    -74.26724     0.04      0.05     0.06     1 
0130321815   40.67289    -74.23068     0.05      0.01     0.05     1 
0130321816   40.67264    -74.19412    -0.07      0.05     0.08     1 
0130321817   40.67238    -74.15757    -0.15      0.07     0.16     1 
0130321818   40.67211    -74.12101     0.01     -0.00     0.01     1 
0130321819   40.67182    -74.08445    -0.10     -0.05     0.11     1 
0130321821   40.67122    -74.01134    -0.15     -0.04     0.15     1 
0130321822   40.67090    -73.97479     0.08     -0.01     0.08     1 
0130321823   40.67057    -73.93824     0.12     -0.00     0.12     1 
0130321824   40.67023    -73.90168     0.09     -0.05     0.10     1 
0130321825   40.66987    -73.86513     0.04     -0.00     0.04     1 
0130321826   40.66951    -73.82858    -0.14     -0.16     0.21     1 
0130321827   40.66913    -73.79202    -0.10     -0.02     0.11     1 
0130321828   40.66874    -73.75548     0.03     -0.13     0.14     1 
0130321829   40.66834    -73.71892     0.01      0.02     0.02     1 
0130321830   40.66793    -73.68238     0.09     -0.01     0.09     1 
0130321831   40.66751    -73.64583    -0.00     -0.06     0.06     1 
0130321833   40.66663    -73.57273     0.06      0.01     0.06     1 
0130321837   40.66473    -73.42655     0.17      0.16     0.24     1 
0130321838   40.66423    -73.39001    -0.12     -0.00     0.12     1 
0130321839   40.66371    -73.35347    -0.12     -0.08     0.14     1 
0130321841   40.66264    -73.28039    -0.13      0.02     0.14     1 
0130321842   40.66209    -73.24385    -0.21     -0.05     0.21     1 
0130321843   40.66153    -73.20731    -0.08      0.01     0.08     1 
0130321844   40.66096    -73.17078    -0.05     -0.06     0.08     1 
0130321845   40.66037    -73.13424    -0.11     -0.13     0.18     1 
0130321887   40.64816    -74.34061    -0.05      0.04     0.06     1 
0130321888   40.64795    -74.30406     0.10     -0.00     0.10     1 
0130321889   40.64772    -74.26752     0.14      0.01     0.14     1 
0130321890   40.64749    -74.23097    -0.12     -0.07     0.13     1 
0130321891   40.64724    -74.19443    -0.12      0.02     0.12     1 
0130321892   40.64697    -74.15789    -0.24     -0.05     0.25     1 
0130321893   40.64670    -74.12134    -0.14      0.09     0.17     1 
0130321894   40.64642    -74.08480    -0.08      0.08     0.11     1 
0130321896   40.64582    -74.01172    -0.17     -0.04     0.18     1 
0130321897   40.64550    -73.97518     0.03      0.05     0.06     1 
0130321898   40.64517    -73.93864    -0.02     -0.01     0.03     1 
0130321899   40.64483    -73.90210    -0.17      0.03     0.18     1 
0130321900   40.64447    -73.86556    -0.34     -0.00     0.34     1 
0130321901   40.64411    -73.82902    -0.23      0.02     0.24     1 
0130321902   40.64373    -73.79248    -0.08      0.09     0.12     1 
0130321903   40.64334    -73.75595    -0.08      0.14     0.16     1 
0130321904   40.64294    -73.71941    -0.12      0.05     0.13     1 
0130321905   40.64253    -73.68287     0.00     -0.01     0.01     1 
0130321906   40.64211    -73.64634     0.02      0.05     0.05     1 
0130321907   40.64168    -73.60981    -0.00      0.07     0.07     1 
0130321908   40.64123    -73.57327    -0.03      0.14     0.14     1 
0130321909   40.64077    -73.53674    -0.16      0.08     0.18     1 
0130321910   40.64030    -73.50021    -0.11     -0.21     0.23     1 
0130321913   40.63883    -73.39062    -0.06      0.19     0.20     1 
0130321915   40.63779    -73.31757     0.23      0.08     0.24     1 
0130321916   40.63725    -73.28104    -0.05      0.08     0.09     1 
0130321962   40.62276    -74.34086     0.14      0.05     0.15     1 
0130321963   40.62255    -74.30433     0.05      0.05     0.07     1 
0130321964   40.62232    -74.26780     0.00     -0.02     0.02     1 
0130321965   40.62208    -74.23126    -0.09      0.08     0.12     1 
0130321966   40.62183    -74.19473    -0.10      0.04     0.10     1 
0130321967   40.62157    -74.15820    -0.07      0.07     0.09     1 
0130321968   40.62130    -74.12168     0.12      0.05     0.13     1 
0130321969   40.62102    -74.08515     0.06      0.01     0.06     1 
0130321971   40.62042    -74.01209     0.10     -0.01     0.10     1 
0130321972   40.62010    -73.97557     0.03      0.02     0.04     1 
0130321973   40.61977    -73.93904     0.06     -0.03     0.07     1 
0130321974   40.61943    -73.90251    -0.17     -0.07     0.18     1 
0130321975   40.61907    -73.86599    -0.14     -0.11     0.18     1 
0130321976   40.61871    -73.82946    -0.20      0.02     0.20     1 
0130321977   40.61833    -73.79294    -0.18      0.04     0.19     1 
0130321978   40.61794    -73.75642    -0.08      0.05     0.10     1 
0130321979   40.61755    -73.71990     0.02     -0.00     0.02     1 
0130321980   40.61714    -73.68337    -0.11      0.03     0.12     1 
0130321981   40.61671    -73.64685    -0.14      0.07     0.15     1 
0130321982   40.61628    -73.61033    -0.10      0.02     0.10     1 
0130321983   40.61583    -73.57381    -0.12      0.04     0.13     1 
0130321984   40.61538    -73.53730    -0.10      0.01     0.10     1 
0130321985   40.61491    -73.50078    -0.13     -0.03     0.13     1 
0130322037   40.59736    -74.34111     0.15     -0.06     0.16     1 
0130322038   40.59714    -74.30459     0.08     -0.11     0.14     1 
0130322039   40.59692    -74.26807    -0.13     -0.01     0.14     1 
0130322040   40.59668    -74.23156    -0.19     -0.03     0.19     1 
0130322041   40.59643    -74.19504    -0.10      0.02     0.10     1 
0130322042   40.59617    -74.15852     0.18      0.03     0.18     1 
0130322043   40.59590    -74.12201     0.11      0.01     0.11     1 
0130322044   40.59562    -74.08549     0.03      0.07     0.08     1 
0130322045   40.59532    -74.04898    -0.03     -0.17     0.17     1 
0130322046   40.59501    -74.01247    -0.04      0.16     0.16     1 
0130322047   40.59470    -73.97595    -0.00      0.05     0.05     1 
0130322048   40.59437    -73.93944    -0.04      0.08     0.09     1 
0130322049   40.59403    -73.90293    -0.11     -0.07     0.13     1 
0130322050   40.59367    -73.86642    -0.27     -0.00     0.27     1 
0130322051   40.59331    -73.82991    -0.11     -0.10     0.15     1 
0130322055   40.59174    -73.68387    -0.30      0.11     0.32     1 
0130322058   40.59044    -73.57435    -0.14     -0.12     0.19     1 
0130322112   40.57195    -74.34136     0.06      0.03     0.06     1 
0130322113   40.57174    -74.30485     0.12     -0.06     0.13     1 
0130322114   40.57151    -74.26835    -0.09     -0.05     0.10     1 
0130322115   40.57128    -74.23185    -0.03     -0.10     0.10     1 
0130322116   40.57103    -74.19534    -0.20     -0.09     0.22     1 
0130322117   40.57077    -74.15884    -0.02     -0.07     0.08     1 
0130322118   40.57050    -74.12234     0.10     -0.15     0.18     1 
0130322120   40.56992    -74.04934    -0.21     -0.02     0.21     1 
0130322124   40.56862    -73.90334     0.08     -0.05     0.10     1 
0130322186   40.54675    -74.37810     0.03     -0.08     0.08     1 
0130322187   40.54655    -74.34161     0.11     -0.17     0.20     1 
0130322188   40.54634    -74.30512    -0.05     -0.11     0.12     1 
0130322189   40.54611    -74.26863    -0.15     -0.08     0.17     1 
0130322190   40.54587    -74.23214    -0.13     -0.08     0.15     1 
0130322191   40.54563    -74.19565     0.19     -0.12     0.23     1 
0130322192   40.54537    -74.15916     0.15     -0.02     0.16     1 
0130322193   40.54510    -74.12267     0.01     -0.01     0.02     1 
0130322261   40.52135    -74.37833    -0.03     -0.10     0.11     1 
0130322262   40.52115    -74.34185    -0.02     -0.17     0.17     1 
0130322263   40.52093    -74.30538    -0.07     -0.05     0.09     1 
0130322264   40.52071    -74.26890     0.03     -0.03     0.04     1 
0130322265   40.52047    -74.23243     0.02     -0.14     0.14     1 
0130322266   40.52022    -74.19595    -0.12     -0.13     0.18     1 
0130322336   40.49594    -74.37856    -0.13     -0.02     0.14     1 
0130322337   40.49574    -74.34210    -0.11      0.01     0.11     1 
0130322338   40.49553    -74.30564    -0.28     -0.11     0.30     1 
0130322339   40.49530    -74.26918    -0.12     -0.06     0.13     1 
0130322340   40.49507    -74.23272    -0.22     -0.07     0.24     1 
0130322411   40.47054    -74.37880    -0.17     -0.14     0.22     1 
0130322412   40.47034    -74.34235     0.13     -0.07     0.15     1 
0130322413   40.47013    -74.30590     0.06     -0.10     0.11     1 
0130322486   40.44514    -74.37903     0.01     -0.04     0.04     1 
0130322487   40.44494    -74.34260    -0.00     -0.05     0.05     1 
0130322488   40.44472    -74.30616     0.09     -0.08     0.12     1 
0130322489   40.44450    -74.26973    -0.04     -0.06     0.07     1 
0130322490   40.44426    -74.23329     0.02     -0.08     0.09     1 
0130322491   40.44401    -74.19686    -0.24     -0.06     0.25     1 
0130322492   40.44376    -74.16043    -0.04     -0.10     0.11     1 
0130322493   40.44349    -74.12399    -0.14      0.08     0.16     1 
0130322495   40.44291    -74.05113    -0.15     -0.04     0.16     1 
0130322497   40.44229    -73.97827    -0.05      0.05     0.07     1 
0130322560   40.41992    -74.41569     0.10     -0.06     0.12     1 
0130322561   40.41973    -74.37927     0.12     -0.04     0.13     1 
0130322562   40.41953    -74.34284    -0.03     -0.05     0.06     1 
0130322563   40.41932    -74.30642     0.20     -0.07     0.21     1 
0130322564   40.41909    -74.27000     0.21     -0.08     0.22     1 
0130322565   40.41886    -74.23358    -0.04     -0.11     0.12     1 
0130322566   40.41861    -74.19716     0.06     -0.06     0.08     1 
0130322567   40.41835    -74.16074     0.09     -0.04     0.10     1 
0130322568   40.41808    -74.12432     0.19      0.02     0.19     1 
0130322569   40.41780    -74.08791     0.13     -0.05     0.14     1 
0130322570   40.41751    -74.05149     0.08     -0.01     0.08     1 
0130322635   40.39452    -74.41591     0.21     -0.05     0.22     1 
0130322636   40.39433    -74.37950    -0.05     -0.07     0.08     1 
0130322637   40.39413    -74.34309     0.18     -0.09     0.20     1 
0130322638   40.39391    -74.30668     0.16     -0.04     0.17     1 
0130322639   40.39369    -74.27028     0.19     -0.03     0.19     1 
0130322640   40.39345    -74.23387     0.22     -0.00     0.22     1 
0130322641   40.39321    -74.19746     0.24     -0.01     0.24     1 
0130322642   40.39295    -74.16106     0.24     -0.07     0.25     1 
0130322644   40.39240    -74.08825     0.21     -0.10     0.23     1 
0130322646   40.39180    -74.01544    -0.10     -0.01     0.10     1 
0130322711   40.36892    -74.37973     0.24     -0.09     0.26     1 
0130322712   40.36872    -74.34334     0.16      0.00     0.16     1 
0130322713   40.36851    -74.30694     0.19     -0.07     0.20     1 
0130322714   40.36829    -74.27055     0.14     -0.09     0.17     1 
0130322715   40.36805    -74.23416     0.25     -0.22     0.33     1 
0130322716   40.36780    -74.19777     0.26     -0.08     0.27     1 
0130322717   40.36755    -74.16137     0.05     -0.16     0.17     1 
0130322718   40.36728    -74.12498     0.18     -0.03     0.18     1 
0130322719   40.36700    -74.08859     0.13     -0.03     0.13     1 
0130322720   40.36670    -74.05220    -0.10     -0.05     0.11     1 
0130322721   40.36640    -74.01581     0.18     -0.07     0.19     1 
0130322785   40.34371    -74.41635     0.25     -0.05     0.26     1 
0130322786   40.34352    -74.37996     0.14     -0.03     0.14     1 
0130322787   40.34332    -74.34359     0.15     -0.12     0.19     1 
0130322789   40.34288    -74.27083     0.35     -0.09     0.36     1 
0130322790   40.34265    -74.23445     0.27     -0.04     0.27     1 
0130322791   40.34240    -74.19807     0.28     -0.06     0.29     1 
0130322792   40.34214    -74.16169     0.13      0.07     0.15     1 
0130322793   40.34187    -74.12531     0.24     -0.07     0.25     1 
0130322794   40.34159    -74.08893    -0.03     -0.09     0.10     1 
0130322795   40.34130    -74.05256     0.17     -0.06     0.18     1 
0130322796   40.34100    -74.01618    -0.12     -0.05     0.13     1 
0130322860   40.31830    -74.41657     0.18     -0.01     0.18     1 
0130322861   40.31811    -74.38020     0.08     -0.19     0.21     1 
0130322862   40.31791    -74.34383     0.24     -0.09     0.26     1 
0130322863   40.31770    -74.30746     0.23     -0.15     0.27     1 
0130322864   40.31748    -74.27110     0.10     -0.10     0.14     1 
0130322865   40.31724    -74.23473     0.11     -0.07     0.14     1 
0130322866   40.31700    -74.19837     0.13     -0.03     0.13     1 
0130322867   40.31674    -74.16200     0.06     -0.01     0.06     1 
0130322868   40.31647    -74.12564    -0.04      0.01     0.04     1 
0130322869   40.31619    -74.08928     0.20     -0.04     0.20     1 
0130322870   40.31590    -74.05291     0.02     -0.04     0.04     1 
0130322871   40.31559    -74.01655    -0.03     -0.08     0.08     1 
0130322934   40.29308    -74.45314     0.19     -0.10     0.21     1 
0130322935   40.29290    -74.41678     0.21      0.02     0.21     1 
0130322936   40.29271    -74.38043     0.19     -0.03     0.19     1 
0130322937   40.29251    -74.34408     0.16     -0.03     0.16     1 
0130322938   40.29230    -74.30772     0.06      0.00     0.06     1 
0130322939   40.29207    -74.27137     0.25      0.06     0.26     1 
0130322940   40.29184    -74.23502     0.17     -0.18     0.25     1 
0130322941   40.29159    -74.19867     0.12     -0.03     0.13     1 
0130322942   40.29133    -74.16232     0.07     -0.03     0.08     1 
0130322943   40.29107    -74.12597     0.09     -0.05     0.10     1 
0130322944   40.29079    -74.08962     0.17     -0.08     0.19     1 
0130322945   40.29049    -74.05327     0.05      0.02     0.05     1 
0130322946   40.29019    -74.01692     0.03     -0.02     0.04     1 
0130323009   40.26767    -74.45334     0.21     -0.08     0.23     1 
0130323010   40.26749    -74.41700     0.23     -0.09     0.25     1 
0130323011   40.26730    -74.38066     0.14     -0.15     0.21     1 
0130323012   40.26710    -74.34432     0.15     -0.10     0.18     1 
0130323013   40.26689    -74.30798     0.19     -0.19     0.27     1 
0130323014   40.26667    -74.27164     0.10     -0.02     0.10     1 
0130323015   40.26644    -74.23531     0.16     -0.10     0.19     1 
0130323016   40.26619    -74.19897     0.31     -0.07     0.32     1 
0130323017   40.26593    -74.16263     0.19      0.01     0.19     1 
0130323018   40.26566    -74.12629     0.15      0.12     0.20     1 
0130323019   40.26538    -74.08996     0.23     -0.01     0.23     1 
0130323020   40.26509    -74.05362     0.06      0.02     0.06     1 
0130323021   40.26479    -74.01729     0.15     -0.09     0.18     1 
0130323084   40.24227    -74.45355     0.16     -0.03     0.16     1 
0130323085   40.24209    -74.41722     0.10     -0.07     0.12     1 
0130323086   40.24190    -74.38089     0.17     -0.09     0.19     1 
0130323087   40.24170    -74.34457     0.21     -0.06     0.22     1 
0130323088   40.24149    -74.30824     0.04     -0.03     0.05     1 
0130323089   40.24126    -74.27192     0.04     -0.06     0.07     1 
0130323090   40.24103    -74.23559     0.15     -0.13     0.19     1 
0130323091   40.24079    -74.19927     0.20     -0.13     0.23     1 
0130323092   40.24053    -74.16294     0.09     -0.13     0.16     1 
0130323094   40.23998    -74.09030     0.11     -0.07     0.13     1 
0130323095   40.23969    -74.05397     0.05     -0.03     0.06     1 
0130323096   40.23939    -74.01765     0.06      0.02     0.06     1 
0130323159   40.21686    -74.45375     0.26     -0.19     0.32     1 
0130323160   40.21668    -74.41744     0.12     -0.13     0.18     1 
0130323161   40.21649    -74.38112     0.11     -0.09     0.15     1 
0130323162   40.21629    -74.34481     0.17     -0.07     0.19     1 
0130323163   40.21608    -74.30850     0.10     -0.10     0.14     1 
0130323164   40.21586    -74.27219     0.14      0.03     0.14     1 
0130323165   40.21563    -74.23588     0.35      0.05     0.35     1 
0130323166   40.21538    -74.19957     0.21     -0.10     0.23     1 
0130323167   40.21512    -74.16326     0.21     -0.03     0.22     1 
0130323168   40.21486    -74.12695     0.15      0.02     0.15     1 
0130323169   40.21458    -74.09064     0.12     -0.13     0.18     1 
0130323170   40.21428    -74.05433     0.06     -0.09     0.10     1 
0130323171   40.21398    -74.01802    -0.05     -0.06     0.08     1 
0130323233   40.19162    -74.49025     0.05     -0.08     0.10     1 
0130323235   40.19128    -74.41765     0.23     -0.13     0.27     1 
0130323236   40.19109    -74.38135     0.17      0.10     0.20     1 
0130323237   40.19089    -74.34506     0.12     -0.07     0.14     1 
0130323238   40.19068    -74.30876     0.06     -0.03     0.07     1 
0130323239   40.19046    -74.27246     0.33     -0.03     0.33     1 
0130323240   40.19022    -74.23616    -0.07      0.10     0.12     1 
0130323241   40.18998    -74.19987     0.20     -0.12     0.23     1 
0130323242   40.18972    -74.16357     0.16     -0.10     0.19     1 
0130323243   40.18945    -74.12727     0.02     -0.09     0.10     1 
0130323245   40.18888    -74.05468    -0.07     -0.07     0.10     1 
0130323308   40.16621    -74.49044     0.09     -0.24     0.26     1 
0130323309   40.16605    -74.45416     0.20     -0.23     0.30     1 
0130323310   40.16587    -74.41787     0.17     -0.07     0.18     1 
0130323311   40.16568    -74.38159    -0.05     -0.07     0.09     1 
0130323312   40.16548    -74.34530     0.06     -0.03     0.07     1 
0130323313   40.16527    -74.30902     0.12     -0.08     0.14     1 
0130323314   40.16505    -74.27273     0.20     -0.13     0.24     1 
0130323315   40.16482    -74.23645     0.19      0.01     0.19     1 
0130323316   40.16457    -74.20016     0.15      0.00     0.15     1 
0130323317   40.16432    -74.16388     0.23     -0.02     0.23     1 
0130323318   40.16405    -74.12760     0.18     -0.20     0.27     1 
0130323319   40.16377    -74.09131     0.04     -0.22     0.22     1 
0130323320   40.16348    -74.05503     0.02     -0.09     0.10     1 
0130323384   40.14064    -74.45436    -0.11     -0.01     0.11     1 
0130323385   40.14047    -74.41809     0.05      0.08     0.10     1 
0130323386   40.14028    -74.38182     0.26     -0.06     0.26     1 
0130323387   40.14008    -74.34555     0.22      0.01     0.22     1 
0130323388   40.13987    -74.30927     0.12     -0.09     0.15     1 
0130323389   40.13965    -74.27300     0.23     -0.03     0.23     1 
0130323390   40.13941    -74.23673     0.11     -0.02     0.11     1 
0130323391   40.13917    -74.20046     0.11     -0.03     0.11     1 
0130323392   40.13891    -74.16419     0.27     -0.07     0.28     1 
0130323393   40.13864    -74.12792     0.20     -0.02     0.20     1 
0130323394   40.13837    -74.09165     0.15     -0.01     0.15     1 
0130323395   40.13808    -74.05539     0.12      0.01     0.12     1 
0130323458   40.11540    -74.49082     0.24     -0.05     0.24     1 
0130323459   40.11524    -74.45456     0.09     -0.03     0.09     1 
0130323460   40.11506    -74.41831     0.08      0.01     0.08     1 
0130323461   40.11487    -74.38205     0.18     -0.02     0.18     1 
0130323462   40.11467    -74.34579     0.16      0.00     0.16     1 
0130323463   40.11446    -74.30953     0.19     -0.04     0.19     1 
0130323464   40.11424    -74.27327     0.28     -0.04     0.28     1 
0130323465   40.11401    -74.23702     0.18      0.09     0.20     1 
0130323466   40.11376    -74.20076     0.16      0.02     0.16     1 
0130323467   40.11351    -74.16450     0.13     -0.06     0.14     1 
0130323468   40.11324    -74.12825     0.11     -0.07     0.13     1 
0130323469   40.11296    -74.09199     0.06     -0.17     0.18     1 
0130323470   40.11267    -74.05574    -0.01     -0.04     0.04     1 
0130323533   40.09000    -74.49101     0.26     -0.01     0.26     1 
0130323534   40.08983    -74.45477     0.18      0.06     0.19     1 
0130323535   40.08965    -74.41852    -0.04      0.09     0.10     1 
0130323536   40.08947    -74.38228     0.19      0.17     0.26     1 
0130323537   40.08927    -74.34603     0.06      0.00     0.06     1 
0130323540   40.08860    -74.23730     0.05      0.02     0.05     1 
0130323541   40.08836    -74.20106     0.08      0.00     0.08     1 
0130323542   40.08810    -74.16481     0.09     -0.01     0.09     1 
0130323543   40.08783    -74.12857     0.14      0.00     0.14     1 
0130323544   40.08756    -74.09233     0.06      0.07     0.09     1 
0130323545   40.08727    -74.05609     0.01     -0.03     0.03     1 
0130323607   40.06474    -74.52743     0.18     -0.09     0.20     1 
0130323608   40.06459    -74.49120     0.06      0.03     0.07     1 
0130323609   40.06442    -74.45497    -0.04      0.03     0.05     1 
0130323610   40.06425    -74.41874     0.08      0.06     0.10     1 
0130323611   40.06406    -74.38251     0.04      0.04     0.06     1 
0130323612   40.06386    -74.34628     0.09      0.12     0.15     1 
0130323613   40.06365    -74.31004     0.06     -0.00     0.06     1 
0130323614   40.06343    -74.27381     0.11     -0.00     0.11     1 
0130323615   40.06320    -74.23758     0.31     -0.07     0.32     1 
0130323617   40.06270    -74.16512     0.08     -0.01     0.08     1 
0130323618   40.06243    -74.12889     0.01      0.01     0.02     1 
0130323619   40.06215    -74.09267    -0.10     -0.04     0.11     1 
0130323620   40.06186    -74.05644    -0.13     -0.14     0.19     1 
0130323682   40.03934    -74.52761     0.04     -0.08     0.09     1 
0130323683   40.03918    -74.49139     0.10     -0.04     0.11     1 
0130323684   40.03902    -74.45517     0.06      0.08     0.10     1 
0130323685   40.03884    -74.41895     0.10      0.14     0.17     1 
0130323686   40.03865    -74.38273     0.01     -0.01     0.01     1 
0130323687   40.03846    -74.34652    -0.05     -0.17     0.18     1 
0130323688   40.03825    -74.31030     0.12      0.01     0.12     1 
0130323691   40.03755    -74.20165     0.22     -0.03     0.23     1 
0130323693   40.03703    -74.12922     0.05      0.07     0.08     1 
0130323694   40.03675    -74.09300     0.08      0.05     0.10     1 
0130323695   40.03646    -74.05679    -0.10     -0.32     0.33     1 
0130323757   40.01393    -74.52778     0.04     -0.11     0.12     1 
0130323758   40.01378    -74.49158    -0.03     -0.07     0.08     1 
0130323759   40.01361    -74.45537     0.04     -0.01     0.04     1 
0130323760   40.01344    -74.41917    -0.00     -0.05     0.05     1 
0130323761   40.01325    -74.38296     0.07      0.05     0.09     1 
0130323762   40.01305    -74.34676     0.01     -0.16     0.16     1 
0130323763   40.01284    -74.31056     0.11     -0.03     0.11     1 
0130323764   40.01262    -74.27435     0.14     -0.03     0.14     1 
0130323766   40.01214    -74.20195     0.25     -0.08     0.26     1 
0130323767   40.01189    -74.16574     0.13      0.05     0.14     1 
0130323768   40.01162    -74.12954    -0.06      0.01     0.06     1 
0130323769   40.01134    -74.09334    -0.04      0.09     0.10     1 
0130323770   40.01106    -74.05714    -0.03     -0.34     0.34     1 
0130323832   39.98852    -74.52796     0.00     -0.07     0.07     1 
0130323833   39.98837    -74.49177    -0.06     -0.02     0.06     1 
0130323834   39.98821    -74.45558    -0.04      0.01     0.05     1 
0130323835   39.98803    -74.41938     0.16      0.04     0.17     1 
0130323837   39.98764    -74.34700    -0.08     -0.03     0.08     1 
0130323839   39.98721    -74.27462    -0.05     -0.02     0.06     1 
0130323840   39.98698    -74.23843     0.10      0.10     0.14     1 
0130323841   39.98674    -74.20224     0.26     -0.06     0.27     1 
0130323842   39.98648    -74.16605     0.15      0.06     0.17     1 
0130323843   39.98622    -74.12986    -0.03      0.11     0.11     1 
0130323844   39.98594    -74.09368    -0.05     -0.03     0.06     1 
0130323907   39.96312    -74.52814     0.12      0.04     0.12     1 
0130323908   39.96296    -74.49196    -0.12     -0.04     0.13     1 
0130323909   39.96280    -74.45578     0.07      0.02     0.07     1 
0130323910   39.96262    -74.41960     0.08      0.00     0.08     1 
0130323911   39.96244    -74.38342     0.13      0.07     0.15     1 
0130323912   39.96224    -74.34724     0.09      0.09     0.12     1 
0130323913   39.96203    -74.31107     0.07      0.04     0.08     1 
0130323914   39.96181    -74.27489    -0.08      0.03     0.08     1 
0130323915   39.96158    -74.23871    -0.02     -0.02     0.03     1 
0130323916   39.96133    -74.20254    -0.03     -0.07     0.08     1 
0130323917   39.96108    -74.16636     0.10     -0.02     0.10     1 
0130323918   39.96081    -74.13019    -0.05     -0.00     0.05     1 
0130323919   39.96054    -74.09401    -0.08     -0.05     0.09     1 
0130323981   39.93785    -74.56448     0.00     -0.07     0.07     1 
0130323982   39.93771    -74.52831     0.04     -0.08     0.09     1 
0130323983   39.93756    -74.49214     0.02      0.03     0.04     1 
0130323984   39.93739    -74.45598     0.08     -0.12     0.14     1 
0130323985   39.93722    -74.41981     0.22     -0.03     0.22     1 
0130323986   39.93703    -74.38365     0.09     -0.04     0.10     1 
0130323987   39.93683    -74.34749     0.03      0.09     0.09     1 
0130323988   39.93662    -74.31132     0.05      0.13     0.14     1 
0130323989   39.93640    -74.27516     0.02     -0.02     0.02     1 
0130323990   39.93617    -74.23899     0.12     -0.03     0.12     1 
0130323991   39.93593    -74.20283     0.07      0.01     0.07     1 
0130323992   39.93567    -74.16667     0.03     -0.00     0.03     1 
0130323993   39.93541    -74.13051    -0.03     -0.08     0.08     1 
0130323994   39.93513    -74.09435    -0.03      0.02     0.03     1 
0130323995   39.93484    -74.05819    -0.00      0.00     0.00     1 
0130324056   39.91244    -74.56464     0.05     -0.05     0.07     1 
0130324057   39.91230    -74.52848     0.10     -0.06     0.12     1 
0130324058   39.91215    -74.49233     0.02      0.07     0.08     1 
0130324059   39.91199    -74.45618     0.18      0.12     0.22     1 
0130324060   39.91181    -74.42003     0.08      0.17     0.19     1 
0130324061   39.91162    -74.38388     0.22      0.11     0.24     1 
0130324062   39.91143    -74.34773    -0.09     -0.10     0.13     1 
0130324063   39.91122    -74.31158     0.07     -0.01     0.07     1 
0130324064   39.91100    -74.27542     0.14     -0.06     0.15     1 
0130324065   39.91076    -74.23928     0.16     -0.03     0.17     1 
0130324067   39.91027    -74.16698     0.23     -0.04     0.24     1 
0130324068   39.91000    -74.13083    -0.03      0.02     0.04     1 
0130324069   39.90973    -74.09468     0.07      0.01     0.07     1 
0130324131   39.88703    -74.56480     0.18      0.07     0.19     1 
0130324132   39.88689    -74.52866     0.11      0.00     0.11     1 
0130324133   39.88674    -74.49252     0.09     -0.05     0.11     1 
0130324134   39.88658    -74.45638     0.13     -0.11     0.17     1 
0130324135   39.88640    -74.42024     0.09     -0.09     0.13     1 
0130324136   39.88622    -74.38410    -0.06     -0.05     0.08     1 
0130324137   39.88602    -74.34797     0.08     -0.05     0.10     1 
0130324138   39.88581    -74.31183     0.13     -0.10     0.16     1 
0130324139   39.88559    -74.27569     0.08      0.01     0.08     1 
0130324140   39.88536    -74.23956     0.12      0.03     0.13     1 
0130324141   39.88512    -74.20342     0.18     -0.11     0.21     1 
0130324142   39.88486    -74.16729     0.15     -0.04     0.15     1 
0130324143   39.88460    -74.13115    -0.13     -0.12     0.18     1 
0130324144   39.88432    -74.09502    -0.03      0.02     0.04     1 
0130324206   39.86163    -74.56496     0.09     -0.01     0.09     1 
0130324207   39.86149    -74.52883     0.02      0.00     0.02     1 
0130324208   39.86133    -74.49271     0.03      0.04     0.05     1 
0130324210   39.86100    -74.42046     0.17      0.02     0.17     1 
0130324211   39.86081    -74.38433    -0.01      0.04     0.04     1 
0130324212   39.86061    -74.34821    -0.16      0.03     0.16     1 
0130324213   39.86040    -74.31208    -0.04     -0.02     0.05     1 
0130324214   39.86018    -74.27596    -0.14      0.02     0.14     1 
0130324215   39.85995    -74.23984     0.01     -0.05     0.05     1 
0130324216   39.85971    -74.20371     0.19      0.09     0.21     1 
0130324217   39.85946    -74.16759     0.08      0.01     0.08     1 
0130324218   39.85919    -74.13147    -0.02     -0.02     0.03     1 
0130324281   39.83622    -74.56512     0.00     -0.01     0.01     1 
0130324282   39.83608    -74.52900    -0.03     -0.06     0.07     1 
0130324283   39.83593    -74.49289     0.08      0.05     0.09     1 
0130324284   39.83576    -74.45678     0.12      0.03     0.12     1 
0130324285   39.83559    -74.42067     0.14     -0.00     0.14     1 
0130324286   39.83540    -74.38456     0.07      0.02     0.07     1 
0130324287   39.83521    -74.34845     0.02     -0.12     0.12     1 
0130324288   39.83500    -74.31234     0.02      0.08     0.08     1 
0130324289   39.83478    -74.27623     0.12      0.19     0.22     1 
0130324290   39.83455    -74.24012     0.01      0.02     0.02     1 
0130324291   39.83431    -74.20401    -0.03      0.01     0.04     1 
0130324292   39.83405    -74.16790    -0.04     -0.03     0.04     1 
0130324355   39.81094    -74.60138     0.12      0.08     0.15     1 
0130324356   39.81081    -74.56528     0.03      0.06     0.07     1 
0130324357   39.81067    -74.52918     0.09      0.04     0.10     1 
0130324358   39.81052    -74.49308     0.22     -0.02     0.22     1 
0130324359   39.81036    -74.45698     0.12      0.08     0.15     1 
0130324361   39.81000    -74.38478     0.08      0.00     0.08     1 
0130324362   39.80980    -74.34869     0.03     -0.03     0.04     1 
0130324363   39.80959    -74.31259    -0.01      0.17     0.17     1 
0130324364   39.80937    -74.27649     0.03      0.05     0.06     1 
0130324365   39.80914    -74.24040     0.04      0.01     0.04     1 
0130324366   39.80890    -74.20430    -0.02     -0.02     0.02     1 
0130324367   39.80865    -74.16821    -0.02      0.03     0.03     1 
0130324430   39.78553    -74.60152     0.12      0.05     0.13     1 
0130324432   39.78526    -74.52935    -0.06     -0.12     0.14     1 
0130324433   39.78511    -74.49327     0.05     -0.03     0.06     1 
0130324434   39.78495    -74.45718     0.06      0.06     0.08     1 
0130324435   39.78478    -74.42110    -0.07      0.08     0.11     1 
0130324436   39.78459    -74.38501    -0.05      0.04     0.06     1 
0130324437   39.78439    -74.34893     0.10      0.11     0.15     1 
0130324438   39.78418    -74.31284     0.14      0.12     0.18     1 
0130324439   39.78397    -74.27676     0.04      0.05     0.06     1 
0130324440   39.78373    -74.24068     0.01      0.06     0.06     1 
0130324441   39.78349    -74.20459     0.18      0.12     0.22     1 
0130324443   39.78298    -74.13243    -0.25      0.12     0.27     1 
0130324505   39.76013    -74.60167     0.08      0.10     0.13     1 
0130324506   39.76000    -74.56560     0.17      0.05     0.18     1 
0130324507   39.75986    -74.52953    -0.08      0.11     0.14     1 
0130324508   39.75970    -74.49345     0.00      0.12     0.12     1 
0130324509   39.75954    -74.45738     0.06      0.09     0.11     1 
0130324510   39.75937    -74.42131    -0.03      0.06     0.07     1 
0130324511   39.75918    -74.38524    -0.03      0.06     0.06     1 
0130324512   39.75899    -74.34917    -0.03      0.09     0.10     1 
0130324513   39.75878    -74.31310     0.22      0.06     0.23     1 
0130324514   39.75856    -74.27702     0.20      0.03     0.21     1 
0130324515   39.75833    -74.24095     0.19      0.08     0.21     1 
0130324516   39.75809    -74.20489    -0.03      0.11     0.11     1 
0130324518   39.75757    -74.13275     0.02      0.11     0.11     1 
0130324580   39.73472    -74.60182    -0.01      0.11     0.11     1 
0130324581   39.73459    -74.56576     0.05      0.13     0.14     1 
0130324582   39.73445    -74.52970    -0.04      0.04     0.05     1 
0130324583   39.73430    -74.49364     0.05      0.10     0.11     1 
0130324584   39.73413    -74.45758     0.08      0.15     0.17     1 
0130324585   39.73396    -74.42152     0.06      0.18     0.19     1 
0130324586   39.73378    -74.38546     0.27     -0.15     0.31     1 
0130324587   39.73358    -74.34941     0.10      0.09     0.13     1 
0130324588   39.73337    -74.31335    -0.04      0.07     0.08     1 
0130324589   39.73315    -74.27729     0.18      0.05     0.19     1 
0130324590   39.73292    -74.24123     0.19      0.05     0.20     1 
0130324591   39.73268    -74.20518    -0.03      0.07     0.08     1 
0130324592   39.73243    -74.16912    -0.07      0.08     0.11     1 
0130324593   39.73216    -74.13307    -0.13     -0.11     0.17     1 
0130324655   39.70931    -74.60196     0.11      0.08     0.14     1 
0130324656   39.70918    -74.56592    -0.03      0.04     0.05     1 
0130324657   39.70904    -74.52987     0.19     -0.00     0.19     1 
0130324658   39.70889    -74.49383     0.24      0.12     0.26     1 
0130324660   39.70855    -74.42173    -0.16     -0.01     0.16     1 
0130324661   39.70837    -74.38569    -0.01      0.01     0.02     1 
0130324662   39.70817    -74.34964     0.00      0.03     0.03     1 
0130324663   39.70796    -74.31360    -0.10     -0.04     0.11     1 
0130324664   39.70775    -74.27756     0.08      0.11     0.13     1 
0130324665   39.70752    -74.24151     0.13      0.09     0.16     1 
0130324666   39.70727    -74.20547     0.05      0.21     0.21     1 
0130324667   39.70702    -74.16943     0.04      0.11     0.11     1 
0130324730   39.68390    -74.60211    -0.04     -0.00     0.04     1 
0130324731   39.68377    -74.56608     0.11      0.26     0.28     1 
0130324732   39.68363    -74.53004    -0.16     -0.03     0.16     1 
0130324733   39.68348    -74.49401     0.02      0.15     0.16     1 
0130324735   39.68314    -74.42195    -0.01      0.11     0.11     1 
0130324737   39.68276    -74.34988    -0.09      0.09     0.13     1 
0130324739   39.68234    -74.27782    -0.20     -0.03     0.20     1 
0130324740   39.68211    -74.24179     0.06      0.02     0.06     1 
0130324741   39.68187    -74.20576    -0.01      0.11     0.11     1 
0130324742   39.68162    -74.16973     0.06      0.08     0.10     1 
0130324810   39.65774    -74.42216     0.04      0.01     0.04     1 
0130324811   39.65755    -74.38614     0.11     -0.10     0.15     1 
0130324812   39.65736    -74.35012     0.05      0.11     0.12     1 
0130324813   39.65715    -74.31410     0.11      0.03     0.11     1 
0130324814   39.65693    -74.27809     0.21      0.17     0.27     1 
0130324815   39.65670    -74.24207    -0.01      0.07     0.07     1 
0130324816   39.65646    -74.20605     0.00      0.13     0.13     1 
0130324817   39.65621    -74.17003    -0.06     -0.05     0.08     1 
0130324890   39.63129    -74.24235    -0.09      0.03     0.10     1 
0130324891   39.63105    -74.20634     0.01      0.06     0.06     1 
----------------------------------------------------------------------
---------------------------------------------------
Total correlated GCPs in Upper Left Quadrant: 602

GCP statistics this quadrant only (in Pixels)
Line residual statistics:
  Mean: 0.031
  Median: 0.047
  Standard Deviation: 0.122

Sample residual statistics:
  Mean: 0.008
  Median: 0.010
  Standard Deviation: 0.061

Quadrant RMSE: 0.140

---------------------------------------------------
Total correlated GCPs in Upper Right Quadrant: 193

GCP statistics this quadrant only (in Pixels)
Line residual statistics:
  Mean: 0.035
  Median: 0.058
  Standard Deviation: 0.126

Sample residual statistics:
  Mean: -0.006
  Median: -0.002
  Standard Deviation: 0.069

Quadrant RMSE: 0.148

---------------------------------------------------
Total correlated GCPs in Lower Left Quadrant: 385

GCP statistics this quadrant only (in Pixels)
Line residual statistics:
  Mean: 0.081
  Median: 0.083
  Standard Deviation: 0.106

Sample residual statistics:
  Mean: -0.013
  Median: -0.022
  Standard Deviation: 0.083

Quadrant RMSE: 0.158

---------------------------------------------------
Total correlated GCPs in Lower Right Quadrant: 0

GCP statistics this quadrant only (in Pixels)
Line residual statistics:
  Mean: 0.000
  Median: 0.000
  Standard Deviation: 0.000

Sample residual statistics:
  Mean: 0.000
  Median: 0.000
  Standard Deviation: 0.000

Quadrant RMSE: 0.000

---------------------------------------------------
---------------------------------------------------
Total correlated GCPs in scene: 1180

GCP statistics entire scene (in Pixels)
Line residual statistics:
  Mean: 0.048
  Median: 0.060
  Standard Deviation: 0.120

Sample residual statistics:
  Mean: -0.001
  Median: 0.000
  Standard Deviation: 0.071

Scene RMSE: 0.148

