Sat. Sep. 17, 2016             LANDSAT 5                 Time: 10:16
                         Image Assessment System
                           GCP Residual Report
----------------------------------------------------------------------------
WOID: L19773007            Path/Row: 013 / 032

L0R Reference Image: L51LGS1001208150100_HDF.162611513
Acquisition Date: Jul 27, 2001

Band Number:  5

GLS date for each WRS-2 path/row used:
Path  Row   Date
013   032   10-20-2000


Point_ID         Latitude  Longitude    Height       Across    Along    Residual  Residual
                                                      Scan      Scan      In y      in x
                                                    Residual  Residual    dir       dir
                   (deg)     (deg)     (meters)     (meters)  (meters)  (meters)  (meters)

0130320001_01   40.899350  -72.547400    -5.607       1.482    -1.748     1.784    -1.469
0130320002_01   40.985966  -74.209579   109.451      -3.063     2.875    -3.545     2.311
0130320003_01   40.797198  -72.637571   -32.354      -1.337    -2.193    -0.923    -2.383
0130320004_01   41.050400  -73.531986   -15.842      -2.756    -0.468    -2.653    -0.927
0130320005_01   40.837345  -73.132134    -7.643      -1.113    -2.045    -0.748    -2.203
0130320007_01   41.024323  -74.206980    78.507      -4.097     6.679    -5.204     5.886
0130320008_01   40.742508  -74.255819    36.008      -1.921     4.704    -2.728     4.305
0130320009_01   40.528315  -74.193730   -22.011      -6.544     0.869    -6.632    -0.252
0130320010_01   40.471312  -74.278993    -4.971      -3.943    -0.734    -3.801    -1.395
0130320011_01   40.320072  -74.446563    15.000       0.458    -1.962     0.739    -1.865
0130320012_01   40.704794  -73.791026   -15.364       4.247    -1.123     4.354    -0.396
0130320014_01   41.031222  -73.762948    33.541      -4.336     0.486    -4.380    -0.254
0130320015_01   40.849362  -73.315786    24.221      -3.092     1.006    -3.220     0.470
0130320016_01   40.246943  -74.117011    -0.020      -1.806    -2.114    -1.452    -2.394
0130320018_01   40.689480  -74.096283   -23.540       3.584     0.779     3.367     1.364
0130320019_01   40.348265  -74.045041   -22.951      -4.603    -1.967    -4.231    -2.720
0130320020_01   40.017080  -74.100998   -32.000       2.167    -0.669     2.223    -0.298
0130320021_01   40.830719  -73.926433   -25.000       1.820    -4.174     2.469    -3.813
0130320022_01   40.684149  -73.833291   -20.021       2.285     2.806     1.756     3.146
0130320023_01   40.627324  -74.207084   -29.527       0.919    -0.281     0.915    -0.129
0130320024_01   40.707930  -73.860221   -11.161      -1.604     0.083    -1.620    -0.193
0130320025_01   40.799067  -73.664494    23.537      -1.093    -0.767    -0.966    -0.943
0130320026_01   40.761740  -73.733483    20.856      -3.716    -0.787    -3.550    -1.405
0130320027_01   40.706608  -73.311220   -27.502      -1.159     0.678    -1.258     0.472
0130320028_01   40.815703  -72.604548   -29.085       2.879     0.712     2.745     1.192
0130320029_01   40.857797  -73.395655    36.005      -2.458    -0.353    -2.370    -0.763
0130320031_01   40.559868  -74.308164    -2.814      -0.224    -1.679     0.021    -1.700
0130320032_01   40.761611  -73.377712    17.883      -6.548     1.302    -6.678     0.179
0130320033_01   40.949976  -72.368043    21.203      -2.589     3.842    -3.164     3.357
0130320034_01   40.466811  -74.389095   -32.000       2.963    -5.022     3.725    -4.458
0130320035_01   40.997535  -73.674050    -2.958      -0.933     0.367    -1.002     0.201
0130320036_01   40.888862  -73.901991   -15.490      -2.193    -2.693    -1.736    -3.029
0130320037_01   40.440476  -74.232983   -21.941      -4.533     1.126    -4.694     0.339
0130320038_01   40.672778  -74.004221   -30.000       2.124     0.892     1.913     1.231
0130320040_01   41.137758  -73.265178   -27.482       0.061    -0.668     0.167    -0.649
0130320041_01   40.663038  -73.913156   -23.863       0.262     1.317     0.010     1.337
0130320042_01   40.929434  -72.332519   -24.015       3.686     3.278     3.120     3.859
0130320044_01   40.028130  -74.336771   -11.875       1.395    -2.363     1.740    -2.099
0130320046_01   40.254409  -74.299644    18.888      -0.022    -0.354     0.001    -0.359
0130320047_01   40.880966  -73.278311    13.341      -3.908     3.475    -4.439     2.767
0130320049_01   40.862059  -72.411392   -29.885       5.062    -3.820     5.669    -2.908
0130320050_01   39.798738  -74.181290   -31.000       0.626    -1.968     0.925    -1.838
0130320052_01   39.950177  -74.537004   -11.575       2.025    -1.330     2.178    -0.976
0130320054_01   40.703019  -73.251655   -30.243       2.844    -1.882     3.122    -1.376
0130320055_01   40.651400  -74.099636   -31.000       3.124     0.320     2.991     0.835
0130320056_01   40.852614  -73.157330     5.136      -1.264    -0.182    -1.212    -0.392
0130320060_01   40.794862  -74.027647   -29.864       1.767    -2.948     2.206    -2.615
0130320061_01   41.083545  -73.462677   -15.734      -2.187     0.615    -2.272     0.236
0130320062_01   39.673538  -74.297501    -5.740      -2.277     1.665    -2.556     1.249
0130320065_01   40.809518  -72.824205   -22.039      -2.671     1.886    -2.933     1.412
0130320066_01   40.928985  -74.139706   -20.218       3.798    -0.606     3.806     0.034
0130320067_01   40.063206  -74.055365   -31.609       1.749    -3.448     2.283    -3.107
0130320068_01   40.753076  -72.797619   -29.124       6.473    -2.214     6.775    -1.088
0130320071_01   40.773303  -73.441769    28.159      -3.718     2.873    -4.156     2.203
0130320072_01   40.647365  -74.003179    17.815       0.167     2.271    -0.248     2.260
0130320073_01   40.943221  -72.577493   -28.992       4.017    -0.913     4.141    -0.220
0130320074_01   40.910900  -74.179838     3.081       3.292     0.900     3.052     1.433
0130320078_01   40.545627  -74.235682   -14.045       2.816    -0.454     2.814     0.020
0130320079_01   40.881471  -74.043115   -29.200       1.973     0.448     1.835     0.767
0130320081_01   40.857971  -73.640532   -28.120       1.120     1.212     0.882     1.380
0130320082_01   40.899458  -73.478701   -32.000      -3.902     3.855    -4.506     3.141
0130320085_01   39.891523  -74.273525   -15.133       1.568    -0.446     1.590    -0.180
0130320086_01   40.056895  -74.111730   -31.615       3.487    -1.442     3.654    -0.837
0130320087_01   40.728748  -73.614036   -10.000       1.772     0.413     1.662     0.702
0130320088_01   40.063315  -74.345224    -3.424       2.614    -0.963     2.702    -0.514
0130320090_01   40.100594  -74.033378   -29.946       2.042    -2.089     2.342    -1.719
0130320091_01   40.964243  -72.562108   -21.427       1.434     1.251     1.231     1.479
0130320092_01   40.783988  -73.900165   -28.172       5.750    -1.642     5.917    -0.657
0130320093_01   40.897519  -72.877234    -6.312      -3.368    -0.640    -3.198    -1.196
0130320095_01   40.575041  -73.575036   -32.953       4.127     2.165     3.692     2.827
0130320097_01   40.439273  -74.345128   -24.866      -3.234    -0.869    -3.081    -1.410
0130320098_01   40.698016  -73.954843   -27.807      -1.301    -1.227    -1.103    -1.434
0130320099_01   40.019276  -74.452868    22.019      -0.409    -0.066    -0.432    -0.142
0130320101_01   40.629209  -73.748405   -29.343       3.290    -0.030     3.229     0.521
0130320102_01   40.875895  -72.537230   -18.903      -1.065     1.893    -1.340     1.691
0130320103_01   40.822648  -73.960004   -32.000      -1.097    -6.858     0.044    -6.949
0130320104_01   40.655550  -73.407608   -31.619       5.099    -3.070     5.539    -2.168
0130320105_01   40.241116  -74.248640     5.368      -5.000    -0.876    -4.814    -1.714
0130320106_01   39.761465  -74.266488     5.734      -5.111     4.272    -5.790     3.338
0130320107_01   39.758370  -74.095966   -33.773       2.090    -1.635     2.316    -1.262
0130320108_01   40.730650  -72.869760   -29.035       1.394    -4.403     2.133    -4.103
0130320109_01   40.669321  -73.349073   -30.091       1.977    -2.206     2.318    -1.842
0130320110_01   40.091202  -74.221786   -21.000       1.816    -1.172     1.957    -0.854
0130320111_01   40.738885  -74.160992   -25.810       2.730    -0.027     2.658     0.425
0130320112_01   39.739329  -74.115471   -31.350      -3.005     4.973    -3.828     4.387
0130320113_01   40.731814  -73.492118    -4.000      -0.339     2.203    -0.714     2.113
0130320114_01   40.607318  -74.061930   -16.425      -0.946     2.721    -1.423     2.516
0130320115_01   40.917360  -72.568463   -30.156       3.025    -0.822     3.148    -0.296
0130320116_01   40.702132  -73.671759   -17.716      -3.564    -0.435    -3.456    -1.033
0130320117_01   40.776091  -74.078402   -30.000       2.612    -1.196     2.742    -0.746
0130320118_01   39.862333  -74.318378    11.564      -1.275    -0.805    -1.152    -1.015
0130320119_01   40.563395  -74.225203   -30.000       3.164    -3.884     3.736    -3.303
0130320120_01   40.896528  -72.504059   -30.689       1.997    -3.448     2.579    -3.059
0130320121_01   40.680789  -73.435051   -27.000      -0.635    -0.153    -0.607    -0.259
0130320122_01   39.777713  -74.115680   -31.000       1.881    -3.274     2.386    -2.913
0130320123_01   39.852418  -74.381952    12.098      -1.772    -2.912    -1.287    -3.176
0130320124_01   41.024974  -72.446763   -29.799       4.399    -2.349     4.763    -1.570
0130320126_01   40.842333  -73.666829   -27.616      -3.378     0.395    -3.414    -0.183
0130320127_01   39.940846  -74.171874   -31.275      -2.536     0.666    -2.639     0.222
0130320128_01   41.014471  -72.560613   -29.827       2.662    -2.490     3.069    -2.003
0130320129_01   40.819865  -72.716444   -26.181       0.268     0.940     0.128     0.975
0130320131_01   40.680451  -73.315076   -30.082       4.106    -2.292     4.433    -1.568
0130320132_01   40.661770  -73.865621   -31.124       2.363     1.326     2.081     1.700
0130320133_01   39.928397  -74.499233    -2.226      -4.468    -0.784    -4.311    -1.536
0130320134_01   40.956359  -72.248032   -20.000      -0.717     0.022    -0.671    -0.093
0130320135_01   40.756389  -73.954640   -26.334       4.789    -1.343     4.917    -0.524
0130320136_01   40.975263  -72.339585    47.525      -6.707     0.722    -6.698    -0.413
0130320137_01   40.719578  -73.948467   -28.586       0.672    -0.736     0.758    -0.618
0130320138_01   40.768890  -74.282184    68.379      -5.906    -0.823    -5.724    -1.812
0130320139_01   40.535371  -74.324711    27.678      -1.119     1.076    -1.326     0.865
0130320140_01   40.787891  -74.002503    -7.496      -5.379    -4.274    -4.613    -5.123
0130320141_01   39.760479  -74.550185    -8.647      -1.247     2.748    -1.737     2.489
0130320142_01   40.186610  -74.009252   -30.898       0.579    -2.508     0.971    -2.378
0130320143_01   40.739764  -73.586449    -4.148       0.358     1.723     0.050     1.756
0130320144_01   40.567967  -74.109615   -28.000      -0.671    -4.082    -0.005    -4.142
0130320145_01   40.841022  -73.693899   -21.153      -1.779     2.041    -2.116     1.709
0130320147_01   40.693247  -74.129254   -27.591       4.772     0.380     4.603     1.171
0130320148_01   40.930916  -73.054675    26.962      -1.928     1.467    -2.141     1.122
0130320149_01   39.721836  -74.125495   -32.323      -1.133     4.655    -1.929     4.391
0130320150_01   40.915771  -73.406010   -29.813       1.277    -0.653     1.361    -0.431
0130320153_01   39.912061  -74.191174   -20.784       0.469    -1.352     0.663    -1.258
0130320155_01   40.839914  -73.898529    -9.132      -0.499     0.090    -0.535    -0.000
0130320156_01   40.105804  -74.110038   -22.342      -3.503    -0.854    -3.335    -1.439
0130320158_01   40.790529  -72.937891   -10.194      -4.473     2.588    -4.832     1.799
0130320159_01   40.201374  -74.437308    54.059      -5.926     0.343    -5.939    -0.670
0130320160_01   40.933678  -73.090583     4.604      -5.008     2.847    -5.410     1.964
0130320161_01   40.809960  -72.776533   -20.008      -3.406     1.362    -3.567     0.771
0130320162_01   40.900078  -72.383912   -17.865       1.720     0.298     1.681     0.589
0130320163_01   40.845585  -74.050038   -30.000      -1.624     1.149    -1.828     0.853
0130320164_01   40.899689  -74.090223   -19.733      -2.778     3.612    -3.383     3.087
0130320165_01   40.692493  -74.296142    -3.000       0.893     4.335     0.106     4.414
0130320166_01   40.016077  -74.184675   -12.000      -4.321     1.333    -4.513     0.577
0130320167_01   40.916827  -72.727714   -19.271       2.662    -1.888     2.963    -1.410
0130320168_01   39.978490  -74.074451   -31.558       0.449     0.362     0.358     0.428
0130320170_01   40.424301  -73.991981   -33.000       0.995    -3.365     1.523    -3.154
0130320171_01   39.990431  -74.314646    -9.384       3.390    -3.242     3.856    -2.629
0130320172_01   40.899444  -73.359390   -31.400       1.526     0.954     1.338     1.195
0130320174_01   40.937192  -73.491733   -31.420       3.520     1.391     3.224     1.960
0130320175_01   40.872765  -72.883009    -0.176      -3.426     1.562    -3.626     0.965
0130320176_01   40.926202  -72.616592   -30.518       5.763    -2.438     6.117    -1.429
0130320177_01   40.664484  -74.187478   -22.741       1.511    -0.528     1.541    -0.272
0130320178_01   40.705311  -73.925254   -25.051       2.936     0.423     2.795     0.906
0130320180_01   40.917522  -72.450905   -33.449       4.545     0.265     4.469     1.032
0130320181_01   39.928303  -74.234517   -25.016      -1.889    -1.490    -1.639    -1.793
0130320183_01   39.739425  -74.380511    -6.000       2.562     3.386     1.916     3.764
0130320184_01   40.774747  -72.716924   -29.608      -5.506     4.526    -6.168     3.537
0130320185_01   39.701100  -74.135905   -31.000       3.393     2.878     2.832     3.406
0130320186_01   40.910012  -73.542577   -32.000       2.075    -0.526     2.120    -0.173
0130320187_01   41.078182  -74.142764    72.984      -1.161     0.096    -1.201    -0.108
0130320188_01   40.865901  -74.198549    87.717       3.404     4.882     2.491     5.375
0130320189_01   40.955158  -73.401142   -31.490      -0.602    -1.048    -0.426    -1.137
0130320190_01   40.872204  -74.135814   -17.651       3.189    -0.854     3.248    -0.313
0130320191_01   40.907967  -73.509495   -31.552       0.672    -2.907     1.140    -2.755
0130320192_01   39.654049  -74.170411   -31.072       3.879     1.609     3.526     2.238
0130320193_01   40.650922  -73.485425   -31.895       2.308    -1.573     2.533    -1.163
0130320194_01   40.833785  -72.669359   -15.875      -2.267     0.228    -2.249    -0.153
0130320195_01   39.780236  -74.379795     2.529      -0.772    -0.912    -0.641    -1.036
0130320196_01   40.812603  -74.016361   -29.000       3.014    -3.481     3.525    -2.930
0130320198_01   40.705603  -73.816936   -13.366       2.807    -0.128     2.765     0.342
0130320199_01   40.977429  -72.471774   -30.925       2.883     4.282     2.153     4.712
0130320200_01   40.747370  -74.103318   -30.000       6.353    -2.134     6.586    -1.041
0130320201_01   40.052140  -74.283781    -5.601      -2.974     1.021    -3.137     0.497
0130320202_01   40.807405  -73.022012    -9.880      -3.303    -2.650    -2.800    -3.168
0130320203_01   41.122474  -73.547177    34.697      -2.928     1.694    -3.187     1.175
0130320204_01   40.769089  -74.152081    -0.606       2.331     0.616     2.156     0.992
0130320205_01   39.979539  -74.177731   -18.677      -3.070    -1.555    -2.790    -2.057
0130320207_01   40.793519  -73.936634   -29.778      -2.256    -1.620    -1.979    -1.982
0130320208_01   40.601214  -73.571644   -33.444       4.018     0.688     3.833     1.353
0130320209_01   40.839389  -74.156879     8.131       0.813     1.664     0.482     1.769
0130320210_01   39.810792  -74.434897     9.651       1.766    -2.164     2.070    -1.840
0130320211_01   40.675652  -73.495869   -26.000      -3.284     0.059    -3.255    -0.498
0130320212_01   40.849862  -72.702959   -12.009      -0.833    -0.069    -0.787    -0.205
0130320213_01   39.685678  -74.502041   -18.889       1.753     5.137     0.816     5.352
0130320214_01   41.144736  -74.152980   131.884      -1.373     1.643    -1.672     1.381
0130320215_01   40.747555  -72.998914   -27.739       4.651    -1.652     4.875    -0.843
0130320218_01   40.695822  -74.225091   -13.310       3.673     1.065     3.400     1.661
0130320219_01   40.947778  -72.936569    28.548      -5.747     1.602    -5.924     0.613
0130320220_01   40.475355  -74.321773   -29.128      -2.858    -4.191    -2.149    -4.620
0130320222_01   40.725609  -74.194195    -5.529      -0.104     0.340    -0.198     0.310
0130320223_01   40.057509  -74.157801   -23.011      -2.492    -1.539    -2.224    -1.943
0130320224_01   40.637419  -74.074636   -28.778       0.388    -2.661     0.799    -2.564
0130320225_01   40.612418  -73.415371   -30.753       1.491    -0.695     1.583    -0.435
0130320226_01   40.717149  -73.426031   -15.000       1.365     0.513     1.253     0.734
0130320228_01   39.810248  -74.203935   -31.493      -0.073    -2.624     0.346    -2.603
0130320229_01   40.991586  -72.603182   -24.030      -2.091    -6.313    -0.976    -6.573
0130320230_01   40.939272  -72.701288   -17.136      -3.368     0.708    -3.419     0.134
0130320231_01   39.933407  -74.271678    -2.177      -3.226     0.681    -3.326     0.119
0130320234_01   40.727253  -73.694350    -4.845       0.673     0.360     0.585     0.464
0130320235_01   40.713223  -73.560018   -12.000      -1.497     0.267    -1.532     0.009
0130320236_01   41.111534  -73.337685   -29.291       2.314     1.382     2.041     1.749
0130320238_01   40.852851  -73.983022    51.961       1.132     2.669     0.634     2.815
0130320239_01   40.908143  -73.234863   -32.000       1.802     0.803     1.641     1.094
0130320240_01   40.954851  -72.751360     2.228       0.042    -0.364     0.121    -0.349
0130320241_01   40.919174  -72.682748   -23.991       1.648    -0.248     1.689     0.036
0130320242_01   40.813287  -72.956393    -3.018      -1.207     1.224    -1.383     1.005
0130320243_01   39.781308  -74.554253    -7.748       3.180     5.368     2.181     5.820
0130320244_01   39.688325  -74.241723   -30.000      -4.254     5.202    -5.103     4.400
0130320245_01   40.858243  -72.571340   -21.524      -3.794     3.058    -4.227     2.380
0130320246_01   39.842550  -74.147108   -33.000       2.218    -2.315     2.553    -1.911
0130320249_01   40.704794  -74.193381   -29.595       2.497    -0.123     2.444     0.292
0130320250_01   39.769614  -74.416319     0.927       2.922     5.447     1.919     5.856
0130320251_01   40.868023  -73.011309    -3.641      -3.663     3.825    -4.245     3.154
0130320252_01   39.992080  -74.538829    -3.391       0.872    -1.392     1.051    -1.233
0130320253_01   40.929059  -72.902591     2.891      -3.525     1.411    -3.699     0.799
0130320255_01   40.966998  -72.723141    10.382      -2.047    -2.015    -1.659    -2.328
0130320256_01   40.877729  -73.984778   -28.275       2.077     1.211     1.812     1.537
