Sun. Oct.  2, 2016             LANDSAT 5                 Time: 00:51
                         Image Assessment System
                           GCP Residual Report
----------------------------------------------------------------------------
WOID: L20120197            Path/Row: 014 / 032

L0R Reference Image: L51XXX1090185140100_HDF.162760550
Acquisition Date: Jul 04, 1990

Band Number:  5

GLS date for each WRS-2 path/row used:
Path  Row   Date
014   032   09-23-1999


Point_ID         Latitude  Longitude    Height       Across    Along    Residual  Residual
                                                      Scan      Scan      In y      in x
                                                    Residual  Residual    dir       dir
                   (deg)     (deg)     (meters)     (meters)  (meters)  (meters)  (meters)

0140320002_01   40.844760  -73.788842   -27.396       3.361    -4.078     4.057    -3.381
0140320003_01   40.948134  -74.065321   -15.668       0.396     2.409    -0.056     2.440
0140320004_01   40.978516  -73.787468    47.304      -5.486    -1.505    -5.108    -2.495
0140320005_01   39.597576  -74.342643   -30.984       1.240    -2.500     1.683    -2.224
0140320006_01   40.864834  -73.649647    -0.304       0.940    -6.688     2.162    -6.394
0140320007_01   40.869077  -74.151518    -4.729       5.620     0.032     5.515     1.073
0140320008_01   40.462764  -74.295361    -1.381       0.087    -0.148     0.114    -0.129
0140320009_01   40.348343  -74.123108   -16.496      -4.627     0.070    -4.556    -0.791
0140320010_01   40.600232  -75.454805    41.220       6.348    -2.765     6.747    -1.539
0140320011_01   40.627047  -74.167714   -25.800       5.220     0.903     4.960     1.856
0140320012_01   39.992673  -75.274339    41.869      -2.140    -0.332    -2.040    -0.724
0140320013_01   40.876867  -74.352585    25.543      -2.378     4.163    -3.106     3.648
0140320014_01   41.034599  -75.065550   265.632      -4.850    -4.412    -3.946    -5.228
0140320015_01   40.732542  -73.708102    -4.949       2.402     3.379     1.735     3.765
0140320016_01   39.989676  -74.158986   -27.474       1.037     1.051     0.825     1.225
0140320017_01   40.909079  -74.530737   203.203      -1.789     1.901    -2.108     1.536
0140320018_01   40.362150  -74.024706   -18.215      -0.618    -2.769    -0.092    -2.834
0140320019_01   41.002140  -74.203678   125.341      -5.916     1.810    -6.144     0.682
0140320020_01   40.098094  -74.091837   -27.866       1.029    -0.006     1.013     0.185
0140320021_01   40.155362  -75.136205    49.267       5.653    -0.851     5.709     0.214
0140320022_01   40.260332  -74.001827   -22.602      -1.053    -0.999    -0.847    -1.177
0140320023_01   40.207880  -74.441131    51.843      -3.286     3.246    -3.829     2.577
0140320024_01   40.171667  -75.246519    38.178      -3.392     0.565    -3.437    -0.075
0140320025_01   39.957452  -75.178311   -28.973      -1.133    -3.093    -0.537    -3.249
0140320026_01   40.603280  -74.097800    16.189      -2.515     2.788    -2.986     2.271
0140320027_01   40.482680  -74.484165    -1.784       4.077    -0.205     4.043     0.556
0140320028_01   40.569220  -74.938214   144.014      -0.458    -1.527    -0.167    -1.584
0140320030_01   39.894887  -74.752838   -18.246      -1.936     3.982    -2.641     3.550
0140320031_01   39.881033  -75.875588   125.109      -4.733    -0.828    -4.494    -1.692
0140320032_01   40.330097  -74.257896    13.724      -3.648     2.748    -4.092     2.021
0140320033_01   40.003845  -75.232910    52.481       1.044    -0.492     1.116    -0.289
0140320034_01   40.535374  -74.198250    -6.496      -3.782    -1.214    -3.489    -1.895
0140320035_01   39.870199  -75.139147   -27.239       3.634     0.137     3.543     0.811
0140320036_01   40.001070  -75.091614   -24.348       4.633     3.515     3.896     4.313
0140320037_01   39.575384  -74.752579    -7.417       0.534    -5.299     1.512    -5.104
0140320038_01   40.890743  -73.900892     7.681       1.342    -1.227     1.546    -0.956
0140320039_01   40.269896  -74.815696    13.164      -1.610     1.996    -1.952     1.661
0140320041_01   40.998681  -75.557052   469.341      -0.365     3.616    -1.029     3.482
0140320043_01   40.361513  -75.731967    69.510      -3.330    -2.241    -2.855    -2.818
0140320044_01   39.857539  -75.095281   -28.243       4.696    -3.305     5.226    -2.372
0140320045_01   40.451689  -74.342177    -5.624       0.279    -0.290     0.328    -0.233
0140320046_01   40.685601  -74.318581    -1.702       1.693     3.011     1.105     3.271
0140320047_01   39.699187  -75.558709   -18.511       6.212    -2.151     6.501    -0.957
0140320048_01   40.336427  -75.155640    96.453      -6.288    -1.396    -5.915    -2.538
0140320049_01   40.788161  -74.002499    -1.738      -0.092     5.072    -1.028     4.964
0140320050_01   40.675469  -75.347048    64.468       6.971    -6.707     8.089    -5.295
0140320051_01   40.597285  -74.376918    -7.258      -3.654     1.359    -3.840     0.657
0140320052_01   40.369305  -74.586092     0.020      -1.634     2.602    -2.087     2.251
0140320053_01   40.856112  -75.180698   173.073       1.700     3.085     1.097     3.343
0140320055_01   40.510479  -75.296268   109.912      -3.953    -3.160    -3.295    -3.836
0140320057_01   40.030276  -75.260073    68.982      -5.519    -0.808    -5.269    -1.819
0140320058_01   40.484142  -74.509639     4.000      -1.438     0.227    -1.454    -0.044
0140320059_01   40.902666  -75.128109   122.481       2.842    -1.321     3.035    -0.772
0140320060_01   39.992566  -76.019682   103.143       4.155     1.534     3.793     2.278
0140320061_01   40.520817  -74.633328    -8.987      -2.317     2.178    -2.680     1.709
0140320062_01   40.610151  -74.463327    -6.471      -1.655    -3.944    -0.894    -4.180
0140320063_01   40.947799  -74.549354   220.724       0.200    -1.978     0.562    -1.905
0140320064_01   40.056895  -74.111730   -31.615       1.710     0.496     1.588     0.806
0140320065_01   40.950594  -73.704930   -13.516       2.808    -6.317     3.928    -5.684
0140320066_01   40.403094  -75.212714   103.118       0.354    -6.524     1.558    -6.341
0140320067_01   40.389696  -75.284427   135.939      -0.965    -3.425    -0.312    -3.542
0140320068_01   40.547533  -74.424500    -1.385       0.445     0.597     0.327     0.669
0140320069_01   40.818104  -73.935885   -28.955       0.809     0.590     0.687     0.730
0140320070_01   39.663913  -75.771067    -4.805       2.584     2.245     2.119     2.685
0140320071_01   39.781890  -75.708972    46.435       1.804    -0.624     1.886    -0.277
0140320072_01   40.881202  -74.675855   306.319      -5.493     3.120    -5.970     2.045
0140320073_01   40.653594  -75.423230    85.425       6.301    -4.520     7.025    -3.272
0140320074_01   40.253826  -75.004116    25.831      -1.321     4.192    -2.076     3.872
0140320075_01   40.865901  -74.198549    87.717       0.475    -1.842     0.808    -1.721
0140320076_01   39.749436  -76.094175    63.500       1.338     0.183     1.279     0.428
0140320077_01   40.042458  -75.355071    79.994      -1.839     2.034    -2.184     1.656
0140320079_01   39.841734  -76.051108   105.121      -1.089     3.754    -1.769     3.484
0140320080_01   39.698992  -75.856837    71.774      -0.642    -2.528    -0.160    -2.602
0140320081_01   40.156785  -76.001704   144.577      -2.641     0.712    -2.727     0.209
0140320082_01   39.981445  -74.784500   -17.666       2.077     1.521     1.758     1.880
0140320083_01   40.135578  -74.189587   -12.000      -5.383    -0.437    -5.204    -1.430
0140320084_01   39.960343  -75.699571   106.569       1.358    -0.528     1.431    -0.266
0140320085_01   40.578708  -74.252320   -21.684       6.781    -0.015     6.664     1.244
0140320086_01   40.312531  -75.487469    80.078      -4.492     1.302    -4.653     0.445
0140320087_01   40.004607  -75.503549   109.849      -4.604    -0.125    -4.498    -0.978
0140320089_01   40.670550  -75.265739    79.887       2.335    -2.170     2.695    -1.698
0140320090_01   40.639498  -73.881963   -30.612       0.493    -1.300     0.726    -1.185
0140320091_01   40.381208  -75.480896    71.216       4.387    -6.633     5.539    -5.701
0140320092_01   41.113810  -75.555881   487.482      -0.776    -0.169    -0.732    -0.310
0140320093_01   40.322671  -75.132656    75.205       0.968    -1.359     1.202    -1.155
0140320094_01   40.832035  -73.866282   -22.096      -5.867     2.516    -6.228     1.383
0140320095_01   40.717101  -73.805011     1.958       1.669    -2.541     2.111    -2.185
0140320096_01   40.254028  -75.279625    70.075       3.604    -2.981     4.093    -2.258
0140320097_01   40.773997  -74.158062   -24.319      -4.565    -2.425    -4.034    -3.228
0140320098_01   40.309000  -75.232542    74.660      -6.057     3.005    -6.506     1.827
0140320101_01   40.212760  -74.758033   -21.440       2.273     0.233     2.190     0.651
0140320102_01   40.428235  -74.518888     1.000      -0.976     1.064    -1.155     0.864
0140320103_01   39.824322  -76.120952    98.715      -5.881     5.657    -6.829     4.463
0140320105_01   40.254409  -74.299644    18.888      -0.736     0.456    -0.806     0.311
0140320106_01   40.704794  -74.193381   -29.595       2.498     0.251     2.407     0.710
0140320107_01   40.479406  -74.321379   -24.555       1.241    -0.074     1.233     0.158
0140320108_01   40.735811  -75.691287   173.733      -2.566     6.711    -3.765     6.115
0140320109_01   40.817986  -73.839486   -29.568       1.462    -1.303     1.678    -1.009
0140320110_01   40.900594  -74.572825   165.435       0.330    -2.402     0.769    -2.297
0140320112_01   40.528496  -75.214881   150.581      -1.015     1.202    -1.220     0.991
0140320113_01   40.725801  -73.733809    -6.983      -0.359     6.241    -1.507     6.063
0140320114_01   40.280053  -74.032592   -16.000      -3.367    -1.333    -3.058    -1.935
0140320116_01   39.760487  -75.110907   -16.325      -4.158     0.646    -4.203    -0.140
0140320117_01   40.327078  -74.134683    -9.000      -1.748    -2.101    -1.326    -2.388
0140320118_01   40.347979  -74.799234    29.081      -0.793     0.040    -0.787    -0.108
0140320119_01   40.286497  -75.264935    68.530      -3.008     2.778    -3.470     2.169
0140320121_01   40.057739  -75.809959   162.289      -0.925     0.908    -1.078     0.720
0140320122_01   39.775908  -75.568087    48.602       4.733    -1.580     4.941    -0.672
0140320124_01   40.260965  -74.044859   -15.000      -0.966     0.224    -0.989     0.041
0140320126_01   40.782797  -74.039200   -29.000       1.967     5.104     0.988     5.378
0140320128_01   41.019962  -74.551360   261.667      -1.743    -0.132    -1.686    -0.452
0140320129_01   39.928058  -74.123579   -31.000       6.082    -0.055     5.984     1.079
0140320130_01   39.872511  -75.217380   -31.000       4.628     3.601     3.875     4.397
0140320131_01   40.207776  -74.019167   -27.000       3.788    -0.088     3.738     0.618
0140320133_01   40.139070  -74.810416   -32.000       4.691    -3.530     5.263    -2.595
0140320135_01   40.858007  -74.604423   243.915      -2.056     2.579    -2.496     2.151
0140320136_01   41.142711  -75.030982   319.000       1.689    -1.352     1.908    -1.016
0140320137_01   40.194471  -76.049486   119.148       1.017     2.539     0.525     2.682
0140320138_01   40.676477  -74.284596    -0.594       2.098     1.417     1.799     1.781
0140320139_01   40.089761  -74.988621    -2.654      -2.707     0.812    -2.809     0.294
0140320140_01   40.218996  -74.102918    -5.409      -1.497    -1.226    -1.242    -1.482
0140320141_01   39.930005  -75.056409   -28.000       2.944     0.153     2.863     0.697
0140320142_01   40.223492  -74.722734   -19.000      -3.297    -0.372    -3.168    -0.978
0140320143_01   40.328658  -75.939968    33.652       3.922    -4.586     4.702    -3.777
0140320144_01   40.224945  -74.138805     3.529      -3.382    -0.449    -3.237    -1.070
0140320145_01   40.639411  -74.236033   -26.267       1.137    -0.812     1.268    -0.586
0140320146_01   40.353276  -75.937130    61.609       4.191    -1.538     4.400    -0.734
0140320147_01   39.849263  -75.697741    77.010       1.587    -0.293     1.612     0.007
0140320148_01   40.989163  -73.964881   -13.162       2.263    -1.862     2.569    -1.410
0140320149_01   40.035091  -75.801955   141.802      -6.785     0.729    -6.798    -0.544
0140320150_01   40.151009  -74.155238   -19.789      -4.233     2.436    -4.609     1.605
0140320151_01   40.694316  -73.905547   -11.117      -3.721    -0.604    -3.542    -1.284
0140320153_01   39.946933  -75.983185   107.179      -2.317    -0.198    -2.239    -0.625
0140320154_01   40.061203  -74.145443   -28.296      -1.439    -1.215    -1.187    -1.461
0140320156_01   40.545954  -74.556664   -14.713       5.858    -4.153     6.524    -2.992
0140320158_01   40.054038  -74.897177   -24.000       2.884    -1.471     3.105    -0.908
0140320160_01   40.863265  -73.999593   -30.000       5.848     0.812     5.594     1.882
0140320162_01   40.038203  -75.217202    58.313       2.649     1.272     2.365     1.742
0140320163_01   40.245369  -75.378350    34.762      -5.209    -0.607    -5.003    -1.563
0140320164_01   40.756094  -73.687744     6.704       0.825     2.077     0.427     2.193
0140320165_01   39.752684  -76.149555    83.637      -3.439    -0.178    -3.345    -0.815
0140320166_01   40.180768  -75.454458    11.792       2.343    -1.689     2.614    -1.224
0140320167_01   40.047982  -74.685815   -13.844      -6.936     4.716    -7.688     3.342
0140320169_01   40.482150  -74.627521    -6.990       1.302     1.772     0.951     1.982
0140320170_01   40.510584  -74.969075   128.033      -3.645    -2.408    -3.132    -3.041
0140320171_01   40.738841  -73.956691   -29.439       1.134    -6.748     2.364    -6.418
0140320172_01   41.040536  -74.560500   350.538       4.117     2.399     3.598     3.116
0140320173_01   40.275648  -75.127271    32.041       3.930    -2.401     4.305    -1.628
0140320174_01   40.536326  -74.667604    -2.483       2.309     1.270     2.032     1.676
0140320175_01   40.136247  -74.966428    18.302      -0.350     1.917    -0.700     1.817
0140320176_01   39.781216  -75.811963    87.145      -1.488     4.246    -2.253     3.892
0140320177_01   39.783708  -76.155677   106.376      -4.137     1.042    -4.257     0.254
0140320178_01   40.324814  -76.011246    78.057       5.066    -5.514     5.998    -4.476
0140320179_01   40.809197  -75.617710   157.267       3.107     1.825     2.712     2.367
0140320182_01   40.615281  -73.760014   -30.019       3.510    -4.265     4.239    -3.537
0140320183_01   39.935350  -75.131554   -31.000       5.912    -5.496     6.828    -4.298
0140320185_01   40.051410  -74.655903     3.968      -1.582     3.678    -2.237     3.317
0140320186_01   40.409024  -74.513721    -3.080       0.924     2.543     0.436     2.669
0140320187_01   40.780757  -74.370584    21.494      -2.054    -0.549    -1.915    -0.920
0140320188_01   40.470472  -75.389520   144.556      -5.489     2.329    -5.823     1.269
0140320189_01   39.950619  -74.778275   -19.052      -3.093     6.013    -4.155     5.329
0140320190_01   41.070605  -75.782626   392.013      -1.563     5.214    -2.501     4.829
0140320191_01   40.620949  -75.478000    48.317       5.540    -6.504     6.646    -5.361
0140320192_01   40.289450  -74.126693   -15.000      -1.811    -1.337    -1.529    -1.649
0140320193_01   40.086216  -74.913316   -28.990       1.498     0.118     1.449     0.394
0140320194_01   40.077526  -75.130068    25.598      -3.953     0.469    -3.969    -0.274
0140320195_01   40.067056  -74.978071   -21.573      -1.090     1.151    -1.284     0.928
0140320196_01   40.804703  -75.648610   192.210       1.758     2.740     1.217     3.016
0140320197_01   39.942830  -74.184843   -32.886       3.656     1.951     3.229     2.597
0140320198_01   40.472393  -74.857966    14.866      -1.580    -1.572    -1.260    -1.837
0140320199_01   40.504123  -75.494873   146.230      -5.069     0.343    -5.042    -0.603
0140320200_01   40.637419  -74.074636   -28.778      -1.631     1.157    -1.816     0.834
0140320201_01   40.297003  -74.374743    -3.412      -0.012     3.242    -0.612     3.182
0140320202_01   39.968397  -75.560543    98.338      -2.022     0.065    -1.998    -0.312
0140320205_01   40.149740  -74.333476     0.859      -1.021     5.194    -1.967     4.911
0140320206_01   39.565970  -74.775314   -17.062       7.025    -1.278     7.137     0.054
0140320207_01   40.200172  -75.468687    49.100       5.320    -0.427     5.303     0.568
0140320208_01   40.909406  -74.123574   -10.782       1.901    -1.900     2.220    -1.513
0140320209_01   40.522565  -74.520339    -8.094      -2.206    -0.123    -2.143    -0.531
0140320210_01   40.209449  -75.569575     8.166       4.876    -0.699     4.918     0.218
0140320211_01   39.936623  -74.811678   -24.896      -0.896    -0.215    -0.840    -0.378
0140320212_01   39.798738  -74.181290   -31.000      -1.035    -0.898    -0.849    -1.075
0140320213_01   40.594835  -74.280858   -25.276       3.135     2.252     2.663     2.794
0140320216_01   40.217498  -75.296750    75.995      -0.288    -2.413     0.165    -2.423
0140320217_01   40.197160  -75.202200    54.415      -3.395     1.113    -3.541     0.462
0140320218_01   40.093001  -75.033668    13.399      -0.307     0.255    -0.349     0.193
0140320219_01   39.796021  -75.740303    91.852       4.002    -1.671     4.240    -0.897
0140320220_01   39.770279  -75.499035    28.196      -2.420     2.228    -2.791     1.738
0140320221_01   39.679485  -75.932856    70.882      -2.453    -0.620    -2.294    -1.065
0140320223_01   40.286308  -75.488693    60.200      -0.796     2.349    -1.218     2.159
0140320224_01   40.350552  -75.265186   100.892      -2.885     6.428    -4.027     5.776
0140320225_01   39.975758  -74.582504    -7.995      -0.327    -1.147    -0.107    -1.187
0140320226_01   40.196717  -74.864888    24.075      -2.722     0.614    -2.787     0.097
0140320227_01   39.831415  -75.548209    80.896      -2.390     0.952    -2.525     0.490
0140320229_01   40.738885  -74.160992   -25.810      -0.440     0.465    -0.518     0.375
0140320231_01   39.746889  -74.531364   -16.000       0.981    -3.403     1.597    -3.159
0140320232_01   40.782947  -74.125950    -4.197       4.893     3.682     4.125     4.524
0140320233_01   40.714229  -74.229495    16.515       2.652     1.137     2.394     1.609
0140320234_01   39.645427  -74.507924   -28.248       1.592    -2.836     2.092    -2.489
0140320237_01   40.336631  -74.594416    -9.970       0.028    -2.681     0.526    -2.628
0140320239_01   39.997234  -75.947357   189.926       4.423    -1.886     4.692    -1.031
0140320240_01   40.338783  -74.183275    -7.460      -1.089     1.560    -1.358     1.330
0140320241_01   39.790937  -75.921746   117.178       3.548    -0.955     3.660    -0.278
0140320243_01   39.730341  -74.260167   -16.282      -2.139     0.345    -2.164    -0.060
0140320244_01   40.357070  -74.976918     8.311      -3.607     2.433    -3.994     1.720
0140320246_01   39.646675  -75.375066   -19.949       1.021    -1.967     1.368    -1.741
0140320247_01   40.664464  -73.950398    -8.931      -4.988    -4.111    -4.137    -4.963
0140320248_01   40.649103  -75.769519   147.981      -5.270    -4.880    -4.271    -5.768
0140320249_01   40.139349  -75.986305    96.092       3.504     2.901     2.900     3.499
0140320250_01   41.041520  -74.118968    52.280       0.507     2.967    -0.050     3.008
