Thu. Sep. 29, 2016             LANDSAT 5                 Time: 06:13
                         Image Assessment System
                           GCP Residual Report
----------------------------------------------------------------------------
WOID: L20061742            Path/Row: 013 / 032

L0R Reference Image: L51AAA1091213140100_HDF.162731055
Acquisition Date: Aug 01, 1991

Band Number:  5

GLS date for each WRS-2 path/row used:
Path  Row   Date
013   032   10-20-2000


Point_ID         Latitude  Longitude    Height       Across    Along    Residual  Residual
                                                      Scan      Scan      In y      in x
                                                    Residual  Residual    dir       dir
                   (deg)     (deg)     (meters)     (meters)  (meters)  (meters)  (meters)

0130320001_01   40.899350  -72.547400    -5.607       1.546    -0.790     1.666    -0.516
0130320002_01   40.985966  -74.209579   109.451      -4.948     1.827    -5.197     0.966
0130320004_01   41.050400  -73.531986   -15.842      -0.569     0.229    -0.605     0.129
0130320008_01   40.742508  -74.255819    36.008       0.842     3.221     0.272     3.315
0130320009_01   40.528315  -74.193730   -22.011      -4.427    -1.631    -4.098    -2.357
0130320010_01   40.471312  -74.278993    -4.971      -4.315     0.338    -4.322    -0.397
0130320011_01   40.320072  -74.446563    15.000       0.840    -0.928     0.971    -0.775
0130320012_01   40.704794  -73.791026   -15.364       3.623    -2.363     3.963    -1.718
0130320014_01   41.031222  -73.762948    33.541      -1.483     0.286    -1.518     0.031
0130320015_01   40.849362  -73.315786    24.221      -4.797     0.329    -4.785    -0.484
0130320020_01   40.017080  -74.100998   -32.000       3.178     1.443     2.879     1.959
0130320023_01   40.627324  -74.207084   -29.527       4.742    -0.374     4.724     0.430
0130320024_01   40.707930  -73.860221   -11.161      -5.103     0.677    -5.151    -0.194
0130320025_01   40.799067  -73.664494    23.537       0.900     6.637    -0.239     6.692
0130320026_01   40.761740  -73.733483    20.856      -3.334     0.270    -3.338    -0.297
0130320027_01   40.706608  -73.311220   -27.502      -1.124     3.066    -1.626     2.832
0130320028_01   40.815703  -72.604548   -29.085      -0.715     0.586    -0.796     0.458
0130320029_01   40.857797  -73.395655    36.005      -4.524    -1.815    -4.155    -2.552
0130320030_01   40.813219  -72.576184   -27.298       1.246    -1.435     1.479    -1.202
0130320031_01   40.559868  -74.308164    -2.814      -2.547    -2.666    -2.072    -3.059
0130320033_01   40.949976  -72.368043    21.203      -0.797     4.689    -1.565     4.491
0130320035_01   40.997535  -73.674050    -2.958      -5.288    -2.425    -4.810    -3.281
0130320036_01   40.888862  -73.901991   -15.490       0.368    -3.628     0.966    -3.515
0130320037_01   40.440476  -74.232983   -21.941      -4.127    -2.814    -3.602    -3.472
0130320038_01   40.672778  -74.004221   -30.000       4.324     2.269     3.868     2.965
0130320040_01   41.137758  -73.265178   -27.482       1.139    -1.171     1.318    -0.962
0130320041_01   40.663038  -73.913156   -23.863      -3.303    -1.398    -3.027    -1.936
0130320042_01   40.929434  -72.332519   -24.015       3.959     2.038     3.572     2.680
0130320043_01   40.929749  -72.231324   -27.177      -1.739     0.049    -1.710    -0.243
0130320044_01   40.028130  -74.336771   -11.875       2.171    -1.732     2.422    -1.340
0130320045_01   40.832091  -72.510748   -29.489       2.361    -4.710     3.132    -4.243
0130320046_01   40.254409  -74.299644    18.888      -1.631     2.622    -2.063     2.307
0130320048_01   40.901465  -72.303373   -28.668      -4.984    -0.200    -4.869    -1.037
0130320050_01   39.798738  -74.181290   -31.000      -3.970     1.053    -4.100     0.362
0130320052_01   39.950177  -74.537004   -11.575       2.575    -1.468     2.773    -1.012
0130320054_01   40.703019  -73.251655   -30.243       5.314    -1.457     5.484    -0.538
0130320055_01   40.651400  -74.099636   -31.000       7.203    -0.703     7.207     0.521
0130320056_01   40.852614  -73.157330     5.136      -6.103    -0.208    -5.980    -1.235
0130320058_01   40.879527  -72.958272    -1.812      -1.848    -1.339    -1.593    -1.631
0130320060_01   40.794862  -74.027647   -29.864       5.398    -2.398     5.715    -1.455
0130320061_01   41.083545  -73.462677   -15.734      -3.560     3.005    -4.020     2.363
0130320065_01   40.809518  -72.824205   -22.039      -5.182    -1.043    -4.927    -1.902
0130320066_01   40.928985  -74.139706   -20.218       6.576    -0.097     6.484     1.010
0130320067_01   40.063206  -74.055365   -31.609       3.046    -1.670     3.278    -1.130
0130320071_01   40.773303  -73.441769    28.159       3.467     3.509     2.822     4.044
0130320072_01   40.647365  -74.003179    17.815       6.749    -1.738     6.935    -0.575
0130320073_01   40.943221  -72.577493   -28.992       3.916     2.169     3.503     2.801
0130320074_01   40.910900  -74.179838     3.081       2.198     1.285     1.936     1.635
0130320076_01   40.946991  -72.439437   -30.802       5.334    -1.962     5.600    -1.032
0130320078_01   40.545627  -74.235682   -14.045       4.276    -3.191     4.742    -2.425
0130320079_01   40.881471  -74.043115   -29.200       2.873    -0.532     2.911    -0.042
0130320080_01   39.671251  -74.156914   -31.000       1.066     6.781    -0.111     6.862
0130320081_01   40.857971  -73.640532   -28.120      -0.172    -4.734     0.624    -4.695
0130320082_01   40.899458  -73.478701   -32.000       0.080     0.811    -0.061     0.813
0130320086_01   40.056895  -74.111730   -31.615       3.242    -3.099     3.712    -2.506
0130320087_01   40.728748  -73.614036   -10.000       4.612     4.013     3.863     4.734
0130320091_01   40.964243  -72.562108   -21.427       0.116    -0.565     0.218    -0.536
0130320093_01   40.897519  -72.877234    -6.312      -5.819     2.449    -6.145     1.434
0130320097_01   40.439273  -74.345128   -24.866      -1.094     1.532    -1.351     1.324
0130320098_01   40.698016  -73.954843   -27.807      -5.746    -0.445    -5.597    -1.409
0130320099_01   40.019276  -74.452868    22.019      -1.423     1.363    -1.646     1.100
0130320101_01   40.629209  -73.748405   -29.343       3.417    -1.703     3.649    -1.102
0130320102_01   40.875895  -72.537230   -18.903      -0.804     0.408    -0.853     0.268
0130320103_01   40.822648  -73.960004   -32.000      -2.480    -5.160    -1.582    -5.505
0130320104_01   40.655550  -73.407608   -31.619       4.108    -1.179     4.247    -0.468
0130320105_01   40.241116  -74.248640     5.368      -5.598    -1.210    -5.322    -2.141
0130320109_01   40.669321  -73.349073   -30.091       0.646    -5.185     1.512    -5.002
0130320110_01   40.091202  -74.221786   -21.000       0.865    -0.464     0.921    -0.312
0130320111_01   40.738885  -74.160992   -25.810       2.480     0.877     2.283     1.281
0130320113_01   40.731814  -73.492118    -4.000       3.467     1.781     3.113     2.340
0130320114_01   40.607318  -74.061930   -16.425       2.543    -2.479     2.916    -2.015
0130320115_01   40.917360  -72.568463   -30.156       6.142    -2.651     6.511    -1.575
0130320116_01   40.702132  -73.671759   -17.716      -6.156     3.164    -6.607     2.079
0130320117_01   40.776091  -74.078402   -30.000       2.257    -2.609     2.654    -2.192
0130320118_01   39.862333  -74.318378    11.564      -3.616    -2.373    -3.170    -2.953
0130320119_01   40.563395  -74.225203   -30.000       3.808    -5.480     4.668    -4.760
0130320120_01   40.896528  -72.504059   -30.689      -0.775    -0.795    -0.621    -0.913
0130320122_01   39.777713  -74.115680   -31.000      -0.934     0.179    -0.958     0.017
0130320123_01   39.852418  -74.381952    12.098      -2.862     2.045    -3.179     1.528
0130320124_01   41.024974  -72.446763   -29.799       1.083    -1.099     1.262    -0.899
0130320126_01   40.842333  -73.666829   -27.616      -4.106     2.003    -4.391     1.281
0130320128_01   41.014471  -72.560613   -29.827       2.493     1.301     2.247     1.705
0130320129_01   40.819865  -72.716444   -26.181      -2.576    -0.872    -2.386    -1.293
0130320130_01   40.853632  -72.900702     9.669      -4.506    -0.183    -4.407    -0.940
0130320131_01   40.680451  -73.315076   -30.082       5.425    -1.349     5.575    -0.413
0130320132_01   40.661770  -73.865621   -31.124      -2.578    -0.699    -2.430    -1.124
0130320134_01   40.956359  -72.248032   -20.000       0.523     2.136     0.168     2.197
0130320138_01   40.768890  -74.282184    68.379      -2.140     0.085    -2.137    -0.278
0130320139_01   40.535371  -74.324711    27.678      -5.154    -3.848    -4.440    -4.664
0130320140_01   40.787891  -74.002503    -7.496       4.262     1.124     4.001     1.825
0130320143_01   40.739764  -73.586449    -4.148      -2.527     2.163    -2.860     1.706
0130320144_01   40.567967  -74.109615   -28.000       3.160    -5.554     4.043    -4.942
0130320145_01   40.841022  -73.693899   -21.153      -0.489     2.753    -0.953     2.631
0130320147_01   40.693247  -74.129254   -27.591       3.552     0.928     3.332     1.513
0130320148_01   40.930916  -73.054675    26.962      -5.691     2.486    -6.027     1.492
0130320149_01   39.721836  -74.125495   -32.323      -1.859     1.599    -2.111     1.259
0130320150_01   40.915771  -73.406010   -29.813       4.892    -2.273     5.202    -1.415
0130320157_01   39.763305  -74.513741    -9.916      -3.768     6.490    -4.830     5.754
0130320159_01   40.201374  -74.437308    54.059      -6.175     4.964    -6.940     3.845
0130320161_01   40.809960  -72.776533   -20.008      -3.870     1.625    -4.084     0.950
0130320162_01   40.900078  -72.383912   -17.865       1.411    -3.406     1.976    -3.118
0130320164_01   40.899689  -74.090223   -19.733       0.856     0.734     0.708     0.866
0130320165_01   40.692493  -74.296142    -3.000      -0.901     4.603    -1.680     4.383
0130320166_01   40.016077  -74.184675   -12.000      -5.448     0.543    -5.470    -0.389
0130320167_01   40.916827  -72.727714   -19.271      -1.437     0.397    -1.478     0.151
0130320168_01   39.978490  -74.074451   -31.558       2.506    -0.949     2.623    -0.511
0130320169_01   39.921786  -74.081534   -32.589       2.680    -0.062     2.644     0.393
0130320171_01   39.990431  -74.314646    -9.384       3.973    -4.884     4.734    -4.141
0130320172_01   40.899444  -73.359390   -31.400       1.060    -3.281     1.596    -3.055
0130320174_01   40.937192  -73.491733   -31.420       4.946    -2.343     5.266    -1.476
0130320175_01   40.872765  -72.883009    -0.176      -4.340    -1.748    -3.980    -2.455
0130320176_01   40.926202  -72.616592   -30.518       4.786    -1.478     4.975    -0.647
0130320177_01   40.664484  -74.187478   -22.741       5.354     0.084     5.250     0.985
0130320178_01   40.705311  -73.925254   -25.051      -5.722    -0.862    -5.502    -1.816
0130320181_01   39.928303  -74.234517   -25.016      -1.094    -2.191    -0.716    -2.346
0130320185_01   39.701100  -74.135905   -31.000       3.895    -0.719     3.953    -0.047
0130320186_01   40.910012  -73.542577   -32.000       3.611     5.825     2.572     6.350
0130320187_01   41.078182  -74.142764    72.984      -6.276    -2.196    -5.827    -3.221
0130320188_01   40.865901  -74.198549    87.717      -3.685     6.804    -4.793     6.082
0130320189_01   40.955158  -73.401142   -31.490      -6.641     5.691    -7.509     4.491
0130320191_01   40.907967  -73.509495   -31.552       2.802    -4.110     3.451    -3.579
0130320193_01   40.650922  -73.485425   -31.895       3.848    -1.371     4.021    -0.702
0130320195_01   39.780236  -74.379795     2.529       3.504    -4.623     4.228    -3.963
0130320196_01   40.812603  -74.016361   -29.000       5.264    -1.285     5.395    -0.381
0130320198_01   40.705603  -73.816936   -13.366       0.130     3.987    -0.553     3.950
0130320199_01   40.977429  -72.471774   -30.925       5.626     0.513     5.470     1.458
0130320200_01   40.747370  -74.103318   -30.000       6.390     0.946     6.127     2.008
0130320201_01   40.052140  -74.283781    -5.601      -1.118    -0.658    -1.001    -0.839
0130320203_01   41.122474  -73.547177    34.697       1.857     2.906     1.335     3.176
0130320204_01   40.769089  -74.152081    -0.606       2.745     5.222     1.810     5.607
0130320205_01   39.979539  -74.177731   -18.677      -1.420     1.095    -1.594     0.837
0130320207_01   40.793519  -73.936634   -29.778      -2.660    -4.279    -1.908    -4.667
0130320208_01   40.601214  -73.571644   -33.444       2.268     4.299     1.505     4.620
0130320209_01   40.839389  -74.156879     8.131      -2.725     1.111    -2.886     0.634
0130320210_01   39.810792  -74.434897     9.651       4.158    -6.129     5.128    -5.336
0130320211_01   40.675652  -73.495869   -26.000      -5.281     5.176    -6.082     4.210
0130320212_01   40.849862  -72.702959   -12.009      -4.173     5.940    -5.109     5.153
0130320213_01   39.685678  -74.502041   -18.889       0.537     4.724    -0.288     4.745
0130320215_01   40.747555  -72.998914   -27.739       0.958    -2.203     1.320    -2.009
0130320217_01   40.885661  -72.344248   -28.139       3.866    -1.707     4.111    -1.027
0130320219_01   40.947778  -72.936569    28.548      -2.758    -2.856    -2.234    -3.279
0130320220_01   40.475355  -74.321773   -29.128      -4.246    -1.596    -3.927    -2.292
0130320222_01   40.725609  -74.194195    -5.529      -1.230     0.259    -1.268     0.047
0130320223_01   40.057509  -74.157801   -23.011      -3.645     2.107    -3.959     1.458
0130320224_01   40.637419  -74.074636   -28.778      -2.711     1.917    -3.006     1.431
0130320226_01   40.717149  -73.426031   -15.000       0.367     3.468    -0.227     3.480
0130320227_01   39.679411  -74.330674   -24.707      -4.027    -1.023    -3.804    -1.693
0130320228_01   39.810248  -74.203935   -31.493       1.314    -4.354     2.027    -4.069
0130320233_01   40.641718  -73.167401   -29.004      -1.114    -5.280    -0.204    -5.392
0130320234_01   40.727253  -73.694350    -4.845       3.755    -1.826     4.003    -1.167
0130320235_01   40.713223  -73.560018   -12.000      -3.185    -1.421    -2.903    -1.938
0130320236_01   41.111534  -73.337685   -29.291       3.235     0.341     3.129     0.881
0130320238_01   40.852851  -73.983022    51.961      -5.430    -2.185    -4.993    -3.069
0130320241_01   40.919174  -72.682748   -23.991      -3.535    -1.800    -3.174    -2.370
0130320245_01   40.858243  -72.571340   -21.524      -2.592     3.722    -3.175     3.234
0130320246_01   39.842550  -74.147108   -33.000       6.508     1.764     6.106     2.842
0130320249_01   40.704794  -74.193381   -29.595       5.254    -1.243     5.376    -0.340
0130320250_01   39.769614  -74.416319     0.927      -3.537     5.168    -4.376     4.490
0130320251_01   40.868023  -73.011309    -3.641      -3.898     0.722    -3.962     0.055
0130320252_01   39.992080  -74.538829    -3.391       1.285     0.248     1.210     0.460
0130320256_01   40.877729  -73.984778   -28.275       3.039     0.960     2.823     1.457
