Thu. Sep. 29, 2016             LANDSAT 5                 Time: 08:38
                         Image Assessment System
                           GCP Residual Report
----------------------------------------------------------------------------
WOID: L20065143            Path/Row: 014 / 032

L0R Reference Image: L51XXX1091172140100_HDF.162731335
Acquisition Date: Jun 21, 1991

Band Number:  5

GLS date for each WRS-2 path/row used:
Path  Row   Date
014   032   09-23-1999


Point_ID         Latitude  Longitude    Height       Across    Along    Residual  Residual
                                                      Scan      Scan      In y      in x
                                                    Residual  Residual    dir       dir
                   (deg)     (deg)     (meters)     (meters)  (meters)  (meters)  (meters)

0140320001_01   39.805434  -75.427445   -32.455       3.362    -1.648     3.654    -0.983
0140320002_01   40.844760  -73.788842   -27.396       5.125    -3.437     5.542    -2.448
0140320003_01   40.948134  -74.065321   -15.668       0.421     1.254     0.091     1.292
0140320004_01   40.978516  -73.787468    47.304      -3.634    -2.548    -3.220    -3.203
0140320005_01   39.597576  -74.342643   -30.984      -0.738    -1.326    -0.589    -1.461
0140320007_01   40.869077  -74.151518    -4.729       2.093     0.686     1.847     1.047
0140320008_01   40.462764  -74.295361    -1.381       0.016    -0.365     0.004    -0.371
0140320009_01   40.348343  -74.123108   -16.496      -2.967     1.457    -3.293     0.856
0140320011_01   40.627047  -74.167714   -25.800       4.905    -0.115     4.748     0.782
0140320012_01   39.992673  -75.274339    41.869      -3.976    -0.781    -3.727    -1.502
0140320013_01   40.876867  -74.352585    25.543      -2.184     3.023    -2.761     2.552
0140320014_01   41.034599  -75.065550   265.632      -3.604     0.196    -3.527    -0.469
0140320015_01   40.732542  -73.708102    -4.949       2.182    -0.622     2.112    -0.234
0140320016_01   39.989676  -74.158986   -27.474       0.716     1.330     0.336     1.416
0140320017_01   40.909079  -74.530737   203.203      -5.438     1.157    -5.583     0.119
0140320018_01   40.362150  -74.024706   -18.215       0.723    -0.973     0.771    -0.844
0140320019_01   41.002140  -74.203678   125.341      -4.888     2.279    -5.290     1.315
0140320020_01   40.098094  -74.091837   -27.866       1.440    -4.295     2.091    -3.973
0140320021_01   40.155362  -75.136205    49.267       3.197    -1.296     3.400    -0.673
0140320022_01   40.260332  -74.001827   -22.602      -0.249    -2.628     0.117    -2.651
0140320023_01   40.207880  -74.441131    51.843      -5.535     4.108    -6.271     2.988
0140320024_01   40.171667  -75.246519    38.178      -3.954     1.313    -4.093     0.558
0140320025_01   39.957452  -75.178311   -28.973      -1.235    -1.061    -0.998    -1.270
0140320026_01   40.603280  -74.097800    16.189      -1.342     3.151    -2.004     2.824
0140320027_01   40.482680  -74.484165    -1.784       3.386     1.655     2.963     2.246
0140320028_01   40.569220  -74.938214   144.014      -4.625     4.368    -5.344     3.429
0140320029_01   40.851084  -75.265036   197.558       4.724    -2.570     5.182    -1.634
0140320030_01   39.894887  -74.752838   -18.246      -3.725     0.116    -3.723    -0.590
0140320031_01   39.881033  -75.875588   125.109      -3.996    -3.169    -3.223    -3.836
0140320032_01   40.330097  -74.257896    13.724      -2.187     1.450    -2.508     0.998
0140320033_01   40.003845  -75.232910    52.481      -1.933     1.760    -2.200     1.373
0140320034_01   40.535374  -74.198250    -6.496       0.821    -2.573     1.196    -2.391
0140320035_01   39.870199  -75.139147   -27.239       2.444    -0.457     2.493     0.009
0140320036_01   40.001070  -75.091614   -24.348       3.842     1.621     3.477     2.310
0140320038_01   40.890743  -73.900892     7.681       0.494    -0.654     0.494    -0.573
0140320039_01   40.269896  -74.815696    13.164      -3.075    -0.725    -2.903    -1.289
0140320041_01   40.998681  -75.557052   469.341      -0.609    -2.331    -0.054    -2.380
0140320043_01   40.361513  -75.731967    69.510      -4.544    -2.732    -3.844    -3.508
0140320044_01   39.857539  -75.095281   -28.243       3.633    -0.501     3.662     0.187
0140320045_01   40.451689  -74.342177    -5.624       0.462    -0.357     0.446    -0.279
0140320046_01   40.685601  -74.318581    -1.702      -1.877     1.660    -2.219     1.267
0140320047_01   39.699187  -75.558709   -18.511       6.365    -1.538     6.595    -0.311
0140320048_01   40.336427  -75.155640    96.453       0.599    -0.808     0.769    -0.677
0140320049_01   40.788161  -74.002499    -1.738       1.418     3.757     0.590     3.932
0140320050_01   40.675469  -75.347048    64.468       5.051    -4.365     5.841    -3.334
0140320051_01   40.597285  -74.376918    -7.258      -3.543     1.068    -3.741     0.376
0140320052_01   40.369305  -74.586092     0.020       3.307    -4.439     4.029    -3.751
0140320053_01   40.856112  -75.180698   173.073      -0.763     1.604    -0.992     1.443
0140320055_01   40.510479  -75.296268   109.912      -2.776     0.631    -2.788     0.114
0140320056_01   40.300870  -74.252215    29.689      -4.784     0.710    -4.922    -0.212
0140320057_01   40.030276  -75.260073    68.982      -4.595     1.033    -4.673     0.164
0140320058_01   40.484142  -74.509639     4.000      -1.866    -1.133    -1.672    -1.470
0140320059_01   40.902666  -75.128109   122.481       1.866    -1.614     2.182    -1.229
0140320060_01   39.992566  -76.019682   103.143       0.556     5.431    -0.337     5.461
0140320061_01   40.520817  -74.633328    -8.987      -5.980    -1.170    -5.687    -2.269
0140320062_01   40.610151  -74.463327    -6.471      -1.380    -3.223    -0.807    -3.432
0140320063_01   40.947799  -74.549354   220.724       0.960    -1.842     1.259    -1.636
0140320064_01   40.056895  -74.111730   -31.615       2.363     2.524     1.727     2.896
0140320065_01   40.950594  -73.704930   -13.516       1.874    -3.410     2.337    -3.027
0140320066_01   40.403094  -75.212714   103.118       2.407    -5.299     3.390    -4.748
0140320067_01   40.389696  -75.284427   135.939       0.625     0.608     0.550     0.723
0140320068_01   40.547533  -74.424500    -1.385       1.553     2.230     1.051     2.467
0140320069_01   40.818104  -73.935885   -28.955      -0.004     0.822    -0.268     0.784
0140320070_01   39.663913  -75.771067    -4.805       2.670     5.110     1.751     5.533
0140320071_01   39.781890  -75.708972    46.435      -0.095    -1.465     0.261    -1.441
0140320072_01   40.881202  -74.675855   306.319      -6.394     2.652    -6.780     1.413
0140320073_01   40.653594  -75.423230    85.425       6.128    -3.718     6.787    -2.497
0140320074_01   40.253826  -75.004116    25.831       0.457     1.967     0.088     2.018
0140320075_01   40.865901  -74.198549    87.717      -0.335     1.378    -0.660     1.276
0140320076_01   39.749436  -76.094175    63.500       1.996     0.298     2.036     0.690
0140320077_01   40.042458  -75.355071    79.994      -2.699    -0.420    -2.527    -0.907
0140320078_01   40.647365  -74.003179    17.815       2.934    -1.661     3.080    -1.107
0140320079_01   39.841734  -76.051108   105.121       2.380     6.834     1.190     7.179
0140320080_01   39.698992  -75.856837    71.774      -2.371     0.186    -2.265    -0.241
0140320081_01   40.156785  -76.001704   144.577      -0.053     0.952    -0.094     0.951
0140320082_01   39.981445  -74.784500   -17.666       2.150    -1.225     2.304    -0.808
0140320083_01   40.135578  -74.189587   -12.000      -5.179    -0.009    -5.192    -0.997
0140320084_01   39.960343  -75.699571   106.569      -0.403    -0.673    -0.183    -0.719
0140320085_01   40.578708  -74.252320   -21.684       5.831    -0.602     5.758     0.480
0140320086_01   40.312531  -75.487469    80.078      -4.250     2.157    -4.502     1.340
0140320087_01   40.004607  -75.503549   109.849      -4.442     1.088    -4.502     0.252
0140320089_01   40.670550  -75.265739    79.887       3.789     2.529     3.308     3.199
0140320090_01   40.639498  -73.881963   -30.612       0.269    -0.959     0.316    -0.916
0140320091_01   40.381208  -75.480896    71.216       6.554    -3.050     7.079    -1.761
0140320092_01   41.113810  -75.555881   487.482       0.469     2.938     0.030     2.992
0140320093_01   40.322671  -75.132656    75.205       1.758    -3.505     2.405    -3.109
0140320094_01   40.832035  -73.866282   -22.096      -3.668     2.209    -4.133     1.462
0140320095_01   40.717101  -73.805011     1.958       1.795    -0.461     1.714    -0.144
0140320096_01   40.254028  -75.279625    70.075       5.609    -2.081     5.938    -0.991
0140320097_01   40.773997  -74.158062   -24.319       0.767     1.299     0.427     1.401
0140320101_01   40.212760  -74.758033   -21.440       0.088    -0.552     0.161    -0.532
0140320102_01   40.428235  -74.518888     1.000      -0.754     1.647    -1.098     1.467
0140320104_01   40.791652  -74.952587   127.661      -5.823     3.828    -6.407     2.680
0140320105_01   40.254409  -74.299644    18.888       2.241    -0.198     2.149     0.205
0140320106_01   40.704794  -74.193381   -29.595       2.723     0.683     2.464     1.162
0140320107_01   40.479406  -74.321379   -24.555       3.068     1.106     2.731     1.643
0140320109_01   40.817986  -73.839486   -29.568       0.970    -1.057     1.024    -0.882
0140320110_01   40.900594  -74.572825   165.435       2.306     1.162     2.024     1.564
0140320112_01   40.528496  -75.214881   150.581      -0.106     2.942    -0.606     2.878
0140320113_01   40.725801  -73.733809    -6.983       0.684     3.630    -0.146     3.665
0140320114_01   40.280053  -74.032592   -16.000      -3.040    -1.516    -2.826    -2.079
0140320115_01   40.269180  -74.890854    37.984      -5.596     2.963    -6.056     1.865
0140320116_01   39.760487  -75.110907   -16.325      -2.155    -1.581    -1.822    -1.955
0140320117_01   40.327078  -74.134683    -9.000      -1.224    -3.080    -0.736    -3.273
0140320118_01   40.347979  -74.799234    29.081       0.508     0.461     0.395     0.544
0140320119_01   40.286497  -75.264935    68.530      -2.627     0.881    -2.701     0.384
0140320120_01   40.412426  -75.110909   123.086      -4.641    -0.994    -4.344    -1.835
0140320121_01   40.057739  -75.809959   162.289       0.052    -6.039     1.284    -5.899
0140320122_01   39.775908  -75.568087    48.602       3.471     1.237     3.239     1.874
0140320124_01   40.260965  -74.044859   -15.000      -0.187    -4.229     0.482    -4.212
0140320126_01   40.782797  -74.039200   -29.000       0.975     2.634     0.368     2.748
0140320127_01   40.842410  -73.934073    29.268      -4.829    -5.907    -3.756    -6.722
0140320128_01   41.019962  -74.551360   261.667      -2.481     1.341    -2.706     0.850
0140320129_01   39.928058  -74.123579   -31.000       5.295    -1.185     5.294    -0.198
0140320130_01   39.872511  -75.217380   -31.000       3.882     2.643     3.337     3.323
0140320131_01   40.207776  -74.019167   -27.000       5.090    -1.666     5.180    -0.711
0140320133_01   40.139070  -74.810416   -32.000       4.726    -1.674     4.928    -0.767
0140320134_01   40.384341  -75.082235   121.076      -5.251    -3.236    -4.531    -4.152
0140320135_01   40.858007  -74.604423   243.915      -1.330     0.861    -1.487     0.593
0140320136_01   41.142711  -75.030982   319.000       1.323     0.455     1.262     0.700
0140320137_01   40.194471  -76.049486   119.148      -0.135     2.564    -0.467     2.520
0140320138_01   40.676477  -74.284596    -0.594       1.642    -0.740     1.678    -0.436
0140320139_01   40.089761  -74.988621    -2.654       2.982     2.590     2.442     3.099
0140320140_01   40.218996  -74.102918    -5.409      -2.686    -1.957    -2.389    -2.445
0140320141_01   39.930005  -75.056409   -28.000       2.925    -2.022     3.249    -1.439
0140320142_01   40.223492  -74.722734   -19.000      -2.462    -1.139    -2.239    -1.584
0140320143_01   40.328658  -75.939968    33.652       5.701     2.246     5.314     3.291
0140320144_01   40.224945  -74.138805     3.529      -2.324    -0.531    -2.294    -0.977
0140320145_01   40.639411  -74.236033   -26.267       1.513    -1.478     1.680    -1.185
0140320146_01   40.353276  -75.937130    61.609       5.042     3.287     4.473     4.191
0140320147_01   39.849263  -75.697741    77.010       1.997    -0.040     2.051     0.349
0140320148_01   40.989163  -73.964881   -13.162       1.752    -0.554     1.723    -0.239
0140320150_01   40.151009  -74.155238   -19.789      -4.739     0.316    -4.824    -0.596
0140320151_01   40.694316  -73.905547   -11.117      -2.221     0.826    -2.456     0.373
0140320153_01   39.946933  -75.983185   107.179      -4.109     0.068    -3.922    -0.675
0140320154_01   40.061203  -74.145443   -28.296       2.804     2.541     2.162     2.996
0140320155_01   40.679373  -74.016902   -31.000       2.312     0.388     2.091     0.791
0140320156_01   40.545954  -74.556664   -14.713       2.357    -2.922     2.817    -2.439
0140320158_01   40.054038  -74.897177   -24.000      -0.594    -3.345     0.023    -3.398
0140320160_01   40.863265  -73.999593   -30.000       2.481    -0.518     2.431    -0.067
0140320161_01   40.751314  -74.373350    23.838      -0.683     5.478    -1.746     5.241
0140320162_01   40.038203  -75.217202    58.313       0.188     2.381    -0.234     2.378
0140320163_01   40.245369  -75.378350    34.762      -2.021     4.524    -2.773     4.076
0140320164_01   40.756094  -73.687744     6.704       3.257     2.249     2.633     2.786
0140320165_01   39.752684  -76.149555    83.637      -0.938    -4.709     0.099    -4.773
0140320166_01   40.180768  -75.454458    11.792       3.292    -0.348     3.361     0.283
0140320167_01   40.047982  -74.685815   -13.844      -4.280     3.402    -4.883     2.532
0140320169_01   40.482150  -74.627521    -6.990       1.162    -4.967     2.031    -4.668
0140320170_01   40.510584  -74.969075   128.033      -3.834     0.112    -3.773    -0.601
0140320172_01   41.040536  -74.560500   350.538       2.687     5.287     1.636     5.684
0140320174_01   40.536326  -74.667604    -2.483      -1.840    -2.843    -1.305    -3.140
0140320175_01   40.136247  -74.966428    18.302      -0.947     0.125    -0.958    -0.055
0140320176_01   39.781216  -75.811963    87.145      -0.385     2.299    -0.713     2.204
0140320177_01   39.783708  -76.155677   106.376      -6.528     1.605    -6.568     0.386
0140320178_01   40.324814  -76.011246    78.057       4.712    -1.138     4.983    -0.213
0140320179_01   40.809197  -75.617710   157.267       2.775     1.555     2.546     2.062
0140320180_01   39.911319  -76.037781   182.398       1.211    -6.786     2.587    -6.412
0140320182_01   40.615281  -73.760014   -30.019       3.119    -1.747     3.243    -1.163
0140320183_01   39.935350  -75.131554   -31.000       3.479    -2.924     3.971    -2.220
0140320184_01   40.303536  -74.639447    -4.498      -5.759    -0.106    -5.676    -1.186
0140320185_01   40.051410  -74.655903     3.968      -2.530     6.227    -3.695     5.632
0140320186_01   40.409024  -74.513721    -3.080       1.733     2.140     1.250     2.414
0140320187_01   40.780757  -74.370584    21.494      -5.355    -0.885    -5.150    -1.877
0140320188_01   40.470472  -75.389520   144.556      -0.096     2.105    -0.419     2.061
0140320191_01   40.620949  -75.478000    48.317       6.717    -3.810     7.390    -2.477
0140320192_01   40.289450  -74.126693   -15.000       0.405     1.063     0.090     1.099
0140320193_01   40.086216  -74.913316   -28.990       3.278     1.677     2.893     2.256
0140320194_01   40.077526  -75.130068    25.598      -3.487    -0.560    -3.304    -1.197
0140320195_01   40.067056  -74.978071   -21.573      -0.642    -1.011    -0.448    -1.113
0140320196_01   40.804703  -75.648610   192.210       2.576     0.708     2.513     1.195
0140320197_01   39.942830  -74.184843   -32.886       3.400    -0.216     3.262     0.401
0140320198_01   40.472393  -74.857966    14.866      -2.532    -0.333    -2.429    -0.799
0140320199_01   40.504123  -75.494873   146.230      -1.990    -3.493    -1.221    -3.784
0140320200_01   40.637419  -74.074636   -28.778       0.574     1.735     0.139     1.791
0140320201_01   40.297003  -74.374743    -3.412       1.198     3.387     0.469     3.535
0140320202_01   39.968397  -75.560543    98.338      -3.331     1.001    -3.388     0.375
0140320203_01   40.148954  -75.013971    35.787       2.783    -0.975     2.917    -0.439
0140320205_01   40.149740  -74.333476     0.859      -1.131     2.153    -1.600     1.887
0140320206_01   39.565970  -74.775314   -17.062       2.583    -2.159     2.885    -1.647
0140320207_01   40.200172  -75.468687    49.100       4.164    -2.336     4.590    -1.506
0140320208_01   40.909406  -74.123574   -10.782      -0.651    -4.807     0.170    -4.859
0140320209_01   40.522565  -74.520339    -8.094      -1.879    -1.367    -1.638    -1.702
0140320210_01   40.209449  -75.569575     8.166       6.697     2.562     6.178     3.778
0140320211_01   39.936623  -74.811678   -24.896      -1.095     2.929    -1.656     2.665
0140320212_01   39.798738  -74.181290   -31.000       1.661    -2.519     1.977    -2.187
0140320213_01   40.594835  -74.280858   -25.276       4.166     1.712     3.696     2.442
0140320215_01   40.043780  -75.086747    -2.464       3.492    -3.857     4.156    -3.135
0140320216_01   40.217498  -75.296750    75.995       2.382    -3.294     2.997    -2.782
0140320217_01   40.197160  -75.202200    54.415      -1.632     1.038    -1.766     0.721
0140320218_01   40.093001  -75.033668    13.399       0.959     1.227     0.716     1.385
0140320219_01   39.796021  -75.740303    91.852       2.596    -1.071     2.835    -0.551
0140320220_01   39.770279  -75.499035    28.196      -4.677     1.019    -4.730     0.137
0140320221_01   39.679485  -75.932856    70.882      -4.049     3.996    -4.616     3.189
0140320223_01   40.286308  -75.488693    60.200       2.156     4.276     1.392     4.613
0140320224_01   40.350552  -75.265186   100.892      -3.377    -1.630    -2.967    -2.221
0140320225_01   39.975758  -74.582504    -7.995      -0.046     0.315    -0.167     0.289
0140320226_01   40.196717  -74.864888    24.075      -0.094     0.419    -0.186     0.391
0140320227_01   39.831415  -75.548209    80.896      -0.860    -1.154    -0.567    -1.282
0140320228_01   40.094673  -74.661316    -8.178      -6.830     3.029    -7.318     1.690
0140320229_01   40.738885  -74.160992   -25.810       1.085     1.119     0.772     1.283
0140320231_01   39.746889  -74.531364   -16.000      -1.658     3.111    -2.288     2.730
0140320232_01   40.782947  -74.125950    -4.197       4.600    -0.301     4.485     0.543
0140320233_01   40.714229  -74.229495    16.515       2.363     1.805     1.907     2.197
0140320234_01   39.645427  -74.507924   -28.248       0.569     0.172     0.439     0.260
0140320235_01   40.406302  -75.700632   117.102      -4.386    -3.446    -3.558    -4.179
0140320237_01   40.336631  -74.594416    -9.970       2.172    -0.580     2.195    -0.174
0140320238_01   39.605302  -74.863598   -10.390       0.573     3.706    -0.171     3.738
0140320239_01   39.997234  -75.947357   189.926       1.631    -0.276     1.774     0.056
0140320240_01   40.338783  -74.183275    -7.460      -0.580     1.318    -0.915     1.166
0140320241_01   39.790937  -75.921746   117.178      -1.367     2.006    -1.607     1.736
0140320242_01   40.088858  -75.764932   125.467      -4.200    -0.048    -4.013    -0.810
0140320243_01   39.730341  -74.260167   -16.282      -1.668     1.979    -2.124     1.609
0140320244_01   40.357070  -74.976918     8.311      -3.664    -1.769    -3.262    -2.419
0140320245_01   40.306679  -75.391401    69.328       1.677    -5.141     2.665    -4.724
0140320246_01   39.646675  -75.375066   -19.949       1.947    -5.272     2.927    -4.807
0140320247_01   40.664464  -73.950398    -8.931      -5.349    -3.048    -4.803    -4.013
0140320248_01   40.649103  -75.769519   147.981      -6.166    -1.502    -5.650    -2.597
0140320250_01   41.041520  -74.118968    52.280      -1.650    -0.566    -1.593    -0.878
