Tue. Aug. 30, 2016             LANDSAT 5                 Time: 19:00
                         Image Assessment System
                           GCP Residual Report
----------------------------------------------------------------------------
WOID: L19327645            Path/Row: 014 / 032

L0R Reference Image: L51GNC1011243150100_HDF.162432350
Acquisition Date: Aug 31, 2011

Band Number:  5

GLS date for each WRS-2 path/row used:
Path  Row   Date
014   032   09-23-1999


Point_ID         Latitude  Longitude    Height       Across    Along    Residual  Residual
                                                      Scan      Scan      In y      in x
                                                    Residual  Residual    dir       dir
                   (deg)     (deg)     (meters)     (meters)  (meters)  (meters)  (meters)

0140320001_01   39.805434  -75.427445   -32.455       0.305     0.745     0.162     0.789
0140320002_01   40.844760  -73.788842   -27.396      -0.270    -0.200    -0.231    -0.248
0140320003_01   40.948134  -74.065321   -15.668       1.968     1.884     1.582     2.215
0140320004_01   40.978516  -73.787468    47.304      -2.291    -0.867    -2.093    -1.277
0140320005_01   39.597576  -74.342643   -30.984      -2.350    -2.477    -1.850    -2.871
0140320006_01   40.864834  -73.649647    -0.304       1.407    -3.087     1.949    -2.772
0140320007_01   40.869077  -74.151518    -4.729       1.274     0.289     1.195     0.520
0140320008_01   40.462764  -74.295361    -1.381       4.774    -1.799     5.020    -0.881
0140320009_01   40.348343  -74.123108   -16.496      -2.912    -1.288    -2.624    -1.807
0140320010_01   40.600232  -75.454805    41.220       2.394    -3.706     3.041    -3.196
0140320011_01   40.627047  -74.167714   -25.800       4.320    -2.082     4.626    -1.244
0140320012_01   39.992673  -75.274339    41.869      -0.413    -1.479    -0.130    -1.528
0140320013_01   40.876867  -74.352585    25.543      -1.083    -0.409    -0.989    -0.602
0140320014_01   41.034599  -75.065550   265.632       1.508    -2.481     1.941    -2.157
0140320015_01   40.732542  -73.708102    -4.949       0.351     1.951    -0.020     1.980
0140320016_01   39.989676  -74.158986   -27.474      -1.681    -0.124    -1.631    -0.435
0140320017_01   40.909079  -74.530737   203.203       1.972    -2.081     2.320    -1.678
0140320018_01   40.362150  -74.024706   -18.215      -4.074    -3.522    -3.351    -4.217
0140320019_01   41.002140  -74.203678   125.341      -0.210     0.182    -0.242     0.140
0140320020_01   40.098094  -74.091837   -27.866      -2.184    -1.251    -1.915    -1.636
0140320021_01   40.155362  -75.136205    49.267       1.552    -0.473     1.613    -0.176
0140320022_01   40.260332  -74.001827   -22.602      -1.039    -2.769    -0.510    -2.913
0140320023_01   40.207880  -74.441131    51.843       0.957    -1.759     1.265    -1.550
0140320024_01   40.171667  -75.246519    38.178      -2.428     1.359    -2.636     0.884
0140320025_01   39.957452  -75.178311   -28.973       0.306    -1.894     0.653    -1.803
0140320026_01   40.603280  -74.097800    16.189       3.553    -0.052     3.497     0.608
0140320027_01   40.482680  -74.484165    -1.784       0.288     1.310     0.038     1.340
0140320028_01   40.569220  -74.938214   144.014      -0.532    -3.561     0.138    -3.595
0140320030_01   39.894887  -74.752838   -18.246       0.357     1.053     0.154     1.100
0140320031_01   39.881033  -75.875588   125.109      -1.453    -1.276    -1.186    -1.522
0140320032_01   40.330097  -74.257896    13.724      -0.600    -2.699    -0.091    -2.763
0140320033_01   40.003845  -75.232910    52.481       1.160     3.409     0.506     3.563
0140320034_01   40.535374  -74.198250    -6.496      -4.616    -5.404    -3.534    -6.164
0140320036_01   40.001070  -75.091614   -24.348      -0.247     4.619    -1.101     4.490
0140320037_01   39.575384  -74.752579    -7.417      -3.691     3.265    -4.233     2.518
0140320038_01   40.890743  -73.900892     7.681      -2.059    -0.240    -1.980    -0.618
0140320039_01   40.269896  -74.815696    13.164       0.923    -0.180     0.939    -0.006
0140320040_01   40.796170  -74.619726   175.825      -1.833     0.724    -1.934     0.371
0140320043_01   40.361513  -75.731967    69.510       2.372     1.777     2.002     2.186
0140320044_01   39.857539  -75.095281   -28.243       2.100     4.946     1.142     5.247
0140320045_01   40.451689  -74.342177    -5.624       3.508     0.030     3.437     0.681
0140320046_01   40.685601  -74.318581    -1.702      -0.138     0.937    -0.311     0.895
0140320047_01   39.699187  -75.558709   -18.511       3.418    -1.824     3.698    -1.155
0140320048_01   40.336427  -75.155640    96.453       0.016     0.966    -0.163     0.951
0140320049_01   40.788161  -74.002499    -1.738      -1.961    -0.341    -1.865    -0.699
0140320050_01   40.675469  -75.347048    64.468       3.005    -4.116     3.716    -3.485
0140320051_01   40.597285  -74.376918    -7.258      -1.441     1.165    -1.633     0.877
0140320052_01   40.369305  -74.586092     0.020       1.253    -0.853     1.387    -0.606
0140320053_01   40.856112  -75.180698   173.073      -0.625    -2.674    -0.117    -2.741
0140320054_01   40.804332  -75.086663    81.998      -0.461    -0.722    -0.317    -0.794
0140320055_01   40.510479  -75.296268   109.912      -2.543    -1.559    -2.206    -2.002
0140320056_01   40.300870  -74.252215    29.689      -0.313    -3.022     0.251    -3.026
0140320057_01   40.030276  -75.260073    68.982      -1.648    -0.859    -1.457    -1.149
0140320058_01   40.484142  -74.509639     4.000      -0.952    -0.407    -0.860    -0.577
0140320059_01   40.902666  -75.128109   122.481       0.150    -0.640     0.268    -0.601
0140320060_01   39.992566  -76.019682   103.143      -1.217     0.584    -1.300     0.348
0140320061_01   40.520817  -74.633328    -8.987       1.256     2.933     0.689     3.114
0140320062_01   40.610151  -74.463327    -6.471       1.901    -0.279     1.917     0.079
0140320063_01   40.947799  -74.549354   220.724       0.856    -1.944     1.200    -1.750
0140320064_01   40.056895  -74.111730   -31.615       0.377     2.389    -0.076     2.416
0140320065_01   40.950594  -73.704930   -13.516      -2.050    -3.153    -1.434    -3.478
0140320066_01   40.403094  -75.212714   103.118      -2.790    -1.293    -2.499    -1.786
0140320067_01   40.389696  -75.284427   135.939      -2.248    -2.781    -1.690    -3.147
0140320068_01   40.547533  -74.424500    -1.385       5.512     3.686     4.728     4.643
0140320069_01   40.818104  -73.935885   -28.955      -3.290     0.126    -3.257    -0.487
0140320070_01   39.663913  -75.771067    -4.805       4.483    -0.511     4.500     0.332
0140320071_01   39.781890  -75.708972    46.435       1.822    -1.398     2.051    -1.033
0140320072_01   40.881202  -74.675855   306.319      -0.407    -0.979    -0.218    -1.037
0140320073_01   40.653594  -75.423230    85.425       3.271     0.835     3.060     1.426
0140320074_01   40.253826  -75.004116    25.831      -1.059     1.452    -1.309     1.230
0140320075_01   40.865901  -74.198549    87.717      -0.435     0.064    -0.441    -0.018
0140320076_01   39.749436  -76.094175    63.500       1.735    -1.961     2.073    -1.603
0140320077_01   40.042458  -75.355071    79.994      -3.322    -0.803    -3.111    -1.406
0140320079_01   39.841734  -76.051108   105.121      -1.029    -0.609    -0.894    -0.789
0140320080_01   39.698992  -75.856837    71.774      -2.533    -0.209    -2.446    -0.676
0140320081_01   40.156785  -76.001704   144.577      -1.832     1.491    -2.072     1.125
0140320082_01   39.981445  -74.784500   -17.666       3.008     0.180     2.919     0.736
0140320083_01   40.135578  -74.189587   -12.000      -0.546     0.754    -0.679     0.638
0140320084_01   39.960343  -75.699571   106.569      -2.556     4.945    -3.427     4.381
0140320085_01   40.578708  -74.252320   -21.684       1.445     0.149     1.389     0.415
0140320086_01   40.312531  -75.487469    80.078       0.033     4.370    -0.777     4.298
0140320087_01   40.004607  -75.503549   109.849      -0.052     2.264    -0.470     2.213
0140320089_01   40.670550  -75.265739    79.887       0.917    -1.069     1.101    -0.880
0140320091_01   40.381208  -75.480896    71.216       1.124    -0.705     1.237    -0.483
0140320092_01   41.113810  -75.555881   487.482      -3.963     1.148    -4.099     0.396
0140320093_01   40.322671  -75.132656    75.205       0.414    -0.115     0.429    -0.036
0140320094_01   40.832035  -73.866282   -22.096       0.273     2.852    -0.263     2.851
0140320095_01   40.717101  -73.805011     1.958       1.373    -0.337     1.408    -0.077
0140320097_01   40.773997  -74.158062   -24.319       1.038     0.001     1.017     0.193
0140320098_01   40.309000  -75.232542    74.660      -5.973     1.907    -6.218     0.764
0140320099_01   40.474566  -74.717103   133.476      -1.279    -0.030    -1.251    -0.267
0140320100_01   40.063315  -74.345224    -3.424       1.335    -6.975     2.604    -6.601
0140320101_01   40.212760  -74.758033   -21.440       1.220    -0.382     1.268    -0.149
0140320102_01   40.428235  -74.518888     1.000       5.213    -1.352     5.369    -0.360
0140320104_01   40.791652  -74.952587   127.661      -0.215    -3.454     0.429    -3.431
0140320105_01   40.254409  -74.299644    18.888       1.404    -2.812     1.898    -2.501
0140320106_01   40.704794  -74.193381   -29.595       1.142    -1.601     1.417    -1.361
0140320107_01   40.479406  -74.321379   -24.555       1.984     2.899     1.409     3.215
0140320108_01   40.735811  -75.691287   173.733      -1.042     1.797    -1.353     1.573
0140320109_01   40.817986  -73.839486   -29.568      -0.982     3.132    -1.548     2.894
0140320110_01   40.900594  -74.572825   165.435       0.392    -1.196     0.606    -1.102
0140320111_01   39.952023  -75.592018    88.933       3.447    -1.034     3.579    -0.375
0140320112_01   40.528496  -75.214881   150.581       2.014     1.717     1.661     2.059
0140320113_01   40.725801  -73.733809    -6.983      -1.688     1.656    -1.968     1.313
0140320114_01   40.280053  -74.032592   -16.000      -1.038    -2.050    -0.642    -2.207
0140320115_01   40.269180  -74.890854    37.984      -1.908    -0.208    -1.835    -0.559
0140320116_01   39.760487  -75.110907   -16.325       4.666     2.666     4.086     3.486
0140320117_01   40.327078  -74.134683    -9.000      -3.654    -0.215    -3.551    -0.891
0140320118_01   40.347979  -74.799234    29.081      -0.274     1.220    -0.496     1.147
0140320119_01   40.286497  -75.264935    68.530      -3.106     1.135    -3.260     0.538
0140320120_01   40.412426  -75.110909   123.086      -0.861    -0.650    -0.724    -0.798
0140320121_01   40.057739  -75.809959   162.289      -1.368     1.987    -1.709     1.698
0140320122_01   39.775908  -75.568087    48.602      -2.761    -3.082    -2.135    -3.540
0140320123_01   40.842337  -73.667184   -26.425      -4.466     4.569    -5.236     3.658
0140320124_01   40.260965  -74.044859   -15.000      -2.252    -1.936    -1.856    -2.320
0140320125_01   40.090599  -74.761985   -19.718       1.729    -0.392     1.770    -0.064
0140320127_01   40.842410  -73.934073    29.268      -1.164    -2.783    -0.631    -2.950
0140320128_01   41.019962  -74.551360   261.667      -1.013     2.863    -1.525     2.623
0140320129_01   39.928058  -74.123579   -31.000      -0.150     0.298    -0.206     0.264
0140320130_01   39.872511  -75.217380   -31.000      -0.779     3.785    -1.469     3.572
0140320131_01   40.207776  -74.019167   -27.000      -3.965     0.013    -3.899    -0.725
0140320133_01   40.139070  -74.810416   -32.000       4.708     2.872     4.090     3.695
0140320134_01   40.384341  -75.082235   121.076      -2.320     2.702    -2.778     2.223
0140320136_01   41.142711  -75.030982   319.000      -1.120     3.157    -1.682     2.893
0140320137_01   40.194471  -76.049486   119.148      -2.912     5.458    -3.869     4.820
0140320138_01   40.676477  -74.284596    -0.594      -1.084    -1.946    -0.706    -2.113
0140320139_01   40.089761  -74.988621    -2.654      -0.456     1.361    -0.700     1.252
0140320140_01   40.218996  -74.102918    -5.409       1.105    -1.797     1.415    -1.560
0140320141_01   39.930005  -75.056409   -28.000       1.680    -0.707     1.781    -0.382
0140320142_01   40.223492  -74.722734   -19.000       1.595    -0.999     1.751    -0.685
0140320143_01   40.328658  -75.939968    33.652      -0.489    -0.487    -0.386    -0.568
0140320144_01   40.224945  -74.138805     3.529      -1.149    -1.208    -0.907    -1.401
0140320145_01   40.639411  -74.236033   -26.267       0.618    -0.869     0.766    -0.739
0140320146_01   40.353276  -75.937130    61.609       3.220     0.609     3.053     1.195
0140320147_01   39.849263  -75.697741    77.010       0.750     1.226     0.510     1.343
0140320148_01   40.989163  -73.964881   -13.162       0.914    -2.153     1.294    -1.946
0140320149_01   40.035091  -75.801955   141.802      -3.460     1.046    -3.588     0.385
0140320150_01   40.151009  -74.155238   -19.789      -1.927     1.318    -2.140     0.936
0140320152_01   39.752212  -75.225056    -5.000       1.165     2.696     0.642     2.864
0140320153_01   39.946933  -75.983185   107.179       0.214    -0.587     0.323    -0.536
0140320154_01   40.061203  -74.145443   -28.296       0.766     3.561     0.088     3.639
0140320155_01   40.679373  -74.016902   -31.000      -0.300     1.141    -0.509     1.065
0140320156_01   40.545954  -74.556664   -14.713       3.807    -2.546     4.210    -1.794
0140320158_01   40.054038  -74.897177   -24.000      -0.108    -2.421     0.344    -2.398
0140320159_01   40.130289  -74.562193     8.223      -2.482     0.979    -2.621     0.500
0140320160_01   40.863265  -73.999593   -30.000       1.041     3.275     0.413     3.409
0140320161_01   40.751314  -74.373350    23.838       2.271     0.970     2.050     1.373
0140320162_01   40.038203  -75.217202    58.313      -2.120     0.655    -2.203     0.250
0140320163_01   40.245369  -75.378350    34.762      -3.120     0.142    -3.088    -0.440
0140320164_01   40.756094  -73.687744     6.704      -1.391     2.696    -1.869     2.389
0140320165_01   39.752684  -76.149555    83.637       0.439    -5.987     1.550    -5.797
0140320166_01   40.180768  -75.454458    11.792       1.863     0.912     1.662     1.242
0140320168_01   40.725186  -75.556897   100.790       5.345    -2.693     5.751    -1.655
0140320169_01   40.482150  -74.627521    -6.990      -0.093    -0.270    -0.042    -0.283
0140320170_01   40.510584  -74.969075   128.033       0.061    -3.315     0.676    -3.243
0140320171_01   40.738841  -73.956691   -29.439      -1.162     0.585    -1.253     0.358
0140320172_01   41.040536  -74.560500   350.538       0.982     5.215    -0.000     5.301
0140320173_01   40.275648  -75.127271    32.041       0.652    -0.256     0.689    -0.130
0140320174_01   40.536326  -74.667604    -2.483       1.212     2.496     0.726     2.676
0140320175_01   40.136247  -74.966428    18.302      -2.604    -2.081    -2.171    -2.528
0140320176_01   39.781216  -75.811963    87.145       2.212    -0.011     2.176     0.401
0140320177_01   39.783708  -76.155677   106.376      -1.146    -2.721    -0.614    -2.885
0140320178_01   40.324814  -76.011246    78.057      -0.350    -0.766    -0.198    -0.817
0140320179_01   40.809197  -75.617710   157.267       0.896    -1.717     1.201    -1.520
0140320182_01   40.615281  -73.760014   -30.019       0.918     2.119     0.505     2.251
0140320183_01   39.935350  -75.131554   -31.000       0.960    -2.388     1.387    -2.166
0140320184_01   40.303536  -74.639447    -4.498      -3.452     0.667    -3.515     0.013
0140320185_01   40.051410  -74.655903     3.968      -2.080     1.067    -2.242     0.661
0140320186_01   40.409024  -74.513721    -3.080      -1.149     1.472    -1.403     1.232
0140320187_01   40.780757  -74.370584    21.494       1.182    -2.923     1.701    -2.652
0140320188_01   40.470472  -75.389520   144.556      -0.402    -0.473    -0.305    -0.539
0140320189_01   39.950619  -74.778275   -19.052       1.975    -0.859     2.098    -0.476
0140320190_01   41.070605  -75.782626   392.013      -4.002     3.821    -4.631     3.013
0140320191_01   40.620949  -75.478000    48.317       0.465    -2.842     0.986    -2.704
0140320192_01   40.289450  -74.126693   -15.000      -2.338     0.133    -2.324    -0.304
0140320193_01   40.086216  -74.913316   -28.990       2.644    -0.540     2.697    -0.039
0140320194_01   40.077526  -75.130068    25.598      -1.061    -1.160    -0.826    -1.336
0140320195_01   40.067056  -74.978071   -21.573       0.294     0.482     0.199     0.528
0140320196_01   40.804703  -75.648610   192.210      -1.984    -0.598    -1.834    -0.953
0140320197_01   39.942830  -74.184843   -32.886      -1.619     1.563    -1.883     1.233
0140320198_01   40.472393  -74.857966    14.866      -0.837    -0.375    -0.752    -0.523
0140320199_01   40.504123  -75.494873   146.230      -3.694    -1.626    -3.323    -2.281
0140320200_01   40.637419  -74.074636   -28.778       0.825     1.195     0.586     1.326
0140320201_01   40.297003  -74.374743    -3.412       3.188     1.658     2.821     2.220
0140320202_01   39.968397  -75.560543    98.338       0.403    -0.966     0.577    -0.873
0140320203_01   40.148954  -75.013971    35.787      -1.150    -0.603    -1.017    -0.806
0140320204_01   40.572870  -75.588949   106.261       3.870     1.020     3.614     1.719
0140320205_01   40.149740  -74.333476     0.859       1.817     0.277     1.731     0.609
0140320206_01   39.565970  -74.775314   -17.062       3.395     0.562     3.227     1.184
0140320207_01   40.200172  -75.468687    49.100       2.447     0.811     2.254     1.250
0140320208_01   40.909406  -74.123574   -10.782       3.705     1.630     3.335     2.288
0140320209_01   40.522565  -74.520339    -8.094       2.664     1.305     2.373     1.776
0140320210_01   40.209449  -75.569575     8.166       0.154     0.547     0.052     0.566
0140320211_01   39.936623  -74.811678   -24.896       1.690     0.828     1.505     1.127
0140320212_01   39.798738  -74.181290   -31.000      -2.145     0.384    -2.181    -0.023
0140320213_01   40.594835  -74.280858   -25.276       0.340    -0.066     0.345    -0.003
0140320215_01   40.043780  -75.086747    -2.464       3.562     0.513     3.403     1.166
0140320216_01   40.217498  -75.296750    75.995       0.983     2.032     0.589     2.178
0140320217_01   40.197160  -75.202200    54.415      -0.111     2.207    -0.518     2.147
0140320218_01   40.093001  -75.033668    13.399       0.535     2.323     0.094     2.380
0140320219_01   39.796021  -75.740303    91.852      -0.571    -0.952    -0.381    -1.040
0140320220_01   39.770279  -75.499035    28.196      -0.885     0.220    -0.908     0.051
0140320221_01   39.679485  -75.932856    70.882      -3.140    -3.550    -2.419    -4.069
0140320222_01   41.025517  -74.264774    82.617      -4.307     1.542    -4.517     0.717
0140320223_01   40.286308  -75.488693    60.200       2.051     2.990     1.461     3.317
0140320224_01   40.350552  -75.265186   100.892      -0.360    -3.239     0.249    -3.247
0140320225_01   39.975758  -74.582504    -7.995      -0.367     0.293    -0.416     0.220
0140320226_01   40.196717  -74.864888    24.075       0.926    -0.328     0.970    -0.150
0140320227_01   39.831415  -75.548209    80.896       1.081    -1.344     1.313    -1.119
0140320228_01   40.094673  -74.661316    -8.178      -3.198     0.332    -3.204    -0.269
0140320229_01   40.738885  -74.160992   -25.810       4.379     3.699     3.614     4.445
0140320231_01   39.746889  -74.531364   -16.000       0.430     0.440     0.338     0.512
0140320232_01   40.782947  -74.125950    -4.197       0.349    -0.267     0.390    -0.198
0140320233_01   40.714229  -74.229495    16.515       3.872     0.983     3.619     1.683
0140320234_01   39.645427  -74.507924   -28.248      -0.235    -0.177    -0.200    -0.218
0140320235_01   40.406302  -75.700632   117.102      -1.904    -4.819    -0.972    -5.085
0140320236_01   39.670713  -74.157270   -31.040      -1.292    -0.737    -1.135    -0.965
0140320237_01   40.336631  -74.594416    -9.970       1.455    -2.707     1.930    -2.388
0140320238_01   39.605302  -74.863598   -10.390       0.565     2.195     0.145     2.260
0140320239_01   39.997234  -75.947357   189.926      -1.343     0.849    -1.473     0.585
0140320240_01   40.338783  -74.183275    -7.460      -1.142    -1.385    -0.867    -1.572
0140320241_01   39.790937  -75.921746   117.178       1.292    -0.553     1.375    -0.302
0140320242_01   40.088858  -75.764932   125.467      -1.723     1.827    -2.029     1.475
0140320243_01   39.730341  -74.260167   -16.282       0.532    -1.793     0.853    -1.662
0140320244_01   40.357070  -74.976918     8.311      -0.971    -4.064    -0.199    -4.171
0140320245_01   40.306679  -75.391401    69.328       1.304     3.530     0.626     3.709
0140320246_01   39.646675  -75.375066   -19.949       0.612     2.279     0.178     2.352
0140320249_01   40.139349  -75.986305    96.092      -2.430     1.886    -2.733     1.402
