Fri. Sep. 16, 2016             LANDSAT 5                 Time: 11:09
                         Image Assessment System
                           GCP Residual Report
----------------------------------------------------------------------------
WOID: L19743879            Path/Row: 014 / 032

L0R Reference Image: L51LGS1002186150100_HDF.162601602
Acquisition Date: Jul 05, 2002

Band Number:  5

GLS date for each WRS-2 path/row used:
Path  Row   Date
014   032   09-23-1999


Point_ID         Latitude  Longitude    Height       Across    Along    Residual  Residual
                                                      Scan      Scan      In y      in x
                                                    Residual  Residual    dir       dir
                   (deg)     (deg)     (meters)     (meters)  (meters)  (meters)  (meters)

0140320001_01   39.805434  -75.427445   -32.455       1.312    -2.677     1.785    -2.386
0140320002_01   40.844760  -73.788842   -27.396       1.573    -4.291     2.340    -3.924
0140320003_01   40.948134  -74.065321   -15.668       0.196     1.724    -0.124     1.730
0140320004_01   40.978516  -73.787468    47.304      -3.556     1.336    -3.736     0.655
0140320005_01   39.597576  -74.342643   -30.984      -0.435     0.009    -0.426    -0.072
0140320006_01   40.864834  -73.649647    -0.304      -4.528    -4.495    -3.614    -5.253
0140320007_01   40.869077  -74.151518    -4.729       3.018     3.252     2.365     3.752
0140320008_01   40.462764  -74.295361    -1.381       0.539     1.011     0.344     1.093
0140320009_01   40.348343  -74.123108   -16.496      -3.153     2.273    -3.515     1.648
0140320010_01   40.600232  -75.454805    41.220       3.006    -5.361     3.943    -4.710
0140320011_01   40.627047  -74.167714   -25.800       3.082    -1.110     3.234    -0.520
0140320012_01   39.992673  -75.274339    41.869      -0.151     1.345    -0.398     1.292
0140320013_01   40.876867  -74.352585    25.543      -1.456     3.340    -2.046     3.012
0140320014_01   41.034599  -75.065550   265.632      -2.817     0.779    -2.910     0.245
0140320015_01   40.732542  -73.708102    -4.949       0.455     3.785    -0.250     3.802
0140320016_01   39.989676  -74.158986   -27.474      -3.970     0.164    -3.927    -0.576
0140320017_01   40.909079  -74.530737   203.203      -4.252     2.198    -4.581     1.373
0140320018_01   40.362150  -74.024706   -18.215      -2.313    -1.139    -2.059    -1.547
0140320019_01   41.002140  -74.203678   125.341      -2.802     2.132    -3.143     1.576
0140320020_01   40.098094  -74.091837   -27.866       0.211    -0.648     0.330    -0.597
0140320021_01   40.155362  -75.136205    49.267       2.174     0.032     2.129     0.434
0140320022_01   40.260332  -74.001827   -22.602      -3.690    -0.275    -3.570    -0.954
0140320023_01   40.207880  -74.441131    51.843      -3.792    -0.351    -3.658    -1.048
0140320024_01   40.171667  -75.246519    38.178      -2.304     1.598    -2.559     1.143
0140320025_01   39.957452  -75.178311   -28.973       0.022    -2.017     0.395    -1.976
0140320026_01   40.603280  -74.097800    16.189       0.493     2.274     0.066     2.326
0140320027_01   40.482680  -74.484165    -1.784       2.634    -0.524     2.685    -0.026
0140320028_01   40.569220  -74.938214   144.014      -2.099     1.339    -2.309     0.927
0140320029_01   40.851084  -75.265036   197.558       4.294     3.514     3.566     4.243
0140320030_01   39.894887  -74.752838   -18.246      -3.487     3.818    -4.132     3.102
0140320031_01   39.881033  -75.875588   125.109      -5.704    -1.976    -5.236    -2.998
0140320032_01   40.330097  -74.257896    13.724      -2.340     0.529    -2.394     0.086
0140320033_01   40.003845  -75.232910    52.481       2.223     1.253     1.950     1.642
0140320034_01   40.535374  -74.198250    -6.496      -2.098     0.316    -2.117    -0.078
0140320035_01   39.870199  -75.139147   -27.239       4.918    -0.975     5.011    -0.045
0140320036_01   40.001070  -75.091614   -24.348       3.385     2.441     2.872     3.026
0140320037_01   39.575384  -74.752579    -7.417       0.523    -0.688     0.642    -0.578
0140320038_01   40.890743  -73.900892     7.681       0.823    -2.631     1.297    -2.432
0140320039_01   40.269896  -74.815696    13.164       2.946    -0.051     2.903     0.496
0140320040_01   40.796170  -74.619726   175.825      -5.310     3.690    -5.895     2.642
0140320041_01   40.998681  -75.557052   469.341      -0.487    -1.129    -0.271    -1.198
0140320042_01   40.680498  -75.142238    82.604       1.857    -1.387     2.079    -1.019
0140320043_01   40.361513  -75.731967    69.510      -1.503     0.587    -1.586     0.298
0140320044_01   39.857539  -75.095281   -28.243       3.150     0.926     2.922     1.494
0140320045_01   40.451689  -74.342177    -5.624      -0.094    -0.273    -0.040    -0.286
0140320046_01   40.685601  -74.318581    -1.702       2.624     0.193     2.543     0.675
0140320047_01   39.699187  -75.558709   -18.511       4.133    -1.755     4.384    -0.957
0140320048_01   40.336427  -75.155640    96.453       0.468     0.426     0.380     0.505
0140320049_01   40.788161  -74.002499    -1.738       0.378     0.953     0.197     1.006
0140320050_01   40.675469  -75.347048    64.468       3.220    -4.729     4.036    -4.050
0140320051_01   40.597285  -74.376918    -7.258      -1.866     1.653    -2.137     1.278
0140320052_01   40.369305  -74.586092     0.020       0.118    -2.366     0.555    -2.301
0140320053_01   40.856112  -75.180698   173.073      -1.623    -0.142    -1.569    -0.439
0140320054_01   40.804332  -75.086663    81.998       1.371    -3.278     1.951    -2.967
0140320055_01   40.510479  -75.296268   109.912      -0.664    -2.089    -0.267    -2.175
0140320056_01   40.300870  -74.252215    29.689      -5.909    -2.431    -5.351    -3.482
0140320057_01   40.030276  -75.260073    68.982      -2.228     1.219    -2.415     0.784
0140320058_01   40.484142  -74.509639     4.000       1.428    -1.024     1.593    -0.741
0140320059_01   40.902666  -75.128109   122.481      -0.638    -1.308    -0.386    -1.403
0140320061_01   40.520817  -74.633328    -8.987      -0.482     0.731    -0.608     0.629
0140320062_01   40.610151  -74.463327    -6.471      -2.058    -1.785    -1.691    -2.134
0140320063_01   40.947799  -74.549354   220.724       0.716    -0.889     0.868    -0.740
0140320064_01   40.056895  -74.111730   -31.615       1.553    -0.571     1.633    -0.272
0140320065_01   40.950594  -73.704930   -13.516       0.707    -3.552     1.353    -3.358
0140320066_01   40.403094  -75.212714   103.118      -3.427    -4.459    -2.540    -5.013
0140320067_01   40.389696  -75.284427   135.939       1.680     0.175     1.616     0.482
0140320068_01   40.547533  -74.424500    -1.385       3.627    -0.775     3.707    -0.089
0140320069_01   40.818104  -73.935885   -28.955       0.871    -2.604     1.338    -2.396
0140320070_01   39.663913  -75.771067    -4.805       6.541    -0.691     6.550     0.535
0140320071_01   39.781890  -75.708972    46.435       1.637    -2.216     2.018    -1.873
0140320072_01   40.881202  -74.675855   306.319      -4.717     1.984    -4.997     1.077
0140320073_01   40.653594  -75.423230    85.425       4.977    -2.383     5.328    -1.421
0140320074_01   40.253826  -75.004116    25.831      -2.452     1.771    -2.736     1.285
0140320075_01   40.865901  -74.198549    87.717       1.621     0.249     1.547     0.545
0140320076_01   39.749436  -76.094175    63.500       0.914    -0.969     1.075    -0.783
0140320077_01   40.042458  -75.355071    79.994      -0.442    -0.164    -0.404    -0.243
0140320078_01   40.647365  -74.003179    17.815       2.667    -4.087     3.377    -3.520
0140320079_01   39.841734  -76.051108   105.121       0.942     1.974     0.556     2.112
0140320080_01   39.698992  -75.856837    71.774      -2.559    -0.107    -2.495    -0.580
0140320081_01   40.156785  -76.001704   144.577      -0.918     3.500    -1.554     3.266
0140320082_01   39.981445  -74.784500   -17.666       1.836    -1.845     2.146    -1.471
0140320083_01   40.135578  -74.189587   -12.000      -3.788     1.739    -4.040     1.005
0140320084_01   39.960343  -75.699571   106.569      -0.817    -1.557    -0.515    -1.680
0140320085_01   40.578708  -74.252320   -21.684       4.878     0.011     4.791     0.914
0140320086_01   40.312531  -75.487469    80.078      -2.902     4.159    -3.622     3.547
0140320087_01   40.004607  -75.503549   109.849      -2.685     1.073    -2.836     0.556
0140320088_01   40.495960  -75.755021    99.899      -0.548     5.682    -1.592     5.478
0140320089_01   40.670550  -75.265739    79.887       2.142    -2.784     2.618    -2.339
0140320090_01   40.639498  -73.881963   -30.612      -0.633     0.558    -0.722     0.432
0140320091_01   40.381208  -75.480896    71.216       2.075    -2.649     2.527    -2.218
0140320092_01   41.113810  -75.555881   487.482      -2.218     0.105    -2.198    -0.306
0140320093_01   40.322671  -75.132656    75.205       0.159    -0.174     0.188    -0.142
0140320094_01   40.832035  -73.866282   -22.096      -0.229     1.297    -0.462     1.232
0140320095_01   40.717101  -73.805011     1.958       1.138     1.049     0.927     1.242
0140320096_01   40.254028  -75.279625    70.075       4.185     1.070     3.910     1.825
0140320097_01   40.773997  -74.158062   -24.319       3.650    -0.457     3.671     0.227
0140320100_01   40.063315  -74.345224    -3.424       3.614    -4.954     4.469    -4.195
0140320101_01   40.212760  -74.758033   -21.440       3.604    -0.517     3.636     0.161
0140320102_01   40.428235  -74.518888     1.000      -0.185     0.825    -0.333     0.776
0140320103_01   39.824322  -76.120952    98.715      -5.828    -1.309    -5.483    -2.366
0140320104_01   40.791652  -74.952587   127.661      -4.552    -1.266    -4.236    -2.085
0140320105_01   40.254409  -74.299644    18.888       3.040    -1.569     3.278    -0.977
0140320106_01   40.704794  -74.193381   -29.595       3.540     2.359     3.043     2.973
0140320107_01   40.479406  -74.321379   -24.555       0.725    -3.015     1.271    -2.827
0140320108_01   40.735811  -75.691287   173.733      -4.933     2.213    -5.256     1.262
0140320109_01   40.817986  -73.839486   -29.568      -2.083    -0.265    -1.994    -0.645
0140320110_01   40.900594  -74.572825   165.435       0.880    -0.630     0.981    -0.456
0140320111_01   39.952023  -75.592018    88.933       6.650    -1.625     6.830    -0.363
0140320112_01   40.528496  -75.214881   150.581      -2.536    -1.718    -2.173    -2.156
0140320113_01   40.725801  -73.733809    -6.983      -0.337     3.930    -1.054     3.799
0140320114_01   40.280053  -74.032592   -16.000      -3.323     0.566    -3.366    -0.060
0140320115_01   40.269180  -74.890854    37.984      -2.024     0.163    -2.018    -0.214
0140320116_01   39.760487  -75.110907   -16.325      -2.091     1.725    -2.374     1.306
0140320117_01   40.327078  -74.134683    -9.000      -2.976    -1.207    -2.697    -1.737
0140320118_01   40.347979  -74.799234    29.081       0.520     0.016     0.508     0.112
0140320119_01   40.286497  -75.264935    68.530       0.071     2.250    -0.348     2.223
0140320120_01   40.412426  -75.110909   123.086      -4.812    -0.757    -4.585    -1.633
0140320121_01   40.057739  -75.809959   162.289      -5.021     1.677    -5.243     0.716
0140320122_01   39.775908  -75.568087    48.602       3.103     0.118     3.024     0.691
0140320124_01   40.260965  -74.044859   -15.000      -1.969     1.172    -2.149     0.786
0140320125_01   40.090599  -74.761985   -19.718      -2.297     0.468    -2.342     0.034
0140320127_01   40.842410  -73.934073    29.268       1.520    -4.404     2.308    -4.044
0140320128_01   41.019962  -74.551360   261.667       0.516     0.520     0.411     0.606
0140320129_01   39.928058  -74.123579   -31.000       5.133    -3.114     5.620    -2.104
0140320130_01   39.872511  -75.217380   -31.000       4.389     1.196     4.088     1.989
0140320131_01   40.207776  -74.019167   -27.000      -0.639    -2.244    -0.209    -2.323
0140320133_01   40.139070  -74.810416   -32.000       6.482     0.794     6.219     1.982
0140320134_01   40.384341  -75.082235   121.076      -3.074     2.846    -3.546     2.225
0140320135_01   40.858007  -74.604423   243.915       0.927     1.461     0.641     1.605
0140320136_01   41.142711  -75.030982   319.000      -0.014    -0.938     0.158    -0.924
0140320137_01   40.194471  -76.049486   119.148      -2.017     4.105    -2.745     3.657
0140320138_01   40.676477  -74.284596    -0.594       0.718     0.636     0.589     0.758
0140320139_01   40.089761  -74.988621    -2.654       3.170     0.346     3.050     0.927
0140320140_01   40.218996  -74.102918    -5.409      -5.510    -1.549    -5.122    -2.544
0140320141_01   39.930005  -75.056409   -28.000       2.614    -0.022     2.571     0.464
0140320142_01   40.223492  -74.722734   -19.000      -0.397     0.644    -0.508     0.559
0140320143_01   40.328658  -75.939968    33.652       3.010    -3.069     3.523    -2.458
0140320144_01   40.224945  -74.138805     3.529      -1.607     1.146    -1.788     0.828
0140320145_01   40.639411  -74.236033   -26.267       3.173     0.184     3.084     0.769
0140320146_01   40.353276  -75.937130    61.609       4.575    -1.850     4.834    -0.972
0140320147_01   39.849263  -75.697741    77.010       2.409     1.297     2.123     1.720
0140320148_01   40.989163  -73.964881   -13.162      -0.578    -3.787     0.133    -3.826
0140320149_01   40.035091  -75.801955   141.802      -6.121     3.755    -6.709     2.553
0140320150_01   40.151009  -74.155238   -19.789      -3.154     1.590    -3.390     0.976
0140320151_01   40.694316  -73.905547   -11.117       0.845     1.939     0.474     2.062
0140320152_01   39.752212  -75.225056    -5.000      -6.381    -1.341    -6.018    -2.501
0140320153_01   39.946933  -75.983185   107.179      -3.534    -2.155    -3.072    -2.772
0140320154_01   40.061203  -74.145443   -28.296      -2.894     1.607    -3.138     1.041
0140320155_01   40.679373  -74.016902   -31.000       4.169     0.243     4.052     1.011
0140320156_01   40.545954  -74.556664   -14.713       1.454    -1.940     1.788    -1.636
0140320158_01   40.054038  -74.897177   -24.000       1.243    -0.310     1.279    -0.074
0140320160_01   40.863265  -73.999593   -30.000       0.287    -0.388     0.355    -0.328
0140320161_01   40.751314  -74.373350    23.838      -1.522     4.232    -2.276     3.875
0140320162_01   40.038203  -75.217202    58.313       2.233     0.476     2.105     0.881
0140320163_01   40.245369  -75.378350    34.762      -1.749     1.500    -1.997     1.149
0140320164_01   40.756094  -73.687744     6.704       0.954     1.957     0.579     2.099
0140320165_01   39.752684  -76.149555    83.637      -2.855    -1.271    -2.570    -1.778
0140320166_01   40.180768  -75.454458    11.792       0.889     0.557     0.769     0.711
0140320168_01   40.725186  -75.556897   100.790       2.847     4.967     1.875     5.404
0140320169_01   40.482150  -74.627521    -6.990       0.229     0.548     0.124     0.581
0140320170_01   40.510584  -74.969075   128.033      -1.097     0.384    -1.148     0.174
0140320171_01   40.738841  -73.956691   -29.439       4.319     0.459     4.159     1.251
0140320172_01   41.040536  -74.560500   350.538      -0.391     3.542    -1.037     3.405
0140320173_01   40.275648  -75.127271    32.041       1.202    -0.749     1.319    -0.513
0140320174_01   40.536326  -74.667604    -2.483      -2.202    -1.273    -1.926    -1.658
0140320175_01   40.136247  -74.966428    18.302       2.531     0.705     2.355     1.161
0140320176_01   39.781216  -75.811963    87.145      -1.349     2.716    -1.831     2.417
0140320178_01   40.324814  -76.011246    78.057       1.220    -3.688     1.879    -3.397
0140320179_01   40.809197  -75.617710   157.267       2.063     0.355     1.958     0.729
0140320182_01   40.615281  -73.760014   -30.019       1.919    -2.075     2.271    -1.683
0140320183_01   39.935350  -75.131554   -31.000       2.913    -3.148     3.445    -2.551
0140320184_01   40.303536  -74.639447    -4.498      -3.181    -0.212    -3.084    -0.798
0140320185_01   40.051410  -74.655903     3.968      -4.777     0.909    -4.858     0.007
0140320186_01   40.409024  -74.513721    -3.080      -1.056    -0.081    -1.021    -0.275
0140320187_01   40.780757  -74.370584    21.494      -3.219    -1.221    -2.935    -1.794
0140320188_01   40.470472  -75.389520   144.556      -0.029     4.830    -0.924     4.737
0140320189_01   39.950619  -74.778275   -19.052       0.360     2.462    -0.102     2.484
0140320190_01   41.070605  -75.782626   392.013      -0.074     3.971    -0.809     3.884
0140320191_01   40.620949  -75.478000    48.317       4.581    -5.560     5.527    -4.614
0140320192_01   40.289450  -74.126693   -15.000      -6.918     0.487    -6.882    -0.805
0140320193_01   40.086216  -74.913316   -28.990       5.351    -2.117     5.648    -1.087
0140320194_01   40.077526  -75.130068    25.598      -0.867    -0.341    -0.788    -0.495
0140320195_01   40.067056  -74.978071   -21.573       1.853     0.644     1.701     0.976
0140320196_01   40.804703  -75.648610   192.210      -1.174    -5.404    -0.156    -5.524
0140320197_01   39.942830  -74.184843   -32.886       0.494    -0.770     0.630    -0.665
0140320198_01   40.472393  -74.857966    14.866      -1.153     0.050    -1.141    -0.164
0140320199_01   40.504123  -75.494873   146.230      -4.779    -2.227    -4.282    -3.071
0140320200_01   40.637419  -74.074636   -28.778       2.351    -1.348     2.560    -0.888
0140320201_01   40.297003  -74.374743    -3.412       0.165     2.326    -0.267     2.315
0140320202_01   39.968397  -75.560543    98.338      -2.050    -0.484    -1.925    -0.856
0140320203_01   40.148954  -75.013971    35.787       0.620    -1.098     0.812    -0.963
0140320204_01   40.572870  -75.588949   106.261      -0.062     2.394    -0.506     2.339
0140320205_01   40.149740  -74.333476     0.859      -1.163     2.573    -1.617     2.311
0140320206_01   39.565970  -74.775314   -17.062       1.604    -2.756     2.088    -2.408
0140320207_01   40.200172  -75.468687    49.100       3.902     0.698     3.701     1.408
0140320208_01   40.909406  -74.123574   -10.782       1.525    -1.869     1.844    -1.553
0140320209_01   40.522565  -74.520339    -8.094      -0.886     0.430    -0.948     0.258
0140320210_01   40.209449  -75.569575     8.166       2.808    -2.197     3.164    -1.638
0140320211_01   39.936623  -74.811678   -24.896      -2.044     1.617    -2.307     1.209
0140320212_01   39.798738  -74.181290   -31.000      -0.390     0.324    -0.440     0.246
0140320213_01   40.594835  -74.280858   -25.276       3.399     0.137     3.315     0.764
0140320215_01   40.043780  -75.086747    -2.464       4.511    -1.497     4.708    -0.634
0140320216_01   40.217498  -75.296750    75.995       4.397    -0.526     4.415     0.298
0140320217_01   40.197160  -75.202200    54.415       0.849     2.528     0.364     2.640
0140320218_01   40.093001  -75.033668    13.399       1.253     0.481     1.142     0.705
0140320219_01   39.796021  -75.740303    91.852       0.772     1.081     0.556     1.204
0140320220_01   39.770279  -75.499035    28.196      -0.582     1.183    -0.793     1.054
0140320221_01   39.679485  -75.932856    70.882      -2.805    -1.198    -2.534    -1.698
0140320222_01   41.025517  -74.264774    82.617      -1.353     0.061    -1.338    -0.190
0140320223_01   40.286308  -75.488693    60.200       1.775     0.419     1.664     0.740
0140320224_01   40.350552  -75.265186   100.892      -6.463    -3.173    -5.760    -4.312
0140320225_01   39.975758  -74.582504    -7.995       0.018     0.270    -0.031     0.269
0140320226_01   40.196717  -74.864888    24.075       1.135    -0.786     1.260    -0.562
0140320227_01   39.831415  -75.548209    80.896       1.688    -1.381     1.913    -1.043
0140320228_01   40.094673  -74.661316    -8.178      -6.120     2.727    -6.514     1.543
0140320229_01   40.738885  -74.160992   -25.810       3.976    -0.014     3.910     0.722
0140320231_01   39.746889  -74.531364   -16.000       1.070    -0.822     1.205    -0.608
0140320232_01   40.782947  -74.125950    -4.197       0.952    -0.227     0.979    -0.046
0140320233_01   40.714229  -74.229495    16.515       3.941     1.156     3.659     1.865
0140320234_01   39.645427  -74.507924   -28.248      -1.459     0.331    -1.493     0.054
0140320237_01   40.336631  -74.594416    -9.970       0.293     0.536     0.189     0.581
0140320238_01   39.605302  -74.863598   -10.390       0.070     1.260    -0.165     1.251
0140320239_01   39.997234  -75.947357   189.926      -2.700     5.891    -3.746     5.284
0140320240_01   40.338783  -74.183275    -7.460      -3.117     2.804    -3.579     2.176
0140320241_01   39.790937  -75.921746   117.178      -2.278     2.156    -2.640     1.694
0140320242_01   40.088858  -75.764932   125.467      -2.357    -1.433    -2.051    -1.844
0140320243_01   39.730341  -74.260167   -16.282       1.132     0.462     1.029     0.665
0140320244_01   40.357070  -74.976918     8.311      -0.872     0.497    -0.949     0.327
0140320245_01   40.306679  -75.391401    69.328       1.807     0.705     1.643     1.027
0140320246_01   39.646675  -75.375066   -19.949       3.136    -2.740     3.588    -2.109
0140320247_01   40.664464  -73.950398    -8.931      -0.127     0.170    -0.154     0.144
0140320248_01   40.649103  -75.769519   147.981      -1.319    -5.495    -0.281    -5.640
0140320250_01   41.041520  -74.118968    52.280       0.968     0.834     0.798     0.998
