Sat. Oct.  1, 2016             LANDSAT 5                 Time: 23:44
                         Image Assessment System
                           GCP Residual Report
----------------------------------------------------------------------------
WOID: L20118287            Path/Row: 014 / 032

L0R Reference Image: L51XXX1090201140100_HDF.162760440
Acquisition Date: Jul 20, 1990

Band Number:  5

GLS date for each WRS-2 path/row used:
Path  Row   Date
014   032   09-23-1999


Point_ID         Latitude  Longitude    Height       Across    Along    Residual  Residual
                                                      Scan      Scan      In y      in x
                                                    Residual  Residual    dir       dir
                   (deg)     (deg)     (meters)     (meters)  (meters)  (meters)  (meters)

0140320001_01   39.805434  -75.427445   -32.455       3.245    -3.772     3.888    -3.102
0140320002_01   40.844760  -73.788842   -27.396       3.624    -3.048     4.124    -2.322
0140320003_01   40.948134  -74.065321   -15.668       0.960     2.436     0.494     2.571
0140320004_01   40.978516  -73.787468    47.304      -4.919    -4.238    -4.047    -5.073
0140320005_01   39.597576  -74.342643   -30.984       2.387    -2.575     2.824    -2.084
0140320006_01   40.864834  -73.649647    -0.304       3.004    -6.343     4.125    -5.674
0140320007_01   40.869077  -74.151518    -4.729       4.137     3.040     3.503     3.752
0140320008_01   40.462764  -74.295361    -1.381       0.276    -0.629     0.388    -0.567
0140320009_01   40.348343  -74.123108   -16.496      -2.288     0.979    -2.427     0.537
0140320010_01   40.600232  -75.454805    41.220       5.401    -2.156     5.703    -1.118
0140320011_01   40.627047  -74.167714   -25.800       4.123     0.548     3.949     1.303
0140320012_01   39.992673  -75.274339    41.869      -1.682    -0.447    -1.569    -0.751
0140320013_01   40.876867  -74.352585    25.543      -1.518     2.063    -1.872     1.746
0140320014_01   41.034599  -75.065550   265.632      -2.848    -3.593    -2.132    -4.054
0140320015_01   40.732542  -73.708102    -4.949       3.992     2.379     3.482     3.077
0140320016_01   39.989676  -74.158986   -27.474      -0.009     0.477    -0.096     0.467
0140320017_01   40.909079  -74.530737   203.203      -2.408    -0.144    -2.337    -0.587
0140320018_01   40.362150  -74.024706   -18.215      -1.479    -4.157    -0.680    -4.357
0140320019_01   41.002140  -74.203678   125.341      -3.860     2.209    -4.198     1.456
0140320020_01   40.098094  -74.091837   -27.866      -1.402    -1.155    -1.161    -1.395
0140320021_01   40.155362  -75.136205    49.267       3.561     0.832     3.343     1.478
0140320022_01   40.260332  -74.001827   -22.602       0.036    -2.184     0.442    -2.138
0140320023_01   40.207880  -74.441131    51.843      -4.896     4.027    -5.554     3.046
0140320024_01   40.171667  -75.246519    38.178      -4.337     1.746    -4.584     0.910
0140320025_01   39.957452  -75.178311   -28.973      -0.320    -3.540     0.343    -3.536
0140320026_01   40.603280  -74.097800    16.189      -1.869     2.680    -2.330     2.286
0140320027_01   40.482680  -74.484165    -1.784       2.308    -0.566     2.372    -0.128
0140320028_01   40.569220  -74.938214   144.014      -2.810    -3.682    -2.077    -4.136
0140320029_01   40.851084  -75.265036   197.558       5.025    -3.983     5.670    -2.983
0140320030_01   39.894887  -74.752838   -18.246       0.093     4.290    -0.705     4.230
0140320031_01   39.881033  -75.875588   125.109      -0.852    -0.315    -0.779    -0.468
0140320032_01   40.330097  -74.257896    13.724      -1.131     0.551    -1.212     0.331
0140320034_01   40.535374  -74.198250    -6.496      -2.805    -1.195    -2.533    -1.694
0140320035_01   39.870199  -75.139147   -27.239       3.640    -0.399     3.649     0.284
0140320036_01   40.001070  -75.091614   -24.348       5.193     1.077     4.900     2.022
0140320037_01   39.575384  -74.752579    -7.417       1.091    -4.614     1.931    -4.328
0140320038_01   40.890743  -73.900892     7.681       0.967    -3.555     1.609    -3.312
0140320039_01   40.269896  -74.815696    13.164      -2.665     2.101    -3.006     1.569
0140320040_01   40.796170  -74.619726   175.825      -6.653     1.629    -6.834     0.368
0140320043_01   40.361513  -75.731967    69.510      -0.342    -0.218    -0.297    -0.278
0140320044_01   39.857539  -75.095281   -28.243       4.606    -3.834     5.236    -2.910
0140320045_01   40.451689  -74.342177    -5.624       0.687    -1.001     0.861    -0.856
0140320046_01   40.685601  -74.318581    -1.702       0.229     1.555    -0.062     1.570
0140320047_01   39.699187  -75.558709   -18.511       3.305    -2.783     3.763    -2.119
0140320048_01   40.336427  -75.155640    96.453      -2.878     1.639    -3.131     1.076
0140320049_01   40.788161  -74.002499    -1.738      -0.245     5.547    -1.266     5.403
0140320050_01   40.675469  -75.347048    64.468       4.453    -6.573     5.590    -5.632
0140320051_01   40.597285  -74.376918    -7.258      -2.467     1.109    -2.627     0.632
0140320053_01   40.856112  -75.180698   173.073      -0.382     5.399    -1.375     5.231
0140320055_01   40.510479  -75.296268   109.912      -2.347     2.090    -2.693     1.618
0140320057_01   40.030276  -75.260073    68.982      -3.504    -0.391    -3.369    -1.034
0140320058_01   40.484142  -74.509639     4.000      -1.082     0.364    -1.129     0.157
0140320059_01   40.902666  -75.128109   122.481      -0.206    -3.083     0.367    -3.066
0140320060_01   39.992566  -76.019682   103.143      -2.365     4.377    -3.137     3.860
0140320061_01   40.520817  -74.633328    -8.987      -2.125     1.257    -2.320     0.840
0140320062_01   40.610151  -74.463327    -6.471      -2.112    -3.085    -1.502    -3.421
0140320063_01   40.947799  -74.549354   220.724      -0.331    -1.809     0.010    -1.838
0140320064_01   40.056895  -74.111730   -31.615       0.849     1.038     0.643     1.177
0140320065_01   40.950594  -73.704930   -13.516       2.559    -6.961     3.802    -6.364
0140320066_01   40.403094  -75.212714   103.118      -2.310    -5.208    -1.304    -5.542
0140320067_01   40.389696  -75.284427   135.939       2.433     3.518     1.736     3.905
0140320068_01   40.547533  -74.424500    -1.385       0.705    -1.346     0.942    -1.191
0140320069_01   40.818104  -73.935885   -28.955       1.916    -1.927     2.240    -1.538
0140320070_01   39.663913  -75.771067    -4.805       2.591     2.763     2.029     3.195
0140320071_01   39.781890  -75.708972    46.435       0.382     0.988     0.191     1.041
0140320072_01   40.881202  -74.675855   306.319      -5.767     0.222    -5.703    -0.848
0140320073_01   40.653594  -75.423230    85.425       5.563    -2.361     5.899    -1.290
0140320074_01   40.253826  -75.004116    25.831      -6.414     0.395    -6.372    -0.801
0140320075_01   40.865901  -74.198549    87.717       0.904    -1.071     1.086    -0.884
0140320076_01   39.749436  -76.094175    63.500      -0.090     0.281    -0.142     0.259
0140320077_01   40.042458  -75.355071    79.994      -1.968     0.064    -1.945    -0.303
0140320079_01   39.841734  -76.051108   105.121       2.921     4.418     2.046     4.880
0140320080_01   39.698992  -75.856837    71.774      -5.180     0.370    -5.156    -0.599
0140320081_01   40.156785  -76.001704   144.577      -0.345     1.027    -0.531     0.944
0140320082_01   39.981445  -74.784500   -17.666       2.068     1.009     1.844     1.375
0140320083_01   40.135578  -74.189587   -12.000      -3.778    -0.986    -3.527    -1.670
0140320084_01   39.960343  -75.699571   106.569       4.716     5.865     3.540     6.635
0140320085_01   40.578708  -74.252320   -21.684       5.374     0.833     5.125     1.814
0140320087_01   40.004607  -75.503549   109.849      -4.305     0.221    -4.269    -0.582
0140320089_01   40.670550  -75.265739    79.887       3.069     1.104     2.809     1.652
0140320090_01   40.639498  -73.881963   -30.612       1.117    -1.313     1.342    -1.082
0140320091_01   40.381208  -75.480896    71.216       3.458    -3.876     4.114    -3.166
0140320092_01   41.113810  -75.555881   487.482      -1.635     2.236    -2.019     1.893
0140320093_01   40.322671  -75.132656    75.205       0.547     0.543     0.436     0.635
0140320094_01   40.832035  -73.866282   -22.096      -6.967     2.742    -7.349     1.403
0140320095_01   40.717101  -73.805011     1.958       1.110    -0.439     1.173    -0.225
0140320096_01   40.254028  -75.279625    70.075       4.458     0.442     4.295     1.260
0140320097_01   40.773997  -74.158062   -24.319       0.635    -1.803     0.958    -1.653
0140320098_01   40.309000  -75.232542    74.660      -6.249     1.003    -6.323    -0.174
0140320101_01   40.212760  -74.758033   -21.440       2.090    -0.767     2.195    -0.365
0140320102_01   40.428235  -74.518888     1.000      -0.915    -0.133    -0.873    -0.300
0140320105_01   40.254409  -74.299644    18.888       1.245     1.214     0.999     1.424
0140320106_01   40.704794  -74.193381   -29.595       1.762     2.485     1.272     2.767
0140320107_01   40.479406  -74.321379   -24.555       0.900    -0.735     1.021    -0.555
0140320108_01   40.735811  -75.691287   173.733      -2.283     1.841    -2.584     1.385
0140320109_01   40.817986  -73.839486   -29.568       1.854    -1.454     2.092    -1.084
0140320110_01   40.900594  -74.572825   165.435       1.089    -1.488     1.345    -1.259
0140320112_01   40.528496  -75.214881   150.581      -3.996    -3.669    -3.245    -4.342
0140320113_01   40.725801  -73.733809    -6.983       0.633     6.960    -0.665     6.955
0140320114_01   40.280053  -74.032592   -16.000      -0.242    -2.862     0.295    -2.856
0140320115_01   40.269180  -74.890854    37.984      -3.481     0.545    -3.520    -0.110
0140320116_01   39.760487  -75.110907   -16.325      -3.331     1.032    -3.463     0.394
0140320117_01   40.327078  -74.134683    -9.000      -2.806    -4.827    -1.860    -5.262
0140320118_01   40.347979  -74.799234    29.081      -1.317    -0.427    -1.214    -0.663
0140320119_01   40.286497  -75.264935    68.530      -3.834     0.387    -3.838    -0.331
0140320120_01   40.412426  -75.110909   123.086      -4.518    -0.424    -4.359    -1.253
0140320121_01   40.057739  -75.809959   162.289       3.069     2.502     2.547     3.026
0140320122_01   39.775908  -75.568087    48.602       3.428    -0.416     3.443     0.228
0140320124_01   40.260965  -74.044859   -15.000      -1.216     0.671    -1.317     0.434
0140320126_01   40.782797  -74.039200   -29.000       1.291     2.621     0.784     2.814
0140320128_01   41.019962  -74.551360   261.667       1.358     3.367     0.712     3.557
0140320129_01   39.928058  -74.123579   -31.000       3.453    -0.514     3.488     0.137
0140320130_01   39.872511  -75.217380   -31.000       0.960    -0.724     1.078    -0.532
0140320131_01   40.207776  -74.019167   -27.000       3.613     0.155     3.521     0.823
0140320133_01   40.139070  -74.810416   -32.000       3.992    -3.897     4.644    -3.086
0140320134_01   40.384341  -75.082235   121.076      -2.584    -1.937    -2.179    -2.381
0140320135_01   40.858007  -74.604423   243.915      -0.740     3.164    -1.312     2.969
0140320136_01   41.142711  -75.030982   319.000       1.523    -1.489     1.769    -1.181
0140320137_01   40.194471  -76.049486   119.148       1.787     1.899     1.400     2.195
0140320138_01   40.676477  -74.284596    -0.594       1.520     1.241     1.264     1.501
0140320139_01   40.089761  -74.988621    -2.654       1.326    -0.682     1.429    -0.424
0140320140_01   40.218996  -74.102918    -5.409      -0.097    -1.409     0.167    -1.401
0140320141_01   39.930005  -75.056409   -28.000       2.301    -0.792     2.407    -0.351
0140320142_01   40.223492  -74.722734   -19.000      -1.228    -0.320    -1.146    -0.542
0140320143_01   40.328658  -75.939968    33.652       3.502    -1.285     3.676    -0.614
0140320144_01   40.224945  -74.138805     3.529      -3.944     1.525    -4.154     0.765
0140320145_01   40.639411  -74.236033   -26.267       1.152    -0.290     1.186    -0.071
0140320146_01   40.353276  -75.937130    61.609       4.231    -0.118     4.176     0.667
0140320147_01   39.849263  -75.697741    77.010       0.109     0.585    -0.002     0.595
0140320148_01   40.989163  -73.964881   -13.162       2.127    -2.349     2.525    -1.913
0140320150_01   40.151009  -74.155238   -19.789      -3.751     1.393    -3.941     0.671
0140320151_01   40.694316  -73.905547   -11.117      -3.794    -1.171    -3.508    -1.853
0140320153_01   39.946933  -75.983185   107.179      -3.941    -0.592    -3.762    -1.313
0140320154_01   40.061203  -74.145443   -28.296       2.168     0.447     2.048     0.842
0140320155_01   40.679373  -74.016902   -31.000       4.975    -3.608     5.555    -2.622
0140320156_01   40.545954  -74.556664   -14.713       3.719    -2.538     4.123    -1.804
0140320158_01   40.054038  -74.897177   -24.000       1.371    -2.729     1.854    -2.425
0140320159_01   40.130289  -74.562193     8.223      -4.768     1.413    -4.944     0.502
0140320160_01   40.863265  -73.999593   -30.000       1.661    -0.637     1.750    -0.318
0140320161_01   40.751314  -74.373350    23.838      -3.088     6.942    -4.317     6.246
0140320162_01   40.038203  -75.217202    58.313       2.615     2.418     2.118     2.859
0140320163_01   40.245369  -75.378350    34.762      -3.723     1.068    -3.855     0.358
0140320164_01   40.756094  -73.687744     6.704       0.527     1.473     0.247     1.545
0140320165_01   39.752684  -76.149555    83.637      -6.310    -5.168    -5.236    -6.247
0140320166_01   40.180768  -75.454458    11.792      -0.317    -0.278    -0.261    -0.332
0140320167_01   40.047982  -74.685815   -13.844      -1.974     5.571    -2.972     5.104
0140320168_01   40.725186  -75.556897   100.790       6.815     3.451     6.053     4.649
0140320169_01   40.482150  -74.627521    -6.990       0.482     3.387    -0.154     3.416
0140320170_01   40.510584  -74.969075   128.033      -6.048    -5.075    -4.999    -6.104
0140320172_01   41.040536  -74.560500   350.538       4.534     3.698     3.768     4.468
0140320173_01   40.275648  -75.127271    32.041       4.055    -1.931     4.341    -1.145
0140320174_01   40.536326  -74.667604    -2.483       0.136    -0.895     0.300    -0.854
0140320175_01   40.136247  -74.966428    18.302       0.703    -1.054     0.886    -0.904
0140320176_01   39.781216  -75.811963    87.145      -3.031     4.986    -3.905     4.334
0140320178_01   40.324814  -76.011246    78.057       6.365    -3.912     6.976    -2.664
0140320179_01   40.809197  -75.617710   157.267       3.429    -1.216     3.591    -0.561
0140320180_01   39.911319  -76.037781   182.398      -3.460    -1.510    -3.118    -2.125
0140320182_01   40.615281  -73.760014   -30.019       2.635    -3.837     3.300    -3.280
0140320183_01   39.935350  -75.131554   -31.000       3.912    -3.030     4.405    -2.249
0140320185_01   40.051410  -74.655903     3.968      -0.991     1.905    -1.326     1.686
0140320186_01   40.409024  -74.513721    -3.080       5.223     4.239     4.344     5.132
0140320187_01   40.780757  -74.370584    21.494      -1.734     0.743    -1.840     0.409
0140320188_01   40.470472  -75.389520   144.556      -1.926    -0.104    -1.873    -0.459
0140320189_01   39.950619  -74.778275   -19.052      -2.495     1.828    -2.789     1.332
0140320190_01   41.070605  -75.782626   392.013      -3.418     6.418    -4.544     5.670
0140320191_01   40.620949  -75.478000    48.317       4.280    -5.848     5.286    -4.952
0140320192_01   40.289450  -74.126693   -15.000      -0.840    -2.608    -0.341    -2.717
0140320193_01   40.086216  -74.913316   -28.990       3.097    -0.906     3.210    -0.315
0140320194_01   40.077526  -75.130068    25.598      -3.484    -0.341    -3.358    -0.982
0140320195_01   40.067056  -74.978071   -21.573      -0.750    -0.621    -0.621    -0.749
0140320196_01   40.804703  -75.648610   192.210       1.361    -1.148     1.548    -0.876
0140320197_01   39.942830  -74.184843   -32.886       2.586     1.013     2.353     1.476
0140320198_01   40.472393  -74.857966    14.866      -2.897     0.228    -2.888    -0.313
0140320199_01   40.504123  -75.494873   146.230      -2.358    -0.496    -2.225    -0.924
0140320200_01   40.637419  -74.074636   -28.778      -0.792     0.578    -0.884     0.421
0140320201_01   40.297003  -74.374743    -3.412       0.854     3.631     0.166     3.725
0140320202_01   39.968397  -75.560543    98.338      -3.716     1.753    -3.976     1.031
0140320203_01   40.148954  -75.013971    35.787       4.919    -2.814     5.353    -1.851
0140320205_01   40.149740  -74.333476     0.859      -0.571     3.207    -1.154     3.044
0140320206_01   39.565970  -74.775314   -17.062       3.270     0.540     3.112     1.139
0140320207_01   40.200172  -75.468687    49.100       3.736    -2.504     4.133    -1.767
0140320208_01   40.909406  -74.123574   -10.782       0.727    -1.433     0.980    -1.273
0140320209_01   40.522565  -74.520339    -8.094      -2.292    -0.343    -2.187    -0.762
0140320210_01   40.209449  -75.569575     8.166       3.816    -0.050     3.756     0.659
0140320211_01   39.936623  -74.811678   -24.896      -0.957    -0.298    -0.884    -0.470
0140320212_01   39.798738  -74.181290   -31.000      -0.352     1.331    -0.591     1.242
0140320213_01   40.594835  -74.280858   -25.276       4.199     0.773     3.982     1.538
0140320215_01   40.043780  -75.086747    -2.464       2.842    -4.990     3.718    -4.373
0140320216_01   40.217498  -75.296750    75.995      -1.468    -1.932    -1.084    -2.169
0140320217_01   40.197160  -75.202200    54.415      -3.153     0.979    -3.279     0.376
0140320218_01   40.093001  -75.033668    13.399       1.279     0.070     1.244     0.306
0140320219_01   39.796021  -75.740303    91.852       2.514     0.467     2.381     0.925
0140320220_01   39.770279  -75.499035    28.196      -0.351     2.051    -0.726     1.949
0140320221_01   39.679485  -75.932856    70.882      -3.876    -1.649    -3.501    -2.340
0140320222_01   41.025517  -74.264774    82.617      -6.394     5.738    -7.339     4.453
0140320223_01   40.286308  -75.488693    60.200      -0.040     3.712    -0.728     3.638
0140320224_01   40.350552  -75.265186   100.892      -5.486     2.845    -5.916     1.777
0140320225_01   39.975758  -74.582504    -7.995       0.192     1.188    -0.031     1.202
0140320226_01   40.196717  -74.864888    24.075      -0.469     2.538    -0.931     2.406
0140320227_01   39.831415  -75.548209    80.896      -1.779     1.326    -1.994     0.972
0140320228_01   40.094673  -74.661316    -8.178      -6.511     5.474    -7.410     4.167
0140320229_01   40.738885  -74.160992   -25.810      -0.584     1.518    -0.853     1.383
0140320231_01   39.746889  -74.531364   -16.000       0.692    -0.502     0.773    -0.364
0140320232_01   40.782947  -74.125950    -4.197       3.433     3.425     2.739     4.000
0140320233_01   40.714229  -74.229495    16.515       2.027     2.877     1.459     3.202
0140320234_01   39.645427  -74.507924   -28.248       3.147    -1.042     3.285    -0.438
0140320235_01   40.406302  -75.700632   117.102      -5.592    -0.852    -5.334    -1.873
0140320237_01   40.336631  -74.594416    -9.970      -2.410     1.441    -2.634     0.968
0140320239_01   39.997234  -75.947357   189.926       5.231    -4.463     5.964    -3.412
0140320240_01   40.338783  -74.183275    -7.460      -0.704    -0.364    -0.623    -0.488
0140320241_01   39.790937  -75.921746   117.178      -1.889     3.488    -2.505     3.074
0140320242_01   40.088858  -75.764932   125.467      -5.213     0.547    -5.222    -0.429
0140320243_01   39.730341  -74.260167   -16.282      -3.531     0.993    -3.651     0.318
0140320244_01   40.357070  -74.976918     8.311      -3.061     0.953    -3.183     0.368
0140320245_01   40.306679  -75.391401    69.328       3.742    -4.506     4.510    -3.731
0140320246_01   39.646675  -75.375066   -19.949       2.760    -2.318     3.141    -1.764
0140320247_01   40.664464  -73.950398    -8.931      -5.168    -1.489    -4.799    -2.421
0140320248_01   40.649103  -75.769519   147.981      -2.736    -6.130    -1.552    -6.526
0140320249_01   40.139349  -75.986305    96.092       4.901     3.468     4.167     4.314
0140320250_01   41.041520  -74.118968    52.280       1.918    -1.091     2.086    -0.716
