Thu. Sep. 15, 2016             LANDSAT 5                 Time: 01:15
                         Image Assessment System
                           GCP Residual Report
----------------------------------------------------------------------------
WOID: L19701981            Path/Row: 013 / 032

L0R Reference Image: L51LGS1003182150100_HDF.162590612
Acquisition Date: Jul 01, 2003

Band Number:  5

GLS date for each WRS-2 path/row used:
Path  Row   Date
013   032   10-20-2000


Point_ID         Latitude  Longitude    Height       Across    Along    Residual  Residual
                                                      Scan      Scan      In y      in x
                                                    Residual  Residual    dir       dir
                   (deg)     (deg)     (meters)     (meters)  (meters)  (meters)  (meters)

0130320001_01   40.899350  -72.547400    -5.607       0.998    -1.644     1.261    -1.452
0130320002_01   40.985966  -74.209579   109.451      -1.151     1.464    -1.381     1.249
0130320003_01   40.797198  -72.637571   -32.354      -3.134    -0.453    -3.013    -0.975
0130320004_01   41.050400  -73.531986   -15.842      -2.299     2.934    -2.760     2.505
0130320005_01   40.837345  -73.132134    -7.643      -2.645    -0.896    -2.456    -1.329
0130320006_01   40.577940  -74.178956   -28.593       5.871    -1.846     6.097    -0.830
0130320008_01   40.742508  -74.255819    36.008      -2.734     2.700    -3.150     2.201
0130320010_01   40.471312  -74.278993    -4.971      -2.116    -0.912    -1.931    -1.255
0130320011_01   40.320072  -74.446563    15.000      -1.650    -0.963    -1.463    -1.228
0130320012_01   40.704794  -73.791026   -15.364       2.634    -0.583     2.694    -0.131
0130320014_01   41.031222  -73.762948    33.541      -3.432     2.515    -3.806     1.902
0130320015_01   40.849362  -73.315786    24.221      -2.786     2.123    -3.103     1.623
0130320016_01   40.246943  -74.117011    -0.020       0.023     1.853    -0.292     1.829
0130320017_01   40.997453  -73.842051    24.670      -5.967     2.460    -6.295     1.421
0130320018_01   40.689480  -74.096283   -23.540       2.426     1.891     2.070     2.272
0130320019_01   40.348265  -74.045041   -22.951      -4.570    -1.475    -4.254    -2.225
0130320020_01   40.017080  -74.100998   -32.000       2.930     0.578     2.788     1.065
0130320021_01   40.830719  -73.926433   -25.000       0.645    -2.277     1.019    -2.136
0130320022_01   40.684149  -73.833291   -20.021       1.758    -0.924     1.888    -0.615
0130320023_01   40.627324  -74.207084   -29.527       0.560    -0.326     0.606    -0.227
0130320024_01   40.707930  -73.860221   -11.161      -0.760    -1.201    -0.547    -1.312
0130320025_01   40.799067  -73.664494    23.537      -1.538    -1.554    -1.254    -1.791
0130320026_01   40.761740  -73.733483    20.856      -1.616    -0.564    -1.498    -0.828
0130320027_01   40.706608  -73.311220   -27.502       0.854     0.164     0.813     0.306
0130320028_01   40.815703  -72.604548   -29.085      -0.948     2.076    -1.284     1.887
0130320030_01   40.813219  -72.576184   -27.298       0.730    -0.098     0.737     0.026
0130320031_01   40.559868  -74.308164    -2.814       0.341    -2.546     0.765    -2.452
0130320032_01   40.761611  -73.377712    17.883      -4.664     2.309    -4.987     1.490
0130320033_01   40.949976  -72.368043    21.203      -1.155     3.614    -1.746     3.368
0130320034_01   40.466811  -74.389095   -32.000       3.996    -5.870     4.929    -5.111
0130320035_01   40.997535  -73.674050    -2.958       0.539     0.538     0.441     0.621
0130320036_01   40.888862  -73.901991   -15.490       2.360    -2.511     2.749    -2.077
0130320037_01   40.440476  -74.232983   -21.941      -1.107     0.923    -1.247     0.723
0130320038_01   40.672778  -74.004221   -30.000       3.118     0.553     2.979     1.071
0130320040_01   41.137758  -73.265178   -27.482       1.030     0.072     1.003     0.244
0130320041_01   40.663038  -73.913156   -23.863      -0.589    -1.754    -0.285    -1.828
0130320042_01   40.929434  -72.332519   -24.015       0.131    -0.845     0.272    -0.811
0130320044_01   40.028130  -74.336771   -11.875       1.284    -0.339     1.323    -0.117
0130320046_01   40.254409  -74.299644    18.888       3.222    -2.530     3.602    -1.948
0130320047_01   40.880966  -73.278311    13.341      -4.896     2.201    -5.197     1.345
0130320049_01   40.862059  -72.411392   -29.885       6.484     2.613     5.952     3.670
0130320050_01   39.798738  -74.181290   -31.000       0.755    -0.826     0.884    -0.686
0130320052_01   39.950177  -74.537004   -11.575       3.407    -0.221     3.394     0.359
0130320054_01   40.703019  -73.251655   -30.243       5.035    -3.962     5.631    -3.056
0130320055_01   40.651400  -74.099636   -31.000       3.633     0.874     3.432     1.473
0130320056_01   40.852614  -73.157330     5.136       0.481     0.618     0.370     0.690
0130320059_01   40.839950  -72.474518   -32.035       1.034     3.892     0.365     4.012
0130320060_01   40.794862  -74.027647   -29.864       0.734    -2.862     1.206    -2.697
0130320061_01   41.083545  -73.462677   -15.734      -3.225     0.307    -3.230    -0.240
0130320062_01   39.673538  -74.297501    -5.740      -0.609    -0.106    -0.583    -0.208
0130320063_01   40.876284  -72.371322   -27.650       4.110    -1.512     4.307    -0.797
0130320065_01   40.809518  -72.824205   -22.039      -1.746     1.402    -1.957     1.087
0130320066_01   40.928985  -74.139706   -20.218       1.888     0.421     1.789     0.732
0130320067_01   40.063206  -74.055365   -31.609       2.783    -1.482     2.993    -0.989
0130320071_01   40.773303  -73.441769    28.159      -4.273     3.589    -4.816     2.817
0130320072_01   40.647365  -74.003179    17.815       2.202     2.317     1.778     2.654
0130320073_01   40.943221  -72.577493   -28.992       4.134    -1.161     4.272    -0.448
0130320074_01   40.910900  -74.179838     3.081       0.274     0.319     0.216     0.361
0130320076_01   40.946991  -72.439437   -30.802       3.313     0.708     3.148     1.257
0130320077_01   40.950996  -72.171632   -30.218       4.879     1.432     4.570     2.236
0130320078_01   40.545627  -74.235682   -14.045       2.420    -1.754     2.680    -1.320
0130320079_01   40.881471  -74.043115   -29.200       0.838    -1.067     1.005    -0.911
0130320080_01   39.671251  -74.156914   -31.000       2.949     0.298     2.855     0.794
0130320081_01   40.857971  -73.640532   -28.120       2.296     4.377     1.524     4.700
0130320083_01   40.853379  -73.922152   -30.795       1.495    -2.960     1.972    -2.665
0130320085_01   39.891523  -74.273525   -15.133       2.164    -0.425     2.204    -0.052
0130320086_01   40.056895  -74.111730   -31.615       3.661     0.785     3.474     1.393
0130320087_01   40.728748  -73.614036   -10.000       2.777    -0.148     2.761     0.322
0130320088_01   40.063315  -74.345224    -3.424      -0.495    -3.639     0.129    -3.670
0130320089_01   39.737284  -74.496768    -4.243      -1.670     1.994    -1.985     1.681
0130320090_01   40.100594  -74.033378   -29.946       5.245    -6.111     6.204    -5.134
0130320091_01   40.964243  -72.562108   -21.427      -2.139    -1.518    -1.853    -1.857
0130320092_01   40.783988  -73.900165   -28.172       4.664    -0.128     4.617     0.660
0130320093_01   40.897519  -72.877234    -6.312      -2.694     0.466    -2.734     0.005
0130320096_01   40.787516  -72.666357   -30.431      -1.421     2.070    -1.749     1.801
0130320097_01   40.439273  -74.345128   -24.866      -0.485    -0.800    -0.343    -0.870
0130320098_01   40.698016  -73.954843   -27.807      -0.992    -3.364    -0.410    -3.483
0130320099_01   40.019276  -74.452868    22.019      -1.599     0.688    -1.692     0.408
0130320100_01   40.993042  -74.038294   -10.698      -5.143     2.993    -5.572     2.085
0130320101_01   40.629209  -73.748405   -29.343       4.078    -0.801     4.154    -0.101
0130320102_01   40.875895  -72.537230   -18.903      -2.584     0.766    -2.676     0.319
0130320103_01   40.822648  -73.960004   -32.000      -1.244    -3.226    -0.683    -3.389
0130320105_01   40.241116  -74.248640     5.368      -2.159     0.105    -2.146    -0.261
0130320106_01   39.761465  -74.266488     5.734      -4.837     6.394    -5.853     5.480
0130320107_01   39.758370  -74.095966   -33.773      -4.999     5.430    -5.848     4.503
0130320108_01   40.730650  -72.869760   -29.035       0.676     4.991    -0.175     5.034
0130320109_01   40.669321  -73.349073   -30.091       3.361    -2.298     3.700    -1.698
0130320110_01   40.091202  -74.221786   -21.000       3.040     0.830     2.854     1.332
0130320111_01   40.738885  -74.160992   -25.810       4.081     1.806     3.717     2.467
0130320112_01   39.739329  -74.115471   -31.350       0.662     6.274    -0.414     6.294
0130320113_01   40.731814  -73.492118    -4.000      -0.500     0.801    -0.628     0.706
0130320114_01   40.607318  -74.061930   -16.425      -0.907    -0.791    -0.761    -0.933
0130320115_01   40.917360  -72.568463   -30.156       2.619    -4.137     3.279    -3.637
0130320116_01   40.702132  -73.671759   -17.716      -2.018    -0.518    -1.901    -0.851
0130320117_01   40.776091  -74.078402   -30.000       1.012     0.991     0.830     1.147
0130320118_01   39.862333  -74.318378    11.564      -2.134     0.252    -2.145    -0.113
0130320119_01   40.563395  -74.225203   -30.000       2.372    -2.910     2.828    -2.468
0130320120_01   40.896528  -72.504059   -30.689      -1.764    -1.256    -1.527    -1.536
0130320121_01   40.680789  -73.435051   -27.000      -0.182    -0.930    -0.023    -0.948
0130320122_01   39.777713  -74.115680   -31.000      -1.938    -2.660    -1.459    -2.950
0130320123_01   39.852418  -74.381952    12.098      -2.969    -1.341    -2.698    -1.824
0130320124_01   41.024974  -72.446763   -29.799       2.971    -5.306     3.822    -4.731
0130320126_01   40.842333  -73.666829   -27.616      -6.624    -4.593    -5.754    -5.642
0130320127_01   39.940846  -74.171874   -31.275      -1.769    -1.022    -1.571    -1.306
0130320128_01   41.014471  -72.560613   -29.827       0.263    -2.481     0.677    -2.402
0130320129_01   40.819865  -72.716444   -26.181      -0.732     0.481    -0.803     0.351
0130320130_01   40.853632  -72.900702     9.669      -5.944    -0.774    -5.728    -1.765
0130320131_01   40.680451  -73.315076   -30.082       5.728    -1.928     5.971    -0.934
0130320132_01   40.661770  -73.865621   -31.124       3.516    -0.587     3.563     0.014
0130320134_01   40.956359  -72.248032   -20.000      -2.485    -0.752    -2.323    -1.161
0130320135_01   40.756389  -73.954640   -26.334      -0.832    -3.153    -0.288    -3.248
0130320137_01   40.719578  -73.948467   -28.586       0.285    -0.480     0.361    -0.426
0130320138_01   40.768890  -74.282184    68.379      -2.462     0.395    -2.493    -0.025
0130320139_01   40.535371  -74.324711    27.678      -0.060    -1.376     0.173    -1.366
0130320140_01   40.787891  -74.002503    -7.496       2.097    -3.012     2.574    -2.615
0130320141_01   39.760479  -74.550185    -8.647      -0.975     0.625    -1.067     0.450
0130320142_01   40.186610  -74.009252   -30.898       2.165    -2.773     2.603    -2.367
0130320143_01   40.739764  -73.586449    -4.148       0.251     0.834     0.106     0.864
0130320144_01   40.567967  -74.109615   -28.000       0.005    -6.637     1.126    -6.540
0130320145_01   40.841022  -73.693899   -21.153      -0.828     1.483    -1.066     1.322
0130320146_01   40.359030  -74.260052    -3.216      -6.813     0.171    -6.742    -0.982
0130320147_01   40.693247  -74.129254   -27.591       3.959    -0.797     4.035    -0.119
0130320148_01   40.930916  -73.054675    26.962      -1.215     1.998    -1.534     1.764
0130320149_01   39.721836  -74.125495   -32.323       2.187    -0.185     2.186     0.189
0130320150_01   40.915771  -73.406010   -29.813       0.909    -0.391     0.962    -0.233
0130320153_01   39.912061  -74.191174   -20.784       0.573     1.603     0.292     1.676
0130320154_01   40.742899  -72.830997   -31.486      -0.747    -3.298    -0.180    -3.377
0130320155_01   40.839914  -73.898529    -9.132      -0.145    -1.135     0.048    -1.143
0130320156_01   40.105804  -74.110038   -22.342      -2.675     0.293    -2.686    -0.163
0130320157_01   39.763305  -74.513741    -9.916      -0.008     2.406    -0.417     2.369
0130320158_01   40.790529  -72.937891   -10.194      -4.110     5.044    -4.901     4.278
0130320159_01   40.201374  -74.437308    54.059      -5.594     3.138    -6.043     2.146
0130320160_01   40.933678  -73.090583     4.604      -2.882     1.943    -3.167     1.430
0130320161_01   40.809960  -72.776533   -20.008      -3.104     2.361    -3.457     1.804
0130320162_01   40.900078  -72.383912   -17.865       1.516    -1.692     1.780    -1.413
0130320163_01   40.845585  -74.050038   -30.000       0.006     1.259    -0.207     1.242
0130320164_01   40.899689  -74.090223   -19.733      -1.001     2.892    -1.475     2.682
0130320165_01   40.692493  -74.296142    -3.000       0.305     4.172    -0.404     4.163
0130320166_01   40.016077  -74.184675   -12.000      -5.255     2.702    -5.636     1.773
0130320167_01   40.916827  -72.727714   -19.271       1.847    -0.754     1.948    -0.432
0130320168_01   39.978490  -74.074451   -31.558       1.429    -1.550     1.671    -1.285
0130320169_01   39.921786  -74.081534   -32.589      -0.748    -0.089    -0.723    -0.214
0130320171_01   39.990431  -74.314646    -9.384       4.757    -1.714     4.978    -0.884
0130320172_01   40.899444  -73.359390   -31.400       1.125    -0.798     1.244    -0.598
0130320174_01   40.937192  -73.491733   -31.420       2.278     4.471     1.492     4.790
0130320175_01   40.872765  -72.883009    -0.176      -3.440     1.430    -3.631     0.829
0130320176_01   40.926202  -72.616592   -30.518       3.684    -4.033     4.311    -3.355
0130320177_01   40.664484  -74.187478   -22.741       1.508     0.129     1.464     0.381
0130320178_01   40.705311  -73.925254   -25.051       1.496     1.354     1.245     1.586
0130320180_01   40.917522  -72.450905   -33.449       5.038     0.003     4.967     0.853
0130320181_01   39.928303  -74.234517   -25.016      -0.123    -1.134     0.071    -1.139
0130320182_01   39.694903  -74.449840     6.929      -3.398     3.216    -3.895     2.592
0130320185_01   39.701100  -74.135905   -31.000       3.018    -1.020     3.146    -0.493
0130320186_01   40.910012  -73.542577   -32.000      -0.209    -2.816     0.269    -2.810
0130320187_01   41.078182  -74.142764    72.984      -0.601     3.887    -1.248     3.729
0130320188_01   40.865901  -74.198549    87.717      -2.895     3.584    -3.458     3.044
0130320189_01   40.955158  -73.401142   -31.490       0.343     2.851    -0.142     2.868
0130320190_01   40.872204  -74.135814   -17.651       3.104    -0.068     3.070     0.455
0130320192_01   39.654049  -74.170411   -31.072       3.366    -1.126     3.508    -0.538
0130320193_01   40.650922  -73.485425   -31.895       3.738    -0.967     3.847    -0.323
0130320194_01   40.833785  -72.669359   -15.875      -0.784    -0.352    -0.713    -0.479
0130320195_01   39.780236  -74.379795     2.529      -1.336     1.566    -1.582     1.316
0130320196_01   40.812603  -74.016361   -29.000       1.490    -2.426     1.877    -2.140
0130320198_01   40.705603  -73.816936   -13.366       2.790    -0.932     2.906    -0.448
0130320199_01   40.977429  -72.471774   -30.925       2.846     2.158     2.443     2.607
0130320200_01   40.747370  -74.103318   -30.000       4.021     2.355     3.565     2.998
0130320201_01   40.052140  -74.283781    -5.601      -4.450    -0.957    -4.223    -1.695
0130320202_01   40.807405  -73.022012    -9.880      -3.190    -0.310    -3.092    -0.844
0130320203_01   41.122474  -73.547177    34.697      -1.763     3.883    -2.391     3.531
0130320204_01   40.769089  -74.152081    -0.606       3.104     3.263     2.508     3.738
0130320205_01   39.979539  -74.177731   -18.677      -0.890     1.035    -1.053     0.870
0130320207_01   40.793519  -73.936634   -29.778      -0.126    -2.884     0.362    -2.864
0130320208_01   40.601214  -73.571644   -33.444       4.033    -2.537     4.403    -1.819
0130320209_01   40.839389  -74.156879     8.131       1.845     1.604     1.547     1.891
0130320210_01   39.810792  -74.434897     9.651      -0.393    -1.814    -0.080    -1.855
0130320211_01   40.675652  -73.495869   -26.000      -1.532     0.954    -1.671     0.682
0130320212_01   40.849862  -72.702959   -12.009      -2.077    -1.007    -1.877    -1.343
0130320213_01   39.685678  -74.502041   -18.889       1.795     1.211     1.562     1.497
0130320214_01   41.144736  -74.152980   131.884      -5.860     2.032    -6.116     1.019
0130320215_01   40.747555  -72.998914   -27.739       4.086    -3.275     4.579    -2.539
0130320217_01   40.885661  -72.344248   -28.139      -0.541    -4.029     0.146    -4.063
0130320218_01   40.695822  -74.225091   -13.310       2.194     3.566     1.559     3.883
0130320219_01   40.947778  -72.936569    28.548      -5.971     0.157    -5.912    -0.851
0130320220_01   40.475355  -74.321773   -29.128      -0.959    -6.902     0.221    -6.964
0130320222_01   40.725609  -74.194195    -5.529       1.328    -1.847     1.620    -1.596
0130320223_01   40.057509  -74.157801   -23.011       1.381     3.659     0.739     3.839
0130320224_01   40.637419  -74.074636   -28.778      -0.376    -5.033     0.479    -5.024
0130320225_01   40.612418  -73.415371   -30.753      -1.541    -0.606    -1.416    -0.857
0130320226_01   40.717149  -73.426031   -15.000       3.324    -1.745     3.570    -1.159
0130320227_01   39.679411  -74.330674   -24.707      -0.974    -1.947    -0.629    -2.084
0130320228_01   39.810248  -74.203935   -31.493       2.221    -0.896     2.340    -0.507
0130320229_01   40.991586  -72.603182   -24.030      -0.191     3.952    -0.853     3.864
0130320231_01   39.933407  -74.271678    -2.177      -6.546    -1.473    -6.200    -2.560
0130320233_01   40.641718  -73.167401   -29.004      -5.862    -3.494    -5.189    -4.434
0130320234_01   40.727253  -73.694350    -4.845       1.174    -0.761     1.285    -0.552
0130320235_01   40.713223  -73.560018   -12.000      -2.922    -1.561    -2.616    -2.031
0130320237_01   40.632061  -73.332610   -31.613       5.345     0.758     5.140     1.649
0130320238_01   40.852851  -73.983022    51.961      -2.938     2.047    -3.240     1.523
0130320239_01   40.908143  -73.234863   -32.000       0.605    -0.001     0.597     0.101
0130320240_01   40.954851  -72.751360     2.228      -0.225     1.469    -0.469     1.411
0130320241_01   40.919174  -72.682748   -23.991      -1.061     1.357    -1.274     1.159
0130320242_01   40.813287  -72.956393    -3.018       2.438     2.141     2.043     2.521
0130320243_01   39.781308  -74.554253    -7.748       1.210     5.959     0.179     6.076
0130320244_01   39.688325  -74.241723   -30.000      -2.756     4.575    -3.493     4.040
0130320245_01   40.858243  -72.571340   -21.524      -3.268     1.573    -3.486     0.999
0130320246_01   39.842550  -74.147108   -33.000       2.418    -1.288     2.600    -0.860
0130320248_01   40.759794  -72.767545   -29.822      -4.132    -6.190    -3.029    -6.799
0130320249_01   40.704794  -74.193381   -29.595       1.611     0.709     1.467     0.970
0130320250_01   39.769614  -74.416319     0.927      -2.642     0.945    -2.764     0.483
0130320251_01   40.868023  -73.011309    -3.641      -2.984     3.828    -3.586     3.271
0130320252_01   39.992080  -74.538829    -3.391      -1.387    -3.193    -0.825    -3.380
0130320255_01   40.966998  -72.723141    10.382      -2.853     1.183    -3.011     0.686
0130320256_01   40.877729  -73.984778   -28.275       0.758     0.993     0.579     1.106
0130320257_01   40.015122  -74.243039   -15.852      -1.796    -2.509    -1.345    -2.777
