Sat. Sep. 24, 2016             LANDSAT 5                 Time: 15:23
                         Image Assessment System
                           GCP Residual Report
----------------------------------------------------------------------------
WOID: L19931427            Path/Row: 013 / 032

L0R Reference Image: L51XXX1096179141400_HDF.162682020
Acquisition Date: Jun 27, 1996

Band Number:  5

GLS date for each WRS-2 path/row used:
Path  Row   Date
013   032   10-20-2000


Point_ID         Latitude  Longitude    Height       Across    Along    Residual  Residual
                                                      Scan      Scan      In y      in x
                                                    Residual  Residual    dir       dir
                   (deg)     (deg)     (meters)     (meters)  (meters)  (meters)  (meters)

0130320001_01   40.899350  -72.547400    -5.607       4.693     0.463     4.548     1.251
0130320003_01   40.797198  -72.637571   -32.354      -1.029     1.881    -1.332     1.679
0130320005_01   40.837345  -73.132134    -7.643      -5.505     1.179    -5.625     0.230
0130320010_01   40.471312  -74.278993    -4.971      -3.499     1.281    -3.665     0.670
0130320012_01   40.704794  -73.791026   -15.364       1.523    -3.004     2.010    -2.703
0130320014_01   41.031222  -73.762948    33.541      -1.353    -0.978    -1.168    -1.192
0130320015_01   40.849362  -73.315786    24.221      -4.505     1.298    -4.659     0.517
0130320016_01   40.246943  -74.117011    -0.020       5.087    -5.319     5.916    -4.378
0130320018_01   40.689480  -74.096283   -23.540       0.406     3.416    -0.179     3.435
0130320020_01   40.017080  -74.100998   -32.000       4.520    -2.124     4.815    -1.324
0130320021_01   40.830719  -73.926433   -25.000       2.044    -2.261     2.397    -1.882
0130320022_01   40.684149  -73.833291   -20.021      -1.199    -4.587    -0.404    -4.723
0130320023_01   40.627324  -74.207084   -29.527       1.922     1.832     1.583     2.130
0130320024_01   40.707930  -73.860221   -11.161      -4.221    -1.952    -3.829    -2.638
0130320025_01   40.799067  -73.664494    23.537      -2.375    -2.900    -1.849    -3.259
0130320026_01   40.761740  -73.733483    20.856      -3.951    -0.414    -3.823    -1.076
0130320027_01   40.706608  -73.311220   -27.502      -1.375     0.941    -1.515     0.695
0130320028_01   40.815703  -72.604548   -29.085       0.565     3.034     0.043     3.086
0130320029_01   40.857797  -73.395655    36.005      -2.392     2.133    -2.718     1.697
0130320030_01   40.813219  -72.576184   -27.298      -1.850     3.519    -2.419     3.155
0130320032_01   40.761611  -73.377712    17.883      -6.457     2.490    -6.785     1.361
0130320033_01   40.949976  -72.368043    21.203       1.107     7.057    -0.102     7.144
0130320035_01   40.997535  -73.674050    -2.958       1.410    -2.438     1.801    -2.164
0130320036_01   40.888862  -73.901991   -15.490      -0.208    -3.732     0.427    -3.713
0130320037_01   40.440476  -74.232983   -21.941      -6.660     0.423    -6.634    -0.712
0130320038_01   40.672778  -74.004221   -30.000       3.794     3.956     3.068     4.540
0130320040_01   41.137758  -73.265178   -27.482       2.289    -3.052     2.771    -2.622
0130320041_01   40.663038  -73.913156   -23.863      -1.918    -0.678    -1.775    -0.992
0130320042_01   40.929434  -72.332519   -24.015       5.601    -4.300     6.249    -3.290
0130320043_01   40.929749  -72.231324   -27.177       1.072     1.094     0.872     1.260
0130320044_01   40.028130  -74.336771   -11.875       1.414    -4.696     2.193    -4.387
0130320045_01   40.832091  -72.510748   -29.489      -4.871    -5.462    -3.878    -6.210
0130320046_01   40.254409  -74.299644    18.888      -0.237    -1.771     0.068    -1.785
0130320049_01   40.862059  -72.411392   -29.885       6.412    -3.014     6.831    -1.885
0130320050_01   39.798738  -74.181290   -31.000      -1.777    -0.414    -1.680    -0.711
0130320055_01   40.651400  -74.099636   -31.000       5.964     0.357     5.816     1.361
0130320056_01   40.852614  -73.157330     5.136      -5.322     1.487    -5.496     0.565
0130320058_01   40.879527  -72.958272    -1.812      -2.254     1.661    -2.502     1.256
0130320060_01   40.794862  -74.027647   -29.864       1.737    -4.445     2.464    -4.087
0130320061_01   41.083545  -73.462677   -15.734      -3.548     0.352    -3.556    -0.252
0130320063_01   40.876284  -72.371322   -27.650      -1.644     0.333    -1.677     0.050
0130320065_01   40.809518  -72.824205   -22.039      -3.587     1.247    -3.747     0.622
0130320066_01   40.928985  -74.139706   -20.218       2.156     0.965     1.961     1.315
0130320067_01   40.063206  -74.055365   -31.609       3.465    -1.593     3.686    -0.981
0130320068_01   40.753076  -72.797619   -29.124      -1.571    -1.901    -1.226    -2.140
0130320071_01   40.773303  -73.441769    28.159       4.257     0.240     4.155     0.957
0130320072_01   40.647365  -74.003179    17.815      -1.211     3.065    -1.713     2.815
0130320074_01   40.910900  -74.179838     3.081      -0.340     3.280    -0.890     3.175
0130320077_01   40.950996  -72.171632   -30.218       0.833    -6.767     1.965    -6.531
0130320078_01   40.545627  -74.235682   -14.045       5.248    -4.827     5.990    -3.867
0130320079_01   40.881471  -74.043115   -29.200      -0.919    -0.469    -0.826    -0.618
0130320081_01   40.857971  -73.640532   -28.120      -2.989     2.008    -3.285     1.473
0130320083_01   40.853379  -73.922152   -30.795       4.467     0.912     4.248     1.654
0130320085_01   39.891523  -74.273525   -15.133      -4.956     0.602    -4.985    -0.250
0130320086_01   40.056895  -74.111730   -31.615       2.122     0.921     1.934     1.268
0130320087_01   40.728748  -73.614036   -10.000       3.330     0.066     3.270     0.628
0130320089_01   39.737284  -74.496768    -4.243       2.203     3.215     1.621     3.543
0130320090_01   40.100594  -74.033378   -29.946      -1.458    -3.078    -0.912    -3.281
0130320091_01   40.964243  -72.562108   -21.427       2.410     5.160     1.504     5.494
0130320092_01   40.783988  -73.900165   -28.172       4.338    -1.067     4.456    -0.318
0130320093_01   40.897519  -72.877234    -6.312      -3.517     2.537    -3.896     1.906
0130320097_01   40.439273  -74.345128   -24.866      -2.325     3.986    -2.968     3.533
0130320099_01   40.019276  -74.452868    22.019      -1.865    -1.265    -1.621    -1.563
0130320101_01   40.629209  -73.748405   -29.343       1.034    -2.528     1.447    -2.316
0130320102_01   40.875895  -72.537230   -18.903       1.600     0.081     1.564     0.350
0130320103_01   40.822648  -73.960004   -32.000       2.728    -5.374     3.598    -4.835
0130320104_01   40.655550  -73.407608   -31.619       4.811     0.528     4.652     1.335
0130320105_01   40.241116  -74.248640     5.368      -5.187    -0.209    -5.075    -1.086
0130320106_01   39.761465  -74.266488     5.734      -4.804     3.558    -5.340     2.688
0130320108_01   40.730650  -72.869760   -29.035      -3.842     0.216    -3.823    -0.439
0130320109_01   40.669321  -73.349073   -30.091       3.708    -3.151     4.188    -2.477
0130320110_01   40.091202  -74.221786   -21.000       0.457    -1.947     0.782    -1.841
0130320111_01   40.738885  -74.160992   -25.810      -0.382     1.510    -0.632     1.423
0130320113_01   40.731814  -73.492118    -4.000       1.828    -0.646     1.911    -0.328
0130320114_01   40.607318  -74.061930   -16.425       2.159     6.356     1.049     6.628
0130320116_01   40.702132  -73.671759   -17.716       0.225     0.869     0.075     0.895
0130320117_01   40.776091  -74.078402   -30.000       2.906    -0.334     2.920     0.162
0130320118_01   39.862333  -74.318378    11.564      -0.069    -0.249    -0.025    -0.257
0130320119_01   40.563395  -74.225203   -30.000       2.312    -1.097     2.464    -0.690
0130320120_01   40.896528  -72.504059   -30.689       3.795    -3.218     4.285    -2.530
0130320121_01   40.680789  -73.435051   -27.000       3.186    -2.360     3.539    -1.786
0130320123_01   39.852418  -74.381952    12.098      -2.558    -3.620    -1.903    -4.002
0130320127_01   39.940846  -74.171874   -31.275      -1.376    -3.455    -0.767    -3.638
0130320128_01   41.014471  -72.560613   -29.827       3.900     1.468     3.596     2.107
0130320129_01   40.819865  -72.716444   -26.181       2.158    -1.063     2.307    -0.683
0130320130_01   40.853632  -72.900702     9.669      -3.443    -0.987    -3.226    -1.556
0130320131_01   40.680451  -73.315076   -30.082       5.887    -2.782     6.273    -1.745
0130320132_01   40.661770  -73.865621   -31.124      -1.332    -0.089    -1.297    -0.313
0130320134_01   40.956359  -72.248032   -20.000       6.448    -1.430     6.598    -0.318
0130320136_01   40.975263  -72.339585    47.525      -5.912    -0.761    -5.699    -1.751
0130320137_01   40.719578  -73.948467   -28.586      -0.279    -2.752     0.192    -2.759
0130320140_01   40.787891  -74.002503    -7.496       2.427    -2.240     2.771    -1.797
0130320141_01   39.760479  -74.550185    -8.647      -3.729     7.287    -4.918     6.545
0130320143_01   40.739764  -73.586449    -4.148      -2.507     0.145    -2.495    -0.282
0130320144_01   40.567967  -74.109615   -28.000       2.081    -4.309     2.781    -3.893
0130320148_01   40.930916  -73.054675    26.962      -3.009    -1.133    -2.774    -1.625
0130320149_01   39.721836  -74.125495   -32.323       6.912     4.802     5.990     5.909
0130320150_01   40.915771  -73.406010   -29.813       0.568     0.376     0.496     0.467
0130320153_01   39.912061  -74.191174   -20.784       1.368    -2.456     1.767    -2.188
0130320154_01   40.742899  -72.830997   -31.486      -1.820    -4.363    -1.055    -4.609
0130320155_01   40.839914  -73.898529    -9.132       0.079    -0.029     0.083    -0.016
0130320157_01   39.763305  -74.513741    -9.916      -4.549     2.948    -4.984     2.130
0130320158_01   40.790529  -72.937891   -10.194      -5.662     2.705    -6.039     1.707
0130320160_01   40.933678  -73.090583     4.604      -6.759     1.203    -6.865     0.043
0130320161_01   40.809960  -72.776533   -20.008      -1.364     4.430    -2.094     4.135
0130320164_01   40.899689  -74.090223   -19.733       0.727     2.204     0.344     2.295
0130320167_01   40.916827  -72.727714   -19.271       6.664    -1.350     6.797    -0.203
0130320168_01   39.978490  -74.074451   -31.558       0.795    -2.578     1.223    -2.405
0130320169_01   39.921786  -74.081534   -32.589       0.212     1.894    -0.114     1.902
0130320172_01   40.899444  -73.359390   -31.400       1.785    -1.891     2.080    -1.561
0130320174_01   40.937192  -73.491733   -31.420       4.800     3.988     4.055     4.742
0130320175_01   40.872765  -72.883009    -0.176      -3.202    -1.666    -2.874    -2.184
0130320177_01   40.664484  -74.187478   -22.741       1.786     1.176     1.560     1.461
0130320178_01   40.705311  -73.925254   -25.051       1.873    -0.776     1.977    -0.448
0130320181_01   39.928303  -74.234517   -25.016      -0.790    -3.740    -0.141    -3.819
0130320185_01   39.701100  -74.135905   -31.000       5.962     6.295     4.799     7.218
0130320186_01   40.910012  -73.542577   -32.000      -0.451     0.917    -0.600     0.827
0130320187_01   41.078182  -74.142764    72.984      -4.815     2.317    -5.136     1.471
0130320189_01   40.955158  -73.401142   -31.490      -6.513     6.426    -7.506     5.233
0130320190_01   40.872204  -74.135814   -17.651       2.540     2.028     2.159     2.427
0130320193_01   40.650922  -73.485425   -31.895       3.709     0.518     3.567     1.139
0130320195_01   39.780236  -74.379795     2.529       0.859    -3.517     1.446    -3.319
0130320196_01   40.812603  -74.016361   -29.000       1.710    -3.700     2.312    -3.357
0130320198_01   40.705603  -73.816936   -13.366       0.438     1.493     0.179     1.545
0130320199_01   40.977429  -72.471774   -30.925       3.148     1.080     2.921     1.597
0130320200_01   40.747370  -74.103318   -30.000       4.071     3.970     3.338     4.600
0130320201_01   40.052140  -74.283781    -5.601      -5.104     0.584    -5.128    -0.291
0130320202_01   40.807405  -73.022012    -9.880      -6.282     0.892    -6.343    -0.185
0130320203_01   41.122474  -73.547177    34.697      -0.022     2.274    -0.406     2.237
0130320204_01   40.769089  -74.152081    -0.606       0.795     5.183    -0.095     5.242
0130320205_01   39.979539  -74.177731   -18.677      -3.697     2.844    -4.127     2.174
0130320207_01   40.793519  -73.936634   -29.778      -6.135    -2.985    -5.540    -3.979
0130320208_01   40.601214  -73.571644   -33.444       5.370     0.695     5.174     1.595
0130320209_01   40.839389  -74.156879     8.131      -1.428     1.902    -1.729     1.633
0130320210_01   39.810792  -74.434897     9.651       5.123    -3.271     5.605    -2.351
0130320211_01   40.675652  -73.495869   -26.000      -5.698    -0.135    -5.592    -1.098
0130320212_01   40.849862  -72.702959   -12.009       3.548     6.010     2.480     6.525
0130320213_01   39.685678  -74.502041   -18.889       0.773     3.352     0.189     3.435
0130320215_01   40.747555  -72.998914   -27.739       5.250    -3.943     5.842    -2.997
0130320217_01   40.885661  -72.344248   -28.139       0.158    -3.763     0.792    -3.683
0130320218_01   40.695822  -74.225091   -13.310       2.662     6.525     1.516     6.880
0130320219_01   40.947778  -72.936569    28.548      -4.700    -0.564    -4.537    -1.351
0130320220_01   40.475355  -74.321773   -29.128      -3.120    -0.268    -3.028    -0.793
0130320222_01   40.725609  -74.194195    -5.529      -1.314    -4.739    -0.491    -4.891
0130320223_01   40.057509  -74.157801   -23.011      -3.215     0.651    -3.279     0.095
0130320224_01   40.637419  -74.074636   -28.778      -0.335    -3.537     0.270    -3.542
0130320225_01   40.612418  -73.415371   -30.753      -6.343     0.485    -6.333    -0.597
0130320226_01   40.717149  -73.426031   -15.000       4.140     1.880     3.761     2.553
0130320227_01   39.679411  -74.330674   -24.707       2.409    -1.603     2.647    -1.169
0130320228_01   39.810248  -74.203935   -31.493       0.233    -2.669     0.685    -2.590
0130320230_01   40.939272  -72.701288   -17.136      -0.981     3.868    -1.621     3.647
0130320231_01   39.933407  -74.271678    -2.177      -6.178    -0.510    -6.000    -1.553
0130320232_01   40.599152  -73.473831   -31.431       2.866     6.247     1.765     6.642
0130320233_01   40.641718  -73.167401   -29.004      -3.744     2.645    -4.138     1.973
0130320234_01   40.727253  -73.694350    -4.845      -2.617    -3.107    -2.053    -3.504
0130320235_01   40.713223  -73.560018   -12.000      -2.162    -1.006    -1.960    -1.357
0130320238_01   40.852851  -73.983022    51.961      -4.341    -0.256    -4.233    -0.985
0130320240_01   40.954851  -72.751360     2.228      -0.525    -2.516    -0.092    -2.569
0130320241_01   40.919174  -72.682748   -23.991       2.694    -1.059     2.835    -0.588
0130320242_01   40.813287  -72.956393    -3.018      -2.884     1.888    -3.162     1.373
0130320244_01   39.688325  -74.241723   -30.000      -5.852     4.840    -6.592     3.772
0130320245_01   40.858243  -72.571340   -21.524      -2.288     0.644    -2.365     0.247
0130320246_01   39.842550  -74.147108   -33.000       5.462    -0.126     5.403     0.806
0130320249_01   40.704794  -74.193381   -29.595       3.665     3.214     3.066     3.786
0130320250_01   39.769614  -74.416319     0.927      -0.934    -0.237    -0.880    -0.392
0130320251_01   40.868023  -73.011309    -3.641      -4.625     0.162    -4.586    -0.623
0130320256_01   40.877729  -73.984778   -28.275      -0.406     1.236    -0.610     1.149
0130320258_01   40.724402  -73.116471   -30.610       3.041    -0.508     3.084     0.015
0130320259_01   39.873249  -74.131644   -32.126       3.383    -1.773     3.635    -1.171
0130320260_01   40.883341  -73.782797   -29.000       6.221    -6.366     7.208    -5.222
0130320261_01   40.583873  -73.754568   -32.183       6.095    -6.853     7.169    -5.721
0130320265_01   40.790200  -73.393017    12.942      -2.309     4.810    -3.090     4.349
0130320267_01   40.782320  -73.314281     1.677      -5.540     1.464    -5.707     0.505
0130320268_01   40.820904  -73.861135   -27.054       1.087    -1.740     1.365    -1.531
0130320269_01   40.654541  -73.244760   -30.841       4.937    -1.507     5.121    -0.649
0130320270_01   39.712766  -74.303053    -7.032       0.093    -0.138     0.115    -0.121
