==============================================================================
==============================================================================
Wed. Aug. 31 2016                  LANDSAT 5                       Time: 05:48
                            Image Assessment System
                            GEOMETRIC VERIFY Report
==============================================================================
Order ID: 0501608303549_09292                          Path / Row - 13 / 32
Reference Image: L51GNC1011188150100_HDF.L1G

Color mapping per rank
----------------------
Rank  1 is Green: total residual <= 0.5
Rank  2 is Cyan: 0.5 < total residual <=  1
Rank  3 is Blue:  1 < total residual <=  2
Rank  4 is Yellow:  2 < total residual <=  3
Rank  5 is Red:  3 < total residual

Percentage of residuals by rank
-------------------------------
Rank   1 -- 100.0%
Rank   2 --  0.0%
Rank   3 --  0.0%
Rank   4 --  0.0%
Rank   5 --  0.0%

       GCP    Latitude    Longitude  Sample   Line     Total    Rank
        ID                           Residual Residual Residual
              (Degree)    (Degree)   (Pixel)  (Pixel)  (Pixel)
----------------------------------------------------------------------
0130320091   41.24319    -74.16496     0.39     -0.09     0.40     1 
0130320092   41.24291    -74.12737    -0.05     -0.03     0.06     1 
0130320094   41.24231    -74.05219     0.05      0.06     0.08     1 
0130320095   41.24200    -74.01460     0.23      0.09     0.25     1 
0130320096   41.24167    -73.97702     0.28      0.12     0.31     1 
0130320166   41.21779    -74.16528     0.04      0.10     0.11     1 
0130320167   41.21751    -74.12771     0.16     -0.11     0.20     1 
0130320169   41.21692    -74.05256     0.10      0.10     0.14     1 
0130320171   41.21627    -73.97741    -0.10      0.12     0.15     1 
0130320173   41.21558    -73.90227     0.18      0.14     0.23     1 
0130320174   41.21522    -73.86470     0.38     -0.22     0.44     1 
0130320175   41.21484    -73.82713    -0.06      0.02     0.06     1 
0130320241   41.19239    -74.16560     0.03      0.00     0.03     1 
0130320242   41.19211    -74.12804    -0.01     -0.02     0.02     1 
0130320248   41.19018    -73.90269     0.08     -0.08     0.11     1 
0130320249   41.18982    -73.86514     0.09     -0.10     0.13     1 
0130320250   41.18944    -73.82758     0.25      0.01     0.25     1 
0130320251   41.18906    -73.79003     0.24      0.10     0.26     1 
0130320252   41.18865    -73.75248     0.24     -0.01     0.24     1 
0130320253   41.18824    -73.71492     0.23      0.15     0.28     1 
0130320255   41.18738    -73.63982     0.11      0.09     0.14     1 
0130320316   41.16699    -74.16593     0.04     -0.02     0.04     1 
0130320317   41.16671    -74.12838    -0.11      0.09     0.14     1 
0130320321   41.16548    -73.97820     0.09     -0.05     0.11     1 
0130320323   41.16479    -73.90312     0.01     -0.06     0.06     1 
0130320324   41.16442    -73.86558     0.16      0.11     0.19     1 
0130320325   41.16405    -73.82804     0.20      0.00     0.20     1 
0130320328   41.16285    -73.71542     0.38     -0.07     0.39     1 
0130320330   41.16198    -73.64035     0.12     -0.06     0.13     1 
0130320331   41.16154    -73.60281     0.09      0.07     0.11     1 
0130320332   41.16107    -73.56528     0.19     -0.29     0.35     1 
0130320333   41.16060    -73.52774     0.21      0.02     0.21     1 
0130320391   41.14159    -74.16625     0.11      0.06     0.12     1 
0130320392   41.14131    -74.12872     0.38     -0.17     0.42     1 
0130320395   41.14041    -74.01613     0.29      0.03     0.29     1 
0130320396   41.14008    -73.97860     0.22      0.02     0.22     1 
0130320397   41.13974    -73.94107     0.10      0.01     0.11     1 
0130320400   41.13865    -73.82849     0.36      0.13     0.38     1 
0130320403   41.13745    -73.71592     0.24     -0.04     0.24     1 
0130320404   41.13703    -73.67839     0.16      0.08     0.18     1 
0130320405   41.13659    -73.64087     0.23     -0.01     0.23     1 
0130320406   41.13614    -73.60335    -0.04      0.02     0.05     1 
0130320408   41.13520    -73.52831     0.23     -0.09     0.24     1 
0130320414   41.13211    -73.30321     0.05     -0.02     0.06     1 
0130320415   41.13155    -73.26570    -0.06     -0.03     0.07     1 
0130320465   41.11646    -74.20409     0.11      0.14     0.18     1 
0130320466   41.11619    -74.16657     0.11      0.01     0.11     1 
0130320467   41.11591    -74.12905     0.04      0.04     0.06     1 
0130320471   41.11468    -73.97899     0.31     -0.03     0.31     1 
0130320472   41.11434    -73.94148     0.18     -0.00     0.18     1 
0130320473   41.11399    -73.90396     0.15     -0.01     0.15     1 
0130320477   41.11247    -73.75392    -0.03      0.06     0.06     1 
0130320478   41.11205    -73.71641     0.05     -0.02     0.05     1 
0130320479   41.11163    -73.67890     0.20      0.02     0.20     1 
0130320480   41.11119    -73.64140     0.27     -0.00     0.27     1 
0130320481   41.11075    -73.60389     0.23      0.01     0.23     1 
0130320482   41.11028    -73.56638     0.04      0.10     0.11     1 
0130320487   41.10780    -73.37887     0.26      0.03     0.27     1 
0130320488   41.10726    -73.34136    -0.16      0.07     0.18     1 
0130320489   41.10672    -73.30387     0.09     -0.01     0.09     1 
0130320540   41.09105    -74.20439     0.10      0.07     0.12     1 
0130320541   41.09079    -74.16689     0.09      0.07     0.12     1 
0130320543   41.09022    -74.09189     0.38      0.00     0.38     1 
0130320545   41.08961    -74.01689     0.18      0.18     0.26     1 
0130320546   41.08928    -73.97938     0.23      0.05     0.23     1 
0130320547   41.08894    -73.94189     0.04      0.06     0.07     1 
0130320548   41.08859    -73.90439    -0.10     -0.13     0.16     1 
0130320549   41.08823    -73.86689     0.04     -0.03     0.05     1 
0130320550   41.08785    -73.82939     0.04     -0.02     0.04     1 
0130320551   41.08747    -73.79190     0.33      0.07     0.34     1 
0130320552   41.08707    -73.75440     0.13     -0.23     0.27     1 
0130320553   41.08666    -73.71690     0.23     -0.03     0.23     1 
0130320554   41.08623    -73.67941     0.15     -0.12     0.19     1 
0130320555   41.08580    -73.64192    -0.07      0.25     0.26     1 
0130320556   41.08535    -73.60443     0.18      0.07     0.20     1 
0130320558   41.08442    -73.52944     0.05      0.06     0.08     1 
0130320561   41.08293    -73.41698    -0.09      0.02     0.10     1 
0130320562   41.08241    -73.37949    -0.14     -0.04     0.15     1 
0130320615   41.06565    -74.20470     0.35     -0.11     0.36     1 
0130320616   41.06539    -74.16721     0.29     -0.12     0.31     1 
0130320621   41.06388    -73.97978     0.17     -0.06     0.18     1 
0130320622   41.06354    -73.94229     0.05      0.06     0.08     1 
0130320623   41.06319    -73.90481     0.01      0.13     0.13     1 
0130320625   41.06246    -73.82984     0.03     -0.18     0.19     1 
0130320626   41.06207    -73.79236     0.20      0.01     0.20     1 
0130320627   41.06167    -73.75488    -0.25     -0.04     0.26     1 
0130320628   41.06126    -73.71740     0.08     -0.12     0.15     1 
0130320631   41.05995    -73.60496     0.24     -0.04     0.24     1 
0130320633   41.05902    -73.53001     0.17      0.04     0.18     1 
0130320634   41.05854    -73.49253    -0.13     -0.02     0.13     1 
0130320635   41.05804    -73.45506    -0.14     -0.00     0.14     1 
0130320636   41.05753    -73.41759    -0.08     -0.01     0.08     1 
0130320637   41.05701    -73.38011    -0.10      0.06     0.12     1 
0130320690   41.04025    -74.20500     0.29      0.08     0.30     1 
0130320691   41.03999    -74.16753     0.24      0.09     0.26     1 
0130320692   41.03971    -74.13006     0.17      0.04     0.17     1 
0130320696   41.03848    -73.98017     0.11     -0.12     0.17     1 
0130320697   41.03815    -73.94270     0.27      0.06     0.28     1 
0130320698   41.03780    -73.90523    -0.06     -0.22     0.23     1 
0130320699   41.03743    -73.86776     0.16      0.05     0.17     1 
0130320700   41.03706    -73.83029     0.27     -0.04     0.27     1 
0130320701   41.03667    -73.79282     0.15      0.08     0.17     1 
0130320703   41.03586    -73.71789     0.24     -0.12     0.26     1 
0130320705   41.03501    -73.64296     0.24     -0.06     0.24     1 
0130320706   41.03456    -73.60550     0.03      0.05     0.06     1 
0130320707   41.03410    -73.56804     0.13      0.07     0.15     1 
0130320708   41.03363    -73.53057    -0.08      0.02     0.09     1 
0130320709   41.03314    -73.49311    -0.22      0.00     0.22     1 
0130320736   41.01548    -72.48209     0.01      0.00     0.01     1 
0130320737   41.01466    -72.44467    -0.22     -0.07     0.23     1 
0130320739   41.01297    -72.36982    -0.00     -0.00     0.00     1 
0130320765   41.01485    -74.20531     0.11      0.15     0.19     1 
0130320766   41.01459    -74.16785     0.15      0.02     0.15     1 
0130320767   41.01431    -74.13039     0.12     -0.00     0.12     1 
0130320768   41.01402    -74.09293     0.19      0.10     0.21     1 
0130320769   41.01372    -74.05548     0.07      0.04     0.08     1 
0130320771   41.01308    -73.98056     0.20      0.06     0.21     1 
0130320772   41.01275    -73.94311     0.11     -0.06     0.12     1 
0130320774   41.01204    -73.86820     0.23      0.06     0.24     1 
0130320775   41.01166    -73.83074     0.38      0.07     0.39     1 
0130320776   41.01128    -73.79329     0.21     -0.03     0.21     1 
0130320778   41.01047    -73.71838     0.19     -0.10     0.22     1 
0130320779   41.01004    -73.68093    -0.00     -0.04     0.04     1 
0130320780   41.00961    -73.64348    -0.02      0.05     0.05     1 
0130320781   41.00916    -73.60604    -0.15     -0.06     0.16     1 
0130320782   41.00870    -73.56859    -0.11     -0.01     0.11     1 
0130320783   41.00823    -73.53114    -0.12      0.16     0.20     1 
0130320809   40.99172    -72.55789    -0.13      0.10     0.17     1 
0130320810   40.99092    -72.52047    -0.10     -0.04     0.11     1 
0130320811   40.99010    -72.48306    -0.14     -0.05     0.15     1 
0130320814   40.98760    -72.37083    -0.11     -0.06     0.13     1 
0130320815   40.98674    -72.33342    -0.16     -0.12     0.20     1 
0130320816   40.98587    -72.29601    -0.07     -0.05     0.09     1 
0130320817   40.98498    -72.25861     0.10     -0.12     0.15     1 
0130320839   40.98970    -74.24306    -0.01      0.11     0.11     1 
0130320840   40.98945    -74.20561    -0.02      0.13     0.13     1 
0130320841   40.98919    -74.16817     0.10      0.19     0.22     1 
0130320842   40.98891    -74.13072     0.19      0.05     0.19     1 
0130320843   40.98862    -74.09328     0.13      0.03     0.14     1 
0130320845   40.98801    -74.01839     0.18      0.07     0.19     1 
0130320846   40.98768    -73.98095    -0.10      0.03     0.10     1 
0130320847   40.98735    -73.94351     0.41      0.09     0.42     1 
0130320849   40.98664    -73.86863     0.29      0.07     0.30     1 
0130320850   40.98626    -73.83119     0.14     -0.01     0.14     1 
0130320851   40.98588    -73.79375     0.36     -0.05     0.36     1 
0130320852   40.98548    -73.75631     0.25      0.01     0.25     1 
0130320853   40.98507    -73.71888     0.24      0.02     0.24     1 
0130320855   40.98421    -73.64401    -0.12      0.03     0.12     1 
0130320856   40.98377    -73.60657    -0.08      0.05     0.09     1 
0130320869   40.97686    -73.12000    -0.17     -0.03     0.17     1 
0130320870   40.97624    -73.08258    -0.15     -0.04     0.16     1 
0130320880   40.96941    -72.70844     0.21     -0.08     0.22     1 
0130320881   40.96866    -72.67103     0.11      0.08     0.13     1 
0130320884   40.96634    -72.55882     0.06      0.12     0.13     1 
0130320887   40.96390    -72.44662    -0.22     -0.17     0.28     1 
0130320888   40.96307    -72.40923    -0.24      0.15     0.28     1 
0130320889   40.96222    -72.37183     0.03      0.06     0.06     1 
0130320890   40.96136    -72.33444     0.19      0.00     0.19     1 
0130320891   40.96049    -72.29705    -0.02     -0.09     0.09     1 
0130320893   40.95871    -72.22227     0.13      0.03     0.13     1 
0130320894   40.95781    -72.18488    -0.03     -0.04     0.05     1 
0130320914   40.96430    -74.24335    -0.06      0.08     0.10     1 
0130320915   40.96405    -74.20592     0.25      0.26     0.36     1 
0130320916   40.96379    -74.16849     0.25      0.00     0.25     1 
0130320917   40.96351    -74.13106     0.23      0.11     0.26     1 
0130320919   40.96292    -74.05620     0.20      0.11     0.22     1 
0130320921   40.96229    -73.98134     0.36      0.13     0.38     1 
0130320925   40.96087    -73.83164     0.30     -0.21     0.36     1 
0130320926   40.96048    -73.79421     0.18     -0.04     0.18     1 
0130320928   40.95967    -73.71937     0.12      0.06     0.14     1 
0130320929   40.95925    -73.68195    -0.01     -0.04     0.04     1 
0130320944   40.95147    -73.12072     0.06      0.05     0.08     1 
0130320945   40.95085    -73.08332     0.06      0.12     0.14     1 
0130320946   40.95022    -73.04591     0.09      0.01     0.09     1 
0130320947   40.94958    -73.00851     0.27     -0.04     0.28     1 
0130320948   40.94893    -72.97110     0.23      0.11     0.25     1 
0130320949   40.94827    -72.93370     0.21      0.03     0.21     1 
0130320950   40.94759    -72.89630     0.24     -0.07     0.25     1 
0130320951   40.94690    -72.85890     0.13     -0.08     0.15     1 
0130320952   40.94620    -72.82151     0.24     -0.12     0.27     1 
0130320953   40.94549    -72.78411     0.43     -0.08     0.43     1 
0130320954   40.94476    -72.74671    -0.05     -0.03     0.05     1 
0130320955   40.94403    -72.70932     0.29     -0.05     0.30     1 
0130320956   40.94328    -72.67193     0.07      0.11     0.13     1 
0130320957   40.94252    -72.63454     0.28     -0.19     0.34     1 
0130320958   40.94174    -72.59715    -0.00     -0.02     0.02     1 
0130320959   40.94096    -72.55976    -0.26     -0.01     0.26     1 
0130320962   40.93853    -72.44760     0.01      0.02     0.02     1 
0130320963   40.93769    -72.41022    -0.08     -0.06     0.10     1 
0130320965   40.93599    -72.33546    -0.11     -0.02     0.11     1 
0130320966   40.93512    -72.29809     0.18      0.04     0.19     1 
0130320968   40.93334    -72.22334    -0.14     -0.06     0.15     1 
0130320989   40.93890    -74.24364     0.31      0.07     0.31     1 
0130320990   40.93865    -74.20622     0.11     -0.03     0.12     1 
0130320991   40.93839    -74.16881     0.03      0.15     0.16     1 
0130320993   40.93782    -74.09398     0.35      0.01     0.35     1 
0130320994   40.93752    -74.05656     0.17      0.02     0.17     1 
0130320995   40.93721    -74.01915     0.19      0.11     0.22     1 
0130320996   40.93689    -73.98173     0.34      0.11     0.36     1 
0130320997   40.93655    -73.94432     0.30      0.01     0.30     1 
0130320999   40.93584    -73.86950     0.25      0.08     0.26     1 
0130321000   40.93547    -73.83209     0.05      0.07     0.09     1 
0130321001   40.93508    -73.79468     0.15     -0.17     0.23     1 
0130321003   40.93428    -73.71986    -0.07      0.04     0.08     1 
0130321009   40.93156    -73.49542     0.07      0.12     0.14     1 
0130321010   40.93107    -73.45802     0.19      0.15     0.24     1 
0130321011   40.93057    -73.42062    -0.03     -0.06     0.07     1 
0130321012   40.93005    -73.38322    -0.03      0.02     0.03     1 
0130321013   40.92952    -73.34582    -0.14     -0.07     0.16     1 
0130321014   40.92897    -73.30842     0.13      0.08     0.15     1 
0130321018   40.92668    -73.15884    -0.23      0.02     0.23     1 
0130321019   40.92608    -73.12144     0.20     -0.04     0.20     1 
0130321020   40.92546    -73.08405     0.18     -0.05     0.19     1 
0130321021   40.92484    -73.04666     0.07      0.03     0.08     1 
0130321024   40.92288    -72.93449    -0.04     -0.12     0.13     1 
0130321025   40.92220    -72.89711     0.04     -0.03     0.05     1 
0130321026   40.92151    -72.85972    -0.11      0.00     0.11     1 
0130321027   40.92081    -72.82234     0.27      0.10     0.29     1 
0130321028   40.92010    -72.78496     0.15      0.14     0.20     1 
0130321029   40.91938    -72.74758     0.07     -0.00     0.07     1 
0130321030   40.91864    -72.71020     0.01     -0.02     0.03     1 
0130321031   40.91789    -72.67282     0.02      0.01     0.02     1 
0130321032   40.91713    -72.63544    -0.07     -0.08     0.11     1 
0130321033   40.91636    -72.59807     0.19     -0.13     0.23     1 
0130321034   40.91557    -72.56069     0.01     -0.11     0.11     1 
0130321037   40.91315    -72.44858    -0.05     -0.03     0.06     1 
0130321038   40.91231    -72.41121     0.03     -0.05     0.06     1 
0130321040   40.91061    -72.33648    -0.21      0.03     0.21     1 
0130321041   40.90974    -72.29912     0.27     -0.24     0.37     1 
0130321065   40.91325    -74.20653     0.05     -0.02     0.05     1 
0130321066   40.91299    -74.16912    -0.03      0.09     0.10     1 
0130321067   40.91271    -74.13172     0.02      0.03     0.03     1 
0130321070   40.91181    -74.01952     0.10      0.01     0.10     1 
0130321071   40.91149    -73.98212     0.34      0.10     0.36     1 
0130321072   40.91115    -73.94473     0.12      0.08     0.15     1 
0130321074   40.91044    -73.86993     0.04      0.02     0.05     1 
0130321076   40.90968    -73.79514     0.07     -0.03     0.08     1 
0130321077   40.90929    -73.75774    -0.14      0.00     0.14     1 
0130321081   40.90758    -73.60817    -0.13      0.00     0.13     1 
0130321082   40.90712    -73.57078    -0.06     -0.02     0.07     1 
0130321083   40.90665    -73.53339    -0.06     -0.03     0.07     1 
0130321085   40.90568    -73.45861     0.02      0.08     0.08     1 
0130321086   40.90517    -73.42122    -0.03      0.04     0.05     1 
0130321087   40.90465    -73.38384     0.06      0.04     0.07     1 
0130321088   40.90412    -73.34645     0.11      0.10     0.15     1 
0130321089   40.90358    -73.30907     0.43      0.06     0.43     1 
0130321090   40.90303    -73.27169     0.21      0.09     0.22     1 
0130321091   40.90246    -73.23430     0.08      0.07     0.11     1 
0130321092   40.90188    -73.19692     0.33      0.06     0.33     1 
0130321093   40.90129    -73.15954     0.19     -0.02     0.19     1 
0130321094   40.90069    -73.12216     0.04     -0.09     0.10     1 
0130321095   40.90007    -73.08478     0.05     -0.06     0.08     1 
0130321096   40.89945    -73.04741     0.14     -0.02     0.14     1 
0130321097   40.89881    -73.01003     0.11     -0.03     0.11     1 
0130321098   40.89816    -72.97266     0.12     -0.18     0.21     1 
0130321099   40.89749    -72.93528     0.04      0.22     0.22     1 
0130321101   40.89613    -72.86054     0.18     -0.10     0.20     1 
0130321103   40.89472    -72.78580    -0.04      0.03     0.05     1 
0130321104   40.89399    -72.74844     0.18      0.01     0.18     1 
0130321105   40.89326    -72.71107     0.10     -0.08     0.13     1 
0130321106   40.89251    -72.67371     0.05     -0.00     0.05     1 
0130321107   40.89175    -72.63635     0.18     -0.05     0.19     1 
0130321108   40.89098    -72.59898    -0.15     -0.09     0.18     1 
0130321109   40.89019    -72.56163    -0.06     -0.04     0.07     1 
0130321110   40.88940    -72.52427     0.19     -0.03     0.20     1 
0130321111   40.88859    -72.48691    -0.04      0.02     0.04     1 
0130321112   40.88777    -72.44956    -0.13     -0.09     0.16     1 
0130321113   40.88694    -72.41220     0.03     -0.02     0.04     1 
0130321114   40.88609    -72.37485     0.05      0.08     0.10     1 
0130321115   40.88524    -72.33750    -0.20      0.05     0.21     1 
0130321139   40.88810    -74.24422    -0.09      0.05     0.10     1 
0130321140   40.88785    -74.20683    -0.02      0.06     0.07     1 
0130321141   40.88759    -74.16944    -0.02      0.13     0.13     1 
0130321142   40.88731    -74.13206    -0.00     -0.06     0.06     1 
0130321143   40.88702    -74.09467     0.09      0.03     0.09     1 
0130321145   40.88641    -74.01990     0.07      0.05     0.08     1 
0130321146   40.88609    -73.98251     0.09      0.02     0.09     1 
0130321148   40.88540    -73.90775     0.05     -0.04     0.06     1 
0130321150   40.88467    -73.83298     0.08      0.01     0.08     1 
0130321151   40.88429    -73.79560     0.13     -0.00     0.13     1 
0130321152   40.88389    -73.75822    -0.14     -0.07     0.16     1 
0130321155   40.88263    -73.64608     0.18     -0.03     0.18     1 
0130321156   40.88218    -73.60870     0.29      0.11     0.31     1 
0130321157   40.88173    -73.57133     0.20      0.05     0.20     1 
0130321158   40.88126    -73.53395     0.00      0.02     0.02     1 
0130321159   40.88078    -73.49658     0.15      0.08     0.17     1 
0130321160   40.88028    -73.45920     0.15      0.17     0.23     1 
0130321161   40.87978    -73.42183     0.07      0.13     0.15     1 
0130321162   40.87926    -73.38446     0.22      0.05     0.23     1 
0130321163   40.87873    -73.34709     0.07     -0.01     0.07     1 
0130321164   40.87819    -73.30971     0.22      0.04     0.22     1 
0130321165   40.87763    -73.27235     0.37      0.17     0.41     1 
0130321166   40.87707    -73.23498     0.22      0.05     0.22     1 
0130321167   40.87649    -73.19761     0.15      0.01     0.15     1 
0130321168   40.87590    -73.16024     0.18     -0.02     0.18     1 
0130321169   40.87530    -73.12288     0.11      0.05     0.13     1 
0130321170   40.87468    -73.08552     0.06      0.00     0.06     1 
0130321171   40.87406    -73.04815     0.11     -0.00     0.11     1 
0130321174   40.87210    -72.93607     0.23      0.21     0.32     1 
0130321175   40.87143    -72.89871     0.34      0.09     0.35     1 
0130321176   40.87074    -72.86136     0.18     -0.04     0.18     1 
0130321182   40.86637    -72.63725     0.00      0.09     0.09     1 
0130321184   40.86481    -72.56256     0.07     -0.05     0.09     1 
0130321185   40.86402    -72.52521    -0.09      0.10     0.13     1 
0130321187   40.86239    -72.45053     0.25      0.28     0.38     1 
0130321188   40.86156    -72.41319     0.22     -0.05     0.22     1 
0130321213   40.86294    -74.28188     0.12     -0.03     0.12     1 
0130321214   40.86270    -74.24451     0.20     -0.02     0.21     1 
0130321215   40.86245    -74.20713     0.11     -0.01     0.11     1 
0130321216   40.86218    -74.16976     0.12      0.04     0.13     1 
0130321218   40.86162    -74.09502     0.08     -0.07     0.11     1 
0130321220   40.86101    -74.02027    -0.05     -0.00     0.05     1 
0130321221   40.86069    -73.98290     0.07      0.03     0.07     1 
0130321226   40.85889    -73.79606    -0.12      0.01     0.12     1 
0130321227   40.85849    -73.75869    -0.00     -0.08     0.08     1 
0130321228   40.85808    -73.72133     0.01     -0.03     0.03     1 
0130321230   40.85723    -73.64660     0.01      0.09     0.09     1 
0130321231   40.85679    -73.60923     0.13      0.09     0.16     1 
0130321232   40.85633    -73.57187     0.41      0.08     0.41     1 
0130321233   40.85586    -73.53451     0.18     -0.08     0.20     1 
0130321234   40.85538    -73.49715     0.33      0.05     0.33     1 
0130321235   40.85489    -73.45979     0.17      0.13     0.21     1 
0130321236   40.85438    -73.42243     0.27     -0.04     0.28     1 
0130321237   40.85387    -73.38507    -0.03      0.08     0.08     1 
0130321238   40.85334    -73.34772     0.33      0.06     0.33     1 
0130321239   40.85280    -73.31036     0.26      0.07     0.27     1 
0130321240   40.85224    -73.27300     0.12      0.05     0.12     1 
0130321241   40.85168    -73.23565     0.14     -0.01     0.14     1 
0130321242   40.85110    -73.19830     0.04      0.03     0.05     1 
0130321244   40.84991    -73.12360     0.25      0.02     0.25     1 
0130321248   40.84738    -72.97421     0.26      0.08     0.28     1 
0130321249   40.84672    -72.93686     0.29      0.12     0.32     1 
0130321254   40.84323    -72.75016     0.30      0.17     0.35     1 
0130321255   40.84249    -72.71282     0.21      0.02     0.21     1 
0130321257   40.84099    -72.63815     0.04      0.04     0.06     1 
0130321258   40.84022    -72.60082     0.35     -0.04     0.35     1 
0130321259   40.83943    -72.56349    -0.16     -0.01     0.16     1 
0130321288   40.83753    -74.28216     0.14      0.09     0.17     1 
0130321289   40.83730    -74.24480     0.17     -0.07     0.19     1 
0130321290   40.83705    -74.20744     0.19      0.01     0.19     1 
0130321291   40.83678    -74.17008     0.25      0.07     0.26     1 
0130321292   40.83651    -74.13272     0.13      0.11     0.17     1 
0130321295   40.83561    -74.02065    -0.07      0.03     0.07     1 
0130321296   40.83529    -73.98329     0.14     -0.18     0.23     1 
0130321300   40.83387    -73.83387    -0.11      0.06     0.12     1 
0130321302   40.83309    -73.75917    -0.16      0.02     0.16     1 
0130321303   40.83269    -73.72182    -0.13      0.05     0.14     1 
0130321304   40.83227    -73.68446    -0.00      0.01     0.01     1 
0130321305   40.83183    -73.64711    -0.02     -0.01     0.02     1 
0130321306   40.83139    -73.60976     0.24      0.07     0.25     1 
0130321307   40.83093    -73.57242     0.28      0.00     0.28     1 
0130321308   40.83047    -73.53507     0.25      0.03     0.25     1 
0130321309   40.82999    -73.49772     0.07      0.03     0.08     1 
0130321310   40.82949    -73.46038     0.24     -0.01     0.24     1 
0130321311   40.82899    -73.42303     0.16      0.07     0.17     1 
0130321312   40.82847    -73.38569     0.15      0.03     0.15     1 
0130321313   40.82794    -73.34835     0.03      0.04     0.05     1 
0130321314   40.82740    -73.31100     0.19      0.03     0.19     1 
0130321315   40.82685    -73.27366     0.26      0.01     0.27     1 
0130321316   40.82628    -73.23632     0.06      0.10     0.12     1 
0130321317   40.82571    -73.19899     0.05      0.04     0.07     1 
0130321318   40.82512    -73.16165     0.10      0.06     0.12     1 
0130321319   40.82452    -73.12431     0.08     -0.05     0.10     1 
0130321321   40.82328    -73.04964     0.10     -0.00     0.10     1 
0130321323   40.82199    -72.97498     0.11     -0.06     0.12     1 
0130321326   40.81997    -72.86299     0.41      0.11     0.43     1 
0130321330   40.81711    -72.71369     0.05     -0.04     0.06     1 
0130321331   40.81636    -72.67637     0.12      0.04     0.12     1 
0130321332   40.81560    -72.63905     0.06      0.05     0.08     1 
0130321333   40.81483    -72.60173     0.12      0.09     0.15     1 
0130321334   40.81405    -72.56442     0.00     -0.04     0.04     1 
0130321363   40.81213    -74.28243     0.28      0.16     0.32     1 
0130321366   40.81138    -74.17039     0.17      0.02     0.17     1 
0130321367   40.81111    -74.13305     0.02      0.01     0.02     1 
0130321368   40.81082    -74.09571    -0.09      0.00     0.09     1 
0130321369   40.81052    -74.05836    -0.19      0.05     0.20     1 
0130321370   40.81021    -74.02102    -0.11     -0.05     0.12     1 
0130321373   40.80920    -73.90900    -0.10     -0.02     0.11     1 
0130321374   40.80885    -73.87166    -0.15     -0.03     0.15     1 
0130321375   40.80848    -73.83432    -0.26      0.00     0.26     1 
0130321376   40.80809    -73.79698    -0.20     -0.03     0.20     1 
0130321377   40.80770    -73.75964    -0.05      0.10     0.12     1 
0130321378   40.80729    -73.72230     0.09      0.01     0.09     1 
0130321379   40.80687    -73.68497     0.19      0.14     0.24     1 
0130321380   40.80644    -73.64763    -0.10     -0.04     0.11     1 
0130321381   40.80599    -73.61030     0.24      0.07     0.25     1 
0130321382   40.80554    -73.57296     0.25      0.09     0.26     1 
0130321383   40.80507    -73.53563     0.02      0.05     0.05     1 
0130321384   40.80459    -73.49830     0.01     -0.01     0.01     1 
0130321385   40.80410    -73.46097     0.08     -0.01     0.08     1 
0130321386   40.80359    -73.42363     0.01      0.07     0.07     1 
0130321388   40.80255    -73.34898     0.18      0.04     0.18     1 
0130321389   40.80201    -73.31165     0.15      0.02     0.15     1 
0130321390   40.80146    -73.27432    -0.04      0.10     0.10     1 
0130321392   40.80032    -73.19967     0.03      0.00     0.03     1 
0130321393   40.79973    -73.16235     0.11      0.02     0.11     1 
0130321394   40.79913    -73.12503    -0.04     -0.03     0.04     1 
0130321395   40.79851    -73.08771     0.08     -0.02     0.08     1 
0130321401   40.79458    -72.86381     0.26      0.12     0.29     1 
0130321402   40.79389    -72.82649    -0.12      0.23     0.25     1 
0130321403   40.79318    -72.78918    -0.04     -0.02     0.04     1 
0130321404   40.79246    -72.75187    -0.09     -0.10     0.13     1 
0130321405   40.79172    -72.71456     0.02      0.08     0.08     1 
0130321406   40.79098    -72.67726    -0.02     -0.21     0.21     1 
0130321438   40.78673    -74.28270     0.22      0.04     0.23     1 
0130321440   40.78624    -74.20804     0.11      0.11     0.16     1 
0130321441   40.78598    -74.17071     0.16      0.03     0.16     1 
0130321442   40.78571    -74.13338     0.14     -0.10     0.17     1 
0130321443   40.78542    -74.09605    -0.09     -0.02     0.09     1 
0130321447   40.78415    -73.94674     0.13     -0.07     0.15     1 
0130321448   40.78381    -73.90941    -0.08     -0.13     0.15     1 
0130321449   40.78345    -73.87209    -0.08      0.00     0.08     1 
0130321450   40.78308    -73.83476    -0.24     -0.04     0.24     1 
0130321451   40.78269    -73.79744    -0.03      0.00     0.03     1 
0130321452   40.78230    -73.76011    -0.06     -0.00     0.06     1 
0130321454   40.78147    -73.68547     0.37      0.05     0.37     1 
0130321455   40.78104    -73.64815     0.06      0.05     0.08     1 
0130321456   40.78060    -73.61083     0.17      0.11     0.20     1 
0130321457   40.78014    -73.57350     0.28     -0.12     0.30     1 
0130321458   40.77967    -73.53619    -0.07      0.08     0.10     1 
0130321459   40.77920    -73.49887     0.03      0.04     0.05     1 
0130321460   40.77870    -73.46155     0.05      0.06     0.08     1 
0130321461   40.77820    -73.42423     0.02     -0.13     0.13     1 
0130321462   40.77768    -73.38692     0.20      0.09     0.22     1 
0130321463   40.77716    -73.34960     0.36     -0.01     0.36     1 
0130321464   40.77662    -73.31229     0.17      0.03     0.18     1 
0130321465   40.77606    -73.27498    -0.11      0.04     0.12     1 
0130321466   40.77550    -73.23767     0.05      0.04     0.07     1 
0130321467   40.77493    -73.20036    -0.00     -0.05     0.05     1 
0130321468   40.77434    -73.16305     0.16      0.12     0.20     1 
0130321469   40.77374    -73.12574     0.16      0.02     0.16     1 
0130321470   40.77312    -73.08844     0.09      0.03     0.09     1 
0130321471   40.77250    -73.05113     0.00      0.05     0.05     1 
0130321472   40.77186    -73.01382     0.07     -0.08     0.10     1 
0130321473   40.77121    -72.97652     0.04     -0.03     0.06     1 
0130321474   40.77056    -72.93922     0.34     -0.03     0.34     1 
0130321475   40.76988    -72.90192     0.14      0.08     0.17     1 
0130321476   40.76920    -72.86462     0.19      0.01     0.19     1 
0130321477   40.76850    -72.82732    -0.03      0.01     0.03     1 
0130321478   40.76779    -72.79002     0.07      0.01     0.07     1 
0130321479   40.76707    -72.75273     0.31      0.03     0.32     1 
0130321513   40.76133    -74.28298     0.03      0.05     0.06     1 
0130321514   40.76109    -74.24566     0.05      0.10     0.11     1 
0130321516   40.76058    -74.17103    -0.05     -0.07     0.09     1 
0130321517   40.76030    -74.13371     0.02     -0.03     0.04     1 
0130321518   40.76002    -74.09640    -0.08      0.01     0.08     1 
0130321519   40.75972    -74.05908     0.03     -0.04     0.05     1 
0130321522   40.75875    -73.94714    -0.17     -0.11     0.20     1 
0130321525   40.75768    -73.83520    -0.10     -0.05     0.11     1 
0130321526   40.75729    -73.79789     0.06     -0.02     0.06     1 
0130321527   40.75690    -73.76059    -0.09      0.07     0.11     1 
0130321528   40.75649    -73.72328     0.06     -0.03     0.07     1 
0130321529   40.75607    -73.68597    -0.03      0.06     0.06     1 
0130321530   40.75564    -73.64866    -0.01      0.10     0.10     1 
0130321531   40.75520    -73.61135     0.01      0.10     0.10     1 
0130321532   40.75474    -73.57405     0.08      0.05     0.09     1 
0130321533   40.75428    -73.53674     0.07      0.00     0.07     1 
0130321534   40.75380    -73.49944    -0.19      0.00     0.19     1 
0130321535   40.75331    -73.46214     0.33      0.14     0.36     1 
0130321536   40.75281    -73.42484     0.01     -0.11     0.11     1 
0130321537   40.75229    -73.38753     0.09      0.07     0.11     1 
0130321538   40.75176    -73.35023     0.06      0.00     0.06     1 
0130321542   40.74953    -73.20104     0.16      0.06     0.17     1 
0130321544   40.74835    -73.12646     0.08      0.07     0.10     1 
0130321545   40.74773    -73.08916     0.11      0.04     0.11     1 
0130321546   40.74711    -73.05187     0.14     -0.03     0.14     1 
0130321547   40.74647    -73.01458    -0.16     -0.07     0.17     1 
0130321548   40.74583    -72.97729    -0.21     -0.05     0.22     1 
0130321549   40.74517    -72.94000    -0.16     -0.03     0.16     1 
0130321551   40.74381    -72.86543    -0.13      0.09     0.16     1 
0130321587   40.73615    -74.32055     0.11      0.06     0.12     1 
0130321588   40.73593    -74.28325     0.28      0.06     0.28     1 
0130321589   40.73569    -74.24595     0.16      0.04     0.17     1 
0130321591   40.73518    -74.17134     0.01      0.06     0.06     1 
0130321592   40.73490    -74.13404    -0.03      0.10     0.11     1 
0130321593   40.73462    -74.09674    -0.02      0.18     0.18     1 
0130321595   40.73401    -74.02214    -0.09     -0.08     0.12     1 
0130321597   40.73335    -73.94754    -0.22     -0.07     0.23     1 
0130321598   40.73301    -73.91024    -0.05     -0.04     0.07     1 
0130321600   40.73228    -73.83565    -0.07      0.03     0.08     1 
0130321601   40.73190    -73.79835    -0.04     -0.02     0.05     1 
0130321602   40.73150    -73.76106     0.13      0.07     0.15     1 
0130321603   40.73110    -73.72376     0.03      0.06     0.07     1 
0130321604   40.73068    -73.68647     0.06      0.04     0.07     1 
0130321605   40.73025    -73.64917     0.10     -0.05     0.11     1 
0130321607   40.72935    -73.57459     0.12      0.05     0.13     1 
0130321609   40.72840    -73.50001     0.09     -0.10     0.13     1 
0130321610   40.72791    -73.46272     0.04     -0.06     0.08     1 
0130321611   40.72741    -73.42543    -0.14     -0.05     0.15     1 
0130321615   40.72528    -73.27629    -0.06      0.02     0.06     1 
0130321616   40.72472    -73.23901     0.02      0.03     0.03     1 
0130321617   40.72414    -73.20173     0.11     -0.04     0.12     1 
0130321618   40.72355    -73.16445     0.13      0.02     0.13     1 
0130321619   40.72295    -73.12717    -0.15      0.00     0.15     1 
0130321621   40.72172    -73.05261    -0.18     -0.02     0.18     1 
0130321662   40.71075    -74.32081     0.14      0.04     0.14     1 
0130321664   40.71029    -74.24623     0.00      0.09     0.09     1 
0130321665   40.71004    -74.20894    -0.11      0.19     0.22     1 
0130321667   40.70950    -74.13437    -0.10     -0.05     0.11     1 
0130321668   40.70922    -74.09708    -0.09      0.06     0.11     1 
0130321670   40.70861    -74.02251     0.18     -0.03     0.18     1 
0130321671   40.70829    -73.98522    -0.06     -0.04     0.07     1 
0130321674   40.70725    -73.87337    -0.00     -0.02     0.02     1 
0130321677   40.70610    -73.76153     0.03      0.03     0.04     1 
0130321678   40.70570    -73.72425    -0.17      0.11     0.20     1 
0130321679   40.70528    -73.68697     0.14     -0.00     0.14     1 
0130321680   40.70485    -73.64969    -0.07     -0.20     0.22     1 
0130321684   40.70301    -73.50058     0.06      0.18     0.19     1 
0130321686   40.70202    -73.42603     0.12     -0.02     0.12     1 
0130321687   40.70150    -73.38876     0.03      0.04     0.04     1 
0130321688   40.70097    -73.35149     0.00     -0.06     0.06     1 
0130321689   40.70044    -73.31422    -0.02      0.10     0.10     1 
0130321690   40.69989    -73.27695    -0.09     -0.05     0.10     1 
0130321691   40.69932    -73.23968    -0.07     -0.05     0.09     1 
0130321692   40.69875    -73.20241    -0.21     -0.02     0.21     1 
0130321693   40.69816    -73.16514    -0.16      0.00     0.16     1 
0130321737   40.68535    -74.32107    -0.01      0.05     0.05     1 
0130321738   40.68512    -74.28379     0.20      0.03     0.20     1 
0130321739   40.68488    -74.24652     0.19      0.02     0.19     1 
0130321740   40.68463    -74.20924     0.03      0.06     0.07     1 
0130321741   40.68437    -74.17197     0.04      0.03     0.05     1 
0130321743   40.68381    -74.09743    -0.06      0.14     0.15     1 
0130321744   40.68352    -74.06015    -0.17     -0.16     0.24     1 
0130321745   40.68321    -74.02288    -0.20      0.04     0.21     1 
0130321746   40.68289    -73.98561    -0.08     -0.00     0.08     1 
0130321753   40.68030    -73.72473    -0.01     -0.06     0.06     1 
0130321754   40.67988    -73.68747     0.02      0.09     0.09     1 
0130321755   40.67945    -73.65020    -0.01     -0.23     0.23     1 
0130321756   40.67901    -73.61294     0.18      0.06     0.20     1 
0130321757   40.67856    -73.57567     0.15      0.03     0.15     1 
0130321758   40.67809    -73.53841     0.13      0.05     0.14     1 
0130321759   40.67761    -73.50115     0.06      0.07     0.09     1 
0130321760   40.67712    -73.46389     0.06     -0.04     0.07     1 
0130321761   40.67662    -73.42663    -0.04      0.03     0.05     1 
0130321762   40.67611    -73.38937    -0.02     -0.01     0.03     1 
0130321763   40.67558    -73.35211    -0.08     -0.01     0.08     1 
0130321764   40.67504    -73.31486    -0.15     -0.02     0.15     1 
0130321812   40.65994    -74.32133     0.04      0.11     0.12     1 
0130321813   40.65972    -74.28407     0.08      0.02     0.08     1 
0130321814   40.65948    -74.24680     0.23     -0.06     0.24     1 
0130321818   40.65841    -74.09777    -0.07      0.16     0.17     1 
0130321820   40.65781    -74.02325    -0.08      0.17     0.19     1 
0130321825   40.65608    -73.83697    -0.18      0.01     0.18     1 
0130321826   40.65570    -73.79972    -0.08     -0.02     0.08     1 
0130321828   40.65490    -73.72522    -0.06      0.10     0.12     1 
0130321830   40.65405    -73.65071    -0.02     -0.05     0.06     1 
0130321831   40.65361    -73.61346    -0.03     -0.07     0.07     1 
0130321832   40.65316    -73.57621    -0.07     -0.01     0.07     1 
0130321833   40.65269    -73.53897    -0.09      0.01     0.09     1 
0130321834   40.65222    -73.50172    -0.03      0.03     0.04     1 
0130321835   40.65173    -73.46447    -0.11      0.03     0.12     1 
0130321836   40.65122    -73.42723    -0.09      0.00     0.09     1 
0130321837   40.65071    -73.38998    -0.09     -0.04     0.10     1 
0130321838   40.65019    -73.35274     0.17     -0.06     0.18     1 
0130321839   40.64965    -73.31550     0.34      0.10     0.36     1 
0130321840   40.64910    -73.27826     0.00     -0.02     0.02     1 
0130321841   40.64854    -73.24101    -0.00     -0.22     0.22     1 
0130321842   40.64796    -73.20377    -0.20     -0.03     0.20     1 
0130321887   40.63454    -74.32158     0.02      0.11     0.11     1 
0130321888   40.63432    -74.28434     0.36     -0.03     0.36     1 
0130321889   40.63408    -74.24709     0.05     -0.08     0.09     1 
0130321891   40.63357    -74.17260    -0.16     -0.01     0.16     1 
0130321892   40.63330    -74.13535    -0.03     -0.00     0.03     1 
0130321894   40.63271    -74.06087     0.06     -0.19     0.20     1 
0130321895   40.63240    -74.02362    -0.10     -0.09     0.13     1 
0130321898   40.63141    -73.91190    -0.29     -0.21     0.36     1 
0130321901   40.63030    -73.80017     0.04      0.31     0.31     1 
0130321903   40.62950    -73.72570     0.00      0.06     0.06     1 
0130321904   40.62909    -73.68846    -0.05      0.04     0.07     1 
0130321905   40.62866    -73.65122    -0.04     -0.01     0.05     1 
0130321906   40.62821    -73.61399    -0.14      0.05     0.14     1 
0130321907   40.62776    -73.57675    -0.00      0.04     0.04     1 
0130321908   40.62730    -73.53952    -0.08     -0.01     0.08     1 
0130321909   40.62682    -73.50229    -0.13      0.02     0.13     1 
0130321910   40.62633    -73.46505    -0.01     -0.12     0.12     1 
0130321911   40.62583    -73.42782    -0.09      0.01     0.09     1 
0130321961   40.60935    -74.35907     0.37      0.07     0.38     1 
0130321962   40.60914    -74.32184     0.13     -0.07     0.15     1 
0130321963   40.60891    -74.28461     0.10     -0.08     0.13     1 
0130321964   40.60867    -74.24738    -0.12      0.10     0.15     1 
0130321965   40.60843    -74.21014    -0.15     -0.01     0.15     1 
0130321966   40.60817    -74.17291    -0.04     -0.04     0.06     1 
0130321968   40.60761    -74.09845    -0.03      0.01     0.03     1 
0130321969   40.60731    -74.06122     0.14     -0.01     0.14     1 
0130321970   40.60700    -74.02399     0.06      0.06     0.09     1 
0130321975   40.60528    -73.83786     0.02      0.08     0.08     1 
0130321976   40.60490    -73.80063    -0.11      0.02     0.11     1 
0130321977   40.60451    -73.76340    -0.13      0.10     0.16     1 
0130321978   40.60410    -73.72618     0.02      0.05     0.05     1 
0130321979   40.60369    -73.68896    -0.04      0.06     0.07     1 
0130321980   40.60326    -73.65174    -0.07      0.03     0.08     1 
0130321981   40.60282    -73.61451    -0.07      0.08     0.11     1 
0130321982   40.60236    -73.57729    -0.13      0.17     0.21     1 
0130321983   40.60190    -73.54007    -0.07      0.09     0.11     1 
0130321984   40.60142    -73.50285     0.17      0.03     0.18     1 
0130322036   40.58395    -74.35932     0.32      0.00     0.32     1 
0130322037   40.58373    -74.32210     0.28      0.03     0.29     1 
0130322038   40.58351    -74.28488     0.09      0.00     0.09     1 
0130322039   40.58327    -74.24766    -0.16     -0.05     0.17     1 
0130322040   40.58302    -74.21044    -0.11      0.07     0.13     1 
0130322041   40.58276    -74.17323    -0.14     -0.07     0.16     1 
0130322044   40.58191    -74.06158    -0.10     -0.09     0.14     1 
0130322046   40.58128    -73.98715    -0.06      0.03     0.07     1 
0130322047   40.58095    -73.94993    -0.17     -0.05     0.18     1 
0130322048   40.58060    -73.91272    -0.20      0.17     0.26     1 
0130322049   40.58025    -73.87551    -0.05      0.01     0.05     1 
0130322111   40.55854    -74.35956     0.27     -0.03     0.27     1 
0130322113   40.55811    -74.28515     0.15     -0.13     0.20     1 
0130322114   40.55787    -74.24795    -0.03     -0.04     0.05     1 
0130322115   40.55762    -74.21074    -0.05      0.03     0.06     1 
0130322116   40.55736    -74.17354     0.00      0.01     0.01     1 
0130322117   40.55709    -74.13634     0.29      0.07     0.30     1 
0130322118   40.55680    -74.09913    -0.12     -0.14     0.18     1 
0130322187   40.53293    -74.32261     0.10     -0.07     0.12     1 
0130322188   40.53270    -74.28542     0.03     -0.13     0.13     1 
0130322189   40.53247    -74.24823    -0.03      0.02     0.04     1 
0130322190   40.53222    -74.21104     0.17     -0.07     0.19     1 
0130322191   40.53196    -74.17385     0.15     -0.20     0.25     1 
0130322192   40.53169    -74.13666     0.07     -0.16     0.18     1 
0130322263   40.50730    -74.28569    -0.13     -0.10     0.16     1 
0130322264   40.50706    -74.24851     0.05     -0.06     0.08     1 
0130322265   40.50682    -74.21134    -0.04     -0.26     0.27     1 
0130322335   40.48253    -74.39745    -0.19     -0.09     0.21     1 
0130322336   40.48233    -74.36028     0.06     -0.15     0.16     1 
0130322337   40.48212    -74.32312     0.09     -0.04     0.09     1 
0130322338   40.48190    -74.28596     0.04     -0.01     0.04     1 
0130322410   40.45713    -74.39767    -0.02     -0.00     0.02     1 
0130322411   40.45693    -74.36052    -0.08     -0.11     0.14     1 
0130322412   40.45672    -74.32338     0.16     -0.10     0.19     1 
0130322413   40.45649    -74.28623     0.03     -0.01     0.03     1 
0130322414   40.45626    -74.24908     0.11     -0.11     0.16     1 
0130322415   40.45601    -74.21193     0.16     -0.20     0.25     1 
0130322416   40.45575    -74.17478     0.17      0.04     0.17     1 
0130322417   40.45548    -74.13764     0.03     -0.04     0.05     1 
0130322419   40.45490    -74.06335    -0.22     -0.04     0.22     1 
0130322485   40.43172    -74.39790     0.13     -0.09     0.16     1 
0130322486   40.43152    -74.36077    -0.02     -0.01     0.03     1 
0130322487   40.43131    -74.32363    -0.04     -0.03     0.05     1 
0130322488   40.43109    -74.28650     0.06     -0.06     0.09     1 
0130322489   40.43085    -74.24936     0.07      0.16     0.17     1 
0130322490   40.43061    -74.21223    -0.09     -0.04     0.10     1 
0130322491   40.43035    -74.17509     0.21     -0.05     0.22     1 
0130322492   40.43008    -74.13796     0.16     -0.04     0.16     1 
0130322494   40.42950    -74.06370    -0.03     -0.04     0.05     1 
0130322560   40.40632    -74.39813     0.31     -0.04     0.31     1 
0130322561   40.40612    -74.36101     0.01      0.02     0.02     1 
0130322562   40.40591    -74.32389     0.17      0.01     0.17     1 
0130322563   40.40568    -74.28677     0.34      0.03     0.34     1 
0130322564   40.40545    -74.24964     0.13     -0.02     0.13     1 
0130322565   40.40520    -74.21252     0.12     -0.08     0.14     1 
0130322566   40.40494    -74.17540     0.20     -0.03     0.20     1 
0130322568   40.40439    -74.10117     0.30      0.07     0.31     1 
0130322569   40.40410    -74.06405     0.31      0.13     0.34     1 
0130322570   40.40379    -74.02693     0.14      0.11     0.18     1 
0130322571   40.40347    -73.98982     0.18      0.18     0.25     1 
0130322635   40.38091    -74.39835     0.10      0.15     0.18     1 
0130322636   40.38071    -74.36125     0.32     -0.10     0.33     1 
0130322637   40.38050    -74.32414     0.25     -0.00     0.25     1 
0130322638   40.38028    -74.28703     0.28     -0.01     0.28     1 
0130322639   40.38005    -74.24993     0.20     -0.02     0.20     1 
0130322640   40.37980    -74.21282     0.19      0.12     0.23     1 
0130322641   40.37954    -74.17571     0.16     -0.06     0.17     1 
0130322642   40.37927    -74.13861     0.31      0.01     0.31     1 
0130322643   40.37899    -74.10151     0.16     -0.07     0.17     1 
0130322644   40.37869    -74.06440     0.24     -0.02     0.24     1 
0130322645   40.37839    -74.02730    -0.02     -0.13     0.13     1 
0130322646   40.37807    -73.99020    -0.08     -0.01     0.08     1 
0130322709   40.35570    -74.43567     0.15     -0.08     0.17     1 
0130322710   40.35551    -74.39858     0.23     -0.08     0.25     1 
0130322712   40.35510    -74.32439     0.33     -0.01     0.33     1 
0130322714   40.35464    -74.25021     0.31     -0.00     0.31     1 
0130322716   40.35414    -74.17602     0.40      0.05     0.41     1 
0130322717   40.35387    -74.13893     0.31      0.02     0.31     1 
0130322718   40.35359    -74.10184     0.18     -0.00     0.18     1 
0130322719   40.35329    -74.06475    -0.18     -0.11     0.21     1 
0130322720   40.35298    -74.02766     0.34     -0.03     0.34     1 
0130322721   40.35267    -73.99058    -0.09     -0.08     0.12     1 
0130322784   40.33029    -74.43588     0.25     -0.02     0.25     1 
0130322786   40.32990    -74.36173     0.34     -0.06     0.34     1 
0130322787   40.32970    -74.32465     0.26     -0.03     0.26     1 
0130322788   40.32947    -74.28757     0.36     -0.18     0.40     1 
0130322789   40.32924    -74.25049     0.23      0.00     0.23     1 
0130322790   40.32899    -74.21341     0.29     -0.12     0.31     1 
0130322791   40.32873    -74.17633     0.19     -0.05     0.19     1 
0130322792   40.32846    -74.13926     0.09     -0.02     0.09     1 
0130322793   40.32818    -74.10218     0.12      0.01     0.12     1 
0130322794   40.32789    -74.06510     0.08     -0.07     0.11     1 
0130322795   40.32758    -74.02803    -0.01     -0.08     0.08     1 
0130322796   40.32726    -73.99095    -0.07     -0.03     0.08     1 
0130322859   40.30489    -74.43610     0.29      0.09     0.30     1 
0130322860   40.30470    -74.39903     0.13      0.06     0.15     1 
0130322861   40.30450    -74.36196     0.23      0.02     0.23     1 
0130322862   40.30429    -74.32490     0.33      0.01     0.33     1 
0130322863   40.30407    -74.28783     0.15     -0.18     0.24     1 
0130322865   40.30359    -74.21371     0.22     -0.04     0.23     1 
0130322866   40.30333    -74.17664     0.26      0.02     0.26     1 
0130322867   40.30306    -74.13958    -0.03     -0.07     0.08     1 
0130322868   40.30278    -74.10252     0.12     -0.06     0.13     1 
0130322869   40.30249    -74.06546     0.27     -0.13     0.30     1 
0130322870   40.30218    -74.02839    -0.04     -0.06     0.07     1 
0130322871   40.30186    -73.99133     0.02      0.04     0.04     1 
0130322934   40.27948    -74.43631     0.40      0.02     0.40     1 
0130322935   40.27929    -74.39925     0.44     -0.02     0.44     1 
0130322936   40.27910    -74.36220     0.29     -0.04     0.29     1 
0130322937   40.27889    -74.32515     0.19     -0.04     0.20     1 
0130322938   40.27866    -74.28810     0.18      0.07     0.20     1 
0130322940   40.27818    -74.21400     0.14     -0.02     0.14     1 
0130322941   40.27793    -74.17695     0.32      0.00     0.32     1 
0130322942   40.27766    -74.13990     0.22      0.10     0.24     1 
0130322943   40.27738    -74.10285     0.13     -0.01     0.13     1 
0130322944   40.27708    -74.06580     0.00     -0.05     0.05     1 
0130322945   40.27678    -74.02876     0.17     -0.00     0.17     1 
0130322946   40.27646    -73.99171    -0.04     -0.20     0.20     1 
0130323009   40.25408    -74.43652     0.26      0.06     0.27     1 
0130323010   40.25389    -74.39948     0.24     -0.07     0.25     1 
0130323012   40.25348    -74.32541     0.11      0.02     0.11     1 
0130323013   40.25326    -74.28837    -0.05     -0.08     0.10     1 
0130323015   40.25278    -74.21429     0.21     -0.06     0.22     1 
0130323016   40.25252    -74.17726     0.11      0.02     0.11     1 
0130323017   40.25225    -74.14022     0.13     -0.01     0.13     1 
0130323018   40.25197    -74.10319     0.08     -0.12     0.14     1 
0130323019   40.25168    -74.06615     0.26     -0.03     0.26     1 
0130323020   40.25138    -74.02912     0.33      0.00     0.33     1 
0130323083   40.22884    -74.47375     0.22      0.03     0.22     1 
0130323084   40.22867    -74.43673     0.26     -0.13     0.29     1 
0130323085   40.22848    -74.39970     0.20     -0.03     0.21     1 
0130323086   40.22829    -74.36268     0.12     -0.08     0.14     1 
0130323087   40.22808    -74.32566     0.14     -0.10     0.18     1 
0130323088   40.22785    -74.28863     0.16     -0.10     0.18     1 
0130323089   40.22762    -74.25161    -0.01      0.10     0.10     1 
0130323090   40.22738    -74.21459     0.08      0.06     0.10     1 
0130323091   40.22712    -74.17757     0.21     -0.04     0.21     1 
0130323092   40.22685    -74.14054     0.14     -0.14     0.20     1 
0130323093   40.22657    -74.10352    -0.09     -0.12     0.15     1 
0130323094   40.22628    -74.06650     0.15     -0.14     0.20     1 
0130323095   40.22597    -74.02948     0.11     -0.09     0.14     1 
0130323096   40.22566    -73.99246    -0.06     -0.16     0.17     1 
0130323158   40.20344    -74.47395     0.10     -0.12     0.16     1 
0130323159   40.20327    -74.43694     0.07     -0.14     0.16     1 
0130323160   40.20308    -74.39993     0.28     -0.07     0.29     1 
0130323161   40.20288    -74.36292     0.28     -0.09     0.29     1 
0130323162   40.20267    -74.32591     0.05     -0.20     0.21     1 
0130323163   40.20245    -74.28890     0.32     -0.16     0.35     1 
0130323164   40.20222    -74.25189     0.16     -0.11     0.20     1 
0130323165   40.20197    -74.21488     0.26     -0.04     0.27     1 
0130323166   40.20172    -74.17787     0.19     -0.02     0.19     1 
0130323167   40.20145    -74.14087     0.20     -0.07     0.21     1 
0130323168   40.20117    -74.10386     0.13     -0.12     0.18     1 
0130323169   40.20087    -74.06685     0.19     -0.03     0.19     1 
0130323170   40.20057    -74.02984    -0.04     -0.06     0.07     1 
0130323233   40.17803    -74.47415     0.08     -0.04     0.09     1 
0130323234   40.17786    -74.43715     0.13      0.05     0.14     1 
0130323235   40.17767    -74.40015     0.19     -0.04     0.19     1 
0130323236   40.17748    -74.36316     0.16     -0.04     0.16     1 
0130323237   40.17727    -74.32616     0.18     -0.08     0.20     1 
0130323238   40.17704    -74.28916     0.25     -0.13     0.28     1 
0130323239   40.17681    -74.25217     0.13      0.05     0.14     1 
0130323240   40.17657    -74.21517    -0.04     -0.19     0.20     1 
0130323241   40.17631    -74.17818     0.29     -0.10     0.31     1 
0130323242   40.17604    -74.14119     0.10     -0.07     0.12     1 
0130323244   40.17547    -74.06720     0.09     -0.03     0.10     1 
0130323245   40.17516    -74.03021     0.03     -0.04     0.06     1 
0130323308   40.15263    -74.47434     0.22     -0.06     0.23     1 
0130323309   40.15245    -74.43736     0.23      0.10     0.25     1 
0130323310   40.15227    -74.40038     0.08     -0.01     0.08     1 
0130323311   40.15207    -74.36339     0.11     -0.02     0.12     1 
0130323312   40.15186    -74.32641     0.08      0.03     0.09     1 
0130323313   40.15164    -74.28943     0.15     -0.14     0.21     1 
0130323314   40.15141    -74.25245     0.10     -0.06     0.12     1 
0130323315   40.15116    -74.21547     0.16     -0.02     0.16     1 
0130323316   40.15091    -74.17849     0.23      0.03     0.24     1 
0130323317   40.15064    -74.14151     0.17     -0.05     0.17     1 
0130323318   40.15036    -74.10453     0.03     -0.10     0.11     1 
0130323319   40.15007    -74.06755     0.07     -0.10     0.12     1 
0130323320   40.14976    -74.03057     0.01      0.05     0.06     1 
0130323382   40.12738    -74.51151     0.19      0.07     0.20     1 
0130323383   40.12722    -74.47454     0.21     -0.10     0.23     1 
0130323384   40.12705    -74.43757    -0.03     -0.05     0.06     1 
0130323385   40.12686    -74.40060     0.20     -0.29     0.35     1 
0130323386   40.12667    -74.36363     0.35     -0.08     0.36     1 
0130323387   40.12646    -74.32666     0.11     -0.04     0.11     1 
0130323388   40.12624    -74.28969     0.04      0.02     0.04     1 
0130323389   40.12600    -74.25273     0.22      0.11     0.24     1 
0130323390   40.12576    -74.21576     0.18     -0.09     0.20     1 
0130323391   40.12550    -74.17879     0.33      0.02     0.33     1 
0130323392   40.12523    -74.14182     0.22      0.00     0.22     1 
0130323393   40.12495    -74.10486     0.12     -0.09     0.15     1 
0130323394   40.12466    -74.06789     0.16     -0.02     0.16     1 
0130323395   40.12436    -74.03093     0.09     -0.10     0.13     1 
0130323457   40.10198    -74.51169     0.34     -0.02     0.34     1 
0130323458   40.10182    -74.47473     0.13     -0.12     0.18     1 
0130323459   40.10164    -74.43778    -0.01     -0.06     0.06     1 
0130323460   40.10146    -74.40082     0.04     -0.03     0.05     1 
0130323461   40.10126    -74.36387     0.19     -0.07     0.20     1 
0130323462   40.10105    -74.32691     0.14     -0.11     0.18     1 
0130323464   40.10060    -74.25300     0.19     -0.07     0.21     1 
0130323465   40.10035    -74.21605     0.17     -0.09     0.19     1 
0130323466   40.10010    -74.17910     0.21      0.00     0.21     1 
0130323467   40.09983    -74.14214     0.10     -0.08     0.13     1 
0130323468   40.09955    -74.10519     0.03     -0.08     0.08     1 
0130323469   40.09926    -74.06824    -0.05     -0.13     0.14     1 
0130323470   40.09895    -74.03129     0.05      0.09     0.10     1 
0130323532   40.07657    -74.51187     0.34      0.08     0.35     1 
0130323533   40.07641    -74.47493     0.25     -0.00     0.25     1 
0130323534   40.07624    -74.43799     0.18      0.07     0.19     1 
0130323535   40.07605    -74.40104     0.17      0.08     0.19     1 
0130323536   40.07585    -74.36410     0.25     -0.00     0.25     1 
0130323537   40.07565    -74.32716    -0.18      0.13     0.22     1 
0130323538   40.07542    -74.29022     0.19      0.07     0.21     1 
0130323539   40.07519    -74.25328     0.26     -0.03     0.27     1 
0130323540   40.07495    -74.21634     0.13      0.09     0.15     1 
0130323541   40.07469    -74.17940    -0.07      0.02     0.07     1 
0130323542   40.07442    -74.14246     0.08     -0.06     0.10     1 
0130323543   40.07415    -74.10553     0.14      0.01     0.14     1 
0130323544   40.07386    -74.06859     0.04      0.02     0.05     1 
0130323607   40.05116    -74.51205     0.21      0.05     0.22     1 
0130323609   40.05083    -74.43820    -0.00      0.06     0.06     1 
0130323610   40.05065    -74.40127    -0.05      0.08     0.10     1 
0130323611   40.05045    -74.36434     0.07      0.08     0.10     1 
0130323612   40.05024    -74.32741     0.07     -0.13     0.15     1 
0130323613   40.05002    -74.29049     0.18     -0.02     0.18     1 
0130323615   40.04954    -74.21663     0.17      0.05     0.17     1 
0130323616   40.04929    -74.17971     0.00      0.10     0.10     1 
0130323617   40.04902    -74.14278     0.08      0.05     0.09     1 
0130323618   40.04874    -74.10586    -0.08      0.01     0.08     1 
0130323619   40.04845    -74.06893     0.05     -0.02     0.06     1 
0130323682   40.02576    -74.51223    -0.05     -0.05     0.07     1 
0130323683   40.02560    -74.47532    -0.00      0.05     0.05     1 
0130323684   40.02542    -74.43840     0.06      0.01     0.06     1 
0130323685   40.02524    -74.40149     0.08     -0.01     0.08     1 
0130323686   40.02504    -74.36458     0.03      0.00     0.03     1 
0130323687   40.02483    -74.32766    -0.03      0.01     0.03     1 
0130323688   40.02461    -74.29075     0.02      0.09     0.09     1 
0130323690   40.02414    -74.21692     0.19     -0.02     0.19     1 
0130323691   40.02388    -74.18001     0.11     -0.01     0.11     1 
0130323692   40.02362    -74.14310    -0.01      0.03     0.03     1 
0130323693   40.02334    -74.10619    -0.02      0.05     0.05     1 
0130323694   40.02305    -74.06928    -0.07     -0.03     0.08     1 
0130323756   40.00050    -74.54932     0.14     -0.03     0.14     1 
0130323757   40.00035    -74.51242    -0.04     -0.23     0.23     1 
0130323758   40.00019    -74.47551     0.03     -0.15     0.15     1 
0130323759   40.00002    -74.43861     0.04     -0.07     0.08     1 
0130323760   39.99983    -74.40171    -0.01     -0.09     0.09     1 
0130323761   39.99964    -74.36481     0.16     -0.05     0.17     1 
0130323762   39.99943    -74.32791    -0.06     -0.05     0.08     1 
0130323763   39.99921    -74.29101     0.08      0.02     0.08     1 
0130323764   39.99898    -74.25411     0.03      0.04     0.05     1 
0130323765   39.99873    -74.21721     0.24      0.05     0.24     1 
0130323767   39.99821    -74.14342     0.01     -0.05     0.05     1 
0130323768   39.99793    -74.10652     0.01     -0.03     0.03     1 
0130323769   39.99764    -74.06962    -0.01      0.10     0.10     1 
0130323831   39.97509    -74.54948    -0.02     -0.02     0.02     1 
0130323832   39.97494    -74.51260     0.05     -0.12     0.13     1 
0130323833   39.97478    -74.47571    -0.02     -0.10     0.10     1 
0130323834   39.97461    -74.43882    -0.03     -0.00     0.03     1 
0130323835   39.97443    -74.40193     0.07     -0.01     0.08     1 
0130323836   39.97423    -74.36505     0.05     -0.05     0.07     1 
0130323837   39.97402    -74.32816    -0.06     -0.07     0.09     1 
0130323838   39.97380    -74.29127     0.07     -0.00     0.07     1 
0130323839   39.97357    -74.25439     0.02      0.10     0.10     1 
0130323840   39.97333    -74.21750     0.09     -0.10     0.14     1 
0130323841   39.97307    -74.18062     0.01     -0.09     0.09     1 
0130323842   39.97281    -74.14374     0.20     -0.05     0.21     1 
0130323843   39.97253    -74.10685    -0.01     -0.10     0.10     1 
0130323906   39.94969    -74.54965    -0.10     -0.10     0.15     1 
0130323907   39.94954    -74.51278     0.05     -0.08     0.09     1 
0130323908   39.94938    -74.47590     0.08      0.09     0.12     1 
0130323909   39.94920    -74.43903     0.11     -0.11     0.15     1 
0130323910   39.94902    -74.40215     0.08      0.02     0.08     1 
0130323911   39.94882    -74.36528     0.08     -0.12     0.14     1 
0130323912   39.94862    -74.32841     0.09     -0.05     0.10     1 
0130323913   39.94840    -74.29154     0.10     -0.05     0.11     1 
0130323914   39.94817    -74.25467     0.15     -0.06     0.16     1 
0130323915   39.94792    -74.21779     0.11     -0.06     0.12     1 
0130323916   39.94767    -74.18092     0.11     -0.05     0.13     1 
0130323917   39.94740    -74.14405     0.09      0.06     0.11     1 
0130323918   39.94712    -74.10718     0.04     -0.17     0.18     1 
0130323981   39.92428    -74.54982     0.10      0.03     0.11     1 
0130323982   39.92413    -74.51296     0.21     -0.24     0.32     1 
0130323983   39.92397    -74.47610     0.18     -0.14     0.23     1 
0130323984   39.92380    -74.43923     0.01     -0.03     0.04     1 
0130323985   39.92361    -74.40238     0.11     -0.06     0.12     1 
0130323986   39.92342    -74.36552     0.07     -0.08     0.11     1 
0130323987   39.92321    -74.32866    -0.00     -0.10     0.10     1 
0130323988   39.92299    -74.29180     0.02     -0.03     0.04     1 
0130323989   39.92276    -74.25494     0.09      0.01     0.09     1 
0130323991   39.92226    -74.18122     0.16      0.01     0.17     1 
0130323992   39.92200    -74.14437     0.12      0.03     0.12     1 
0130323993   39.92172    -74.10751    -0.05      0.06     0.08     1 
0130324056   39.89887    -74.54998    -0.07     -0.05     0.09     1 
0130324057   39.89872    -74.51314     0.10      0.00     0.10     1 
0130324058   39.89856    -74.47629     0.00     -0.07     0.07     1 
0130324059   39.89839    -74.43944     0.14     -0.07     0.16     1 
0130324060   39.89821    -74.40260     0.22      0.01     0.22     1 
0130324061   39.89801    -74.36575     0.19     -0.01     0.19     1 
0130324062   39.89780    -74.32891     0.07      0.04     0.08     1 
0130324063   39.89758    -74.29206     0.10      0.09     0.14     1 
0130324064   39.89735    -74.25522     0.19      0.00     0.19     1 
0130324065   39.89711    -74.21837     0.17     -0.06     0.18     1 
0130324067   39.89659    -74.14468     0.08     -0.04     0.09     1 
0130324130   39.87360    -74.58698     0.02     -0.03     0.03     1 
0130324131   39.87347    -74.55015     0.04     -0.08     0.09     1 
0130324132   39.87332    -74.51332     0.01     -0.12     0.12     1 
0130324133   39.87316    -74.47648     0.02     -0.02     0.03     1 
0130324135   39.87280    -74.40282     0.14     -0.00     0.14     1 
0130324136   39.87260    -74.36598     0.01     -0.03     0.03     1 
0130324137   39.87240    -74.32915    -0.01     -0.17     0.17     1 
0130324140   39.87170    -74.21866    -0.07     -0.02     0.07     1 
0130324142   39.87119    -74.14500     0.02     -0.09     0.09     1 
0130324205   39.84819    -74.58714     0.18      0.07     0.19     1 
0130324206   39.84806    -74.55031     0.08     -0.05     0.09     1 
0130324207   39.84791    -74.51350     0.11     -0.01     0.11     1 
0130324208   39.84775    -74.47668     0.10     -0.00     0.10     1 
0130324209   39.84758    -74.43986     0.16     -0.00     0.16     1 
0130324210   39.84739    -74.40304     0.18     -0.00     0.18     1 
0130324211   39.84720    -74.36622     0.05     -0.03     0.06     1 
0130324212   39.84699    -74.32940     0.11     -0.01     0.11     1 
0130324213   39.84677    -74.29258     0.35     -0.02     0.35     1 
0130324215   39.84630    -74.21895     0.01      0.05     0.05     1 
0130324216   39.84605    -74.18213     0.11      0.05     0.13     1 
0130324217   39.84578    -74.14531    -0.04      0.03     0.05     1 
0130324280   39.82279    -74.58729     0.14     -0.13     0.19     1 
0130324281   39.82265    -74.55048     0.12      0.08     0.14     1 
0130324282   39.82250    -74.51367     0.26      0.05     0.27     1 
0130324283   39.82234    -74.47687     0.08     -0.01     0.08     1 
0130324284   39.82217    -74.44006     0.05     -0.07     0.09     1 
0130324285   39.82199    -74.40326     0.25      0.00     0.25     1 
0130324286   39.82179    -74.36645     0.22     -0.00     0.22     1 
0130324287   39.82158    -74.32965     0.07     -0.20     0.21     1 
0130324288   39.82137    -74.29284    -0.15     -0.12     0.19     1 
0130324289   39.82113    -74.25604     0.31      0.11     0.33     1 
0130324290   39.82089    -74.21923     0.12      0.08     0.14     1 
0130324291   39.82064    -74.18243     0.00      0.01     0.01     1 
0130324356   39.79724    -74.55065     0.12      0.05     0.13     1 
0130324357   39.79709    -74.51385     0.12      0.06     0.13     1 
0130324358   39.79693    -74.47706     0.21     -0.06     0.22     1 
0130324359   39.79676    -74.44027     0.08     -0.03     0.09     1 
0130324360   39.79658    -74.40348     0.13      0.08     0.15     1 
0130324361   39.79638    -74.36669    -0.03      0.23     0.23     1 
0130324362   39.79618    -74.32989     0.01     -0.14     0.14     1 
0130324363   39.79596    -74.29310     0.28      0.08     0.29     1 
0130324364   39.79573    -74.25631     0.13      0.11     0.17     1 
0130324366   39.79523    -74.18273    -0.00      0.00     0.01     1 
0130324367   39.79497    -74.14594     0.32     -0.09     0.34     1 
0130324368   39.79469    -74.10916     0.00      0.02     0.02     1 
0130324432   39.77169    -74.51403     0.02      0.12     0.12     1 
0130324434   39.77135    -74.44047     0.08      0.10     0.13     1 
0130324435   39.77117    -74.40370     0.07      0.07     0.10     1 
0130324437   39.77077    -74.33014     0.18      0.17     0.24     1 
0130324441   39.76983    -74.18303    -0.00      0.02     0.02     1 
0130324442   39.76956    -74.14626     0.04      0.06     0.07     1 
0130324443   39.76929    -74.10948    -0.04      0.01     0.04     1 
0130324505   39.74656    -74.58774     0.02      0.20     0.20     1 
0130324506   39.74643    -74.55098     0.09      0.12     0.14     1 
0130324507   39.74628    -74.51421     0.06     -0.11     0.13     1 
0130324509   39.74595    -74.44068    -0.05      0.09     0.10     1 
0130324510   39.74576    -74.40391     0.07      0.25     0.25     1 
0130324511   39.74557    -74.36715    -0.24      0.08     0.25     1 
0130324514   39.74492    -74.25686     0.20      0.04     0.20     1 
0130324515   39.74468    -74.22010     0.33     -0.01     0.33     1 
0130324516   39.74442    -74.18333     0.10      0.22     0.24     1 
0130324582   39.72087    -74.51439     0.05      0.09     0.11     1 
0130324583   39.72071    -74.47764     0.24      0.18     0.30     1 
0130324584   39.72054    -74.44088     0.00     -0.04     0.04     1 
0130324585   39.72036    -74.40413     0.16     -0.07     0.17     1 
0130324589   39.71951    -74.25713     0.15      0.03     0.16     1 
0130324590   39.71927    -74.22038     0.06     -0.03     0.07     1 
0130324654   39.69587    -74.62478    -0.15     -0.16     0.22     1 
0130324655   39.69575    -74.58804    -0.04      0.03     0.05     1 
0130324656   39.69561    -74.55131    -0.04      0.01     0.04     1 
0130324657   39.69546    -74.51457     0.19     -0.03     0.20     1 
0130324659   39.69513    -74.44109     0.03      0.16     0.16     1 
0130324660   39.69495    -74.40435    -0.00      0.02     0.02     1 
0130324661   39.69476    -74.36762     0.12     -0.00     0.12     1 
0130324662   39.69455    -74.33088    -0.10      0.02     0.10     1 
0130324663   39.69433    -74.29414     0.14      0.17     0.22     1 
0130324664   39.69410    -74.25741     0.12      0.06     0.14     1 
0130324732   39.67005    -74.51475     0.03     -0.05     0.06     1 
0130324733   39.66989    -74.47802     0.08     -0.15     0.17     1 
0130324734   39.66972    -74.44129     0.12     -0.04     0.13     1 
0130324735   39.66954    -74.40457     0.06     -0.08     0.10     1 
0130324737   39.66914    -74.33112    -0.03      0.26     0.26     1 
0130324740   39.66846    -74.22095     0.03      0.09     0.10     1 
0130324741   39.66820    -74.18423     0.15      0.22     0.26     1 
0130324814   39.64329    -74.25795     0.09      0.10     0.14     1 
0130324815   39.64305    -74.22124    -0.03      0.07     0.08     1 
0130324816   39.64280    -74.18453     0.11      0.25     0.27     1 
----------------------------------------------------------------------
---------------------------------------------------
Total correlated GCPs in Upper Left Quadrant: 470

GCP statistics this quadrant only (in Pixels)
Line residual statistics:
  Mean: 0.069
  Median: 0.060
  Standard Deviation: 0.146

Sample residual statistics:
  Mean: 0.014
  Median: 0.020
  Standard Deviation: 0.082

Quadrant RMSE: 0.182

---------------------------------------------------
Total correlated GCPs in Upper Right Quadrant: 162

GCP statistics this quadrant only (in Pixels)
Line residual statistics:
  Mean: 0.055
  Median: 0.057
  Standard Deviation: 0.148

Sample residual statistics:
  Mean: -0.002
  Median: -0.010
  Standard Deviation: 0.082

Quadrant RMSE: 0.178

---------------------------------------------------
Total correlated GCPs in Lower Left Quadrant: 355

GCP statistics this quadrant only (in Pixels)
Line residual statistics:
  Mean: 0.112
  Median: 0.109
  Standard Deviation: 0.116

Sample residual statistics:
  Mean: -0.017
  Median: -0.021
  Standard Deviation: 0.085

Quadrant RMSE: 0.183

---------------------------------------------------
Total correlated GCPs in Lower Right Quadrant: 0

GCP statistics this quadrant only (in Pixels)
Line residual statistics:
  Mean: 0.000
  Median: 0.000
  Standard Deviation: 0.000

Sample residual statistics:
  Mean: 0.000
  Median: 0.000
  Standard Deviation: 0.000

Quadrant RMSE: 0.000

---------------------------------------------------
---------------------------------------------------
Total correlated GCPs in scene: 987

GCP statistics entire scene (in Pixels)
Line residual statistics:
  Mean: 0.082
  Median: 0.080
  Standard Deviation: 0.139

Sample residual statistics:
  Mean: 0.000
  Median: 0.001
  Standard Deviation: 0.084

Scene RMSE: 0.182

