Mon. Sep. 19, 2016             LANDSAT 5                 Time: 01:05
                         Image Assessment System
                           GCP Residual Report
----------------------------------------------------------------------------
WOID: L19819655            Path/Row: 013 / 032

L0R Reference Image: L51AAA1099235151400_HDF.162630558
Acquisition Date: Aug 23, 1999

Band Number:  5

GLS date for each WRS-2 path/row used:
Path  Row   Date
013   032   10-20-2000


Point_ID         Latitude  Longitude    Height       Across    Along    Residual  Residual
                                                      Scan      Scan      In y      in x
                                                    Residual  Residual    dir       dir
                   (deg)     (deg)     (meters)     (meters)  (meters)  (meters)  (meters)

0130320001_01   40.899350  -72.547400    -5.607       2.931    -3.358     3.454    -2.818
0130320002_01   40.985966  -74.209579   109.451      -6.471     1.345    -6.603     0.241
0130320003_01   40.797198  -72.637571   -32.354       3.447    -1.956     3.728    -1.348
0130320004_01   41.050400  -73.531986   -15.842      -2.918    -1.410    -2.640    -1.880
0130320005_01   40.837345  -73.132134    -7.643      -2.996    -0.480    -2.873    -0.977
0130320006_01   40.577940  -74.178956   -28.593       4.604    -1.251     4.749    -0.458
0130320008_01   40.742508  -74.255819    36.008       0.274     5.303    -0.623     5.273
0130320009_01   40.528315  -74.193730   -22.011      -4.798    -0.367    -4.667    -1.169
0130320010_01   40.471312  -74.278993    -4.971      -2.239    -0.591    -2.107    -0.959
0130320011_01   40.320072  -74.446563    15.000       2.590    -1.904     2.874    -1.440
0130320012_01   40.704794  -73.791026   -15.364       6.472     4.426     5.634     5.452
0130320013_01   40.905181  -73.115979    36.966      -4.546    -0.433    -4.409    -1.191
0130320014_01   41.031222  -73.762948    33.541      -4.004    -0.640    -3.839    -1.303
0130320015_01   40.849362  -73.315786    24.221      -4.420     0.099    -4.374    -0.646
0130320016_01   40.246943  -74.117011    -0.020       4.785    -4.133     5.415    -3.267
0130320017_01   40.997453  -73.842051    24.670      -5.089    -0.145    -4.991    -0.997
0130320018_01   40.689480  -74.096283   -23.540       5.087    -1.209     5.218    -0.337
0130320019_01   40.348265  -74.045041   -22.951      -5.962    -1.710    -5.588    -2.690
0130320020_01   40.017080  -74.100998   -32.000       0.352    -1.782     0.648    -1.697
0130320021_01   40.830719  -73.926433   -25.000      -0.571    -1.557    -0.301    -1.631
0130320022_01   40.684149  -73.833291   -20.021       3.874     0.696     3.702     1.338
0130320023_01   40.627324  -74.207084   -29.527       4.665    -1.105     4.785    -0.305
0130320024_01   40.707930  -73.860221   -11.161       1.081     0.061     1.056     0.242
0130320025_01   40.799067  -73.664494    23.537      -1.757    -2.022    -1.391    -2.289
0130320026_01   40.761740  -73.733483    20.856      -1.297     1.658    -1.558     1.416
0130320027_01   40.706608  -73.311220   -27.502      -0.606    -0.268    -0.553    -0.366
0130320028_01   40.815703  -72.604548   -29.085       3.345    -0.254     3.341     0.312
0130320029_01   40.857797  -73.395655    36.005      -2.919     2.652    -3.324     2.124
0130320030_01   40.813219  -72.576184   -27.298      -1.563    -3.876    -0.890    -4.085
0130320031_01   40.559868  -74.308164    -2.814      -1.010    -0.301    -0.945    -0.467
0130320032_01   40.761611  -73.377712    17.883      -4.146     1.419    -4.326     0.702
0130320033_01   40.949976  -72.368043    21.203      -0.729    -1.077    -0.538    -1.184
0130320034_01   40.466811  -74.389095   -32.000       0.661    -3.393     1.224    -3.233
0130320035_01   40.997535  -73.674050    -2.958       0.604     0.414     0.526     0.510
0130320036_01   40.888862  -73.901991   -15.490       0.916    -1.564     1.166    -1.388
0130320037_01   40.440476  -74.232983   -21.941      -3.713     0.490    -3.742    -0.142
0130320038_01   40.672778  -74.004221   -30.000       3.754    -0.168     3.728     0.466
0130320040_01   41.137758  -73.265178   -27.482       0.708    -2.031     1.038    -1.884
0130320041_01   40.663038  -73.913156   -23.863      -0.216    -0.761    -0.085    -0.786
0130320042_01   40.929434  -72.332519   -24.015       4.091    -0.863     4.179    -0.163
0130320044_01   40.028130  -74.336771   -11.875       2.059    -2.888     2.518    -2.498
0130320046_01   40.254409  -74.299644    18.888      -0.364    -1.397    -0.122    -1.438
0130320047_01   40.880966  -73.278311    13.341      -2.812     1.319    -2.993     0.827
0130320049_01   40.862059  -72.411392   -29.885       2.116    -6.118     3.114    -5.677
0130320050_01   39.798738  -74.181290   -31.000       2.044    -1.109     2.202    -0.747
0130320052_01   39.950177  -74.537004   -11.575       3.395    -1.372     3.579    -0.779
0130320054_01   40.703019  -73.251655   -30.243       3.704    -1.783     3.952    -1.134
0130320055_01   40.651400  -74.099636   -31.000       5.370     0.704     5.175     1.597
0130320056_01   40.852614  -73.157330     5.136      -1.559     1.723    -1.826     1.437
0130320058_01   40.879527  -72.958272    -1.812      -5.071     1.390    -5.234     0.518
0130320059_01   40.839950  -72.474518   -32.035      -5.008    -2.818    -4.465    -3.622
0130320060_01   40.794862  -74.027647   -29.864       3.481    -1.940     3.758    -1.328
0130320061_01   41.083545  -73.462677   -15.734      -4.725     0.629    -4.764    -0.172
0130320062_01   39.673538  -74.297501    -5.740      -3.414     2.782    -3.836     2.164
0130320065_01   40.809518  -72.824205   -22.039      -0.021     2.036    -0.363     2.004
0130320066_01   40.928985  -74.139706   -20.218       3.979     1.221     3.717     1.871
0130320067_01   40.063206  -74.055365   -31.609       2.366    -3.026     2.844    -2.583
0130320071_01   40.773303  -73.441769    28.159      -2.953     0.787    -3.043     0.279
0130320072_01   40.647365  -74.003179    17.815       0.558     2.669     0.100     2.725
0130320074_01   40.910900  -74.179838     3.081       1.507     1.772     1.188     2.000
0130320076_01   40.946991  -72.439437   -30.802       4.997     1.044     4.753     1.870
0130320077_01   40.950996  -72.171632   -30.218       6.947    -5.712     7.810    -4.464
0130320078_01   40.545627  -74.235682   -14.045       3.643    -4.171     4.294    -3.498
0130320079_01   40.881471  -74.043115   -29.200       1.654    -0.231     1.670     0.051
0130320080_01   39.671251  -74.156914   -31.000      -3.381     4.872    -4.158     4.230
0130320081_01   40.857971  -73.640532   -28.120       2.698     6.070     1.639     6.437
0130320085_01   39.891523  -74.273525   -15.133      -1.285    -2.329    -0.872    -2.513
0130320086_01   40.056895  -74.111730   -31.615       2.702    -0.487     2.746    -0.024
0130320087_01   40.728748  -73.614036   -10.000       1.942     0.826     1.775     1.141
0130320088_01   40.063315  -74.345224    -3.424      -5.059     4.834    -5.804     3.911
0130320089_01   39.737284  -74.496768    -4.243       0.341     0.895     0.184     0.940
0130320090_01   40.100594  -74.033378   -29.946      -1.704     1.854    -1.993     1.539
0130320091_01   40.964243  -72.562108   -21.427       3.634     0.515     3.496     1.119
0130320092_01   40.783988  -73.900165   -28.172       4.987    -2.639     5.360    -1.763
0130320093_01   40.897519  -72.877234    -6.312      -2.651     2.314    -3.003     1.836
0130320094_01   40.768713  -72.739878   -29.624       6.562     1.234     6.263     2.322
0130320095_01   40.575041  -73.575036   -32.953       3.882     2.124     3.469     2.747
0130320096_01   40.787516  -72.666357   -30.431      -2.757    -4.811    -1.910    -5.208
0130320097_01   40.439273  -74.345128   -24.866      -1.090    -0.739    -0.950    -0.912
0130320098_01   40.698016  -73.954843   -27.807       0.684    -1.591     0.943    -1.453
0130320099_01   40.019276  -74.452868    22.019      -0.599     1.720    -0.881     1.594
0130320100_01   40.993042  -74.038294   -10.698      -6.460     4.539    -7.130     3.390
0130320101_01   40.629209  -73.748405   -29.343       5.603     0.666     5.411     1.600
0130320102_01   40.875895  -72.537230   -18.903      -0.626    -0.234    -0.578    -0.337
0130320103_01   40.822648  -73.960004   -32.000      -2.585    -4.100    -1.858    -4.476
0130320104_01   40.655550  -73.407608   -31.619       4.241    -4.013     4.856    -3.242
0130320105_01   40.241116  -74.248640     5.368      -4.289    -3.273    -3.674    -3.949
0130320106_01   39.761465  -74.266488     5.734      -4.614     5.736    -5.520     4.873
0130320107_01   39.758370  -74.095966   -33.773      -0.926    -0.719    -0.791    -0.866
0130320108_01   40.730650  -72.869760   -29.035      -0.798    -2.477    -0.371    -2.576
0130320109_01   40.669321  -73.349073   -30.091       4.039    -2.259     4.362    -1.547
0130320110_01   40.091202  -74.221786   -21.000      -0.969    -2.326    -0.561    -2.456
0130320111_01   40.738885  -74.160992   -25.810       4.203    -0.435     4.216     0.277
0130320112_01   39.739329  -74.115471   -31.350       4.255     1.521     3.936     2.219
0130320113_01   40.731814  -73.492118    -4.000      -0.066     1.896    -0.384     1.858
0130320114_01   40.607318  -74.061930   -16.425      -0.178     2.399    -0.580     2.335
0130320116_01   40.702132  -73.671759   -17.716      -2.143    -2.765    -1.647    -3.086
0130320117_01   40.776091  -74.078402   -30.000       4.358     0.008     4.294     0.740
0130320118_01   39.862333  -74.318378    11.564       0.373    -2.554     0.800    -2.454
0130320119_01   40.563395  -74.225203   -30.000       4.908    -1.699     5.125    -0.849
0130320120_01   40.896528  -72.504059   -30.689       1.129    -2.185     1.480    -1.965
0130320121_01   40.680789  -73.435051   -27.000       0.122    -0.737     0.245    -0.706
0130320122_01   39.777713  -74.115680   -31.000       4.070     2.544     3.580     3.196
0130320123_01   39.852418  -74.381952    12.098      -1.086     0.235    -1.110     0.049
0130320125_01   40.865481  -74.256936   115.831      -6.476     4.182    -7.085     3.035
0130320127_01   39.940846  -74.171874   -31.275      -0.885    -2.525    -0.445    -2.638
0130320128_01   41.014471  -72.560613   -29.827      -2.872     1.938    -3.157     1.428
0130320129_01   40.819865  -72.716444   -26.181      -0.246     2.399    -0.646     2.325
0130320130_01   40.853632  -72.900702     9.669      -0.963    -0.349    -0.891    -0.506
0130320131_01   40.680451  -73.315076   -30.082       3.861    -2.331     4.198    -1.648
0130320132_01   40.661770  -73.865621   -31.124       4.719    -1.853     4.964    -1.033
0130320133_01   39.928397  -74.499233    -2.226      -2.449    -1.997    -2.075    -2.382
0130320134_01   40.956359  -72.248032   -20.000       1.376     3.608     0.751     3.790
0130320135_01   40.756389  -73.954640   -26.334      -4.330    -5.009    -3.425    -5.665
0130320136_01   40.975263  -72.339585    47.525      -2.929     4.981    -3.725     4.419
0130320137_01   40.719578  -73.948467   -28.586       2.507    -1.769     2.769    -1.322
0130320138_01   40.768890  -74.282184    68.379      -2.172     2.461    -2.555     2.060
0130320139_01   40.535371  -74.324711    27.678      -4.095     1.027    -4.209     0.324
0130320140_01   40.787891  -74.002503    -7.496       3.830    -1.693     4.060    -1.025
0130320141_01   39.760479  -74.550185    -8.647      -1.091     1.500    -1.330     1.294
0130320143_01   40.739764  -73.586449    -4.148       2.538     1.369     2.272     1.777
0130320144_01   40.567967  -74.109615   -28.000      -0.351    -3.747     0.286    -3.753
0130320145_01   40.841022  -73.693899   -21.153      -0.113     6.856    -1.265     6.739
0130320146_01   40.359030  -74.260052    -3.216      -6.937     0.346    -6.896    -0.828
0130320147_01   40.693247  -74.129254   -27.591       6.345     1.443     6.011     2.489
0130320148_01   40.930916  -73.054675    26.962      -2.004     2.476    -2.392     2.105
0130320149_01   39.721836  -74.125495   -32.323      -0.882     5.647    -1.826     5.416
0130320150_01   40.915771  -73.406010   -29.813      -1.750    -1.380    -1.493    -1.655
0130320152_01   40.771222  -74.044699   -28.277       4.711    -2.031     4.986    -1.210
0130320153_01   39.912061  -74.191174   -20.784      -0.046    -5.266     0.847    -5.198
0130320154_01   40.742899  -72.830997   -31.486      -0.347    -3.175     0.192    -3.189
0130320155_01   40.839914  -73.898529    -9.132      -5.815    -1.676    -5.450    -2.629
0130320156_01   40.105804  -74.110038   -22.342      -3.613    -2.630    -3.116    -3.203
0130320157_01   39.763305  -74.513741    -9.916      -1.277     4.732    -2.060     4.448
0130320158_01   40.790529  -72.937891   -10.194      -0.663     3.984    -1.324     3.817
0130320159_01   40.201374  -74.437308    54.059      -5.758    -0.803    -5.538    -1.762
0130320160_01   40.933678  -73.090583     4.604      -3.869     2.397    -4.217     1.713
0130320161_01   40.809960  -72.776533   -20.008       1.740     5.229     0.836     5.449
0130320162_01   40.900078  -72.383912   -17.865       3.282    -0.801     3.370    -0.237
0130320163_01   40.845585  -74.050038   -30.000      -0.239     0.655    -0.345     0.605
0130320164_01   40.899689  -74.090223   -19.733      -1.853     2.991    -2.329     2.638
0130320165_01   40.692493  -74.296142    -3.000       2.543     2.641     2.061     3.031
0130320166_01   40.016077  -74.184675   -12.000      -3.599    -0.785    -3.414    -1.381
0130320167_01   40.916827  -72.727714   -19.271       2.258    -2.117     2.582    -1.707
0130320168_01   39.978490  -74.074451   -31.558       2.434    -0.845     2.542    -0.421
0130320169_01   39.921786  -74.081534   -32.589       0.500     3.717    -0.137     3.748
0130320170_01   40.424301  -73.991981   -33.000       4.974    -5.328     5.802    -4.414
0130320171_01   39.990431  -74.314646    -9.384       2.670    -3.137     3.162    -2.640
0130320172_01   40.899444  -73.359390   -31.400      -0.002    -1.905     0.318    -1.878
0130320174_01   40.937192  -73.491733   -31.420      -0.380     3.630    -0.985     3.515
0130320175_01   40.872765  -72.883009    -0.176      -0.739     1.143    -0.921     1.002
0130320176_01   40.926202  -72.616592   -30.518       5.442    -2.491     5.784    -1.541
0130320177_01   40.664484  -74.187478   -22.741       3.677     1.929     3.300     2.520
0130320178_01   40.705311  -73.925254   -25.051       3.339    -1.513     3.547    -0.930
0130320180_01   40.917522  -72.450905   -33.449       6.589     2.191     6.129     3.270
0130320181_01   39.928303  -74.234517   -25.016      -1.246    -4.679    -0.436    -4.822
0130320182_01   39.694903  -74.449840     6.929      -1.881     4.712    -2.653     4.326
0130320183_01   39.739425  -74.380511    -6.000      -1.053     0.501    -1.122     0.316
0130320186_01   40.910012  -73.542577   -32.000      -4.867    -5.067    -3.946    -5.813
0130320187_01   41.078182  -74.142764    72.984      -3.354     1.386    -3.538     0.804
0130320188_01   40.865901  -74.198549    87.717      -1.916     1.824    -2.195     1.476
0130320190_01   40.872204  -74.135814   -17.651       3.647    -0.328     3.650     0.289
0130320192_01   39.654049  -74.170411   -31.072       0.555     3.378    -0.026     3.424
0130320193_01   40.650922  -73.485425   -31.895       2.870    -1.288     3.046    -0.787
0130320194_01   40.833785  -72.669359   -15.875      -4.778     2.219    -5.084     1.383
0130320195_01   39.780236  -74.379795     2.529      -0.927     2.247    -1.294     2.058
0130320196_01   40.812603  -74.016361   -29.000       4.751    -2.221     5.057    -1.391
0130320198_01   40.705603  -73.816936   -13.366       3.009    -0.946     3.125    -0.427
0130320199_01   40.977429  -72.471774   -30.925      -1.300     6.685    -2.405     6.374
0130320200_01   40.747370  -74.103318   -30.000       6.645    -0.183     6.581     0.936
0130320201_01   40.052140  -74.283781    -5.601      -2.479    -2.004    -2.104    -2.394
0130320202_01   40.807405  -73.022012    -9.880      -1.352     1.114    -1.521     0.870
0130320203_01   41.122474  -73.547177    34.697      -4.023     1.205    -4.168     0.513
0130320204_01   40.769089  -74.152081    -0.606       3.333     1.410     3.048     1.950
0130320205_01   39.979539  -74.177731   -18.677      -2.466    -2.072    -2.080    -2.459
0130320207_01   40.793519  -73.936634   -29.778      -1.110    -1.617    -0.822    -1.781
0130320208_01   40.601214  -73.571644   -33.444       3.050     1.420     2.767     1.914
0130320209_01   40.839389  -74.156879     8.131      -0.098     1.846    -0.407     1.803
0130320210_01   39.810792  -74.434897     9.651       1.380    -6.877     2.526    -6.545
0130320211_01   40.675652  -73.495869   -26.000      -2.482    -0.402    -2.379    -0.814
0130320212_01   40.849862  -72.702959   -12.009      -0.785     3.032    -1.284     2.857
0130320213_01   39.685678  -74.502041   -18.889       2.070     3.102     1.514     3.408
0130320214_01   41.144736  -74.152980   131.884      -6.274     3.368    -6.748     2.269
0130320215_01   40.747555  -72.998914   -27.739       3.262     0.068     3.204     0.616
0130320218_01   40.695822  -74.225091   -13.310       3.657     1.342     3.379     1.938
0130320219_01   40.947778  -72.936569    28.548      -3.682    -0.387    -3.566    -1.000
0130320220_01   40.475355  -74.321773   -29.128      -2.726    -3.231    -2.141    -3.644
0130320222_01   40.725609  -74.194195    -5.529       0.733    -0.906     0.875    -0.769
0130320223_01   40.057509  -74.157801   -23.011      -1.975    -2.198    -1.574    -2.500
0130320224_01   40.637419  -74.074636   -28.778       0.793    -4.004     1.456    -3.813
0130320225_01   40.612418  -73.415371   -30.753       1.070     1.426     0.815     1.586
0130320226_01   40.717149  -73.426031   -15.000       1.804     0.084     1.764     0.386
0130320227_01   39.679411  -74.330674   -24.707       0.065     0.983    -0.103     0.980
0130320228_01   39.810248  -74.203935   -31.493      -0.134    -3.231     0.416    -3.207
0130320230_01   40.939272  -72.701288   -17.136      -5.892     2.483    -6.227     1.457
0130320231_01   39.933407  -74.271678    -2.177      -3.933    -0.608    -3.773    -1.264
0130320232_01   40.599152  -73.473831   -31.431       0.002     2.071    -0.347     2.042
0130320233_01   40.641718  -73.167401   -29.004      -0.041    -1.097     0.145    -1.089
0130320234_01   40.727253  -73.694350    -4.845       0.731    -0.030     0.726     0.094
0130320235_01   40.713223  -73.560018   -12.000      -1.726    -0.996    -1.534    -1.272
0130320239_01   40.908143  -73.234863   -32.000      -1.826    -1.669    -1.520    -1.952
0130320240_01   40.954851  -72.751360     2.228      -0.380    -2.313     0.014    -2.344
0130320241_01   40.919174  -72.682748   -23.991       0.914    -0.598     1.002    -0.436
0130320242_01   40.813287  -72.956393    -3.018      -2.330     4.379    -3.033     3.926
0130320243_01   39.781308  -74.554253    -7.748       2.429     3.982     1.719     4.336
0130320244_01   39.688325  -74.241723   -30.000      -3.093     4.833    -3.868     4.239
0130320245_01   40.858243  -72.571340   -21.524      -6.393    -0.555    -6.210    -1.624
0130320246_01   39.842550  -74.147108   -33.000       1.342    -3.165     1.859    -2.892
0130320248_01   40.759794  -72.767545   -29.822      -4.415    -1.057    -4.176    -1.786
0130320249_01   40.704794  -74.193381   -29.595       3.417     0.110     3.350     0.683
0130320250_01   39.769614  -74.416319     0.927      -0.276     2.538    -0.702     2.455
0130320251_01   40.868023  -73.011309    -3.641      -2.154     2.416    -2.530     2.019
0130320252_01   39.992080  -74.538829    -3.391       1.670     1.180     1.446     1.445
0130320253_01   40.929059  -72.902591     2.891      -6.711     0.173    -6.646    -0.958
0130320256_01   40.877729  -73.984778   -28.275       0.694    -0.027     0.689     0.090
