Wed. Aug. 31, 2016             LANDSAT 5                 Time: 00:34
                         Image Assessment System
                           GCP Residual Report
----------------------------------------------------------------------------
WOID: L19334255            Path/Row: 013 / 032

L0R Reference Image: L51GNC1011188150100_HDF.162440454
Acquisition Date: Jul 07, 2011

Band Number:  5

GLS date for each WRS-2 path/row used:
Path  Row   Date
013   032   10-20-2000


Point_ID         Latitude  Longitude    Height       Across    Along    Residual  Residual
                                                      Scan      Scan      In y      in x
                                                    Residual  Residual    dir       dir
                   (deg)     (deg)     (meters)     (meters)  (meters)  (meters)  (meters)

0130320001_01   40.899350  -72.547400    -5.607       1.731    -0.998     1.874    -0.694
0130320002_01   40.985966  -74.209579   109.451      -3.607     1.166    -3.749     0.546
0130320003_01   40.797198  -72.637571   -32.354      -6.411    -5.593    -5.384    -6.591
0130320004_01   41.050400  -73.531986   -15.842      -2.422     2.115    -2.741     1.680
0130320005_01   40.837345  -73.132134    -7.643       0.670    -2.775     1.126    -2.624
0130320006_01   40.577940  -74.178956   -28.593       4.144    -3.333     4.644    -2.591
0130320007_01   41.024323  -74.206980    78.507      -5.049     6.023    -5.984     5.092
0130320008_01   40.742508  -74.255819    36.008      -3.384     3.474    -3.917     2.858
0130320010_01   40.471312  -74.278993    -4.971      -2.097     1.017    -2.238     0.650
0130320011_01   40.320072  -74.446563    15.000      -0.192     1.053    -0.367     1.005
0130320012_01   40.704794  -73.791026   -15.364       4.510    -5.969     5.447    -5.128
0130320013_01   40.905181  -73.115979    36.966      -3.814    -2.058    -3.416    -2.668
0130320014_01   41.031222  -73.762948    33.541      -2.678     1.261    -2.851     0.796
0130320016_01   40.246943  -74.117011    -0.020      -2.002    -3.853    -1.324    -4.134
0130320017_01   40.997453  -73.842051    24.670      -6.599     1.119    -6.692     0.000
0130320018_01   40.689480  -74.096283   -23.540       2.709     3.693     2.051     4.093
0130320019_01   40.348265  -74.045041   -22.951      -0.443     3.595    -1.041     3.469
0130320020_01   40.017080  -74.100998   -32.000       0.711     1.237     0.492     1.339
0130320021_01   40.830719  -73.926433   -25.000       2.965    -3.548     3.517    -3.001
0130320022_01   40.684149  -73.833291   -20.021       6.179    -4.280     6.808    -3.184
0130320024_01   40.707930  -73.860221   -11.161       0.204    -1.996     0.536    -1.933
0130320025_01   40.799067  -73.664494    23.537      -2.877    -3.349    -2.275    -3.783
0130320026_01   40.761740  -73.733483    20.856       4.019     0.614     3.858     1.277
0130320027_01   40.706608  -73.311220   -27.502      -0.234     2.550    -0.658     2.475
0130320028_01   40.815703  -72.604548   -29.085      -1.864     0.787    -1.970     0.463
0130320029_01   40.857797  -73.395655    36.005      -0.603    -0.264    -0.550    -0.362
0130320030_01   40.813219  -72.576184   -27.298       0.292    -3.899     0.941    -3.796
0130320031_01   40.559868  -74.308164    -2.814      -3.734    -2.248    -3.302    -2.842
0130320034_01   40.466811  -74.389095   -32.000       3.972    -2.064     4.262    -1.368
0130320035_01   40.997535  -73.674050    -2.958      -1.298     2.929    -1.770     2.670
0130320036_01   40.888862  -73.901991   -15.490      -1.006    -1.592    -0.725    -1.738
0130320037_01   40.440476  -74.232983   -21.941      -2.171     2.742    -2.601     2.338
0130320038_01   40.672778  -74.004221   -30.000       2.488    -0.523     2.540    -0.099
0130320040_01   41.137758  -73.265178   -27.482       1.704     0.201     1.647     0.483
0130320042_01   40.929434  -72.332519   -24.015       0.270     1.066     0.087     1.096
0130320044_01   40.028130  -74.336771   -11.875       3.618    -1.025     3.738    -0.402
0130320046_01   40.254409  -74.299644    18.888       1.904    -3.442     2.455    -3.072
0130320049_01   40.862059  -72.411392   -29.885      -2.655     4.819    -3.425     4.306
0130320050_01   39.798738  -74.181290   -31.000       0.333    -0.842     0.471    -0.774
0130320052_01   39.950177  -74.537004   -11.575       3.574    -3.883     4.177    -3.226
0130320054_01   40.703019  -73.251655   -30.243       4.857    -3.148     5.316    -2.289
0130320055_01   40.651400  -74.099636   -31.000       2.711     0.806     2.537     1.248
0130320060_01   40.794862  -74.027647   -29.864      -1.671    -3.671    -1.032    -3.899
0130320066_01   40.928985  -74.139706   -20.218       2.759     1.535     2.462     1.973
0130320067_01   40.063206  -74.055365   -31.609       1.517     2.303     1.107     2.524
0130320073_01   40.943221  -72.577493   -28.992       3.133    -1.312     3.309    -0.769
0130320074_01   40.910900  -74.179838     3.081      -0.764    -0.250    -0.711    -0.375
0130320076_01   40.946991  -72.439437   -30.802       4.685    -0.500     4.704     0.292
0130320077_01   40.950996  -72.171632   -30.218       4.931     7.243     3.651     7.970
0130320078_01   40.545627  -74.235682   -14.045       3.940    -0.850     4.026    -0.178
0130320079_01   40.881471  -74.043115   -29.200       1.558    -0.535     1.625    -0.267
0130320081_01   40.857971  -73.640532   -28.120      -0.476     1.674    -0.749     1.570
0130320083_01   40.853379  -73.922152   -30.795       3.129    -3.425     3.658    -2.853
0130320084_01   40.985202  -72.506065   -31.067       6.258    -1.127     6.359    -0.063
0130320086_01   40.056895  -74.111730   -31.615       2.817     1.054     2.599     1.512
0130320088_01   40.063315  -74.345224    -3.424      -2.250    -3.516    -1.625    -3.844
0130320089_01   39.737284  -74.496768    -4.243      -0.978     5.732    -1.932     5.483
0130320090_01   40.100594  -74.033378   -29.946      -1.481     3.630    -2.071     3.328
0130320091_01   40.964243  -72.562108   -21.427       4.249     0.251     4.148     0.959
0130320092_01   40.783988  -73.900165   -28.172       1.223    -1.329     1.429    -1.106
0130320093_01   40.897519  -72.877234    -6.312      -2.696     0.535    -2.747     0.075
0130320094_01   40.768713  -72.739878   -29.624      -3.871     3.861    -4.463     3.157
0130320097_01   40.439273  -74.345128   -24.866      -2.088     0.611    -2.160     0.252
0130320098_01   40.698016  -73.954843   -27.807       2.978    -5.979     3.938    -5.395
0130320099_01   40.019276  -74.452868    22.019      -0.538     0.354    -0.590     0.258
0130320101_01   40.629209  -73.748405   -29.343      -3.578     0.469    -3.606    -0.138
0130320102_01   40.875895  -72.537230   -18.903      -2.839    -0.224    -2.762    -0.697
0130320103_01   40.822648  -73.960004   -32.000       2.092    -1.646     2.337    -1.273
0130320105_01   40.241116  -74.248640     5.368      -1.023    -1.559    -0.746    -1.708
0130320107_01   39.758370  -74.095966   -33.773       2.907     5.307     1.968     5.721
0130320108_01   40.730650  -72.869760   -29.035       4.500     3.122     3.913     3.832
0130320109_01   40.669321  -73.349073   -30.091       4.484    -1.344     4.646    -0.573
0130320110_01   40.091202  -74.221786   -21.000       0.696     3.241     0.140     3.311
0130320111_01   40.738885  -74.160992   -25.810       4.155     2.612     3.657     3.270
0130320113_01   40.731814  -73.492118    -4.000      -2.821     0.091    -2.796    -0.383
0130320114_01   40.607318  -74.061930   -16.425      -5.000    -0.924    -4.773    -1.749
0130320115_01   40.917360  -72.568463   -30.156      -0.811    -3.419    -0.228    -3.508
0130320116_01   40.702132  -73.671759   -17.716      -2.168    -0.324    -2.083    -0.683
0130320117_01   40.776091  -74.078402   -30.000       3.789    -2.553     4.163    -1.882
0130320118_01   39.862333  -74.318378    11.564      -1.685     1.792    -1.963     1.482
0130320119_01   40.563395  -74.225203   -30.000       1.488    -0.581     1.564    -0.324
0130320120_01   40.896528  -72.504059   -30.689       0.014    -4.276     0.729    -4.214
0130320121_01   40.680789  -73.435051   -27.000      -0.130     0.314    -0.181     0.288
0130320122_01   39.777713  -74.115680   -31.000      -0.790    -2.081    -0.428    -2.184
0130320123_01   39.852418  -74.381952    12.098      -0.731    -3.842    -0.072    -3.909
0130320126_01   40.842333  -73.666829   -27.616      -4.649     0.052    -4.592    -0.727
0130320127_01   39.940846  -74.171874   -31.275      -3.348    -0.678    -3.185    -1.232
0130320129_01   40.819865  -72.716444   -26.181      -2.455    -1.088    -2.238    -1.484
0130320130_01   40.853632  -72.900702     9.669      -3.523     3.015    -3.979     2.382
0130320131_01   40.680451  -73.315076   -30.082       4.847    -1.147     4.970    -0.319
0130320134_01   40.956359  -72.248032   -20.000      -2.886    -2.048    -2.503    -2.504
0130320135_01   40.756389  -73.954640   -26.334       4.220    -2.819     4.632    -2.073
0130320138_01   40.768890  -74.282184    68.379      -0.195     0.746    -0.318     0.703
0130320139_01   40.535371  -74.324711    27.678      -3.590     5.107    -4.396     4.432
0130320140_01   40.787891  -74.002503    -7.496       0.621    -3.418     1.185    -3.265
0130320141_01   39.760479  -74.550185    -8.647      -4.498     5.666    -5.390     4.826
0130320142_01   40.186610  -74.009252   -30.898      -0.464     4.026    -1.135     3.890
0130320143_01   40.739764  -73.586449    -4.148       1.729     1.721     1.416     1.986
0130320145_01   40.841022  -73.693899   -21.153      -1.730     3.126    -2.230     2.792
0130320148_01   40.930916  -73.054675    26.962      -4.053     4.763    -4.792     4.016
0130320150_01   40.915771  -73.406010   -29.813      -5.919    -1.426    -5.596    -2.397
0130320153_01   39.912061  -74.191174   -20.784      -1.984     1.513    -2.211     1.157
0130320156_01   40.105804  -74.110038   -22.342      -4.853    -0.879    -4.635    -1.683
0130320157_01   39.763305  -74.513741    -9.916      -0.553     5.617    -1.493     5.443
0130320159_01   40.201374  -74.437308    54.059      -5.166    -4.453    -4.341    -5.256
0130320160_01   40.933678  -73.090583     4.604      -3.654     0.214    -3.638    -0.401
0130320161_01   40.809960  -72.776533   -20.008      -5.480     1.183    -5.602     0.247
0130320162_01   40.900078  -72.383912   -17.865       2.364    -3.384     2.898    -2.941
0130320163_01   40.845585  -74.050038   -30.000      -0.512    -0.680    -0.391    -0.756
0130320165_01   40.692493  -74.296142    -3.000      -0.396     6.187    -1.428     6.031
0130320166_01   40.016077  -74.184675   -12.000      -4.744     2.151    -5.038     1.322
0130320167_01   40.916827  -72.727714   -19.271      -0.065    -1.787     0.235    -1.773
0130320171_01   39.990431  -74.314646    -9.384       4.042     0.608     3.881     1.279
0130320172_01   40.899444  -73.359390   -31.400      -0.045     2.275    -0.425     2.235
0130320174_01   40.937192  -73.491733   -31.420       0.946     6.466    -0.150     6.532
0130320175_01   40.872765  -72.883009    -0.176      -1.834     4.112    -2.497     3.747
0130320176_01   40.926202  -72.616592   -30.518       1.976    -3.774     2.580    -3.391
0130320177_01   40.664484  -74.187478   -22.741       2.394    -0.974     2.523    -0.560
0130320180_01   40.917522  -72.450905   -33.449       4.061    -0.269     4.049     0.415
0130320181_01   39.928303  -74.234517   -25.016      -3.370     1.772    -3.620     1.179
0130320186_01   40.910012  -73.542577   -32.000       1.385    -1.957     1.693    -1.698
0130320187_01   41.078182  -74.142764    72.984      -3.638     0.470    -3.664    -0.145
0130320188_01   40.865901  -74.198549    87.717      -3.534     4.199    -4.186     3.547
0130320189_01   40.955158  -73.401142   -31.490       6.163     0.850     5.933     1.869
0130320190_01   40.872204  -74.135814   -17.651       2.535    -0.942     2.657    -0.505
0130320191_01   40.907967  -73.509495   -31.552      -1.010    -1.849    -0.686    -1.992
0130320193_01   40.650922  -73.485425   -31.895       1.611    -0.926     1.743    -0.643
0130320196_01   40.812603  -74.016361   -29.000       3.525    -5.121     4.333    -4.458
0130320198_01   40.705603  -73.816936   -13.366       3.604    -2.031     3.893    -1.399
0130320199_01   40.977429  -72.471774   -30.925       4.302     1.823     3.937     2.518
0130320200_01   40.747370  -74.103318   -30.000       6.052     0.317     5.912     1.325
0130320201_01   40.052140  -74.283781    -5.601      -3.712    -1.369    -3.427    -1.974
0130320203_01   41.122474  -73.547177    34.697      -1.569     4.192    -2.247     3.870
0130320204_01   40.769089  -74.152081    -0.606       2.743     1.161     2.509     1.603
0130320205_01   39.979539  -74.177731   -18.677       4.786    -2.810     5.190    -1.965
0130320207_01   40.793519  -73.936634   -29.778       1.740    -4.936     2.542    -4.575
0130320208_01   40.601214  -73.571644   -33.444       5.309     0.628     5.128     1.509
0130320209_01   40.839389  -74.156879     8.131       1.245    -0.551     1.320    -0.335
0130320210_01   39.810792  -74.434897     9.651      -0.402    -3.537     0.201    -3.554
0130320211_01   40.675652  -73.495869   -26.000      -1.305     2.024    -1.626     1.776
0130320213_01   39.685678  -74.502041   -18.889      -1.646     1.368    -1.854     1.070
0130320214_01   41.144736  -74.152980   131.884      -4.474     1.558    -4.670     0.788
0130320215_01   40.747555  -72.998914   -27.739       5.636    -2.863     6.036    -1.878
0130320218_01   40.695822  -74.225091   -13.310       1.087     1.403     0.836     1.565
0130320219_01   40.947778  -72.936569    28.548      -6.725     2.717    -7.085     1.552
0130320223_01   40.057509  -74.157801   -23.011      -1.433     1.139    -1.604     0.882
0130320224_01   40.637419  -74.074636   -28.778       0.174    -3.903     0.827    -3.818
0130320226_01   40.717149  -73.426031   -15.000       6.033    -1.867     6.260    -0.830
0130320227_01   39.679411  -74.330674   -24.707      -0.360     3.458    -0.939     3.347
0130320228_01   39.810248  -74.203935   -31.493      -2.452    -0.871    -2.269    -1.272
0130320229_01   40.991586  -72.603182   -24.030      -2.645    -5.181    -1.741    -5.552
0130320234_01   40.727253  -73.694350    -4.845       0.157     0.046     0.147     0.071
0130320235_01   40.713223  -73.560018   -12.000      -2.387     0.557    -2.446     0.149
0130320236_01   41.111534  -73.337685   -29.291       5.485     1.461     5.163     2.357
0130320238_01   40.852851  -73.983022    51.961      -1.511     1.751    -1.782     1.473
0130320239_01   40.908143  -73.234863   -32.000      -3.410     3.637    -3.971     3.015
0130320240_01   40.954851  -72.751360     2.228      -1.392     4.338    -2.098     4.043
0130320241_01   40.919174  -72.682748   -23.991      -2.579     2.502    -2.962     2.035
0130320245_01   40.858243  -72.571340   -21.524      -6.830     1.523    -6.990     0.357
0130320246_01   39.842550  -74.147108   -33.000       2.652    -0.837     2.755    -0.378
0130320249_01   40.704794  -74.193381   -29.595       0.333    -1.070     0.508    -0.999
0130320250_01   39.769614  -74.416319     0.927       5.115    -2.527     5.467    -1.629
0130320252_01   39.992080  -74.538829    -3.391      -0.949    -4.214    -0.225    -4.313
0130320253_01   40.929059  -72.902591     2.891      -6.354    -2.321    -5.876    -3.352
0130320255_01   40.966998  -72.723141    10.382      -0.628     0.372    -0.681     0.261
0130320256_01   40.877729  -73.984778   -28.275      -1.007    -0.535    -0.903    -0.697
0130320258_01   40.724402  -73.116471   -30.610       4.537     0.766     4.345     1.515
0130320259_01   39.873249  -74.131644   -32.126       1.177    -5.499     2.087    -5.221
