Sat. Sep. 24, 2016             LANDSAT 5                 Time: 13:22
                         Image Assessment System
                           GCP Residual Report
----------------------------------------------------------------------------
WOID: L19929021            Path/Row: 014 / 032

L0R Reference Image: L51XXX1096218140100_HDF.162681818
Acquisition Date: Aug 05, 1996

Band Number:  5

GLS date for each WRS-2 path/row used:
Path  Row   Date
014   032   09-23-1999


Point_ID         Latitude  Longitude    Height       Across    Along    Residual  Residual
                                                      Scan      Scan      In y      in x
                                                    Residual  Residual    dir       dir
                   (deg)     (deg)     (meters)     (meters)  (meters)  (meters)  (meters)

0140320001_01   39.805434  -75.427445   -32.455       1.609    -0.639     1.704    -0.326
0140320002_01   40.844760  -73.788842   -27.396       2.678    -1.212     2.849    -0.693
0140320003_01   40.948134  -74.065321   -15.668       3.969    -0.986     4.077    -0.230
0140320004_01   40.978516  -73.787468    47.304       0.272     1.362     0.007     1.387
0140320005_01   39.597576  -74.342643   -30.984      -1.179    -1.491    -0.885    -1.686
0140320007_01   40.869077  -74.151518    -4.729       4.179     0.785     3.954     1.548
0140320008_01   40.462764  -74.295361    -1.381       0.423    -3.917     1.142    -3.768
0140320009_01   40.348343  -74.123108   -16.496      -3.874     0.414    -3.887    -0.318
0140320010_01   40.600232  -75.454805    41.220       2.859    -1.311     3.058    -0.754
0140320011_01   40.627047  -74.167714   -25.800       5.931     1.201     5.596     2.285
0140320013_01   40.876867  -74.352585    25.543      -1.332     0.486    -1.401     0.228
0140320014_01   41.034599  -75.065550   265.632      -0.317     3.609    -0.978     3.485
0140320016_01   39.989676  -74.158986   -27.474      -6.669    -6.674    -5.308    -7.802
0140320018_01   40.362150  -74.024706   -18.215      -1.975    -1.643    -1.639    -1.984
0140320019_01   41.002140  -74.203678   125.341      -2.448     1.654    -2.714     1.168
0140320020_01   40.098094  -74.091837   -27.866       0.533    -0.403     0.592    -0.297
0140320021_01   40.155362  -75.136205    49.267       3.274     0.886     3.052     1.482
0140320022_01   40.260332  -74.001827   -22.602      -1.618    -1.593    -1.298    -1.868
0140320023_01   40.207880  -74.441131    51.843      -4.802     2.618    -5.206     1.673
0140320024_01   40.171667  -75.246519    38.178      -4.504     0.646    -4.539    -0.205
0140320025_01   39.957452  -75.178311   -28.973      -0.229    -1.546     0.067    -1.561
0140320027_01   40.482680  -74.484165    -1.784       4.150    -1.931     4.433    -1.122
0140320028_01   40.569220  -74.938214   144.014      -2.034    -1.227    -1.765    -1.583
0140320029_01   40.851084  -75.265036   197.558       1.495     2.166     1.070     2.405
0140320030_01   39.894887  -74.752838   -18.246      -3.460    -0.376    -3.328    -1.017
0140320032_01   40.330097  -74.257896    13.724      -2.323     2.035    -2.665     1.564
0140320034_01   40.535374  -74.198250    -6.496      -1.362     1.427    -1.607     1.146
0140320035_01   39.870199  -75.139147   -27.239       4.021    -0.994     4.136    -0.224
0140320036_01   40.001070  -75.091614   -24.348       3.735     0.969     3.488     1.650
0140320037_01   39.575384  -74.752579    -7.417       6.576     5.433     5.437     6.565
0140320038_01   40.890743  -73.900892     7.681       2.250    -0.852     2.362    -0.419
0140320039_01   40.269896  -74.815696    13.164      -0.580     0.471    -0.657     0.355
0140320040_01   40.796170  -74.619726   175.825      -4.045     0.461    -4.057    -0.300
0140320043_01   40.361513  -75.731967    69.510       0.064    -0.081     0.087    -0.066
0140320044_01   39.857539  -75.095281   -28.243       0.406     0.390     0.328     0.460
0140320045_01   40.451689  -74.342177    -5.624       0.198    -0.070     0.204    -0.033
0140320046_01   40.685601  -74.318581    -1.702       3.619     1.201     3.327     1.853
0140320048_01   40.336427  -75.155640    96.453      -1.195     2.136    -1.568     1.874
0140320049_01   40.788161  -74.002499    -1.738       0.499     0.766     0.342     0.844
0140320050_01   40.675469  -75.347048    64.468       3.807    -4.195     4.526    -3.409
0140320051_01   40.597285  -74.376918    -7.258      -2.025     1.952    -2.355     1.539
0140320052_01   40.369305  -74.586092     0.020       3.045     3.259     2.381     3.768
0140320053_01   40.856112  -75.180698   173.073       1.920     0.955     1.712     1.295
0140320054_01   40.804332  -75.086663    81.998       2.999    -0.731     3.085    -0.159
0140320055_01   40.510479  -75.296268   109.912      -3.603    -1.383    -3.275    -2.028
0140320056_01   40.300870  -74.252215    29.689      -5.891    -2.358    -5.349    -3.416
0140320057_01   40.030276  -75.260073    68.982      -2.663    -0.311    -2.552    -0.802
0140320058_01   40.484142  -74.509639     4.000       1.341    -1.480     1.591    -1.204
0140320059_01   40.902666  -75.128109   122.481       0.670    -1.036     0.856    -0.891
0140320061_01   40.520817  -74.633328    -8.987      -0.578     0.104    -0.588    -0.005
0140320063_01   40.947799  -74.549354   220.724      -4.052    -1.306    -3.735    -2.036
0140320064_01   40.056895  -74.111730   -31.615      -0.515     1.533    -0.798     1.408
0140320065_01   40.950594  -73.704930   -13.516      -0.022    -0.545     0.073    -0.540
0140320066_01   40.403094  -75.212714   103.118      -1.896    -0.520    -1.760    -0.864
0140320067_01   40.389696  -75.284427   135.939       0.553    -0.197     0.584    -0.090
0140320068_01   40.547533  -74.424500    -1.385       3.010    -0.287     3.007     0.279
0140320070_01   39.663913  -75.771067    -4.805       3.939     1.894     3.520     2.597
0140320073_01   40.653594  -75.423230    85.425       3.299     1.340     2.996     1.931
0140320074_01   40.253826  -75.004116    25.831       2.061     2.255     1.604     2.599
0140320075_01   40.865901  -74.198549    87.717      -0.932     2.111    -1.311     1.899
0140320078_01   40.647365  -74.003179    17.815      -0.172     1.908    -0.530     1.841
0140320082_01   39.981445  -74.784500   -17.666       2.717     2.515     2.197     2.977
0140320083_01   40.135578  -74.189587   -12.000      -3.564     3.006    -4.067     2.285
0140320084_01   39.960343  -75.699571   106.569      -2.074     0.164    -2.059    -0.225
0140320085_01   40.578708  -74.252320   -21.684       5.755     0.854     5.488     1.911
0140320086_01   40.312531  -75.487469    80.078      -4.339     2.721    -4.762     1.864
0140320089_01   40.670550  -75.265739    79.887       2.836    -1.764     3.119    -1.203
0140320090_01   40.639498  -73.881963   -30.612       5.101    -4.226     5.790    -3.199
0140320091_01   40.381208  -75.480896    71.216       2.735     0.199     2.655     0.706
0140320093_01   40.322671  -75.132656    75.205      -3.125     2.011    -3.440     1.392
0140320094_01   40.832035  -73.866282   -22.096       0.758     1.582     0.444     1.694
0140320096_01   40.254028  -75.279625    70.075       3.139     0.357     3.020     0.937
0140320097_01   40.773997  -74.158062   -24.319       1.210    -0.419     1.262    -0.187
0140320100_01   40.063315  -74.345224    -3.424       2.096     6.879     0.769     7.145
0140320101_01   40.212760  -74.758033   -21.440       0.947     1.756     0.601     1.901
0140320102_01   40.428235  -74.518888     1.000      -2.047     0.953    -2.189     0.554
0140320104_01   40.791652  -74.952587   127.661      -2.340    -1.380    -2.038    -1.789
0140320105_01   40.254409  -74.299644    18.888       0.532    -0.084     0.533     0.016
0140320106_01   40.704794  -74.193381   -29.595      -0.308     1.513    -0.588     1.428
0140320107_01   40.479406  -74.321379   -24.555       2.767     2.118     2.319     2.596
0140320109_01   40.817986  -73.839486   -29.568       1.398    -0.439     1.448    -0.172
0140320110_01   40.900594  -74.572825   165.435       1.152    -0.905     1.299    -0.675
0140320112_01   40.528496  -75.214881   150.581       0.625    -1.311     0.862    -1.170
0140320114_01   40.280053  -74.032592   -16.000      -3.142    -2.804    -2.569    -3.342
0140320115_01   40.269180  -74.890854    37.984      -3.018    -0.282    -2.909    -0.840
0140320116_01   39.760487  -75.110907   -16.325      -3.463    -0.478    -3.309    -1.117
0140320117_01   40.327078  -74.134683    -9.000      -2.724    -2.060    -2.296    -2.533
0140320118_01   40.347979  -74.799234    29.081       4.994    -0.548     5.006     0.393
0140320119_01   40.286497  -75.264935    68.530      -1.646     0.244    -1.657    -0.066
0140320120_01   40.412426  -75.110909   123.086      -0.903    -3.152    -0.295    -3.262
0140320122_01   39.775908  -75.568087    48.602       1.083     0.471     0.980     0.665
0140320124_01   40.260965  -74.044859   -15.000      -1.189     0.351    -1.239     0.121
0140320125_01   40.090599  -74.761985   -19.718      -5.106     2.545    -5.489     1.545
0140320126_01   40.782797  -74.039200   -29.000       2.646     1.925     2.236     2.383
0140320128_01   41.019962  -74.551360   261.667      -1.996     0.692    -2.088     0.308
0140320129_01   39.928058  -74.123579   -31.000       1.540    -0.322     1.565    -0.030
0140320130_01   39.872511  -75.217380   -31.000       5.385     2.256     4.868     3.222
0140320132_01   39.577394  -74.225817   -31.025       3.870    -2.936     4.342    -2.159
0140320133_01   40.139070  -74.810416   -32.000       4.964     2.352     4.435     3.237
0140320134_01   40.384341  -75.082235   121.076      -4.490    -1.966    -4.038    -2.767
0140320135_01   40.858007  -74.604423   243.915       0.082     1.398    -0.180     1.388
0140320136_01   41.142711  -75.030982   319.000      -2.134     2.765    -2.604     2.319
0140320138_01   40.676477  -74.284596    -0.594      -2.099    -4.684    -1.192    -4.992
0140320139_01   40.089761  -74.988621    -2.654       3.869    -1.092     4.004    -0.349
0140320140_01   40.218996  -74.102918    -5.409      -2.997    -2.665    -2.451    -3.178
0140320141_01   39.930005  -75.056409   -28.000       3.302    -1.365     3.499    -0.723
0140320142_01   40.223492  -74.722734   -19.000      -1.860     0.299    -1.883    -0.054
0140320144_01   40.224945  -74.138805     3.529      -1.664    -1.701    -1.322    -1.983
0140320145_01   40.639411  -74.236033   -26.267       1.413    -0.055     1.394     0.209
0140320148_01   40.989163  -73.964881   -13.162      -0.716    -3.020    -0.146    -3.100
0140320150_01   40.151009  -74.155238   -19.789      -3.902    -0.165    -3.806    -0.893
0140320152_01   39.752212  -75.225056    -5.000      -0.882    -1.583    -0.567    -1.719
0140320154_01   40.061203  -74.145443   -28.296       0.344     2.714    -0.175     2.728
0140320155_01   40.679373  -74.016902   -31.000       0.531    -1.367     0.771    -1.244
0140320156_01   40.545954  -74.556664   -14.713       4.606    -1.232     4.752    -0.351
0140320158_01   40.054038  -74.897177   -24.000      -0.584     0.670    -0.699     0.549
0140320160_01   40.863265  -73.999593   -30.000      -3.428    -0.156    -3.343    -0.793
0140320163_01   40.245369  -75.378350    34.762      -3.159     0.039    -3.104    -0.550
0140320166_01   40.180768  -75.454458    11.792       1.484     1.111     1.256     1.368
0140320167_01   40.047982  -74.685815   -13.844      -3.349    -1.294    -3.048    -1.897
0140320168_01   40.725186  -75.556897   100.790       4.152     2.241     3.666     2.974
0140320169_01   40.482150  -74.627521    -6.990      -0.238     1.349    -0.486     1.280
0140320170_01   40.510584  -74.969075   128.033      -1.458    -5.736    -0.360    -5.903
0140320171_01   40.738841  -73.956691   -29.439       6.754    -2.019     7.003    -0.724
0140320172_01   41.040536  -74.560500   350.538       0.819     5.328    -0.186     5.381
0140320173_01   40.275648  -75.127271    32.041       1.975     0.484     1.852     0.845
0140320174_01   40.536326  -74.667604    -2.483       0.729     1.316     0.470     1.428
0140320175_01   40.136247  -74.966428    18.302      -0.825    -0.328    -0.748    -0.476
0140320179_01   40.809197  -75.617710   157.267       5.539     6.171     4.297     7.089
0140320182_01   40.615281  -73.760014   -30.019       2.075     1.252     1.796     1.615
0140320183_01   39.935350  -75.131554   -31.000       4.944    -1.379     5.114    -0.430
0140320184_01   40.303536  -74.639447    -4.498      -2.294    -0.209    -2.215    -0.634
0140320185_01   40.051410  -74.655903     3.968      -4.148     1.841    -4.418     1.032
0140320186_01   40.409024  -74.513721    -3.080       1.166     0.924     0.971     1.124
0140320187_01   40.780757  -74.370584    21.494      -4.350    -3.576    -3.608    -4.322
0140320188_01   40.470472  -75.389520   144.556       0.949    -0.951     1.114    -0.755
0140320191_01   40.620949  -75.478000    48.317       4.564    -3.180     5.081    -2.272
0140320192_01   40.289450  -74.126693   -15.000      -2.415    -2.296    -1.948    -2.707
0140320193_01   40.086216  -74.913316   -28.990       3.359    -0.354     3.365     0.280
0140320194_01   40.077526  -75.130068    25.598      -1.157    -1.714    -0.814    -1.898
0140320195_01   40.067056  -74.978071   -21.573      -1.039    -1.650    -0.711    -1.814
0140320196_01   40.804703  -75.648610   192.210       1.607     2.191     1.179     2.452
0140320197_01   39.942830  -74.184843   -32.886       0.311     0.448     0.215     0.497
0140320198_01   40.472393  -74.857966    14.866      -2.829    -1.315    -2.531    -1.818
0140320199_01   40.504123  -75.494873   146.230      -2.411    -3.284    -1.748    -3.672
0140320200_01   40.637419  -74.074636   -28.778       1.275     2.294     0.820     2.489
0140320201_01   40.297003  -74.374743    -3.412      -1.491     3.101    -2.046     2.766
0140320203_01   40.148954  -75.013971    35.787       2.636    -0.475     2.679     0.026
0140320205_01   40.149740  -74.333476     0.859      -1.887     2.107    -2.251     1.715
0140320206_01   39.565970  -74.775314   -17.062       1.157     0.811     0.982     1.013
0140320207_01   40.200172  -75.468687    49.100       1.763     3.289     1.122     3.559
0140320208_01   40.909406  -74.123574   -10.782      -1.307    -1.848    -0.944    -2.059
0140320209_01   40.522565  -74.520339    -8.094      -1.264    -0.066    -1.230    -0.301
0140320210_01   40.209449  -75.569575     8.166       0.624     2.766     0.103     2.834
0140320211_01   39.936623  -74.811678   -24.896      -4.852    -0.036    -4.758    -0.942
0140320212_01   39.798738  -74.181290   -31.000      -0.443     0.019    -0.445    -0.066
0140320213_01   40.594835  -74.280858   -25.276       2.865     1.770     2.480     2.272
0140320215_01   40.043780  -75.086747    -2.464       4.245    -1.590     4.467    -0.768
0140320216_01   40.217498  -75.296750    75.995      -0.165     0.755    -0.299     0.712
0140320217_01   40.197160  -75.202200    54.415       0.404     0.321     0.340     0.391
0140320218_01   40.093001  -75.033668    13.399       0.558    -1.586     0.846    -1.453
0140320220_01   39.770279  -75.499035    28.196      -4.281     1.469    -4.473     0.644
0140320221_01   39.679485  -75.932856    70.882      -5.321    -3.103    -4.634    -4.040
0140320222_01   41.025517  -74.264774    82.617      -6.499     2.651    -6.876     1.394
0140320223_01   40.286308  -75.488693    60.200      -0.710     2.855    -1.224     2.672
0140320224_01   40.350552  -75.265186   100.892      -5.079     0.494    -5.074    -0.461
0140320225_01   39.975758  -74.582504    -7.995      -2.230     1.217    -2.420     0.778
0140320226_01   40.196717  -74.864888    24.075       0.369     0.195     0.327     0.261
0140320227_01   39.831415  -75.548209    80.896       4.082    -1.806     4.351    -1.009
0140320229_01   40.738885  -74.160992   -25.810       2.370     0.207     2.284     0.644
0140320231_01   39.746889  -74.531364   -16.000       0.891     1.923     0.512     2.054
0140320232_01   40.782947  -74.125950    -4.197       3.563     3.883     2.772     4.477
0140320234_01   39.645427  -74.507924   -28.248      -1.886     0.712    -1.989     0.345
0140320235_01   40.406302  -75.700632   117.102      -3.101    -7.088    -1.713    -7.535
0140320236_01   39.670713  -74.157270   -31.040       6.255    -0.171     6.166     1.003
0140320237_01   40.336631  -74.594416    -9.970       1.402     0.138     1.349     0.397
0140320238_01   39.605302  -74.863598   -10.390       1.800    -0.945     1.943    -0.591
0140320239_01   39.997234  -75.947357   189.926      -2.321     0.856    -2.429     0.409
0140320240_01   40.338783  -74.183275    -7.460      -1.628     0.315    -1.662     0.004
0140320243_01   39.730341  -74.260167   -16.282      -2.661    -0.173    -2.586    -0.670
0140320244_01   40.357070  -74.976918     8.311       0.084    -1.662     0.394    -1.616
0140320245_01   40.306679  -75.391401    69.328      -3.593    -0.012    -3.520    -0.680
0140320246_01   39.646675  -75.375066   -19.949       2.957    -1.580     3.202    -0.997
0140320247_01   40.664464  -73.950398    -8.931      -3.033    -0.514    -2.889    -1.072
0140320248_01   40.649103  -75.769519   147.981      -2.364    -6.552    -1.090    -6.871
0140320250_01   41.041520  -74.118968    52.280      -5.201    -0.414    -5.034    -1.375
0140320251_01   39.809990  -75.059115    -1.683      -0.101    -0.888     0.068    -0.891
0140320253_01   40.539395  -75.461832   159.768      -5.053    -2.744    -4.442    -3.633
0140320254_01   39.737013  -74.496770    -4.248       0.289    -0.003     0.280     0.050
0140320255_01   40.597071  -75.024347   111.644      -5.519    -0.896    -5.248    -1.907
0140320256_01   40.071099  -74.944295   -23.633       2.802    -1.298     2.995    -0.751
0140320257_01   40.475196  -74.443876    -0.153       0.957    -2.464     1.397    -2.241
0140320258_01   40.181039  -75.135904    41.321       1.589    -2.279     1.988    -1.940
0140320259_01   40.284090  -75.355979    57.892      -3.009    -2.294    -2.521    -2.812
0140320260_01   40.190818  -75.264210    56.206      -2.783    -0.143    -2.702    -0.658
0140320261_01   39.692468  -76.057938    85.242      -0.889     5.226    -1.842     4.967
0140320262_01   40.637763  -74.192415   -30.628       0.927    -1.605     1.205    -1.404
0140320263_01   40.719912  -74.153415   -22.633       1.767    -1.191     1.952    -0.842
0140320264_01   40.109920  -75.298395    19.518       0.542     2.197     0.126     2.259
