Tue. Aug. 30, 2016             LANDSAT 5                 Time: 23:50
                         Image Assessment System
                           GCP Residual Report
----------------------------------------------------------------------------
WOID: L19333577            Path/Row: 014 / 032

L0R Reference Image: L51EDC1011195150100_HDF.162440435
Acquisition Date: Jul 14, 2011

Band Number:  5

GLS date for each WRS-2 path/row used:
Path  Row   Date
014   032   09-23-1999


Point_ID         Latitude  Longitude    Height       Across    Along    Residual  Residual
                                                      Scan      Scan      In y      in x
                                                    Residual  Residual    dir       dir
                   (deg)     (deg)     (meters)     (meters)  (meters)  (meters)  (meters)

0140320001_01   39.805434  -75.427445   -32.455       1.572    -4.906     2.458    -4.526
0140320002_01   40.844760  -73.788842   -27.396       1.439    -0.323     1.467    -0.052
0140320003_01   40.948134  -74.065321   -15.668      -0.026     1.976    -0.394     1.935
0140320005_01   39.597576  -74.342643   -30.984      -2.150    -2.874    -1.582    -3.223
0140320006_01   40.864834  -73.649647    -0.304       0.690    -0.009     0.673     0.118
0140320007_01   40.869077  -74.151518    -4.729       2.096     2.322     1.626     2.668
0140320008_01   40.462764  -74.295361    -1.381       2.522    -1.043     2.666    -0.557
0140320010_01   40.600232  -75.454805    41.220       4.361    -4.982     5.209    -4.086
0140320011_01   40.627047  -74.167714   -25.800       4.377    -2.778     4.809    -1.919
0140320012_01   39.992673  -75.274339    41.869       0.453     1.774     0.117     1.827
0140320013_01   40.876867  -74.352585    25.543      -0.555     1.114    -0.753     0.991
0140320014_01   41.034599  -75.065550   265.632       2.751    -2.299     3.128    -1.750
0140320015_01   40.732542  -73.708102    -4.949      -1.685     1.222    -1.887     0.887
0140320016_01   39.989676  -74.158986   -27.474      -2.638     0.354    -2.661    -0.143
0140320017_01   40.909079  -74.530737   203.203       1.361    -1.151     1.548    -0.879
0140320019_01   41.002140  -74.203678   125.341      -0.259     1.441    -0.524     1.367
0140320020_01   40.098094  -74.091837   -27.866      -0.316     0.903    -0.483     0.827
0140320021_01   40.155362  -75.136205    49.267       3.852     2.957     3.235     3.618
0140320022_01   40.260332  -74.001827   -22.602      -3.781    -2.255    -3.301    -2.917
0140320023_01   40.207880  -74.441131    51.843      -2.786    -3.761    -2.042    -4.211
0140320024_01   40.171667  -75.246519    38.178      -4.587     0.902    -4.670     0.036
0140320025_01   39.957452  -75.178311   -28.973      -0.122    -3.651     0.558    -3.608
0140320026_01   40.603280  -74.097800    16.189      -0.639     0.463    -0.717     0.335
0140320027_01   40.482680  -74.484165    -1.784       0.005    -1.769     0.330    -1.737
0140320029_01   40.851084  -75.265036   197.558       2.731    -0.606     2.797    -0.090
0140320030_01   39.894887  -74.752838   -18.246       0.554     1.957     0.179     2.024
0140320031_01   39.881033  -75.875588   125.109      -3.890     0.863    -3.975     0.127
0140320032_01   40.330097  -74.257896    13.724      -4.202     0.335    -4.193    -0.452
0140320033_01   40.003845  -75.232910    52.481       1.508     5.030     0.548     5.220
0140320034_01   40.535374  -74.198250    -6.496      -3.878     0.730    -3.948    -0.003
0140320035_01   39.870199  -75.139147   -27.239       0.334    -6.089     1.460    -5.918
0140320036_01   40.001070  -75.091614   -24.348       6.808     3.765     5.988     4.960
0140320038_01   40.890743  -73.900892     7.681       0.121    -1.024     0.303    -0.984
0140320039_01   40.269896  -74.815696    13.164       1.354    -1.518     1.611    -1.240
0140320040_01   40.796170  -74.619726   175.825      -5.939     3.858    -6.546     2.690
0140320041_01   40.998681  -75.557052   469.341       0.639    -1.718     0.950    -1.567
0140320043_01   40.361513  -75.731967    69.510       3.121     5.447     2.060     5.927
0140320044_01   39.857539  -75.095281   -28.243       5.818    -0.384     5.785     0.703
0140320045_01   40.451689  -74.342177    -5.624       2.530    -1.268     2.717    -0.777
0140320046_01   40.685601  -74.318581    -1.702       1.391     0.345     1.300     0.596
0140320047_01   39.699187  -75.558709   -18.511       2.097    -3.111     2.640    -2.666
0140320048_01   40.336427  -75.155640    96.453       1.901     1.977     1.502     2.293
0140320049_01   40.788161  -74.002499    -1.738      -0.842    -0.240    -0.787    -0.393
0140320051_01   40.597285  -74.376918    -7.258      -3.676     1.459    -3.883     0.751
0140320052_01   40.369305  -74.586092     0.020       1.151    -2.556     1.602    -2.298
0140320055_01   40.510479  -75.296268   109.912      -3.541     0.064    -3.486    -0.592
0140320056_01   40.300870  -74.252215    29.689      -5.410    -1.921    -4.961    -2.891
0140320057_01   40.030276  -75.260073    68.982      -5.120     0.747    -5.165    -0.216
0140320058_01   40.484142  -74.509639     4.000       0.578     0.321     0.506     0.422
0140320059_01   40.902666  -75.128109   122.481      -0.993    -1.289    -0.735    -1.449
0140320060_01   39.992566  -76.019682   103.143      -1.459    -0.983    -1.244    -1.235
0140320061_01   40.520817  -74.633328    -8.987      -2.327     2.113    -2.678     1.644
0140320062_01   40.610151  -74.463327    -6.471      -2.020    -5.715    -0.928    -5.988
0140320063_01   40.947799  -74.549354   220.724       2.041    -1.268     2.237    -0.868
0140320064_01   40.056895  -74.111730   -31.615       1.063     2.824     0.515     2.970
0140320065_01   40.950594  -73.704930   -13.516       0.766    -4.445     1.568    -4.226
0140320066_01   40.403094  -75.212714   103.118      -3.999    -0.923    -3.753    -1.647
0140320067_01   40.389696  -75.284427   135.939       2.140    -1.263     2.338    -0.844
0140320068_01   40.547533  -74.424500    -1.385       3.587     0.945     3.345     1.592
0140320069_01   40.818104  -73.935885   -28.955      -1.152    -2.082    -0.752    -2.260
0140320070_01   39.663913  -75.771067    -4.805       5.335    -2.142     5.641    -1.113
0140320071_01   39.781890  -75.708972    46.435       0.530    -2.503     0.990    -2.359
0140320072_01   40.881202  -74.675855   306.319      -3.383    -1.376    -3.067    -1.977
0140320073_01   40.653594  -75.423230    85.425       6.867    -2.081     7.133    -0.774
0140320074_01   40.253826  -75.004116    25.831      -1.602    -0.080    -1.558    -0.376
0140320075_01   40.865901  -74.198549    87.717      -0.396     1.952    -0.752     1.843
0140320076_01   39.749436  -76.094175    63.500      -2.113     0.278    -2.120    -0.118
0140320079_01   39.841734  -76.051108   105.121       2.815    -2.143     3.168    -1.581
0140320080_01   39.698992  -75.856837    71.774      -3.331     1.549    -3.554     0.904
0140320081_01   40.156785  -76.001704   144.577      -3.960     4.395    -4.697     3.584
0140320082_01   39.981445  -74.784500   -17.666       1.505    -1.477     1.751    -1.172
0140320083_01   40.135578  -74.189587   -12.000      -2.254     0.561    -2.322     0.131
0140320084_01   39.960343  -75.699571   106.569      -3.489     5.341    -4.413     4.599
0140320085_01   40.578708  -74.252320   -21.684       1.670     0.805     1.488     1.099
0140320086_01   40.312531  -75.487469    80.078      -3.593     4.961    -4.445     4.208
0140320087_01   40.004607  -75.503549   109.849      -1.504     4.053    -2.226     3.701
0140320089_01   40.670550  -75.265739    79.887       3.886    -1.854     4.162    -1.102
0140320090_01   40.639498  -73.881963   -30.612       3.113    -3.997     3.791    -3.351
0140320091_01   40.381208  -75.480896    71.216       1.035     2.107     0.629     2.261
0140320092_01   41.113810  -75.555881   487.482      -0.684    -1.376    -0.411    -1.476
0140320093_01   40.322671  -75.132656    75.205      -1.954    -1.276    -1.681    -1.615
0140320095_01   40.717101  -73.805011     1.958      -0.538     0.021    -0.538    -0.081
0140320096_01   40.254028  -75.279625    70.075      -0.141    -0.271    -0.086    -0.293
0140320097_01   40.773997  -74.158062   -24.319       2.307    -1.522     2.543    -1.068
0140320100_01   40.063315  -74.345224    -3.424       1.237    -4.404     2.028    -4.096
0140320101_01   40.212760  -74.758033   -21.440       2.817    -1.061     2.962    -0.520
0140320102_01   40.428235  -74.518888     1.000       2.580    -0.250     2.578     0.232
0140320104_01   40.791652  -74.952587   127.661      -5.524     0.700    -5.553    -0.333
0140320105_01   40.254409  -74.299644    18.888       2.565    -1.286     2.753    -0.788
0140320106_01   40.704794  -74.193381   -29.595       1.306    -0.624     1.395    -0.372
0140320107_01   40.479406  -74.321379   -24.555       1.746     3.643     1.038     3.901
0140320108_01   40.735811  -75.691287   173.733      -5.054     5.148    -5.910     4.122
0140320109_01   40.817986  -73.839486   -29.568      -1.241     2.962    -1.772     2.678
0140320110_01   40.900594  -74.572825   165.435       1.621    -0.161     1.621     0.141
0140320111_01   39.952023  -75.592018    88.933       3.907    -0.620     3.955     0.117
0140320112_01   40.528496  -75.214881   150.581      -3.955     1.295    -4.121     0.540
0140320113_01   40.725801  -73.733809    -6.983      -1.399     5.319    -2.363     4.964
0140320114_01   40.280053  -74.032592   -16.000      -3.599    -2.302    -3.114    -2.930
0140320116_01   39.760487  -75.110907   -16.325       2.508     2.484     2.002     2.906
0140320117_01   40.327078  -74.134683    -9.000      -4.125    -0.430    -3.976    -1.188
0140320118_01   40.347979  -74.799234    29.081       0.531    -1.680     0.832    -1.552
0140320119_01   40.286497  -75.264935    68.530      -2.926    -0.446    -2.789    -0.979
0140320120_01   40.412426  -75.110909   123.086      -2.750     1.666    -3.007     1.127
0140320121_01   40.057739  -75.809959   162.289      -3.732     2.751    -4.170     2.011
0140320122_01   39.775908  -75.568087    48.602       2.809    -0.459     2.846     0.071
0140320124_01   40.260965  -74.044859   -15.000      -3.018     0.660    -3.091     0.087
0140320127_01   40.842410  -73.934073    29.268       0.435    -5.305     1.403    -5.131
0140320128_01   41.019962  -74.551360   261.667       0.704     0.567     0.586     0.686
0140320129_01   39.928058  -74.123579   -31.000       2.244    -1.020     2.388    -0.585
0140320130_01   39.872511  -75.217380   -31.000       4.577    -3.698     5.183    -2.782
0140320131_01   40.207776  -74.019167   -27.000      -1.960    -1.003    -1.745    -1.351
0140320132_01   39.577394  -74.225817   -31.025      -1.042     0.243    -1.073     0.043
0140320133_01   40.139070  -74.810416   -32.000       4.820    -1.345     4.983    -0.427
0140320134_01   40.384341  -75.082235   121.076      -4.818     5.172    -5.688     4.187
0140320135_01   40.858007  -74.604423   243.915       3.760     0.547     3.590     1.232
0140320136_01   41.142711  -75.030982   319.000       3.735    -1.826     4.006    -1.104
0140320137_01   40.194471  -76.049486   119.148      -6.581     1.631    -6.758     0.385
0140320138_01   40.676477  -74.284596    -0.594      -1.525     0.699    -1.630     0.404
0140320139_01   40.089761  -74.988621    -2.654       4.463     1.838     4.042     2.633
0140320140_01   40.218996  -74.102918    -5.409      -3.239    -1.198    -2.964    -1.779
0140320141_01   39.930005  -75.056409   -28.000       1.740     4.550     0.864     4.792
0140320142_01   40.223492  -74.722734   -19.000      -2.847     0.751    -2.937     0.209
0140320143_01   40.328658  -75.939968    33.652       2.205    -1.970     2.537    -1.525
0140320144_01   40.224945  -74.138805     3.529      -2.061    -1.193    -1.807    -1.555
0140320145_01   40.639411  -74.236033   -26.267       0.400    -0.166     0.421    -0.090
0140320146_01   40.353276  -75.937130    61.609       6.249    -3.554     6.802    -2.333
0140320147_01   39.849263  -75.697741    77.010       2.200     0.710     2.032     1.106
0140320148_01   40.989163  -73.964881   -13.162      -1.496    -2.861    -0.945    -3.088
0140320150_01   40.151009  -74.155238   -19.789      -5.083     0.764    -5.139    -0.194
0140320152_01   39.752212  -75.225056    -5.000      -2.695    -0.657    -2.524    -1.146
0140320154_01   40.061203  -74.145443   -28.296       0.578     2.121     0.169     2.190
0140320155_01   40.679373  -74.016902   -31.000       0.870    -0.042     0.857     0.119
0140320156_01   40.545954  -74.556664   -14.713       1.980    -4.383     2.755    -3.939
0140320158_01   40.054038  -74.897177   -24.000       4.070    -0.489     4.088     0.275
0140320159_01   40.130289  -74.562193     8.223      -6.475     2.380    -6.803     1.135
0140320160_01   40.863265  -73.999593   -30.000       1.178     4.625     0.298     4.760
0140320162_01   40.038203  -75.217202    58.313      -4.903    -1.703    -4.497    -2.582
0140320163_01   40.245369  -75.378350    34.762      -6.532     0.643    -6.531    -0.578
0140320164_01   40.756094  -73.687744     6.704      -0.943     0.996    -1.117     0.803
0140320165_01   39.752684  -76.149555    83.637       1.091    -5.802     2.157    -5.494
0140320166_01   40.180768  -75.454458    11.792      -0.870    -0.397    -0.777    -0.551
0140320169_01   40.482150  -74.627521    -6.990       1.534     4.399     0.691     4.604
0140320170_01   40.510584  -74.969075   128.033       1.424    -2.256     1.816    -1.952
0140320171_01   40.738841  -73.956691   -29.439       1.637     0.201     1.566     0.499
0140320173_01   40.275648  -75.127271    32.041       1.784    -1.891     2.104    -1.526
0140320174_01   40.536326  -74.667604    -2.483       1.547    -3.060     2.085    -2.719
0140320175_01   40.136247  -74.966428    18.302       2.296     1.410     1.993     1.811
0140320176_01   39.781216  -75.811963    87.145       3.080     0.077     3.015     0.648
0140320178_01   40.324814  -76.011246    78.057       1.537    -3.506     2.167    -3.158
0140320179_01   40.809197  -75.617710   157.267       4.090    -2.088     4.407    -1.295
0140320182_01   40.615281  -73.760014   -30.019      -0.331    -0.398    -0.258    -0.453
0140320183_01   39.935350  -75.131554   -31.000       3.757    -4.182     4.466    -3.410
0140320184_01   40.303536  -74.639447    -4.498      -6.719     1.309    -6.843     0.039
0140320185_01   40.051410  -74.655903     3.968      -3.036     0.721    -3.117     0.144
0140320186_01   40.409024  -74.513721    -3.080      -0.714     0.300    -0.759     0.162
0140320187_01   40.780757  -74.370584    21.494       0.493    -3.496     1.128    -3.343
0140320188_01   40.470472  -75.389520   144.556      -1.749     3.491    -2.360     3.105
0140320189_01   39.950619  -74.778275   -19.052       4.531     3.882     3.728     4.653
0140320190_01   41.070605  -75.782626   392.013      -4.202     3.483    -4.762     2.646
0140320191_01   40.620949  -75.478000    48.317       1.779    -3.121     2.329    -2.735
0140320193_01   40.086216  -74.913316   -28.990       4.285    -0.980     4.390    -0.167
0140320194_01   40.077526  -75.130068    25.598      -2.461    -2.972    -1.864    -3.375
0140320195_01   40.067056  -74.978071   -21.573       5.032     3.125     4.363     4.003
0140320197_01   39.942830  -74.184843   -32.886      -0.113     1.753    -0.441     1.699
0140320198_01   40.472393  -74.857966    14.866      -2.549     1.300    -2.744     0.805
0140320199_01   40.504123  -75.494873   146.230      -4.771    -1.345    -4.432    -2.202
0140320200_01   40.637419  -74.074636   -28.778       1.412     1.055     1.187     1.297
0140320201_01   40.297003  -74.374743    -3.412       1.180     4.323     0.355     4.464
0140320202_01   39.968397  -75.560543    98.338      -2.576     0.540    -2.626     0.053
0140320203_01   40.148954  -75.013971    35.787       4.491     1.283     4.173     2.092
0140320205_01   40.149740  -74.333476     0.859      -0.443     2.855    -0.968     2.721
0140320206_01   39.565970  -74.775314   -17.062       1.913    -3.340     2.497    -2.924
0140320207_01   40.200172  -75.468687    49.100       0.539     0.520     0.437     0.611
0140320208_01   40.909406  -74.123574   -10.782       2.200    -0.036     2.164     0.371
0140320209_01   40.522565  -74.520339    -8.094      -2.016     0.650    -2.103     0.264
0140320210_01   40.209449  -75.569575     8.166       2.089    -0.314     2.114     0.080
0140320211_01   39.936623  -74.811678   -24.896      -2.317     2.886    -2.812     2.404
0140320212_01   39.798738  -74.181290   -31.000      -0.339     1.501    -0.617     1.410
0140320213_01   40.594835  -74.280858   -25.276       0.460     0.164     0.419     0.246
0140320215_01   40.043780  -75.086747    -2.464       4.323    -1.971     4.612    -1.133
0140320216_01   40.217498  -75.296750    75.995       3.923    -1.119     4.062    -0.372
0140320217_01   40.197160  -75.202200    54.415      -0.498     1.849    -0.830     1.723
0140320218_01   40.093001  -75.033668    13.399       5.496     1.641     5.093     2.631
0140320219_01   39.796021  -75.740303    91.852      -0.896    -1.327    -0.629    -1.469
0140320220_01   39.770279  -75.499035    28.196      -2.526    -0.565    -2.373    -1.023
0140320221_01   39.679485  -75.932856    70.882      -4.512    -1.820    -4.087    -2.624
0140320222_01   41.025517  -74.264774    82.617      -1.431     2.215    -1.817     1.910
0140320223_01   40.286308  -75.488693    60.200       0.462     3.438    -0.180     3.462
0140320224_01   40.350552  -75.265186   100.892      -3.829    -0.841    -3.602    -1.535
0140320225_01   39.975758  -74.582504    -7.995       0.665    -0.447     0.733    -0.316
0140320226_01   40.196717  -74.864888    24.075       1.347    -2.989     1.877    -2.686
0140320227_01   39.831415  -75.548209    80.896       1.559    -1.328     1.781    -1.015
0140320229_01   40.738885  -74.160992   -25.810       5.531     3.015     4.871     3.984
0140320230_01   40.391268  -75.769757    82.405      -3.326    -6.087    -2.133    -6.592
0140320231_01   39.746889  -74.531364   -16.000       0.335    -1.011     0.514    -0.931
0140320232_01   40.782947  -74.125950    -4.197      -0.261     0.378    -0.330     0.322
0140320233_01   40.714229  -74.229495    16.515       5.066    -0.577     5.079     0.370
0140320234_01   39.645427  -74.507924   -28.248       2.624    -1.428     2.838    -0.915
0140320237_01   40.336631  -74.594416    -9.970       2.118    -0.505     2.172    -0.104
0140320238_01   39.605302  -74.863598   -10.390       0.497     2.495     0.022     2.542
0140320240_01   40.338783  -74.183275    -7.460      -5.294     1.861    -5.548     0.845
0140320241_01   39.790937  -75.921746   117.178       0.893     5.349    -0.112     5.419
0140320242_01   40.088858  -75.764932   125.467      -5.137     0.941    -5.214    -0.027
0140320243_01   39.730341  -74.260167   -16.282      -0.691    -0.923    -0.512    -1.036
0140320244_01   40.357070  -74.976918     8.311       0.094    -0.645     0.213    -0.617
0140320245_01   40.306679  -75.391401    69.328      -5.148     5.685    -6.106     4.630
0140320246_01   39.646675  -75.375066   -19.949      -0.567     1.928    -0.913     1.788
