Fri. Sep. 16, 2016             LANDSAT 5                 Time: 05:24
                         Image Assessment System
                           GCP Residual Report
----------------------------------------------------------------------------
WOID: L19736680            Path/Row: 014 / 032

L0R Reference Image: L51LGS1002250150100_HDF.162601022
Acquisition Date: Sep 07, 2002

Band Number:  5

GLS date for each WRS-2 path/row used:
Path  Row   Date
014   032   09-23-1999


Point_ID         Latitude  Longitude    Height       Across    Along    Residual  Residual
                                                      Scan      Scan      In y      in x
                                                    Residual  Residual    dir       dir
                   (deg)     (deg)     (meters)     (meters)  (meters)  (meters)  (meters)

0140320001_01   39.805434  -75.427445   -32.455       2.065    -1.401     2.289    -0.993
0140320002_01   40.844760  -73.788842   -27.396      -0.299    -0.401    -0.222    -0.450
0140320003_01   40.948134  -74.065321   -15.668       0.438     1.915     0.076     1.962
0140320005_01   39.597576  -74.342643   -30.984       0.752     1.530     0.453     1.642
0140320006_01   40.864834  -73.649647    -0.304       1.665    -1.252     1.865    -0.922
0140320007_01   40.869077  -74.151518    -4.729       2.464     1.663     2.113     2.088
0140320008_01   40.462764  -74.295361    -1.381       1.992    -0.700     2.085    -0.319
0140320009_01   40.348343  -74.123108   -16.496      -1.862    -1.352    -1.580    -1.673
0140320010_01   40.600232  -75.454805    41.220       1.425    -3.418     2.032    -3.094
0140320011_01   40.627047  -74.167714   -25.800       0.237    -1.269     0.466    -1.203
0140320012_01   39.992673  -75.274339    41.869      -1.314     0.083    -1.306    -0.162
0140320013_01   40.876867  -74.352585    25.543      -0.163     2.045    -0.538     1.978
0140320014_01   41.034599  -75.065550   265.632       1.040    -2.025     1.395    -1.796
0140320015_01   40.732542  -73.708102    -4.949      -0.071     0.712    -0.203     0.686
0140320016_01   39.989676  -74.158986   -27.474      -1.072     0.930    -1.227     0.714
0140320017_01   40.909079  -74.530737   203.203      -2.820     1.095    -2.972     0.554
0140320018_01   40.362150  -74.024706   -18.215      -1.790    -2.014    -1.387    -2.310
0140320019_01   41.002140  -74.203678   125.341      -1.344     1.521    -1.601     1.246
0140320020_01   40.098094  -74.091837   -27.866      -1.823     0.383    -1.863     0.037
0140320021_01   40.155362  -75.136205    49.267      -0.084     1.499    -0.360     1.456
0140320022_01   40.260332  -74.001827   -22.602      -0.763    -1.335    -0.504    -1.453
0140320023_01   40.207880  -74.441131    51.843      -0.766    -2.389    -0.311    -2.488
0140320024_01   40.171667  -75.246519    38.178      -3.248     1.728    -3.510     1.096
0140320025_01   39.957452  -75.178311   -28.973      -1.580    -0.730    -1.417    -1.010
0140320026_01   40.603280  -74.097800    16.189      -0.693    -1.155    -0.468    -1.263
0140320027_01   40.482680  -74.484165    -1.784       0.390     0.219     0.342     0.287
0140320028_01   40.569220  -74.938214   144.014      -2.494     0.187    -2.484    -0.278
0140320029_01   40.851084  -75.265036   197.558       1.870     3.615     1.169     3.895
0140320030_01   39.894887  -74.752838   -18.246      -2.240     3.394    -2.829     2.917
0140320031_01   39.881033  -75.875588   125.109      -3.891     0.815    -3.970     0.080
0140320032_01   40.330097  -74.257896    13.724      -0.759    -0.808    -0.597    -0.935
0140320033_01   40.003845  -75.232910    52.481      -0.505     0.676    -0.621     0.570
0140320034_01   40.535374  -74.198250    -6.496      -1.172    -1.207    -0.929    -1.403
0140320035_01   39.870199  -75.139147   -27.239       2.386     3.371     1.718     3.753
0140320036_01   40.001070  -75.091614   -24.348       1.573     4.090     0.787     4.308
0140320037_01   39.575384  -74.752579    -7.417       1.285     3.237     0.661     3.417
0140320038_01   40.890743  -73.900892     7.681      -0.489    -1.865    -0.138    -1.922
0140320039_01   40.269896  -74.815696    13.164       2.466    -1.252     2.653    -0.774
0140320040_01   40.796170  -74.619726   175.825      -3.064     3.482    -3.652     2.853
0140320041_01   40.998681  -75.557052   469.341      -1.121     0.919    -1.269     0.695
0140320042_01   40.680498  -75.142238    82.604       2.283    -1.123     2.450    -0.681
0140320043_01   40.361513  -75.731967    69.510       0.331    -1.151     0.540    -1.069
0140320044_01   39.857539  -75.095281   -28.243       1.714     4.018     0.938     4.264
0140320045_01   40.451689  -74.342177    -5.624      -0.315    -1.164    -0.095    -1.201
0140320046_01   40.685601  -74.318581    -1.702       1.209     1.447     0.919     1.644
0140320047_01   39.699187  -75.558709   -18.511       1.258    -1.294     1.476    -1.038
0140320048_01   40.336427  -75.155640    96.453      -1.301     0.047    -1.287    -0.194
0140320049_01   40.788161  -74.002499    -1.738      -1.283     0.522    -1.358     0.275
0140320050_01   40.675469  -75.347048    64.468       1.086    -4.865     1.967    -4.577
0140320051_01   40.597285  -74.376918    -7.258      -0.959    -0.493    -0.852    -0.662
0140320052_01   40.369305  -74.586092     0.020      -0.371    -2.333     0.067    -2.361
0140320053_01   40.856112  -75.180698   173.073       1.786    -1.780     2.084    -1.419
0140320054_01   40.804332  -75.086663    81.998       0.770     0.284     0.704     0.421
0140320055_01   40.510479  -75.296268   109.912      -1.062    -1.198    -0.820    -1.373
0140320056_01   40.300870  -74.252215    29.689      -1.954    -4.843    -1.024    -5.119
0140320057_01   40.030276  -75.260073    68.982      -1.817     0.292    -1.838    -0.049
0140320058_01   40.484142  -74.509639     4.000       0.411    -1.815     0.738    -1.707
0140320059_01   40.902666  -75.128109   122.481      -0.311    -0.758    -0.165    -0.802
0140320060_01   39.992566  -76.019682   103.143       2.338    -2.119     2.691    -1.648
0140320061_01   40.520817  -74.633328    -8.987      -1.287     0.993    -1.448     0.737
0140320062_01   40.610151  -74.463327    -6.471      -0.654    -2.789    -0.128    -2.861
0140320063_01   40.947799  -74.549354   220.724       1.863     0.782     1.685     1.112
0140320064_01   40.056895  -74.111730   -31.615       0.723    -1.350     0.958    -1.192
0140320066_01   40.403094  -75.212714   103.118      -1.131     1.337    -1.358     1.103
0140320067_01   40.389696  -75.284427   135.939       0.052    -0.089     0.069    -0.078
0140320068_01   40.547533  -74.424500    -1.385       1.895     0.089     1.844     0.438
0140320069_01   40.818104  -73.935885   -28.955       0.413    -0.025     0.409     0.051
0140320070_01   39.663913  -75.771067    -4.805       2.231     0.049     2.183     0.462
0140320071_01   39.781890  -75.708972    46.435       0.440    -2.043     0.812    -1.924
0140320072_01   40.881202  -74.675855   306.319      -1.225    -0.437    -1.122    -0.655
0140320073_01   40.653594  -75.423230    85.425       4.360    -0.067     4.295     0.739
0140320074_01   40.253826  -75.004116    25.831      -2.300     2.832    -2.783     2.356
0140320075_01   40.865901  -74.198549    87.717      -0.700    -0.673    -0.565    -0.791
0140320076_01   39.749436  -76.094175    63.500       0.097     0.798    -0.052     0.802
0140320077_01   40.042458  -75.355071    79.994      -2.237     1.223    -2.423     0.786
0140320078_01   40.647365  -74.003179    17.815       1.105    -3.160     1.667    -2.899
0140320079_01   39.841734  -76.051108   105.121      -4.376    -1.719    -3.977    -2.498
0140320080_01   39.698992  -75.856837    71.774      -1.910     0.277    -1.926    -0.081
0140320081_01   40.156785  -76.001704   144.577       0.529     1.578     0.229     1.647
0140320082_01   39.981445  -74.784500   -17.666      -0.031    -2.083     0.355    -2.052
0140320083_01   40.135578  -74.189587   -12.000      -2.050    -0.517    -1.919    -0.888
0140320084_01   39.960343  -75.699571   106.569      -0.709     2.058    -1.077     1.890
0140320085_01   40.578708  -74.252320   -21.684       1.766     0.300     1.678     0.621
0140320086_01   40.312531  -75.487469    80.078       0.684     0.977     0.492     1.086
0140320087_01   40.004607  -75.503549   109.849       0.173     1.011    -0.017     1.025
0140320089_01   40.670550  -75.265739    79.887       2.605    -2.369     2.996    -1.846
0140320090_01   40.639498  -73.881963   -30.612       3.906    -3.705     4.519    -2.917
0140320091_01   40.381208  -75.480896    71.216       1.222    -1.009     1.388    -0.765
0140320092_01   41.113810  -75.555881   487.482      -1.073     2.210    -1.459     1.972
0140320093_01   40.322671  -75.132656    75.205       2.177    -1.501     2.416    -1.072
0140320094_01   40.832035  -73.866282   -22.096      -1.236     2.063    -1.597     1.797
0140320095_01   40.717101  -73.805011     1.958      -0.695    -0.023    -0.681    -0.151
0140320096_01   40.254028  -75.279625    70.075       2.938     0.446     2.803     0.982
0140320097_01   40.773997  -74.158062   -24.319       2.151     0.955     1.936     1.336
0140320098_01   40.309000  -75.232542    74.660      -0.892    -0.792    -0.729    -0.943
0140320099_01   40.474566  -74.717103   133.476      -2.526    -0.038    -2.474    -0.504
0140320100_01   40.063315  -74.345224    -3.424       5.029    -5.639     5.981    -4.606
0140320101_01   40.212760  -74.758033   -21.440       2.322     1.549     1.993     1.951
0140320102_01   40.428235  -74.518888     1.000       1.267     1.782     0.914     1.984
0140320103_01   39.824322  -76.120952    98.715      -1.546    -3.438    -0.878    -3.663
0140320104_01   40.791652  -74.952587   127.661      -0.029     1.039    -0.220     1.015
0140320105_01   40.254409  -74.299644    18.888       1.605    -2.782     2.090    -2.435
0140320106_01   40.704794  -74.193381   -29.595       1.871     0.446     1.754     0.783
0140320107_01   40.479406  -74.321379   -24.555       0.344    -4.364     1.144    -4.223
0140320108_01   40.735811  -75.691287   173.733      -1.567     1.107    -1.742     0.798
0140320109_01   40.817986  -73.839486   -29.568      -2.203     0.387    -2.237    -0.028
0140320110_01   40.900594  -74.572825   165.435       0.546     1.027     0.346     1.109
0140320111_01   39.952023  -75.592018    88.933       4.602     0.032     4.514     0.883
0140320112_01   40.528496  -75.214881   150.581      -2.442     1.087    -2.599     0.616
0140320113_01   40.725801  -73.733809    -6.983       0.063     3.223    -0.535     3.178
0140320114_01   40.280053  -74.032592   -16.000      -1.541    -2.736    -1.010    -2.974
0140320115_01   40.269180  -74.890854    37.984      -2.266    -1.193    -2.005    -1.591
0140320116_01   39.760487  -75.110907   -16.325       0.396    -0.319     0.448    -0.240
0140320117_01   40.327078  -74.134683    -9.000      -0.716    -0.989    -0.522    -1.104
0140320118_01   40.347979  -74.799234    29.081      -1.551    -0.556    -1.421    -0.833
0140320119_01   40.286497  -75.264935    68.530       0.281     0.836     0.122     0.873
0140320120_01   40.412426  -75.110909   123.086       2.019    -2.471     2.440    -2.053
0140320121_01   40.057739  -75.809959   162.289      -3.381     0.324    -3.379    -0.307
0140320122_01   39.775908  -75.568087    48.602      -0.954     0.610    -1.049     0.422
0140320123_01   40.842337  -73.667184   -26.425      -2.664     3.666    -3.295     3.108
0140320124_01   40.260965  -74.044859   -15.000      -1.401    -1.439    -1.111    -1.674
0140320126_01   40.782797  -74.039200   -29.000       2.924     1.929     2.514     2.435
0140320127_01   40.842410  -73.934073    29.268       0.476    -3.007     1.021    -2.866
0140320128_01   41.019962  -74.551360   261.667       1.288     2.980     0.714     3.163
0140320129_01   39.928058  -74.123579   -31.000       3.584    -0.921     3.689    -0.240
0140320130_01   39.872511  -75.217380   -31.000       3.212     4.000     2.413     4.524
0140320131_01   40.207776  -74.019167   -27.000      -0.820    -0.221    -0.766    -0.370
0140320132_01   39.577394  -74.225817   -31.025      -3.217     4.603    -4.015     3.922
0140320133_01   40.139070  -74.810416   -32.000       3.771     1.436     3.437     2.109
0140320134_01   40.384341  -75.082235   121.076      -0.669     1.756    -0.981     1.601
0140320135_01   40.858007  -74.604423   243.915       1.995     0.050     1.949     0.418
0140320136_01   41.142711  -75.030982   319.000       0.902     0.497     0.795     0.654
0140320137_01   40.194471  -76.049486   119.148       0.292     2.356    -0.149     2.368
0140320138_01   40.676477  -74.284596    -0.594       0.511     0.991     0.317     1.067
0140320139_01   40.089761  -74.988621    -2.654       1.162    -0.125     1.164     0.093
0140320140_01   40.218996  -74.102918    -5.409      -1.610    -2.989    -1.030    -3.235
0140320141_01   39.930005  -75.056409   -28.000       0.329     0.326     0.262     0.381
0140320142_01   40.223492  -74.722734   -19.000      -1.121    -0.810    -0.952    -1.003
0140320143_01   40.328658  -75.939968    33.652       1.344    -1.649     1.627    -1.371
0140320144_01   40.224945  -74.138805     3.529       1.020    -0.571     1.106    -0.372
0140320145_01   40.639411  -74.236033   -26.267       1.675     0.881     1.481     1.175
0140320146_01   40.353276  -75.937130    61.609       2.096     0.066     2.048     0.453
0140320147_01   39.849263  -75.697741    77.010       2.296     0.373     2.187     0.792
0140320149_01   40.035091  -75.801955   141.802      -2.886    -0.299    -2.778    -0.828
0140320150_01   40.151009  -74.155238   -19.789      -1.282    -0.846    -1.104    -1.069
0140320151_01   40.694316  -73.905547   -11.117       0.850     0.811     0.683     0.954
0140320152_01   39.752212  -75.225056    -5.000      -2.368    -2.818    -1.803    -3.206
0140320153_01   39.946933  -75.983185   107.179       0.507    -2.423     0.949    -2.286
0140320154_01   40.061203  -74.145443   -28.296      -2.484     2.670    -2.936     2.161
0140320155_01   40.679373  -74.016902   -31.000       1.471     1.650     1.139     1.893
0140320156_01   40.545954  -74.556664   -14.713      -1.737    -2.331    -1.276    -2.611
0140320158_01   40.054038  -74.897177   -24.000       0.219     0.425     0.136     0.458
0140320159_01   40.130289  -74.562193     8.223      -3.083    -0.053    -3.019    -0.624
0140320160_01   40.863265  -73.999593   -30.000      -0.553     0.677    -0.669     0.563
0140320162_01   40.038203  -75.217202    58.313       0.604     1.133     0.384     1.225
0140320163_01   40.245369  -75.378350    34.762      -1.648     2.951    -2.164     2.593
0140320164_01   40.756094  -73.687744     6.704       0.923     0.884     0.741     1.038
0140320165_01   39.752684  -76.149555    83.637       2.255     5.285     1.235     5.608
0140320166_01   40.180768  -75.454458    11.792       0.991     1.617     0.674     1.772
0140320167_01   40.047982  -74.685815   -13.844      -5.237    -2.356    -4.707    -3.285
0140320168_01   40.725186  -75.556897   100.790       0.143    -2.391     0.583    -2.322
0140320169_01   40.482150  -74.627521    -6.990      -2.365    -0.989    -2.140    -1.409
0140320170_01   40.510584  -74.969075   128.033      -1.195     1.095    -1.375     0.854
0140320171_01   40.738841  -73.956691   -29.439       1.569     0.305     1.483     0.590
0140320172_01   41.040536  -74.560500   350.538      -1.870     2.603    -2.316     2.211
0140320173_01   40.275648  -75.127271    32.041      -1.882     1.014    -2.036     0.648
0140320174_01   40.536326  -74.667604    -2.483       0.830     2.301     0.389     2.413
0140320175_01   40.136247  -74.966428    18.302      -0.333     0.996    -0.512     0.916
0140320176_01   39.781216  -75.811963    87.145       0.892    -1.392     1.135    -1.202
0140320177_01   39.783708  -76.155677   106.376       1.684     5.301     0.671     5.518
0140320178_01   40.324814  -76.011246    78.057       0.305    -3.602     0.968    -3.481
0140320179_01   40.809197  -75.617710   157.267       1.432    -0.487     1.498    -0.214
0140320181_01   40.684581  -75.447922    84.718      -4.348    -0.804    -4.121    -1.592
0140320182_01   40.615281  -73.760014   -30.019       0.722    -0.557     0.810    -0.414
0140320183_01   39.935350  -75.131554   -31.000      -0.681    -1.508    -0.390    -1.608
0140320184_01   40.303536  -74.639447    -4.498      -1.481    -0.765    -1.313    -1.026
0140320185_01   40.051410  -74.655903     3.968      -0.951     0.929    -1.106     0.735
0140320186_01   40.409024  -74.513721    -3.080      -1.075     0.102    -1.076    -0.099
0140320187_01   40.780757  -74.370584    21.494       4.359     5.741     3.221     6.444
0140320188_01   40.470472  -75.389520   144.556       0.935     2.573     0.443     2.699
0140320189_01   39.950619  -74.778275   -19.052       0.535    -1.672     0.835    -1.543
0140320190_01   41.070605  -75.782626   392.013      -0.706     6.443    -1.880     6.195
0140320191_01   40.620949  -75.478000    48.317       3.725    -3.809     4.363    -3.053
0140320192_01   40.289450  -74.126693   -15.000      -1.889    -3.194    -1.266    -3.487
0140320193_01   40.086216  -74.913316   -28.990       3.330    -2.112     3.662    -1.457
0140320194_01   40.077526  -75.130068    25.598      -1.417     1.393    -1.650     1.106
0140320195_01   40.067056  -74.978071   -21.573       0.526     0.583     0.408     0.670
0140320196_01   40.804703  -75.648610   192.210      -0.138    -3.039     0.428    -3.009
0140320197_01   39.942830  -74.184843   -32.886      -1.414     0.767    -1.533     0.491
0140320198_01   40.472393  -74.857966    14.866      -2.245    -0.207    -2.167    -0.619
0140320199_01   40.504123  -75.494873   146.230      -1.325    -2.936    -0.757    -3.128
0140320200_01   40.637419  -74.074636   -28.778       0.720     0.630     0.589     0.752
0140320201_01   40.297003  -74.374743    -3.412       1.252    -0.648     1.348    -0.405
0140320202_01   39.968397  -75.560543    98.338       0.619     0.125     0.585     0.238
0140320203_01   40.148954  -75.013971    35.787      -0.434    -2.096    -0.038    -2.139
0140320205_01   40.149740  -74.333476     0.859       0.272     1.835    -0.074     1.852
0140320206_01   39.565970  -74.775314   -17.062       3.386     0.319     3.265     0.942
0140320207_01   40.200172  -75.468687    49.100       4.012     2.340     3.507     3.041
0140320208_01   40.909406  -74.123574   -10.782       0.987     0.555     0.866     0.727
0140320209_01   40.522565  -74.520339    -8.094      -0.744    -2.141    -0.335    -2.241
0140320210_01   40.209449  -75.569575     8.166       4.264    -0.549     4.290     0.249
0140320211_01   39.936623  -74.811678   -24.896      -1.003     0.066    -0.998    -0.122
0140320212_01   39.798738  -74.181290   -31.000      -0.286     1.633    -0.585     1.550
0140320213_01   40.594835  -74.280858   -25.276       0.982     1.201     0.742     1.361
0140320214_01   39.538679  -74.258016   -31.000      -0.856     0.861    -1.002     0.686
0140320215_01   40.043780  -75.086747    -2.464       3.315     0.431     3.176     1.038
0140320216_01   40.217498  -75.296750    75.995       1.475     0.444     1.366     0.708
0140320217_01   40.197160  -75.202200    54.415      -1.784     1.999    -2.121     1.632
0140320218_01   40.093001  -75.033668    13.399      -0.868     1.393    -1.110     1.207
0140320219_01   39.796021  -75.740303    91.852      -1.461    -1.230    -1.205    -1.479
0140320220_01   39.770279  -75.499035    28.196      -2.509    -0.010    -2.461    -0.475
0140320221_01   39.679485  -75.932856    70.882      -1.309     0.061    -1.296    -0.183
0140320222_01   41.025517  -74.264774    82.617      -5.017    -1.392    -4.671    -2.294
0140320223_01   40.286308  -75.488693    60.200       0.765     2.461     0.297     2.558
0140320224_01   40.350552  -75.265186   100.892      -3.173    -2.337    -2.683    -2.882
0140320225_01   39.975758  -74.582504    -7.995       1.348     1.630     1.021     1.851
0140320226_01   40.196717  -74.864888    24.075       1.875     0.813     1.691     1.145
0140320227_01   39.831415  -75.548209    80.896       1.766    -1.559     2.024    -1.203
0140320228_01   40.094673  -74.661316    -8.178      -2.329    -0.881    -2.125    -1.297
0140320229_01   40.738885  -74.160992   -25.810       2.184     0.229     2.102     0.629
0140320230_01   40.391268  -75.769757    82.405       2.760    -1.471     2.985    -0.935
0140320231_01   39.746889  -74.531364   -16.000       2.956     0.529     2.804     1.068
0140320232_01   40.782947  -74.125950    -4.197       0.183    -0.022     0.183     0.012
0140320233_01   40.714229  -74.229495    16.515       2.113     2.535     1.606     2.880
0140320234_01   39.645427  -74.507924   -28.248       2.229    -1.617     2.488    -1.175
0140320235_01   40.406302  -75.700632   117.102      -3.939    -4.260    -3.079    -4.911
0140320237_01   40.336631  -74.594416    -9.970      -0.088    -1.926     0.270    -1.908
0140320238_01   39.605302  -74.863598   -10.390      -0.005     0.902    -0.173     0.885
0140320239_01   39.997234  -75.947357   189.926       0.280     2.507    -0.189     2.514
0140320240_01   40.338783  -74.183275    -7.460      -1.551     0.633    -1.642     0.334
0140320241_01   39.790937  -75.921746   117.178      -2.845    -0.593    -2.682    -1.109
0140320242_01   40.088858  -75.764932   125.467      -1.460    -2.381    -0.992    -2.608
0140320243_01   39.730341  -74.260167   -16.282       1.520     1.421     1.228     1.678
0140320244_01   40.357070  -74.976918     8.311      -0.978     0.530    -1.058     0.339
0140320245_01   40.306679  -75.391401    69.328      -1.629    -0.263    -1.550    -0.560
0140320246_01   39.646675  -75.375066   -19.949       0.815    -3.959     1.535    -3.737
0140320247_01   40.664464  -73.950398    -8.931      -2.260    -0.898    -2.056    -1.301
0140320248_01   40.649103  -75.769519   147.981      -4.690    -3.672    -3.925    -4.472
0140320249_01   40.139349  -75.986305    96.092      -0.449    -0.688    -0.312    -0.758
0140320251_01   39.809990  -75.059115    -1.683       1.077     0.876     0.895     1.060
0140320252_01   40.823104  -75.734883   123.508       0.030     0.900    -0.135     0.890
