Thu. Sep. 22, 2016             LANDSAT 5                 Time: 17:24
                         Image Assessment System
                           GCP Residual Report
----------------------------------------------------------------------------
WOID: L19875912            Path/Row: 013 / 032

L0R Reference Image: L51XXX1098232150100_HDF.162662220
Acquisition Date: Aug 20, 1998

Band Number:  5

GLS date for each WRS-2 path/row used:
Path  Row   Date
013   032   10-20-2000


Point_ID         Latitude  Longitude    Height       Across    Along    Residual  Residual
                                                      Scan      Scan      In y      in x
                                                    Residual  Residual    dir       dir
                   (deg)     (deg)     (meters)     (meters)  (meters)  (meters)  (meters)

0130320001_01   40.899350  -72.547400    -5.607       2.995    -0.180     2.994     0.327
0130320002_01   40.985966  -74.209579   109.451       0.587     2.618     0.118     2.675
0130320004_01   41.050400  -73.531986   -15.842      -0.472     1.412    -0.711     1.313
0130320005_01   40.837345  -73.132134    -7.643      -0.687    -6.790     0.463    -6.808
0130320006_01   40.577940  -74.178956   -28.593       4.298     1.623     3.944     2.318
0130320008_01   40.742508  -74.255819    36.008      -0.993     3.779    -1.634     3.556
0130320009_01   40.528315  -74.193730   -22.011      -5.181    -1.268    -4.911    -2.122
0130320010_01   40.471312  -74.278993    -4.971      -2.436    -0.138    -2.397    -0.548
0130320011_01   40.320072  -74.446563    15.000       3.330     0.398     3.192     0.949
0130320012_01   40.704794  -73.791026   -15.364       2.953    -1.207     3.102    -0.695
0130320014_01   41.031222  -73.762948    33.541      -2.437    -0.032    -2.409    -0.440
0130320015_01   40.849362  -73.315786    24.221      -2.974     3.833    -3.578     3.280
0130320016_01   40.246943  -74.117011    -0.020       5.941    -5.060     6.693    -3.989
0130320017_01   40.997453  -73.842051    24.670      -6.279     1.591    -6.470     0.516
0130320018_01   40.689480  -74.096283   -23.540       0.035    -1.297     0.236    -1.275
0130320019_01   40.348265  -74.045041   -22.951      -5.968    -2.547    -5.467    -3.515
0130320020_01   40.017080  -74.100998   -32.000       1.765     1.086     1.542     1.366
0130320021_01   40.830719  -73.926433   -25.000       0.377    -1.975     0.688    -1.886
0130320022_01   40.684149  -73.833291   -20.021      -1.891     1.332    -2.100     0.995
0130320023_01   40.627324  -74.207084   -29.527       4.255    -0.389     4.240     0.328
0130320024_01   40.707930  -73.860221   -11.161      -1.192     0.479    -1.268     0.271
0130320025_01   40.799067  -73.664494    23.537      -1.461    -0.983    -1.285    -1.215
0130320026_01   40.761740  -73.733483    20.856      -2.109     0.416    -2.159     0.056
0130320027_01   40.706608  -73.311220   -27.502      -1.191     0.125    -1.197    -0.077
0130320028_01   40.815703  -72.604548   -29.085      -2.270     0.702    -2.346     0.313
0130320029_01   40.857797  -73.395655    36.005      -1.802     4.455    -2.529     4.089
0130320031_01   40.559868  -74.308164    -2.814      -0.096    -1.355     0.113    -1.354
0130320032_01   40.761611  -73.377712    17.883      -3.055     3.222    -3.557     2.664
0130320033_01   40.949976  -72.368043    21.203       0.135     4.346    -0.581     4.311
0130320034_01   40.466811  -74.389095   -32.000       4.155    -2.993     4.577    -2.255
0130320035_01   40.997535  -73.674050    -2.958      -0.508     0.522    -0.599     0.428
0130320036_01   40.888862  -73.901991   -15.490       0.590    -2.881     1.051    -2.743
0130320037_01   40.440476  -74.232983   -21.941      -3.339    -0.878    -3.161    -1.429
0130320038_01   40.672778  -74.004221   -30.000       2.990     0.724     2.810     1.213
0130320040_01   41.137758  -73.265178   -27.482       0.345    -2.219     0.708    -2.130
0130320041_01   40.663038  -73.913156   -23.863      -1.775    -1.814    -1.458    -2.087
0130320042_01   40.929434  -72.332519   -24.015       1.808    -1.099     1.982    -0.777
0130320044_01   40.028130  -74.336771   -11.875       1.524    -1.461     1.730    -1.186
0130320046_01   40.254409  -74.299644    18.888       2.419    -3.130     2.893    -2.681
0130320047_01   40.880966  -73.278311    13.341      -6.173     1.577    -6.352     0.520
0130320049_01   40.862059  -72.411392   -29.885       0.497    -3.955     1.167    -3.814
0130320050_01   39.798738  -74.181290   -31.000       1.606     1.444     1.325     1.693
0130320052_01   39.950177  -74.537004   -11.575       1.869    -1.668     2.102    -1.332
0130320054_01   40.703019  -73.251655   -30.243       4.760    -2.064     5.038    -1.235
0130320055_01   40.651400  -74.099636   -31.000       5.507     0.291     5.362     1.208
0130320056_01   40.852614  -73.157330     5.136      -2.606    -0.121    -2.549    -0.555
0130320060_01   40.794862  -74.027647   -29.864       4.228    -1.938     4.476    -1.204
0130320061_01   41.083545  -73.462677   -15.734      -1.005     1.653    -1.275     1.460
0130320065_01   40.809518  -72.824205   -22.039      -1.770    -0.291    -1.690    -0.582
0130320066_01   40.928985  -74.139706   -20.218       4.492     0.129     4.387     0.876
0130320067_01   40.063206  -74.055365   -31.609       2.117    -1.411     2.312    -1.035
0130320071_01   40.773303  -73.441769    28.159      -2.187     2.661    -2.608     2.256
0130320072_01   40.647365  -74.003179    17.815       0.671     3.233     0.102     3.297
0130320073_01   40.943221  -72.577493   -28.992       6.944    -1.975     7.188    -0.780
0130320074_01   40.910900  -74.179838     3.081       1.817    -1.313     1.991    -0.992
0130320076_01   40.946991  -72.439437   -30.802       1.449     0.382     1.377     0.623
0130320078_01   40.545627  -74.235682   -14.045       3.876    -1.011     3.971    -0.348
0130320079_01   40.881471  -74.043115   -29.200       1.340    -0.362     1.365    -0.135
0130320080_01   39.671251  -74.156914   -31.000      -0.756     3.586    -1.364     3.404
0130320081_01   40.857971  -73.640532   -28.120       1.267     5.074     0.388     5.213
0130320083_01   40.853379  -73.922152   -30.795      -3.090    -2.443    -2.650    -2.928
0130320085_01   39.891523  -74.273525   -15.133      -1.133     4.235    -1.848     3.980
0130320086_01   40.056895  -74.111730   -31.615       5.615    -0.600     5.621     0.353
0130320087_01   40.728748  -73.614036   -10.000       2.923    -0.704     2.992    -0.204
0130320089_01   39.737284  -74.496768    -4.243       0.777     1.471     0.498     1.578
0130320090_01   40.100594  -74.033378   -29.946       0.848    -4.430     1.571    -4.225
0130320091_01   40.964243  -72.562108   -21.427       2.080    -1.791     2.361    -1.415
0130320092_01   40.783988  -73.900165   -28.172       4.844    -1.721     5.050    -0.886
0130320093_01   40.897519  -72.877234    -6.312      -2.937     0.224    -2.928    -0.270
0130320094_01   40.768713  -72.739878   -29.624       1.185    -3.573     1.776    -3.322
0130320095_01   40.575041  -73.575036   -32.953       0.136    -5.543     1.059    -5.442
0130320097_01   40.439273  -74.345128   -24.866       0.323    -0.589     0.397    -0.529
0130320098_01   40.698016  -73.954843   -27.807      -1.613    -0.289    -1.556    -0.557
0130320099_01   40.019276  -74.452868    22.019      -0.900     1.126    -1.097     0.955
0130320101_01   40.629209  -73.748405   -29.343       2.643    -1.165     2.791    -0.706
0130320102_01   40.875895  -72.537230   -18.903      -0.163     0.644    -0.258     0.610
0130320103_01   40.822648  -73.960004   -32.000       0.665    -4.667     1.424    -4.491
0130320104_01   40.655550  -73.407608   -31.619       3.807    -0.334     3.805     0.310
0130320105_01   40.241116  -74.248640     5.368      -3.641    -2.542    -3.177    -3.121
0130320106_01   39.761465  -74.266488     5.734      -1.998     4.514    -2.747     4.109
0130320107_01   39.758370  -74.095966   -33.773       0.985    -2.161     1.325    -1.965
0130320109_01   40.669321  -73.349073   -30.091       3.523    -1.483     3.719    -0.870
0130320110_01   40.091202  -74.221786   -21.000       0.636     0.074     0.598     0.177
0130320111_01   40.738885  -74.160992   -25.810       1.675    -1.202     1.834    -0.906
0130320112_01   39.739329  -74.115471   -31.350       3.070    -4.254     3.733    -3.675
0130320113_01   40.731814  -73.492118    -4.000       2.173     1.552     1.876     1.894
0130320114_01   40.607318  -74.061930   -16.425      -0.376    -0.273    -0.341    -0.334
0130320115_01   40.917360  -72.568463   -30.156       3.952     2.588     3.474     3.217
0130320116_01   40.702132  -73.671759   -17.716      -3.186     0.982    -3.315     0.432
0130320117_01   40.776091  -74.078402   -30.000       4.993    -0.283     4.951     0.555
0130320118_01   39.862333  -74.318378    11.564      -0.109     0.693    -0.241     0.663
0130320119_01   40.563395  -74.225203   -30.000       4.609    -0.587     4.622     0.192
0130320120_01   40.896528  -72.504059   -30.689      -1.657     0.365    -1.683     0.084
0130320121_01   40.680789  -73.435051   -27.000      -0.199     0.601    -0.302     0.559
0130320122_01   39.777713  -74.115680   -31.000       1.956     5.047     1.062     5.303
0130320123_01   39.852418  -74.381952    12.098      -0.846    -0.307    -0.799    -0.447
0130320124_01   41.024974  -72.446763   -29.799       6.915    -3.233     7.372    -2.025
0130320127_01   39.940846  -74.171874   -31.275      -2.170    -0.557    -2.058    -0.917
0130320128_01   41.014471  -72.560613   -29.827       1.002     5.820     0.023     5.909
0130320129_01   40.819865  -72.716444   -26.181      -0.955    -0.037    -0.928    -0.195
0130320130_01   40.853632  -72.900702     9.669      -3.523    -0.198    -3.436    -0.785
0130320131_01   40.680451  -73.315076   -30.082       3.109     1.455     2.818     1.957
0130320132_01   40.661770  -73.865621   -31.124       2.192    -0.592     2.247    -0.217
0130320133_01   39.928397  -74.499233    -2.226      -3.937    -3.337    -3.336    -3.955
0130320134_01   40.956359  -72.248032   -20.000       1.100     0.311     1.049     0.494
0130320135_01   40.756389  -73.954640   -26.334      -1.346    -3.445    -0.763    -3.623
0130320136_01   40.975263  -72.339585    47.525      -6.449    -0.225    -6.307    -1.301
0130320137_01   40.719578  -73.948467   -28.586      -0.583    -1.884    -0.273    -1.957
0130320138_01   40.768890  -74.282184    68.379      -3.141    -0.200    -3.083    -0.726
0130320139_01   40.535371  -74.324711    27.678      -3.628     0.196    -3.629    -0.418
0130320140_01   40.787891  -74.002503    -7.496       1.773    -2.432     2.140    -2.102
0130320141_01   39.760479  -74.550185    -8.647      -0.519     1.059    -0.711     0.953
0130320143_01   40.739764  -73.586449    -4.148       0.066     1.474    -0.190     1.463
0130320144_01   40.567967  -74.109615   -28.000      -0.667    -4.954     0.160    -4.997
0130320145_01   40.841022  -73.693899   -21.153      -1.388     3.409    -1.950     3.127
0130320146_01   40.359030  -74.260052    -3.216      -6.081     0.556    -6.105    -0.477
0130320147_01   40.693247  -74.129254   -27.591       6.756     2.966     6.142     4.054
0130320148_01   40.930916  -73.054675    26.962      -2.757    -0.717    -2.597    -1.168
0130320149_01   39.721836  -74.125495   -32.323       1.340     1.285     1.091     1.491
0130320150_01   40.915771  -73.406010   -29.813      -4.710    -0.717    -4.529    -1.496
0130320152_01   40.771222  -74.044699   -28.277       4.821    -0.743     4.860     0.074
0130320153_01   39.912061  -74.191174   -20.784       3.703    -4.507     4.397    -3.820
0130320155_01   40.839914  -73.898529    -9.132      -2.628     1.021    -2.776     0.564
0130320156_01   40.105804  -74.110038   -22.342      -5.384     1.082    -5.502     0.158
0130320157_01   39.763305  -74.513741    -9.916      -3.429     3.438    -3.980     2.806
0130320158_01   40.790529  -72.937891   -10.194      -0.854     1.558    -1.099     1.394
0130320159_01   40.201374  -74.437308    54.059      -3.005     4.488    -3.739     3.914
0130320160_01   40.933678  -73.090583     4.604      -4.112     1.441    -4.295     0.732
0130320161_01   40.809960  -72.776533   -20.008      -0.358     0.961    -0.507     0.890
0130320162_01   40.900078  -72.383912   -17.865       5.165    -1.316     5.328    -0.427
0130320163_01   40.845585  -74.050038   -30.000      -0.052     0.296    -0.118     0.281
0130320164_01   40.899689  -74.090223   -19.733      -2.265     0.431    -2.323     0.043
0130320165_01   40.692493  -74.296142    -3.000      -0.177     2.563    -0.627     2.493
0130320166_01   40.016077  -74.184675   -12.000      -3.734     3.570    -4.297     2.887
0130320167_01   40.916827  -72.727714   -19.271       2.228    -1.247     2.413    -0.853
0130320168_01   39.978490  -74.074451   -31.558       2.234    -4.446     2.940    -4.007
0130320170_01   40.424301  -73.991981   -33.000       3.712    -1.076     3.826    -0.438
0130320171_01   39.990431  -74.314646    -9.384       4.829    -6.448     5.830    -5.543
0130320172_01   40.899444  -73.359390   -31.400      -0.252    -3.669     0.362    -3.660
0130320173_01   40.309954  -74.322725     2.801      -6.965     1.369    -7.114     0.175
0130320174_01   40.937192  -73.491733   -31.420      -1.919     4.930    -2.726     4.538
0130320175_01   40.872765  -72.883009    -0.176      -1.494    -0.342    -1.411    -0.586
0130320176_01   40.926202  -72.616592   -30.518       6.238    -3.308     6.715    -2.212
0130320177_01   40.664484  -74.187478   -22.741       3.035     4.040     2.293     4.489
0130320178_01   40.705311  -73.925254   -25.051       0.956     0.632     0.822     0.781
0130320180_01   40.917522  -72.450905   -33.449       5.632     0.700     5.449     1.638
0130320181_01   39.928303  -74.234517   -25.016      -1.544    -0.937    -1.379    -1.186
0130320182_01   39.694903  -74.449840     6.929      -2.379     4.642    -3.148     4.170
0130320183_01   39.739425  -74.380511    -6.000      -6.513    -2.004    -6.096    -3.077
0130320184_01   40.774747  -72.716924   -29.608      -3.820    -2.578    -3.326    -3.182
0130320185_01   39.701100  -74.135905   -31.000       1.007     2.842     0.499     2.969
0130320186_01   40.910012  -73.542577   -32.000      -3.039    -4.033    -2.328    -4.486
0130320187_01   41.078182  -74.142764    72.984      -3.272    -4.418    -2.504    -4.904
0130320188_01   40.865901  -74.198549    87.717      -1.401     3.756    -2.031     3.464
0130320190_01   40.872204  -74.135814   -17.651       2.964     1.104     2.717     1.582
0130320192_01   39.654049  -74.170411   -31.072       1.105     2.079     0.724     2.234
0130320193_01   40.650922  -73.485425   -31.895       2.289     0.102     2.234     0.485
0130320194_01   40.833785  -72.669359   -15.875      -2.473    -0.253    -2.387    -0.662
0130320195_01   39.780236  -74.379795     2.529      -1.097    -0.369    -1.036    -0.551
0130320196_01   40.812603  -74.016361   -29.000       3.904    -2.588     4.266    -1.899
0130320198_01   40.705603  -73.816936   -13.366       2.601     0.629     2.446     1.055
0130320199_01   40.977429  -72.471774   -30.925      -0.131     4.744    -0.912     4.659
0130320200_01   40.747370  -74.103318   -30.000       5.587    -0.715     5.609     0.230
0130320201_01   40.052140  -74.283781    -5.601      -3.738     2.796    -4.172     2.124
0130320202_01   40.807405  -73.022012    -9.880      -6.034    -1.490    -5.696    -2.480
0130320203_01   41.122474  -73.547177    34.697      -1.296     2.833    -1.761     2.575
0130320204_01   40.769089  -74.152081    -0.606       1.881     2.232     1.460     2.512
0130320205_01   39.979539  -74.177731   -18.677      -2.664    -3.976    -1.968    -4.370
0130320207_01   40.793519  -73.936634   -29.778      -1.403    -0.705    -1.279    -0.932
0130320208_01   40.601214  -73.571644   -33.444       2.063    -0.965     2.189    -0.605
0130320209_01   40.839389  -74.156879     8.131      -1.493     0.273    -1.537     0.016
0130320210_01   39.810792  -74.434897     9.651       0.771    -5.341     1.644    -5.136
0130320211_01   40.675652  -73.495869   -26.000      -0.967     2.163    -1.322     1.969
0130320212_01   40.849862  -72.702959   -12.009      -2.070    -0.799    -1.899    -1.134
0130320213_01   39.685678  -74.502041   -18.889       0.560     2.306     0.142     2.365
0130320214_01   41.144736  -74.152980   131.884      -5.320     3.702    -5.884     2.757
0130320215_01   40.747555  -72.998914   -27.739       3.170    -3.259     3.676    -2.679
0130320218_01   40.695822  -74.225091   -13.310       3.560     3.835     2.845     4.374
0130320219_01   40.947778  -72.936569    28.548      -3.886     0.071    -3.840    -0.580
0130320220_01   40.475355  -74.321773   -29.128      -2.312    -1.106    -2.112    -1.481
0130320222_01   40.725609  -74.194195    -5.529       0.403    -2.335     0.770    -2.237
0130320223_01   40.057509  -74.157801   -23.011      -1.486    -1.813    -1.173    -2.039
0130320224_01   40.637419  -74.074636   -28.778      -0.594    -2.177    -0.236    -2.248
0130320225_01   40.612418  -73.415371   -30.753       0.207     2.334    -0.192     2.335
0130320226_01   40.717149  -73.426031   -15.000       0.386     4.181    -0.327     4.186
0130320227_01   39.679411  -74.330674   -24.707       0.056     0.450    -0.036     0.451
0130320228_01   39.810248  -74.203935   -31.493       0.422    -1.430     0.644    -1.340
0130320229_01   40.991586  -72.603182   -24.030      -4.485     0.527    -4.502    -0.231
0130320231_01   39.933407  -74.271678    -2.177      -1.705    -0.545    -1.604    -0.827
0130320232_01   40.599152  -73.473831   -31.431       0.772     4.233     0.044     4.303
0130320233_01   40.641718  -73.167401   -29.004       2.090     1.868     1.747     2.194
0130320234_01   40.727253  -73.694350    -4.845      -1.629     0.729    -1.738     0.444
0130320235_01   40.713223  -73.560018   -12.000      -1.662     0.071    -1.657    -0.210
0130320238_01   40.852851  -73.983022    51.961      -3.075     1.478    -3.295     0.940
0130320240_01   40.954851  -72.751360     2.228       2.093    -4.519     2.827    -4.103
0130320241_01   40.919174  -72.682748   -23.991       1.535    -1.207     1.724    -0.931
0130320242_01   40.813287  -72.956393    -3.018      -3.878     1.799    -4.121     1.124
0130320243_01   39.781308  -74.554253    -7.748       3.843     0.870     3.619     1.503
0130320244_01   39.688325  -74.241723   -30.000      -3.938     3.030    -4.408     2.319
0130320245_01   40.858243  -72.571340   -21.524      -4.628    -0.342    -4.495    -1.112
0130320246_01   39.842550  -74.147108   -33.000       1.108    -1.143     1.272    -0.942
0130320248_01   40.759794  -72.767545   -29.822       4.493     2.227     4.063     2.953
0130320249_01   40.704794  -74.193381   -29.595       2.008     0.459     1.883     0.787
0130320250_01   39.769614  -74.416319     0.927      -0.922     2.034    -1.271     1.846
0130320251_01   40.868023  -73.011309    -3.641      -2.232     2.607    -2.636     2.197
0130320252_01   39.992080  -74.538829    -3.391       0.325     0.120     0.279     0.169
0130320253_01   40.929059  -72.902591     2.891      -6.013     0.569    -6.020    -0.446
0130320256_01   40.877729  -73.984778   -28.275       1.697    -0.162     1.683     0.122
