Sat. Sep.  3, 2016             LANDSAT 5                 Time: 15:31
                         Image Assessment System
                           GCP Residual Report
----------------------------------------------------------------------------
WOID: L19426324            Path/Row: 013 / 032

L0R Reference Image: L51GNC1009230150100_HDF.162472029
Acquisition Date: Aug 18, 2009

Band Number:  5

GLS date for each WRS-2 path/row used:
Path  Row   Date
013   032   10-20-2000


Point_ID         Latitude  Longitude    Height       Across    Along    Residual  Residual
                                                      Scan      Scan      In y      in x
                                                    Residual  Residual    dir       dir
                   (deg)     (deg)     (meters)     (meters)  (meters)  (meters)  (meters)

0130320001_01   40.899350  -72.547400    -5.607       3.056    -1.775     3.312    -1.235
0130320002_01   40.985966  -74.209579   109.451      -3.195    -0.826    -3.009    -1.350
0130320004_01   41.050400  -73.531986   -15.842      -2.319     0.666    -2.398     0.267
0130320006_01   40.577940  -74.178956   -28.593       3.003    -3.806     3.601    -3.245
0130320007_01   41.024323  -74.206980    78.507      -4.585     1.324    -4.740     0.536
0130320008_01   40.742508  -74.255819    36.008      -0.975     3.750    -1.593     3.531
0130320009_01   40.528315  -74.193730   -22.011      -5.984    -2.201    -5.525    -3.177
0130320010_01   40.471312  -74.278993    -4.971      -0.860     0.015    -0.851    -0.130
0130320011_01   40.320072  -74.446563    15.000       2.120     0.288     2.040     0.641
0130320012_01   40.704794  -73.791026   -15.364       3.088    -0.291     3.092     0.233
0130320013_01   40.905181  -73.115979    36.966      -3.803    -2.732    -3.289    -3.333
0130320014_01   41.031222  -73.762948    33.541      -3.536    -1.099    -3.300    -1.677
0130320015_01   40.849362  -73.315786    24.221      -6.047     1.043    -6.136     0.010
0130320016_01   40.246943  -74.117011    -0.020       2.203     3.970     1.499     4.284
0130320017_01   40.997453  -73.842051    24.670      -4.640     0.052    -4.582    -0.728
0130320018_01   40.689480  -74.096283   -23.540       2.005     1.967     1.644     2.276
0130320019_01   40.348265  -74.045041   -22.951      -2.956    -1.491    -2.661    -1.968
0130320020_01   40.017080  -74.100998   -32.000       1.825    -0.689     1.915    -0.370
0130320021_01   40.830719  -73.926433   -25.000      -0.578    -0.201    -0.536    -0.295
0130320022_01   40.684149  -73.833291   -20.021       1.185     0.868     1.022     1.055
0130320023_01   40.627324  -74.207084   -29.527       0.825    -0.464     0.891    -0.318
0130320024_01   40.707930  -73.860221   -11.161       0.206    -0.539     0.293    -0.497
0130320025_01   40.799067  -73.664494    23.537      -1.705    -4.774    -0.876    -4.992
0130320026_01   40.761740  -73.733483    20.856      -0.159    -3.484     0.430    -3.460
0130320027_01   40.706608  -73.311220   -27.502      -0.402     0.747    -0.523     0.669
0130320028_01   40.815703  -72.604548   -29.085      -5.389     3.458    -5.895     2.501
0130320029_01   40.857797  -73.395655    36.005       1.567     0.122     1.524     0.384
0130320031_01   40.559868  -74.308164    -2.814      -3.550     0.304    -3.549    -0.298
0130320032_01   40.761611  -73.377712    17.883      -5.099    -1.681    -4.742    -2.515
0130320033_01   40.949976  -72.368043    21.203       0.187     1.995    -0.151     1.998
0130320034_01   40.466811  -74.389095   -32.000       3.154    -5.343     4.010    -4.734
0130320035_01   40.997535  -73.674050    -2.958      -0.641    -0.262    -0.588    -0.366
0130320036_01   40.888862  -73.901991   -15.490      -0.653    -1.497    -0.392    -1.585
0130320037_01   40.440476  -74.232983   -21.941      -3.084     0.316    -3.092    -0.208
0130320038_01   40.672778  -74.004221   -30.000       3.679     0.438     3.552     1.051
0130320039_01   40.391259  -74.189358    51.326      -6.669     1.347    -6.799     0.202
0130320040_01   41.137758  -73.265178   -27.482      -2.419    -3.859    -1.737    -4.210
0130320042_01   40.929434  -72.332519   -24.015       4.835    -1.250     4.977    -0.417
0130320044_01   40.028130  -74.336771   -11.875       1.989    -3.221     2.505    -2.838
0130320046_01   40.254409  -74.299644    18.888      -0.845    -3.255    -0.282    -3.350
0130320047_01   40.880966  -73.278311    13.341      -1.262     4.688    -2.033     4.408
0130320050_01   39.798738  -74.181290   -31.000      -2.215     0.132    -2.205    -0.245
0130320052_01   39.950177  -74.537004   -11.575       0.713    -0.004     0.703     0.117
0130320054_01   40.703019  -73.251655   -30.243       4.033    -2.889     4.462    -2.168
0130320055_01   40.651400  -74.099636   -31.000       3.193     0.442     3.071     0.973
0130320060_01   40.794862  -74.027647   -29.864       0.234    -3.502     0.820    -3.412
0130320061_01   41.083545  -73.462677   -15.734      -2.487    -0.610    -2.349    -1.019
0130320065_01   40.809518  -72.824205   -22.039      -5.432     1.579    -5.621     0.641
0130320066_01   40.928985  -74.139706   -20.218       3.465     1.476     3.166     2.037
0130320071_01   40.773303  -73.441769    28.159       5.779     0.256     5.652     1.225
0130320073_01   40.943221  -72.577493   -28.992       5.012    -0.777     5.072     0.078
0130320074_01   40.910900  -74.179838     3.081       0.521     1.269     0.299     1.338
0130320076_01   40.946991  -72.439437   -30.802       1.934     4.770     1.105     5.029
0130320078_01   40.545627  -74.235682   -14.045       3.612    -1.672     3.841    -1.039
0130320079_01   40.881471  -74.043115   -29.200       1.598    -0.096     1.591     0.174
0130320083_01   40.853379  -73.922152   -30.795       0.617    -3.071     1.125    -2.923
0130320085_01   39.891523  -74.273525   -15.133      -5.135     0.091    -5.075    -0.779
0130320086_01   40.056895  -74.111730   -31.615       3.303     0.389     3.189     0.942
0130320087_01   40.728748  -73.614036   -10.000       5.194     1.657     4.839     2.507
0130320088_01   40.063315  -74.345224    -3.424      -0.031    -3.144     0.502    -3.104
0130320089_01   39.737284  -74.496768    -4.243      -0.476     5.354    -1.379     5.195
0130320091_01   40.964243  -72.562108   -21.427       5.231    -0.202     5.191     0.682
0130320092_01   40.783988  -73.900165   -28.172       3.802    -0.967     3.909    -0.314
0130320093_01   40.897519  -72.877234    -6.312      -1.478    -0.609    -1.354    -0.849
0130320097_01   40.439273  -74.345128   -24.866      -1.518    -2.936    -1.000    -3.149
0130320098_01   40.698016  -73.954843   -27.807       0.374    -3.707     0.994    -3.591
0130320099_01   40.019276  -74.452868    22.019      -1.247     1.479    -1.479     1.247
0130320100_01   40.993042  -74.038294   -10.698      -4.451     3.139    -4.915     2.347
0130320101_01   40.629209  -73.748405   -29.343       2.822    -1.472     3.030    -0.976
0130320102_01   40.875895  -72.537230   -18.903      -0.117    -0.293    -0.066    -0.309
0130320103_01   40.822648  -73.960004   -32.000       0.121    -0.045     0.126    -0.024
0130320104_01   40.655550  -73.407608   -31.619       5.572     0.029     5.487     0.968
0130320105_01   40.241116  -74.248640     5.368       0.437     1.262     0.216     1.317
0130320109_01   40.669321  -73.349073   -30.091       3.035    -1.829     3.300    -1.291
0130320110_01   40.091202  -74.221786   -21.000       1.014     4.384     0.257     4.491
0130320111_01   40.738885  -74.160992   -25.810       2.036     2.392     1.602     2.700
0130320113_01   40.731814  -73.492118    -4.000       0.193     0.027     0.185     0.059
0130320114_01   40.607318  -74.061930   -16.425      -1.431     3.425    -1.988     3.134
0130320115_01   40.917360  -72.568463   -30.156       1.512     4.537     0.727     4.728
0130320116_01   40.702132  -73.671759   -17.716      -2.159    -1.146    -1.934    -1.493
0130320117_01   40.776091  -74.078402   -30.000       2.638    -2.580     3.034    -2.099
0130320118_01   39.862333  -74.318378    11.564       2.547     2.542     2.078     2.936
0130320119_01   40.563395  -74.225203   -30.000       1.728    -0.457     1.779    -0.159
0130320120_01   40.896528  -72.504059   -30.689      -3.227    -0.236    -3.142    -0.777
0130320121_01   40.680789  -73.435051   -27.000      -0.125     1.662    -0.403     1.617
0130320122_01   39.777713  -74.115680   -31.000      -1.325    -0.787    -1.172    -1.000
0130320123_01   39.852418  -74.381952    12.098      -1.476    -2.998    -0.946    -3.204
0130320127_01   39.940846  -74.171874   -31.275      -0.698     2.569    -1.124     2.413
0130320128_01   41.014471  -72.560613   -29.827       0.931    -5.166     1.787    -4.937
0130320129_01   40.819865  -72.716444   -26.181       0.707    -0.505     0.782    -0.379
0130320131_01   40.680451  -73.315076   -30.082       3.549    -1.272     3.712    -0.656
0130320132_01   40.661770  -73.865621   -31.124       5.671    -1.253     5.800    -0.280
0130320134_01   40.956359  -72.248032   -20.000      -2.464     1.193    -2.630     0.761
0130320135_01   40.756389  -73.954640   -26.334      -1.048    -1.744    -0.739    -1.895
0130320138_01   40.768890  -74.282184    68.379      -2.668     1.334    -2.853     0.866
0130320139_01   40.535371  -74.324711    27.678      -2.351     3.360    -2.884     2.915
0130320140_01   40.787891  -74.002503    -7.496       0.713    -0.688     0.819    -0.558
0130320143_01   40.739764  -73.586449    -4.148       1.345     0.606     1.224     0.823
0130320144_01   40.567967  -74.109615   -28.000       3.938    -5.083     4.738    -4.346
0130320145_01   40.841022  -73.693899   -21.153      -0.237     4.546    -0.999     4.440
0130320146_01   40.359030  -74.260052    -3.216      -4.430     2.164    -4.731     1.385
0130320147_01   40.693247  -74.129254   -27.591       1.919     2.135     1.531     2.427
0130320148_01   40.930916  -73.054675    26.962      -0.904     0.886    -1.040     0.721
0130320150_01   40.915771  -73.406010   -29.813      -5.269     2.455    -5.607     1.533
0130320153_01   39.912061  -74.191174   -20.784      -1.414     1.937    -1.722     1.670
0130320155_01   40.839914  -73.898529    -9.132       1.643     1.603     1.349     1.856
0130320156_01   40.105804  -74.110038   -22.342      -5.882     3.421    -6.375     2.377
0130320158_01   40.790529  -72.937891   -10.194       2.223    -0.718     2.312    -0.333
0130320159_01   40.201374  -74.437308    54.059      -1.128    -0.634    -1.004    -0.816
0130320160_01   40.933678  -73.090583     4.604      -2.103    -1.106    -1.887    -1.444
0130320161_01   40.809960  -72.776533   -20.008      -2.660    -0.086    -2.608    -0.533
0130320162_01   40.900078  -72.383912   -17.865       2.308    -3.155     2.807    -2.721
0130320163_01   40.845585  -74.050038   -30.000       1.955     2.403     1.521     2.697
0130320165_01   40.692493  -74.296142    -3.000       0.821     3.982     0.137     4.062
0130320166_01   40.016077  -74.184675   -12.000      -2.226     1.014    -2.365     0.622
0130320167_01   40.916827  -72.727714   -19.271       1.030    -1.101     1.201    -0.912
0130320171_01   39.990431  -74.314646    -9.384       4.707     1.517     4.381     2.291
0130320172_01   40.899444  -73.359390   -31.400      -2.159    -1.711    -1.840    -2.049
0130320175_01   40.872765  -72.883009    -0.176      -3.053     1.759    -3.306     1.220
0130320176_01   40.926202  -72.616592   -30.518       3.497    -3.921     4.107    -3.277
0130320177_01   40.664484  -74.187478   -22.741       2.569    -0.730     2.655    -0.287
0130320178_01   40.705311  -73.925254   -25.051       3.284     1.247     3.026     1.782
0130320180_01   40.917522  -72.450905   -33.449       2.539     2.770     2.038     3.159
0130320181_01   39.928303  -74.234517   -25.016      -3.846    -0.457    -3.712    -1.101
0130320186_01   40.910012  -73.542577   -32.000      -2.937    -6.838    -1.744    -7.234
0130320187_01   41.078182  -74.142764    72.984      -0.730    -2.919    -0.229    -2.999
0130320188_01   40.865901  -74.198549    87.717      -1.732     1.566    -1.970     1.252
0130320189_01   40.955158  -73.401142   -31.490       0.843     6.570    -0.275     6.618
0130320190_01   40.872204  -74.135814   -17.651       1.309     1.344     1.064     1.544
0130320193_01   40.650922  -73.485425   -31.895       2.318     1.035     2.110     1.410
0130320194_01   40.833785  -72.669359   -15.875      -4.125    -2.113    -3.711    -2.778
0130320196_01   40.812603  -74.016361   -29.000       4.195    -3.193     4.672    -2.442
0130320198_01   40.705603  -73.816936   -13.366       2.713     0.201     2.640     0.654
0130320200_01   40.747370  -74.103318   -30.000       6.209     0.269     6.074     1.309
0130320202_01   40.807405  -73.022012    -9.880      -0.744    -5.210     0.144    -5.261
0130320203_01   41.122474  -73.547177    34.697      -1.778     0.953    -1.913     0.641
0130320204_01   40.769089  -74.152081    -0.606       1.713     2.397     1.284     2.650
0130320205_01   39.979539  -74.177731   -18.677       1.592    -3.210     2.112    -2.894
0130320207_01   40.793519  -73.936634   -29.778       1.470    -3.921     2.110    -3.617
0130320208_01   40.601214  -73.571644   -33.444       2.993    -0.418     3.020     0.092
0130320209_01   40.839389  -74.156879     8.131       0.128     0.627     0.020     0.639
0130320210_01   39.810792  -74.434897     9.651      -2.350    -3.547    -1.714    -3.893
0130320211_01   40.675652  -73.495869   -26.000      -1.333     1.521    -1.570     1.274
0130320213_01   39.685678  -74.502041   -18.889      -0.039     2.050    -0.387     2.013
0130320214_01   41.144736  -74.152980   131.884      -4.541     1.622    -4.747     0.837
0130320215_01   40.747555  -72.998914   -27.739       6.647    -3.828     7.197    -2.653
0130320218_01   40.695822  -74.225091   -13.310       0.436     0.560     0.335     0.625
0130320219_01   40.947778  -72.936569    28.548      -3.543    -0.689    -3.376    -1.275
0130320222_01   40.725609  -74.194195    -5.529       1.904     0.547     1.784     0.859
0130320223_01   40.057509  -74.157801   -23.011       3.652     3.202     3.056     3.773
0130320224_01   40.637419  -74.074636   -28.778       1.750    -1.409     1.962    -1.094
0130320225_01   40.612418  -73.415371   -30.753      -0.754     1.977    -1.077     1.822
0130320226_01   40.717149  -73.426031   -15.000       4.067    -1.409     4.246    -0.704
0130320227_01   39.679411  -74.330674   -24.707       0.773    -3.589     1.371    -3.406
0130320228_01   39.810248  -74.203935   -31.493      -1.602    -2.242    -1.199    -2.481
0130320231_01   39.933407  -74.271678    -2.177      -2.897     2.007    -3.195     1.487
0130320232_01   40.599152  -73.473831   -31.431      -0.122     5.619    -1.068     5.518
0130320234_01   40.727253  -73.694350    -4.845       1.005     1.202     0.788     1.354
0130320235_01   40.713223  -73.560018   -12.000      -2.189    -0.662    -2.046    -1.021
0130320238_01   40.852851  -73.983022    51.961      -2.760     1.026    -2.893     0.547
0130320240_01   40.954851  -72.751360     2.228      -0.287     3.267    -0.832     3.173
0130320241_01   40.919174  -72.682748   -23.991      -0.454     0.093    -0.463     0.015
0130320242_01   40.813287  -72.956393    -3.018      -2.452     6.605    -3.529     6.098
0130320244_01   39.688325  -74.241723   -30.000      -3.431     3.000    -3.890     2.375
0130320245_01   40.858243  -72.571340   -21.524      -2.281    -3.432    -1.672    -3.768
0130320246_01   39.842550  -74.147108   -33.000       0.719    -1.860     1.023    -1.711
0130320249_01   40.704794  -74.193381   -29.595       0.126    -1.046     0.301    -1.010
0130320250_01   39.769614  -74.416319     0.927      -0.629     0.957    -0.782     0.837
0130320251_01   40.868023  -73.011309    -3.641      -1.568     3.234    -2.089     2.924
0130320252_01   39.992080  -74.538829    -3.391       1.941    -1.297     2.132    -0.950
0130320253_01   40.929059  -72.902591     2.891      -6.889    -0.673    -6.678    -1.823
0130320255_01   40.966998  -72.723141    10.382      -3.478     1.835    -3.737     1.223
0130320256_01   40.877729  -73.984778   -28.275       0.610     0.947     0.442     1.036
0130320258_01   40.724402  -73.116471   -30.610       3.695     0.656     3.532     1.269
0130320259_01   39.873249  -74.131644   -32.126       0.521    -5.749     1.488    -5.577
