==============================================================================
==============================================================================
 Sep. 24 2016                  LANDSAT 5                       Time: 20:30
                            Image Assessment System
                            GEOMETRIC VERIFY Report
==============================================================================
Order ID: 0501609242737_05944                          Path / Row - 13 / 32
Reference Image: L51XXX1096179141400_HDF.L1G

Color mapping per rank
----------------------
Rank  1 is Green: total residual <= 0.5
Rank  2 is Cyan: 0.5 < total residual <=  1
Rank  3 is Blue:  1 < total residual <=  2
Rank  4 is Yellow:  2 < total residual <=  3
Rank  5 is Red:  3 < total residual

Percentage of residuals by rank
-------------------------------
Rank   1 -- 98.3%
Rank   2 --  1.7%
Rank   3 --  0.0%
Rank   4 --  0.0%
Rank   5 --  0.0%

       GCP    Latitude    Longitude  Sample   Line     Total    Rank
        ID                           Residual Residual Residual
              (Degree)    (Degree)   (Pixel)  (Pixel)  (Pixel)
----------------------------------------------------------------------
0130320090   41.22897    -74.07207     0.30      0.01     0.30     1 
0130320092   41.22834    -73.99763     0.34      0.07     0.34     1 
0130320093   41.22801    -73.96041     0.02      0.04     0.05     1 
0130320094   41.22767    -73.92319    -0.13      0.08     0.15     1 
0130320095   41.22731    -73.88597     0.52     -0.10     0.53     2 
0130320096   41.22695    -73.84875    -0.02     -0.06     0.06     1 
0130320165   41.20357    -74.07243     0.00      0.15     0.15     1 
0130320166   41.20326    -74.03522     0.46      0.15     0.48     1 
0130320168   41.20261    -73.96081     0.16      0.05     0.17     1 
0130320170   41.20192    -73.88640     0.08      0.12     0.14     1 
0130320171   41.20155    -73.84919     0.23      0.03     0.23     1 
0130320172   41.20117    -73.81199     0.44     -0.07     0.45     1 
0130320173   41.20078    -73.77479     0.36      0.06     0.37     1 
0130320174   41.20038    -73.73758     0.23      0.03     0.23     1 
0130320175   41.19997    -73.70038     0.38      0.01     0.38     1 
0130320176   41.19954    -73.66318     0.49     -0.09     0.50     2 
0130320239   41.17846    -74.10998    -0.03      0.21     0.22     1 
0130320240   41.17817    -74.07279     0.46      0.08     0.47     1 
0130320245   41.17652    -73.88683     0.05      0.08     0.09     1 
0130320246   41.17616    -73.84964     0.43      0.06     0.43     1 
0130320247   41.17578    -73.81245     0.22     -0.06     0.23     1 
0130320248   41.17539    -73.77526     0.20      0.04     0.20     1 
0130320249   41.17499    -73.73807     0.33      0.04     0.33     1 
0130320250   41.17457    -73.70088     0.39     -0.03     0.39     1 
0130320251   41.17415    -73.66370     0.26     -0.03     0.26     1 
0130320252   41.17371    -73.62651     0.19     -0.03     0.19     1 
0130320253   41.17326    -73.58933     0.04     -0.02     0.05     1 
0130320255   41.17233    -73.51496     0.33      0.09     0.34     1 
0130320256   41.17184    -73.47778     0.17      0.05     0.17     1 
0130320314   41.15306    -74.11033     0.45      0.09     0.46     1 
0130320315   41.15277    -74.07315     0.48      0.09     0.49     1 
0130320317   41.15215    -73.99879     0.20      0.01     0.20     1 
0130320318   41.15182    -73.96161     0.08     -0.01     0.08     1 
0130320319   41.15148    -73.92444     0.28      0.05     0.28     1 
0130320321   41.15076    -73.85008     0.34     -0.02     0.34     1 
0130320322   41.15038    -73.81291     0.41     -0.06     0.41     1 
0130320323   41.14999    -73.77573     0.20      0.04     0.21     1 
0130320324   41.14959    -73.73856     0.27      0.08     0.28     1 
0130320325   41.14918    -73.70139     0.29      0.08     0.30     1 
0130320326   41.14875    -73.66421     0.08      0.07     0.11     1 
0130320327   41.14831    -73.62704     0.37      0.02     0.37     1 
0130320328   41.14787    -73.58987     0.11      0.04     0.12     1 
0130320329   41.14740    -73.55270     0.21      0.02     0.21     1 
0130320330   41.14693    -73.51553     0.22      0.02     0.22     1 
0130320331   41.14645    -73.47837     0.26     -0.05     0.27     1 
0130320332   41.14595    -73.44120     0.27     -0.00     0.27     1 
0130320333   41.14544    -73.40403     0.27     -0.03     0.27     1 
0130320334   41.14492    -73.36687     0.05     -0.04     0.06     1 
0130320335   41.14439    -73.32971     0.26     -0.00     0.26     1 
0130320336   41.14384    -73.29254     0.11     -0.03     0.12     1 
0130320337   41.14328    -73.25538     0.06     -0.06     0.08     1 
0130320391   41.12706    -74.03634     0.14      0.02     0.14     1 
0130320392   41.12675    -73.99918     0.51      0.05     0.51     2 
0130320393   41.12642    -73.96201     0.30     -0.08     0.31     1 
0130320394   41.12608    -73.92485     0.40     -0.04     0.40     1 
0130320396   41.12536    -73.85053     0.52     -0.01     0.52     2 
0130320397   41.12498    -73.81337     0.42     -0.03     0.42     1 
0130320398   41.12459    -73.77621     0.40     -0.04     0.41     1 
0130320399   41.12419    -73.73905    -0.00      0.06     0.06     1 
0130320400   41.12378    -73.70189     0.35     -0.00     0.35     1 
0130320401   41.12336    -73.66473     0.22     -0.02     0.22     1 
0130320402   41.12292    -73.62757     0.35      0.00     0.35     1 
0130320403   41.12247    -73.59042    -0.03      0.03     0.05     1 
0130320404   41.12201    -73.55326     0.03      0.07     0.08     1 
0130320405   41.12154    -73.51611     0.31     -0.01     0.31     1 
0130320406   41.12105    -73.47895     0.39     -0.02     0.39     1 
0130320407   41.12056    -73.44180     0.31      0.03     0.31     1 
0130320408   41.12005    -73.40465     0.09      0.01     0.09     1 
0130320409   41.11953    -73.36750     0.10     -0.08     0.13     1 
0130320410   41.11899    -73.33035    -0.29     -0.03     0.30     1 
0130320411   41.11845    -73.29320    -0.40     -0.27     0.49     1 
0130320412   41.11789    -73.25605    -0.44     -0.06     0.45     1 
0130320465   41.10197    -74.07386     0.32      0.04     0.33     1 
0130320466   41.10166    -74.03671     0.24      0.01     0.24     1 
0130320467   41.10135    -73.99956     0.15     -0.01     0.15     1 
0130320468   41.10102    -73.96241     0.09     -0.06     0.10     1 
0130320469   41.10068    -73.92526     0.21     -0.07     0.22     1 
0130320472   41.09959    -73.81382     0.39     -0.06     0.39     1 
0130320473   41.09920    -73.77668     0.14     -0.08     0.16     1 
0130320474   41.09880    -73.73953    -0.21      0.00     0.21     1 
0130320475   41.09839    -73.70239     0.37     -0.02     0.37     1 
0130320476   41.09796    -73.66524     0.30     -0.04     0.30     1 
0130320477   41.09752    -73.62810     0.09     -0.07     0.12     1 
0130320478   41.09708    -73.59096     0.18     -0.03     0.19     1 
0130320479   41.09661    -73.55382     0.26     -0.05     0.27     1 
0130320480   41.09614    -73.51668     0.24      0.00     0.24     1 
0130320481   41.09566    -73.47954     0.26     -0.03     0.26     1 
0130320482   41.09516    -73.44240     0.17     -0.10     0.20     1 
0130320483   41.09466    -73.40526    -0.20      0.02     0.20     1 
0130320484   41.09414    -73.36813    -0.24     -0.15     0.28     1 
0130320539   41.07686    -74.11135     0.44      0.06     0.44     1 
0130320543   41.07562    -73.96281     0.03      0.01     0.03     1 
0130320546   41.07456    -73.85141     0.18     -0.01     0.18     1 
0130320547   41.07419    -73.81428     0.19     -0.16     0.25     1 
0130320548   41.07380    -73.77715     0.19      0.03     0.19     1 
0130320549   41.07340    -73.74002    -0.21      0.03     0.21     1 
0130320550   41.07299    -73.70289     0.13     -0.04     0.14     1 
0130320551   41.07256    -73.66576     0.25     -0.05     0.26     1 
0130320552   41.07213    -73.62863     0.29     -0.06     0.30     1 
0130320553   41.07168    -73.59150     0.06      0.03     0.07     1 
0130320554   41.07122    -73.55438     0.03     -0.02     0.03     1 
0130320555   41.07075    -73.51725     0.01     -0.03     0.03     1 
0130320556   41.07026    -73.48013     0.09     -0.04     0.10     1 
0130320557   41.06977    -73.44300    -0.10     -0.11     0.15     1 
0130320558   41.06926    -73.40588    -0.08     -0.02     0.08     1 
0130320559   41.06874    -73.36876    -0.10     -0.14     0.17     1 
0130320613   41.05174    -74.14882     0.46      0.05     0.46     1 
0130320614   41.05146    -74.11170     0.20      0.01     0.20     1 
0130320615   41.05117    -74.07457     0.29      0.03     0.29     1 
0130320617   41.05055    -74.00033     0.30     -0.02     0.30     1 
0130320618   41.05022    -73.96321     0.24      0.18     0.30     1 
0130320620   41.04953    -73.88897     0.02      0.17     0.17     1 
0130320621   41.04917    -73.85185     0.30      0.08     0.31     1 
0130320622   41.04879    -73.81474     0.33      0.03     0.34     1 
0130320623   41.04840    -73.77762     0.22     -0.03     0.22     1 
0130320624   41.04800    -73.74050     0.28     -0.10     0.30     1 
0130320625   41.04759    -73.70339     0.22     -0.06     0.23     1 
0130320626   41.04717    -73.66627     0.12     -0.00     0.12     1 
0130320627   41.04673    -73.62916     0.26     -0.00     0.26     1 
0130320628   41.04628    -73.59204     0.04     -0.02     0.04     1 
0130320629   41.04583    -73.55493     0.07     -0.08     0.10     1 
0130320630   41.04535    -73.51782    -0.18     -0.11     0.21     1 
0130320631   41.04487    -73.48071    -0.29     -0.08     0.30     1 
0130320657   41.02811    -72.51622    -0.33     -0.19     0.38     1 
0130320690   41.02577    -74.07493     0.40      0.03     0.40     1 
0130320691   41.02547    -74.03782     0.05      0.03     0.06     1 
0130320694   41.02448    -73.92650     0.47     -0.12     0.48     1 
0130320695   41.02413    -73.88940    -0.15      0.00     0.15     1 
0130320696   41.02377    -73.85229     0.52     -0.10     0.53     2 
0130320698   41.02301    -73.77809     0.12     -0.03     0.13     1 
0130320699   41.02261    -73.74099     0.31     -0.05     0.32     1 
0130320700   41.02220    -73.70388     0.30     -0.05     0.30     1 
0130320701   41.02177    -73.66678     0.14      0.07     0.15     1 
0130320702   41.02134    -73.62968    -0.11     -0.02     0.11     1 
0130320703   41.02089    -73.59259    -0.26     -0.14     0.29     1 
0130320704   41.02043    -73.55549    -0.34     -0.12     0.36     1 
0130320705   41.01996    -73.51839    -0.31     -0.24     0.39     1 
0130320731   41.00353    -72.55424    -0.17      0.05     0.18     1 
0130320733   41.00193    -72.48011    -0.26     -0.09     0.27     1 
0130320736   40.99945    -72.36893    -0.52     -0.08     0.52     2 
0130320737   40.99859    -72.33187    -0.33     -0.04     0.34     1 
0130320738   40.99773    -72.29481    -0.35     -0.07     0.36     1 
0130320763   41.00094    -74.14947     0.22      0.11     0.25     1 
0130320764   41.00066    -74.11238     0.22      0.09     0.24     1 
0130320765   41.00037    -74.07528     0.44      0.03     0.44     1 
0130320766   41.00007    -74.03819     0.17      0.07     0.19     1 
0130320767   40.99975    -74.00110     0.29     -0.02     0.29     1 
0130320768   40.99943    -73.96401     0.36     -0.01     0.36     1 
0130320769   40.99909    -73.92692     0.54      0.10     0.55     2 
0130320771   40.99837    -73.85273     0.40     -0.01     0.40     1 
0130320772   40.99800    -73.81565     0.27     -0.03     0.28     1 
0130320773   40.99761    -73.77856     0.29      0.01     0.29     1 
0130320774   40.99721    -73.74147     0.22     -0.06     0.22     1 
0130320775   40.99680    -73.70438     0.31      0.05     0.31     1 
0130320776   40.99638    -73.66730    -0.17     -0.04     0.18     1 
0130320777   40.99594    -73.63021    -0.29     -0.01     0.29     1 
0130320778   40.99549    -73.59313    -0.53      0.14     0.54     2 
0130320804   40.97970    -72.62928     0.06     -0.27     0.28     1 
0130320806   40.97815    -72.55518    -0.03      0.01     0.03     1 
0130320808   40.97655    -72.48108     0.05      0.01     0.05     1 
0130320811   40.97407    -72.36994     0.02     -0.10     0.10     1 
0130320812   40.97322    -72.33289     0.31      0.06     0.31     1 
0130320813   40.97235    -72.29585    -0.23     -0.02     0.23     1 
0130320814   40.97148    -72.25881    -0.03      0.01     0.03     1 
0130320815   40.97059    -72.22177    -0.09      0.04     0.09     1 
0130320816   40.96969    -72.18474    -0.13     -0.05     0.14     1 
0130320817   40.96878    -72.14770    -0.13     -0.07     0.15     1 
0130320839   40.97526    -74.11272     0.40      0.01     0.40     1 
0130320840   40.97497    -74.07564     0.28      0.05     0.28     1 
0130320841   40.97467    -74.03856     0.38     -0.03     0.38     1 
0130320842   40.97435    -74.00148    -0.02     -0.04     0.04     1 
0130320843   40.97402    -73.96440     0.20     -0.01     0.20     1 
0130320846   40.97297    -73.85318     0.29      0.05     0.29     1 
0130320847   40.97260    -73.81610     0.35      0.09     0.36     1 
0130320848   40.97221    -73.77903     0.28     -0.05     0.28     1 
0130320849   40.97181    -73.74195     0.15      0.03     0.15     1 
0130320850   40.97140    -73.70488     0.23     -0.05     0.23     1 
0130320851   40.97098    -73.66781    -0.30     -0.18     0.35     1 
0130320865   40.96381    -73.14889     0.01      0.38     0.38     1 
0130320866   40.96321    -73.11183    -0.19     -0.13     0.23     1 
0130320867   40.96260    -73.07478    -0.10      0.08     0.13     1 
0130320868   40.96197    -73.03772    -0.03     -0.14     0.14     1 
0130320874   40.95797    -72.81541     0.31      0.08     0.32     1 
0130320875   40.95727    -72.77837     0.10     -0.03     0.11     1 
0130320878   40.95507    -72.66724     0.38     -0.25     0.45     1 
0130320879   40.95432    -72.63019     0.07      0.01     0.07     1 
0130320880   40.95355    -72.59315    -0.03      0.02     0.04     1 
0130320881   40.95277    -72.55612    -0.34     -0.15     0.37     1 
0130320884   40.95036    -72.44501    -0.21      0.00     0.21     1 
0130320885   40.94953    -72.40798    -0.35      0.10     0.36     1 
0130320886   40.94869    -72.37095     0.11      0.16     0.19     1 
0130320888   40.94698    -72.29689    -0.07     -0.06     0.09     1 
0130320889   40.94610    -72.25986    -0.09     -0.00     0.09     1 
0130320890   40.94522    -72.22284    -0.27     -0.04     0.27     1 
0130320891   40.94432    -72.18581     0.01     -0.08     0.09     1 
0130320913   40.95014    -74.15013     0.17      0.11     0.20     1 
0130320914   40.94986    -74.11306     0.43      0.07     0.43     1 
0130320915   40.94957    -74.07599     0.28      0.07     0.28     1 
0130320916   40.94927    -74.03893     0.42      0.00     0.42     1 
0130320917   40.94895    -74.00186     0.41      0.04     0.42     1 
0130320918   40.94863    -73.96480     0.42      0.02     0.42     1 
0130320919   40.94829    -73.92774     0.43     -0.07     0.43     1 
0130320920   40.94794    -73.89068     0.03     -0.01     0.04     1 
0130320921   40.94757    -73.85362     0.20     -0.01     0.20     1 
0130320922   40.94720    -73.81655     0.25     -0.04     0.25     1 
0130320923   40.94681    -73.77949     0.33      0.01     0.33     1 
0130320924   40.94642    -73.74244    -0.00     -0.02     0.02     1 
0130320925   40.94600    -73.70538    -0.25     -0.08     0.26     1 
0130320931   40.94329    -73.48304     0.07      0.04     0.08     1 
0130320932   40.94280    -73.44599     0.31      0.15     0.35     1 
0130320933   40.94230    -73.40894    -0.01      0.27     0.27     1 
0130320934   40.94178    -73.37189    -0.00     -0.00     0.00     1 
0130320940   40.93842    -73.14960    -0.10      0.26     0.28     1 
0130320941   40.93782    -73.11256     0.33     -0.05     0.34     1 
0130320942   40.93721    -73.07551     0.21     -0.04     0.22     1 
0130320943   40.93659    -73.03847     0.25     -0.16     0.29     1 
0130320944   40.93595    -73.00143     0.16     -0.03     0.17     1 
0130320945   40.93530    -72.96439     0.29      0.08     0.30     1 
0130320946   40.93464    -72.92736     0.09     -0.02     0.10     1 
0130320947   40.93397    -72.89032     0.12      0.02     0.12     1 
0130320948   40.93329    -72.85328     0.11     -0.04     0.12     1 
0130320949   40.93259    -72.81625     0.18     -0.06     0.19     1 
0130320950   40.93188    -72.77922     0.25      0.02     0.25     1 
0130320952   40.93043    -72.70516    -0.01     -0.04     0.05     1 
0130320953   40.92969    -72.66813    -0.13     -0.02     0.13     1 
0130320954   40.92893    -72.63110    -0.18     -0.08     0.20     1 
0130320955   40.92817    -72.59408    -0.46      0.04     0.46     1 
0130320959   40.92498    -72.44599    -0.45      0.02     0.45     1 
0130320960   40.92415    -72.40897    -0.15     -0.07     0.16     1 
0130320961   40.92332    -72.37195     0.11     -0.01     0.11     1 
0130320962   40.92247    -72.33494    -0.14     -0.09     0.17     1 
0130320963   40.92160    -72.29792    -0.34     -0.17     0.38     1 
0130320987   40.92501    -74.18750     0.18     -0.00     0.18     1 
0130320988   40.92474    -74.15045     0.05     -0.09     0.10     1 
0130320989   40.92446    -74.11340     0.18      0.04     0.18     1 
0130320990   40.92417    -74.07635     0.28      0.01     0.28     1 
0130320991   40.92387    -74.03930     0.21      0.03     0.22     1 
0130320992   40.92355    -74.00225     0.23      0.03     0.23     1 
0130320993   40.92323    -73.96520     0.20      0.14     0.25     1 
0130320995   40.92254    -73.89110     0.18      0.02     0.18     1 
0130320996   40.92218    -73.85405     0.05     -0.00     0.05     1 
0130320997   40.92180    -73.81701     0.10     -0.05     0.12     1 
0130320998   40.92142    -73.77996     0.14      0.00     0.14     1 
0130320999   40.92102    -73.74292    -0.25     -0.16     0.30     1 
0130321004   40.91885    -73.55770     0.38      0.29     0.48     1 
0130321005   40.91838    -73.52066    -0.05     -0.21     0.22     1 
0130321006   40.91790    -73.48362    -0.27      0.29     0.39     1 
0130321007   40.91741    -73.44658    -0.08     -0.37     0.38     1 
0130321009   40.91638    -73.37251     0.09     -0.20     0.22     1 
0130321010   40.91586    -73.33547     0.26     -0.00     0.26     1 
0130321011   40.91531    -73.29844     0.31     -0.04     0.32     1 
0130321012   40.91476    -73.26140     0.11     -0.03     0.12     1 
0130321013   40.91420    -73.22437     0.03     -0.28     0.28     1 
0130321014   40.91362    -73.18734     0.15     -0.23     0.27     1 
0130321015   40.91303    -73.15031    -0.08     -0.05     0.09     1 
0130321016   40.91243    -73.11328     0.24     -0.08     0.26     1 
0130321017   40.91182    -73.07625     0.13      0.04     0.14     1 
0130321018   40.91120    -73.03923     0.08     -0.07     0.10     1 
0130321019   40.91056    -73.00220     0.09      0.02     0.10     1 
0130321020   40.90991    -72.96517     0.34     -0.06     0.34     1 
0130321021   40.90926    -72.92815    -0.02     -0.05     0.05     1 
0130321022   40.90858    -72.89113     0.17     -0.06     0.18     1 
0130321023   40.90790    -72.85411     0.02     -0.01     0.03     1 
0130321024   40.90720    -72.81709     0.05     -0.06     0.08     1 
0130321025   40.90650    -72.78007     0.06     -0.03     0.07     1 
0130321026   40.90578    -72.74305    -0.00     -0.20     0.20     1 
0130321027   40.90505    -72.70603    -0.13     -0.00     0.13     1 
0130321028   40.90431    -72.66902    -0.03     -0.10     0.10     1 
0130321029   40.90355    -72.63201    -0.00      0.01     0.01     1 
0130321030   40.90279    -72.59500    -0.10     -0.09     0.13     1 
0130321031   40.90201    -72.55799    -0.25     -0.05     0.25     1 
0130321032   40.90122    -72.52098    -0.24     -0.10     0.26     1 
0130321033   40.90042    -72.48397    -0.18      0.03     0.19     1 
0130321034   40.89960    -72.44696    -0.19     -0.06     0.20     1 
0130321035   40.89878    -72.40996    -0.11      0.04     0.12     1 
0130321036   40.89794    -72.37296    -0.26      0.03     0.26     1 
0130321037   40.89709    -72.33596    -0.17      0.07     0.19     1 
0130321062   40.89961    -74.18781     0.13      0.05     0.13     1 
0130321063   40.89934    -74.15078    -0.08      0.07     0.11     1 
0130321064   40.89906    -74.11374     0.08     -0.01     0.08     1 
0130321065   40.89877    -74.07670     0.14      0.03     0.14     1 
0130321066   40.89847    -74.03966     0.09     -0.06     0.11     1 
0130321067   40.89815    -74.00263     0.31     -0.02     0.31     1 
0130321068   40.89783    -73.96559     0.09     -0.01     0.09     1 
0130321070   40.89714    -73.89153     0.07      0.01     0.07     1 
0130321071   40.89678    -73.85449     0.03     -0.03     0.04     1 
0130321072   40.89640    -73.81746    -0.03     -0.06     0.07     1 
0130321073   40.89602    -73.78043    -0.16     -0.09     0.18     1 
0130321077   40.89436    -73.63231     0.13     -0.04     0.14     1 
0130321078   40.89391    -73.59528     0.17     -0.02     0.18     1 
0130321079   40.89345    -73.55825    -0.04     -0.20     0.20     1 
0130321080   40.89299    -73.52123    -0.19     -0.22     0.29     1 
0130321081   40.89250    -73.48420    -0.46     -0.23     0.51     2 
0130321082   40.89201    -73.44718     0.18      0.02     0.18     1 
0130321083   40.89151    -73.41015    -0.09      0.10     0.14     1 
0130321084   40.89099    -73.37313     0.04     -0.05     0.06     1 
0130321085   40.89046    -73.33611     0.18     -0.01     0.18     1 
0130321086   40.88992    -73.29909     0.32      0.08     0.33     1 
0130321087   40.88937    -73.26207     0.15      0.01     0.15     1 
0130321088   40.88881    -73.22505     0.33     -0.04     0.33     1 
0130321089   40.88823    -73.18803     0.09      0.06     0.10     1 
0130321090   40.88764    -73.15102     0.13      0.02     0.13     1 
0130321091   40.88704    -73.11400     0.15     -0.08     0.17     1 
0130321092   40.88643    -73.07699     0.12     -0.02     0.12     1 
0130321093   40.88581    -73.03997     0.12     -0.03     0.12     1 
0130321094   40.88517    -73.00296     0.15      0.06     0.16     1 
0130321095   40.88453    -72.96595     0.11      0.04     0.12     1 
0130321096   40.88387    -72.92894     0.08     -0.07     0.11     1 
0130321097   40.88320    -72.89193     0.34     -0.08     0.35     1 
0130321098   40.88251    -72.85493     0.14     -0.02     0.14     1 
0130321099   40.88182    -72.81792     0.19     -0.02     0.19     1 
0130321100   40.88111    -72.78092     0.08     -0.01     0.08     1 
0130321101   40.88040    -72.74391     0.06     -0.04     0.07     1 
0130321102   40.87967    -72.70691     0.05     -0.09     0.10     1 
0130321103   40.87892    -72.66991    -0.04     -0.02     0.04     1 
0130321104   40.87817    -72.63291    -0.08     -0.08     0.12     1 
0130321105   40.87740    -72.59592    -0.03      0.07     0.08     1 
0130321106   40.87663    -72.55892    -0.06     -0.02     0.07     1 
0130321107   40.87584    -72.52192     0.03     -0.02     0.04     1 
0130321108   40.87504    -72.48493    -0.32      0.09     0.33     1 
0130321109   40.87422    -72.44794    -0.34     -0.15     0.37     1 
0130321110   40.87340    -72.41095    -0.37     -0.10     0.38     1 
0130321137   40.87421    -74.18812     0.13      0.07     0.15     1 
0130321138   40.87394    -74.15110     0.11      0.08     0.13     1 
0130321139   40.87366    -74.11408    -0.06      0.04     0.07     1 
0130321140   40.87337    -74.07705     0.11      0.04     0.11     1 
0130321141   40.87307    -74.04003    -0.06      0.05     0.08     1 
0130321142   40.87275    -74.00301     0.07     -0.03     0.08     1 
0130321143   40.87243    -73.96599     0.22     -0.01     0.22     1 
0130321144   40.87209    -73.92897    -0.09     -0.01     0.09     1 
0130321147   40.87100    -73.81791     0.15     -0.14     0.20     1 
0130321148   40.87062    -73.78089    -0.14     -0.30     0.33     1 
0130321150   40.86981    -73.70686     0.29     -0.05     0.30     1 
0130321152   40.86896    -73.63283     0.11     -0.04     0.11     1 
0130321153   40.86852    -73.59582     0.38      0.04     0.39     1 
0130321154   40.86806    -73.55880     0.33     -0.01     0.33     1 
0130321155   40.86759    -73.52179     0.44     -0.06     0.45     1 
0130321156   40.86711    -73.48478     0.30     -0.05     0.30     1 
0130321157   40.86662    -73.44777     0.26     -0.11     0.28     1 
0130321158   40.86611    -73.41076     0.27      0.03     0.28     1 
0130321159   40.86560    -73.37375     0.07     -0.02     0.07     1 
0130321160   40.86507    -73.33675     0.26     -0.08     0.27     1 
0130321161   40.86453    -73.29974     0.16     -0.14     0.21     1 
0130321162   40.86398    -73.26273     0.26     -0.01     0.26     1 
0130321163   40.86342    -73.22573     0.23     -0.07     0.24     1 
0130321164   40.86284    -73.18873    -0.03     -0.01     0.03     1 
0130321165   40.86225    -73.15172     0.07     -0.00     0.07     1 
0130321166   40.86165    -73.11472     0.17     -0.07     0.19     1 
0130321167   40.86104    -73.07772     0.21      0.00     0.21     1 
0130321168   40.86042    -73.04072     0.09      0.01     0.09     1 
0130321169   40.85979    -73.00373     0.09      0.01     0.09     1 
0130321170   40.85914    -72.96673     0.47     -0.01     0.47     1 
0130321171   40.85848    -72.92973     0.47     -0.17     0.50     1 
0130321172   40.85781    -72.89274     0.12      0.00     0.12     1 
0130321173   40.85713    -72.85575     0.12     -0.06     0.13     1 
0130321174   40.85643    -72.81875     0.14      0.03     0.14     1 
0130321175   40.85573    -72.78177     0.19     -0.10     0.22     1 
0130321176   40.85501    -72.74478     0.09      0.06     0.11     1 
0130321177   40.85428    -72.70779    -0.02      0.17     0.17     1 
0130321179   40.85279    -72.63382    -0.21      0.00     0.21     1 
0130321180   40.85202    -72.59683     0.01      0.01     0.01     1 
0130321181   40.85124    -72.55985    -0.05      0.06     0.08     1 
0130321182   40.85046    -72.52287    -0.44     -0.02     0.44     1 
0130321183   40.84966    -72.48589    -0.52      0.04     0.52     2 
0130321212   40.84880    -74.18843     0.22     -0.11     0.25     1 
0130321213   40.84854    -74.15143     0.13      0.05     0.14     1 
0130321214   40.84826    -74.11441     0.16     -0.06     0.17     1 
0130321215   40.84797    -74.07741     0.03     -0.06     0.06     1 
0130321216   40.84767    -74.04040     0.03      0.08     0.08     1 
0130321217   40.84735    -74.00339    -0.04     -0.05     0.06     1 
0130321219   40.84669    -73.92938     0.09     -0.07     0.12     1 
0130321220   40.84634    -73.89237     0.09     -0.01     0.09     1 
0130321222   40.84561    -73.81836    -0.09     -0.16     0.18     1 
0130321223   40.84522    -73.78136    -0.16      0.07     0.17     1 
0130321225   40.84442    -73.70736    -0.08      0.01     0.08     1 
0130321227   40.84356    -73.63335     0.26      0.01     0.26     1 
0130321228   40.84312    -73.59635     0.31     -0.03     0.31     1 
0130321229   40.84266    -73.55935     0.50     -0.07     0.51     2 
0130321230   40.84219    -73.52236     0.29      0.01     0.29     1 
0130321231   40.84171    -73.48536     0.35      0.07     0.36     1 
0130321232   40.84122    -73.44836     0.49     -0.02     0.50     1 
0130321233   40.84072    -73.41137     0.18      0.05     0.19     1 
0130321234   40.84020    -73.37437     0.27      0.18     0.32     1 
0130321235   40.83968    -73.33738     0.15     -0.01     0.15     1 
0130321236   40.83914    -73.30039     0.07      0.11     0.13     1 
0130321237   40.83859    -73.26340     0.15     -0.06     0.16     1 
0130321238   40.83802    -73.22641     0.01     -0.03     0.04     1 
0130321239   40.83745    -73.18942     0.07      0.02     0.08     1 
0130321240   40.83686    -73.15243     0.08      0.04     0.09     1 
0130321241   40.83626    -73.11544     0.23     -0.00     0.23     1 
0130321242   40.83565    -73.07846     0.17      0.00     0.17     1 
0130321243   40.83503    -73.04147     0.15      0.01     0.15     1 
0130321244   40.83440    -73.00449     0.10     -0.06     0.12     1 
0130321245   40.83375    -72.96751     0.24      0.05     0.24     1 
0130321246   40.83309    -72.93052     0.11      0.08     0.14     1 
0130321247   40.83242    -72.89354     0.07      0.03     0.08     1 
0130321248   40.83174    -72.85657     0.03     -0.14     0.14     1 
0130321250   40.83034    -72.78261     0.06      0.09     0.11     1 
0130321251   40.82963    -72.74564     0.11      0.11     0.15     1 
0130321252   40.82890    -72.70866     0.09     -0.02     0.09     1 
0130321253   40.82816    -72.67169     0.17     -0.07     0.18     1 
0130321254   40.82740    -72.63472    -0.05     -0.06     0.07     1 
0130321255   40.82664    -72.59775    -0.20      0.09     0.22     1 
0130321287   40.82340    -74.18874     0.26      0.00     0.26     1 
0130321288   40.82314    -74.15175     0.22     -0.05     0.23     1 
0130321289   40.82286    -74.11475     0.11     -0.07     0.13     1 
0130321290   40.82257    -74.07776    -0.07     -0.01     0.07     1 
0130321291   40.82227    -74.04076    -0.04      0.09     0.10     1 
0130321292   40.82195    -74.00377     0.08     -0.03     0.09     1 
0130321293   40.82163    -73.96678    -0.24     -0.02     0.25     1 
0130321294   40.82129    -73.92979    -0.12     -0.04     0.13     1 
0130321295   40.82094    -73.89280     0.08     -0.04     0.09     1 
0130321296   40.82058    -73.85581     0.00     -0.10     0.10     1 
0130321297   40.82021    -73.81882    -0.25     -0.14     0.29     1 
0130321299   40.81943    -73.74484     0.19      0.16     0.24     1 
0130321300   40.81902    -73.70785    -0.03      0.15     0.15     1 
0130321302   40.81817    -73.63388     0.30     -0.07     0.31     1 
0130321303   40.81772    -73.59689     0.37      0.06     0.37     1 
0130321304   40.81727    -73.55991     0.32      0.01     0.32     1 
0130321305   40.81680    -73.52292     0.22      0.03     0.22     1 
0130321306   40.81632    -73.48594     0.05      0.01     0.05     1 
0130321307   40.81583    -73.44895     0.21      0.02     0.21     1 
0130321308   40.81533    -73.41197    -0.05      0.16     0.16     1 
0130321309   40.81481    -73.37499     0.20      0.03     0.21     1 
0130321310   40.81428    -73.33801     0.33     -0.06     0.34     1 
0130321311   40.81374    -73.30104     0.10     -0.00     0.10     1 
0130321312   40.81319    -73.26406    -0.07      0.08     0.10     1 
0130321313   40.81263    -73.22708    -0.03      0.02     0.03     1 
0130321314   40.81206    -73.19011     0.02     -0.07     0.07     1 
0130321315   40.81147    -73.15313     0.31     -0.03     0.31     1 
0130321316   40.81087    -73.11616     0.26     -0.10     0.27     1 
0130321317   40.81026    -73.07919     0.04     -0.04     0.06     1 
0130321319   40.80901    -73.00525     0.14     -0.01     0.14     1 
0130321320   40.80836    -72.96828     0.14      0.12     0.19     1 
0130321321   40.80770    -72.93131     0.02     -0.01     0.02     1 
0130321322   40.80704    -72.89435     0.06      0.02     0.06     1 
0130321323   40.80636    -72.85738     0.00      0.01     0.01     1 
0130321324   40.80566    -72.82042     0.15      0.01     0.15     1 
0130321325   40.80496    -72.78346     0.02      0.09     0.09     1 
0130321326   40.80424    -72.74650    -0.12      0.00     0.12     1 
0130321327   40.80351    -72.70954    -0.23     -0.01     0.23     1 
0130321328   40.80277    -72.67258    -0.19     -0.03     0.19     1 
0130321329   40.80202    -72.63562    -0.09      0.05     0.10     1 
0130321361   40.79825    -74.22603     0.36     -0.00     0.36     1 
0130321362   40.79800    -74.18905     0.29      0.03     0.29     1 
0130321363   40.79774    -74.15207     0.10     -0.07     0.12     1 
0130321364   40.79746    -74.11509    -0.05     -0.09     0.10     1 
0130321365   40.79717    -74.07811    -0.12     -0.04     0.13     1 
0130321366   40.79687    -74.04113    -0.03     -0.14     0.14     1 
0130321367   40.79655    -74.00415     0.00     -0.02     0.02     1 
0130321368   40.79623    -73.96717     0.26     -0.12     0.28     1 
0130321369   40.79589    -73.93019     0.00     -0.06     0.06     1 
0130321370   40.79554    -73.89322    -0.11     -0.08     0.14     1 
0130321371   40.79518    -73.85624    -0.01      0.06     0.06     1 
0130321372   40.79481    -73.81927     0.06      0.05     0.08     1 
0130321373   40.79442    -73.78229    -0.13     -0.12     0.17     1 
0130321374   40.79403    -73.74532    -0.13      0.22     0.25     1 
0130321375   40.79362    -73.70834     0.02      0.02     0.03     1 
0130321376   40.79320    -73.67137     0.12      0.01     0.12     1 
0130321377   40.79277    -73.63440     0.14      0.04     0.15     1 
0130321378   40.79233    -73.59742     0.35     -0.04     0.35     1 
0130321379   40.79187    -73.56045     0.32      0.02     0.32     1 
0130321380   40.79140    -73.52348     0.00      0.05     0.05     1 
0130321381   40.79092    -73.48651     0.10     -0.02     0.11     1 
0130321382   40.79043    -73.44955     0.26      0.22     0.34     1 
0130321383   40.78993    -73.41258    -0.05      0.10     0.11     1 
0130321384   40.78942    -73.37561     0.16     -0.02     0.16     1 
0130321385   40.78889    -73.33865     0.23      0.09     0.25     1 
0130321386   40.78835    -73.30168     0.13     -0.01     0.13     1 
0130321387   40.78780    -73.26472     0.03      0.02     0.04     1 
0130321388   40.78724    -73.22776     0.05     -0.02     0.06     1 
0130321389   40.78666    -73.19080     0.02     -0.02     0.03     1 
0130321390   40.78608    -73.15384     0.03     -0.10     0.11     1 
0130321391   40.78548    -73.11688    -0.10      0.00     0.10     1 
0130321392   40.78487    -73.07992    -0.03      0.03     0.05     1 
0130321393   40.78425    -73.04296     0.03      0.03     0.04     1 
0130321394   40.78362    -73.00601     0.04     -0.08     0.08     1 
0130321395   40.78298    -72.96905     0.08     -0.03     0.09     1 
0130321396   40.78232    -72.93210     0.17     -0.02     0.17     1 
0130321397   40.78165    -72.89515    -0.09     -0.00     0.09     1 
0130321398   40.78097    -72.85820     0.06     -0.00     0.06     1 
0130321399   40.78028    -72.82125    -0.19     -0.04     0.19     1 
0130321400   40.77957    -72.78430    -0.20     -0.04     0.21     1 
0130321401   40.77886    -72.74735    -0.12     -0.26     0.29     1 
0130321436   40.77285    -74.22633     0.12     -0.01     0.12     1 
0130321437   40.77260    -74.18936     0.02     -0.01     0.02     1 
0130321438   40.77233    -74.15239    -0.03      0.02     0.03     1 
0130321439   40.77206    -74.11543    -0.10     -0.07     0.12     1 
0130321440   40.77177    -74.07846    -0.10      0.02     0.10     1 
0130321443   40.77083    -73.96757    -0.01     -0.08     0.08     1 
0130321444   40.77049    -73.93060    -0.02     -0.05     0.05     1 
0130321445   40.77014    -73.89364    -0.08     -0.05     0.09     1 
0130321446   40.76978    -73.85668    -0.21     -0.20     0.28     1 
0130321447   40.76941    -73.81972     0.01     -0.07     0.07     1 
0130321448   40.76903    -73.78275     0.13     -0.03     0.14     1 
0130321449   40.76863    -73.74579     0.11      0.08     0.13     1 
0130321450   40.76822    -73.70883     0.18      0.00     0.18     1 
0130321451   40.76780    -73.67187     0.10     -0.00     0.10     1 
0130321452   40.76737    -73.63492     0.23     -0.07     0.24     1 
0130321453   40.76693    -73.59796     0.29      0.02     0.29     1 
0130321454   40.76647    -73.56100    -0.06     -0.02     0.06     1 
0130321455   40.76601    -73.52405    -0.07     -0.02     0.08     1 
0130321456   40.76553    -73.48709    -0.11     -0.03     0.11     1 
0130321457   40.76504    -73.45014    -0.06      0.07     0.09     1 
0130321458   40.76454    -73.41318    -0.09      0.02     0.09     1 
0130321459   40.76402    -73.37623     0.16      0.07     0.17     1 
0130321460   40.76350    -73.33928    -0.04      0.06     0.07     1 
0130321461   40.76296    -73.30233    -0.04      0.07     0.08     1 
0130321462   40.76241    -73.26538    -0.05     -0.00     0.05     1 
0130321463   40.76185    -73.22843     0.19      0.04     0.20     1 
0130321464   40.76127    -73.19149     0.07      0.07     0.10     1 
0130321465   40.76069    -73.15454     0.15      0.07     0.17     1 
0130321466   40.76009    -73.11760     0.08     -0.03     0.09     1 
0130321467   40.75948    -73.08065     0.08      0.01     0.08     1 
0130321468   40.75886    -73.04371     0.13     -0.01     0.13     1 
0130321469   40.75823    -73.00677    -0.03      0.00     0.03     1 
0130321470   40.75759    -72.96983     0.00     -0.04     0.04     1 
0130321471   40.75693    -72.93289    -0.12     -0.10     0.16     1 
0130321472   40.75626    -72.89595    -0.03     -0.02     0.03     1 
0130321473   40.75558    -72.85901    -0.02      0.08     0.08     1 
0130321474   40.75489    -72.82208     0.09     -0.07     0.11     1 
0130321511   40.74745    -74.22662     0.12     -0.00     0.12     1 
0130321512   40.74720    -74.18967     0.06     -0.03     0.06     1 
0130321513   40.74693    -74.15272     0.00      0.09     0.09     1 
0130321514   40.74665    -74.11576    -0.11      0.05     0.12     1 
0130321515   40.74637    -74.07881    -0.02      0.05     0.06     1 
0130321516   40.74607    -74.04186     0.13     -0.05     0.14     1 
0130321518   40.74543    -73.96796    -0.06     -0.08     0.10     1 
0130321519   40.74509    -73.93101     0.07     -0.04     0.08     1 
0130321520   40.74474    -73.89406     0.00     -0.03     0.03     1 
0130321521   40.74438    -73.85711     0.01     -0.03     0.03     1 
0130321522   40.74401    -73.82016     0.06     -0.04     0.07     1 
0130321523   40.74363    -73.78322     0.08      0.03     0.09     1 
0130321524   40.74323    -73.74627     0.18     -0.00     0.18     1 
0130321525   40.74283    -73.70932     0.08     -0.05     0.09     1 
0130321526   40.74241    -73.67238    -0.05     -0.04     0.07     1 
0130321527   40.74197    -73.63544    -0.02     -0.02     0.02     1 
0130321528   40.74153    -73.59849    -0.05     -0.00     0.05     1 
0130321529   40.74108    -73.56155     0.19     -0.08     0.21     1 
0130321530   40.74061    -73.52461     0.10      0.04     0.10     1 
0130321531   40.74013    -73.48767     0.12     -0.01     0.12     1 
0130321532   40.73964    -73.45073     0.34      0.02     0.34     1 
0130321533   40.73914    -73.41379    -0.08      0.09     0.12     1 
0130321534   40.73863    -73.37685    -0.00     -0.05     0.05     1 
0130321535   40.73810    -73.33991     0.07     -0.04     0.08     1 
0130321536   40.73757    -73.30298    -0.00     -0.04     0.04     1 
0130321537   40.73702    -73.26604     0.07     -0.06     0.10     1 
0130321538   40.73645    -73.22911    -0.06      0.05     0.08     1 
0130321539   40.73588    -73.19217     0.07     -0.05     0.09     1 
0130321540   40.73530    -73.15524    -0.13     -0.01     0.13     1 
0130321541   40.73470    -73.11831    -0.06      0.01     0.06     1 
0130321542   40.73409    -73.08138    -0.03     -0.03     0.04     1 
0130321543   40.73347    -73.04445    -0.19     -0.03     0.20     1 
0130321586   40.72205    -74.22692     0.05     -0.04     0.07     1 
0130321587   40.72180    -74.18998    -0.03     -0.06     0.06     1 
0130321588   40.72153    -74.15304     0.01     -0.02     0.02     1 
0130321589   40.72125    -74.11610     0.01     -0.00     0.01     1 
0130321590   40.72096    -74.07916     0.11      0.04     0.11     1 
0130321591   40.72066    -74.04223    -0.02     -0.01     0.02     1 
0130321592   40.72035    -74.00529    -0.02     -0.10     0.10     1 
0130321593   40.72003    -73.96835    -0.03      0.02     0.03     1 
0130321594   40.71969    -73.93142    -0.14      0.07     0.15     1 
0130321595   40.71934    -73.89448    -0.03      0.10     0.11     1 
0130321596   40.71898    -73.85755     0.05     -0.12     0.12     1 
0130321597   40.71861    -73.82061     0.08     -0.04     0.09     1 
0130321598   40.71823    -73.78368    -0.03     -0.02     0.04     1 
0130321599   40.71783    -73.74675    -0.05      0.01     0.05     1 
0130321600   40.71743    -73.70982    -0.02      0.02     0.02     1 
0130321601   40.71701    -73.67288     0.10     -0.07     0.12     1 
0130321602   40.71658    -73.63595     0.04     -0.14     0.15     1 
0130321603   40.71614    -73.59902    -0.04      0.01     0.04     1 
0130321604   40.71568    -73.56210    -0.10     -0.02     0.10     1 
0130321605   40.71522    -73.52517     0.06     -0.07     0.10     1 
0130321606   40.71474    -73.48824     0.11     -0.01     0.11     1 
0130321607   40.71425    -73.45132     0.06      0.00     0.06     1 
0130321608   40.71375    -73.41439    -0.13      0.01     0.13     1 
0130321609   40.71323    -73.37747    -0.04      0.02     0.05     1 
0130321610   40.71271    -73.34054     0.11      0.02     0.11     1 
0130321611   40.71217    -73.30362     0.06      0.01     0.06     1 
0130321612   40.71162    -73.26670     0.03     -0.05     0.06     1 
0130321613   40.71106    -73.22978    -0.16     -0.06     0.17     1 
0130321614   40.71049    -73.19286    -0.11      0.02     0.11     1 
0130321615   40.70991    -73.15594     0.00     -0.09     0.09     1 
0130321661   40.69665    -74.22721    -0.06      0.14     0.15     1 
0130321662   40.69639    -74.19029    -0.04      0.06     0.07     1 
0130321663   40.69613    -74.15336    -0.09      0.02     0.09     1 
0130321664   40.69585    -74.11644    -0.06      0.08     0.10     1 
0130321665   40.69556    -74.07951     0.09      0.29     0.30     1 
0130321666   40.69526    -74.04259    -0.14      0.11     0.18     1 
0130321667   40.69495    -74.00567    -0.16      0.01     0.16     1 
0130321668   40.69463    -73.96874     0.05      0.00     0.05     1 
0130321669   40.69429    -73.93182     0.16     -0.11     0.20     1 
0130321670   40.69394    -73.89490     0.10     -0.02     0.11     1 
0130321671   40.69358    -73.85798     0.31      0.02     0.31     1 
0130321673   40.69283    -73.78414    -0.00      0.01     0.01     1 
0130321674   40.69244    -73.74722     0.07     -0.09     0.12     1 
0130321675   40.69203    -73.71031     0.10     -0.01     0.10     1 
0130321676   40.69161    -73.67339     0.11      0.01     0.11     1 
0130321677   40.69118    -73.63647    -0.05     -0.01     0.05     1 
0130321678   40.69074    -73.59956     0.08      0.02     0.08     1 
0130321679   40.69029    -73.56264     0.10      0.03     0.11     1 
0130321680   40.68982    -73.52573     0.06     -0.05     0.07     1 
0130321681   40.68934    -73.48882     0.10     -0.02     0.10     1 
0130321682   40.68885    -73.45190     0.13     -0.13     0.19     1 
0130321683   40.68835    -73.41499    -0.05     -0.01     0.05     1 
0130321684   40.68784    -73.37808    -0.03     -0.07     0.08     1 
0130321685   40.68731    -73.34117    -0.08      0.00     0.08     1 
0130321686   40.68678    -73.30427    -0.20     -0.02     0.20     1 
0130321687   40.68623    -73.26736    -0.24      0.09     0.26     1 
0130321735   40.67149    -74.26442     0.11     -0.05     0.12     1 
0130321736   40.67124    -74.22751     0.15     -0.10     0.18     1 
0130321737   40.67099    -74.19059     0.02      0.06     0.07     1 
0130321738   40.67073    -74.15368    -0.08      0.15     0.17     1 
0130321739   40.67045    -74.11677    -0.10      0.03     0.11     1 
0130321740   40.67016    -74.07986    -0.09     -0.05     0.10     1 
0130321742   40.66955    -74.00604    -0.11      0.02     0.11     1 
0130321743   40.66923    -73.96913     0.18     -0.00     0.18     1 
0130321744   40.66889    -73.93223     0.12     -0.00     0.12     1 
0130321745   40.66854    -73.89532     0.04     -0.05     0.06     1 
0130321746   40.66819    -73.85841     0.04     -0.04     0.06     1 
0130321747   40.66781    -73.82151    -0.12     -0.04     0.13     1 
0130321748   40.66743    -73.78460     0.01      0.04     0.04     1 
0130321749   40.66704    -73.74770     0.06     -0.14     0.15     1 
0130321750   40.66663    -73.71080     0.01     -0.09     0.09     1 
0130321751   40.66621    -73.67389     0.06      0.03     0.07     1 
0130321752   40.66578    -73.63699     0.13     -0.02     0.13     1 
0130321753   40.66534    -73.60009     0.17      0.02     0.17     1 
0130321754   40.66489    -73.56319     0.09      0.01     0.09     1 
0130321755   40.66442    -73.52629    -0.01      0.04     0.04     1 
0130321756   40.66395    -73.48939    -0.07      0.02     0.08     1 
0130321757   40.66346    -73.45249    -0.04     -0.00     0.04     1 
0130321758   40.66296    -73.41559    -0.10      0.03     0.10     1 
0130321759   40.66244    -73.37870    -0.10     -0.04     0.10     1 
0130321760   40.66192    -73.34180    -0.01     -0.20     0.20     1 
0130321761   40.66139    -73.30491    -0.31     -0.11     0.33     1 
0130321762   40.66084    -73.26802    -0.04     -0.09     0.10     1 
0130321763   40.66028    -73.23112    -0.11     -0.16     0.19     1 
0130321764   40.65971    -73.19423    -0.18      0.04     0.19     1 
0130321810   40.64608    -74.26470     0.35     -0.01     0.35     1 
0130321811   40.64584    -74.22780    -0.07     -0.03     0.07     1 
0130321812   40.64559    -74.19090    -0.05      0.00     0.05     1 
0130321813   40.64532    -74.15400    -0.22      0.02     0.22     1 
0130321814   40.64505    -74.11711    -0.11     -0.02     0.11     1 
0130321815   40.64476    -74.08021    -0.04     -0.03     0.05     1 
0130321817   40.64415    -74.00642    -0.05      0.00     0.05     1 
0130321818   40.64383    -73.96953     0.08     -0.01     0.08     1 
0130321819   40.64349    -73.93263     0.02     -0.07     0.07     1 
0130321820   40.64314    -73.89574    -0.05      0.04     0.06     1 
0130321821   40.64279    -73.85885     0.14      0.12     0.18     1 
0130321822   40.64241    -73.82196     0.06      0.07     0.09     1 
0130321823   40.64203    -73.78506    -0.09      0.02     0.09     1 
0130321824   40.64164    -73.74817    -0.09      0.03     0.10     1 
0130321825   40.64123    -73.71128    -0.03      0.00     0.03     1 
0130321826   40.64082    -73.67440     0.03     -0.03     0.04     1 
0130321827   40.64039    -73.63751     0.10     -0.04     0.11     1 
0130321828   40.63994    -73.60062     0.02     -0.01     0.02     1 
0130321829   40.63949    -73.56373    -0.07      0.00     0.07     1 
0130321830   40.63903    -73.52685    -0.15     -0.03     0.16     1 
0130321831   40.63855    -73.48996    -0.12     -0.14     0.18     1 
0130321832   40.63806    -73.45308    -0.11      0.01     0.11     1 
0130321833   40.63756    -73.41620    -0.15     -0.09     0.18     1 
0130321834   40.63705    -73.37931    -0.10     -0.01     0.10     1 
0130321836   40.63599    -73.30555    -0.10      0.11     0.15     1 
0130321837   40.63544    -73.26867    -0.08      0.06     0.10     1 
0130321839   40.63431    -73.19492     0.10     -0.10     0.14     1 
0130321885   40.62068    -74.26498     0.09     -0.03     0.09     1 
0130321886   40.62044    -74.22809    -0.05      0.04     0.06     1 
0130321887   40.62019    -74.19121    -0.09     -0.10     0.14     1 
0130321888   40.61992    -74.15432    -0.07     -0.03     0.08     1 
0130321889   40.61965    -74.11744     0.11      0.06     0.12     1 
0130321890   40.61936    -74.08056    -0.03      0.09     0.10     1 
0130321892   40.61875    -74.00680     0.14     -0.06     0.15     1 
0130321893   40.61843    -73.96992     0.02     -0.04     0.04     1 
0130321895   40.61774    -73.89616    -0.15      0.09     0.17     1 
0130321896   40.61739    -73.85928    -0.11     -0.24     0.27     1 
0130321897   40.61702    -73.82240    -0.00      0.02     0.02     1 
0130321898   40.61663    -73.78552    -0.15      0.05     0.16     1 
0130321899   40.61624    -73.74865    -0.03     -0.02     0.03     1 
0130321900   40.61583    -73.71177    -0.01      0.05     0.05     1 
0130321901   40.61542    -73.67490    -0.12      0.04     0.13     1 
0130321902   40.61499    -73.63802    -0.12      0.06     0.14     1 
0130321903   40.61455    -73.60115    -0.11      0.03     0.11     1 
0130321904   40.61409    -73.56428    -0.14      0.09     0.16     1 
0130321905   40.61363    -73.52741    -0.11      0.06     0.13     1 
0130321906   40.61315    -73.49053    -0.11     -0.07     0.13     1 
0130321907   40.61267    -73.45366    -0.06     -0.01     0.06     1 
0130321960   40.59528    -74.26525    -0.07     -0.06     0.09     1 
0130321961   40.59504    -74.22838    -0.05     -0.04     0.07     1 
0130321962   40.59479    -74.19151    -0.13     -0.10     0.17     1 
0130321963   40.59452    -74.15465     0.42     -0.09     0.43     1 
0130321964   40.59425    -74.11778     0.22     -0.03     0.22     1 
0130321965   40.59396    -74.08091    -0.01     -0.14     0.14     1 
0130321966   40.59366    -74.04404     0.08      0.11     0.14     1 
0130321967   40.59335    -74.00717    -0.13      0.00     0.13     1 
0130321968   40.59302    -73.97031     0.02      0.00     0.02     1 
0130321969   40.59269    -73.93344    -0.09      0.00     0.09     1 
0130321970   40.59234    -73.89657     0.06     -0.01     0.06     1 
0130321971   40.59199    -73.85971     0.13      0.11     0.17     1 
0130321972   40.59162    -73.82285    -0.02     -0.05     0.06     1 
0130321973   40.59123    -73.78598    -0.23     -0.07     0.24     1 
0130321974   40.59084    -73.74912    -0.32     -0.03     0.32     1 
0130321976   40.59002    -73.67540    -0.14      0.08     0.16     1 
0130321977   40.58959    -73.63854    -0.24      0.00     0.24     1 
0130321978   40.58915    -73.60168    -0.46      0.04     0.47     1 
0130321979   40.58870    -73.56482    -0.24     -0.30     0.38     1 
0130322035   40.56987    -74.26553     0.02     -0.11     0.12     1 
0130322036   40.56963    -74.22867     0.00     -0.10     0.10     1 
0130322037   40.56938    -74.19182    -0.18     -0.26     0.31     1 
0130322038   40.56912    -74.15496     0.08     -0.06     0.10     1 
0130322039   40.56884    -74.11811     0.01     -0.13     0.13     1 
0130322041   40.56826    -74.04440    -0.05      0.04     0.07     1 
0130322042   40.56795    -74.00755     0.36     -0.21     0.42     1 
0130322109   40.54470    -74.30265     0.05     -0.11     0.12     1 
0130322110   40.54447    -74.26581    -0.09     -0.04     0.10     1 
0130322111   40.54423    -74.22897    -0.08     -0.09     0.12     1 
0130322112   40.54398    -74.19213     0.43     -0.18     0.47     1 
0130322113   40.54372    -74.15528     0.24     -0.12     0.27     1 
0130322114   40.54344    -74.11844     0.35      0.06     0.35     1 
0130322119   40.54189    -73.93425    -0.32     -0.08     0.33     1 
0130322184   40.51930    -74.30291     0.02     -0.03     0.04     1 
0130322185   40.51907    -74.26609     0.07      0.03     0.07     1 
0130322186   40.51883    -74.22926     0.18     -0.12     0.21     1 
0130322187   40.51858    -74.19243     0.12     -0.00     0.12     1 
0130322259   40.49389    -74.30318    -0.15     -0.06     0.16     1 
0130322260   40.49367    -74.26636     0.11      0.02     0.11     1 
0130322261   40.49343    -74.22955     0.24     -0.18     0.31     1 
0130322334   40.46849    -74.30344     0.21     -0.03     0.21     1 
0130322335   40.46826    -74.26664     0.02      0.14     0.14     1 
0130322408   40.44330    -74.34049     0.13      0.16     0.20     1 
0130322409   40.44309    -74.30370     0.25     -0.06     0.25     1 
0130322410   40.44286    -74.26692     0.05     -0.14     0.15     1 
0130322411   40.44262    -74.23013    -0.01      0.04     0.04     1 
0130322412   40.44237    -74.19334    -0.27     -0.46     0.53     2 
0130322413   40.44210    -74.15656    -0.13     -0.16     0.21     1 
0130322414   40.44183    -74.11977    -0.24      0.12     0.27     1 
0130322416   40.44125    -74.04620    -0.00     -0.00     0.00     1 
0130322418   40.44062    -73.97264     0.12      0.36     0.38     1 
0130322483   40.41790    -74.34074    -0.14     -0.19     0.24     1 
0130322484   40.41768    -74.30397     0.47     -0.11     0.49     1 
0130322485   40.41745    -74.26719     0.42     -0.04     0.42     1 
0130322486   40.41721    -74.23042     0.02     -0.08     0.08     1 
0130322487   40.41696    -74.19365     0.22      0.02     0.23     1 
0130322488   40.41670    -74.15687     0.17     -0.03     0.18     1 
0130322489   40.41643    -74.12010     0.35     -0.05     0.36     1 
0130322490   40.41614    -74.08333     0.15     -0.01     0.15     1 
0130322491   40.41584    -74.04656    -0.13      0.01     0.13     1 
0130322558   40.39249    -74.34099     0.36     -0.07     0.37     1 
0130322559   40.39228    -74.30423     0.32     -0.01     0.32     1 
0130322560   40.39205    -74.26747     0.43     -0.09     0.44     1 
0130322562   40.39156    -74.19395     0.53     -0.08     0.54     2 
0130322563   40.39130    -74.15719     0.49     -0.13     0.51     2 
0130322564   40.39102    -74.12043     0.53     -0.12     0.54     2 
0130322565   40.39074    -74.08368     0.38     -0.04     0.38     1 
0130322567   40.39013    -74.01016    -0.08     -0.03     0.08     1 
0130322633   40.36709    -74.34123     0.34     -0.08     0.35     1 
0130322635   40.36665    -74.26774     0.35     -0.07     0.36     1 
0130322637   40.36616    -74.19425     0.43     -0.14     0.45     1 
0130322638   40.36590    -74.15751     0.34     -0.06     0.35     1 
0130322639   40.36562    -74.12076     0.24     -0.09     0.25     1 
0130322640   40.36534    -74.08402     0.09     -0.07     0.11     1 
0130322641   40.36504    -74.04728    -0.09     -0.07     0.11     1 
0130322642   40.36473    -74.01054     0.31     -0.02     0.31     1 
0130322643   40.36441    -73.97379    -0.09      0.27     0.29     1 
0130322708   40.34168    -74.34148     0.23     -0.14     0.27     1 
0130322709   40.34147    -74.30475     0.39     -0.00     0.39     1 
0130322711   40.34100    -74.23128     0.51     -0.13     0.53     2 
0130322712   40.34075    -74.19455     0.41     -0.04     0.42     1 
0130322713   40.34049    -74.15782     0.21      0.11     0.24     1 
0130322714   40.34022    -74.12109     0.35     -0.03     0.35     1 
0130322715   40.33993    -74.08436    -0.10     -0.16     0.19     1 
0130322716   40.33964    -74.04763     0.30     -0.02     0.30     1 
0130322717   40.33933    -74.01091    -0.18     -0.11     0.21     1 
0130322718   40.33901    -73.97418    -0.10      0.33     0.34     1 
0130322783   40.31628    -74.34173     0.39     -0.12     0.40     1 
0130322784   40.31607    -74.30501     0.50     -0.11     0.51     2 
0130322785   40.31584    -74.26829     0.25     -0.08     0.26     1 
0130322786   40.31560    -74.23157     0.34     -0.01     0.34     1 
0130322787   40.31535    -74.19486     0.31     -0.06     0.31     1 
0130322788   40.31509    -74.15814     0.28     -0.04     0.28     1 
0130322789   40.31482    -74.12142    -0.02     -0.10     0.11     1 
0130322790   40.31453    -74.08471     0.42     -0.04     0.42     1 
0130322791   40.31423    -74.04799     0.02     -0.12     0.13     1 
0130322792   40.31393    -74.01128    -0.03     -0.13     0.13     1 
0130322857   40.29108    -74.37868     0.33     -0.12     0.35     1 
0130322858   40.29087    -74.34198     0.32     -0.00     0.32     1 
0130322859   40.29066    -74.30527     0.12     -0.07     0.14     1 
0130322860   40.29043    -74.26856     0.39     -0.01     0.39     1 
0130322861   40.29020    -74.23186     0.32      0.01     0.32     1 
0130322862   40.28995    -74.19516     0.19     -0.05     0.19     1 
0130322863   40.28969    -74.15846     0.10     -0.06     0.12     1 
0130322864   40.28941    -74.12175     0.26     -0.07     0.27     1 
0130322865   40.28913    -74.08505     0.29      0.01     0.29     1 
0130322866   40.28883    -74.04835     0.11     -0.01     0.11     1 
0130322867   40.28852    -74.01165     0.09     -0.15     0.17     1 
0130322932   40.26567    -74.37891     0.34     -0.06     0.35     1 
0130322933   40.26547    -74.34222     0.43      0.03     0.43     1 
0130322934   40.26526    -74.30553     0.23     -0.20     0.31     1 
0130322935   40.26503    -74.26884     0.26     -0.09     0.27     1 
0130322936   40.26479    -74.23215     0.47      0.01     0.47     1 
0130322937   40.26454    -74.19546     0.40     -0.18     0.44     1 
0130322938   40.26428    -74.15877     0.28     -0.12     0.30     1 
0130322939   40.26401    -74.12208     0.22      0.07     0.23     1 
0130322940   40.26373    -74.08539     0.21     -0.09     0.23     1 
0130322941   40.26343    -74.04870     0.14      0.00     0.14     1 
0130322942   40.26312    -74.01202     0.23     -0.04     0.23     1 
0130323007   40.24027    -74.37914     0.52     -0.16     0.54     2 
0130323008   40.24007    -74.34247     0.29     -0.13     0.31     1 
0130323009   40.23985    -74.30579     0.16      0.09     0.18     1 
0130323010   40.23962    -74.26911     0.08     -0.18     0.20     1 
0130323011   40.23939    -74.23244     0.28      0.01     0.28     1 
0130323012   40.23914    -74.19576     0.24     -0.11     0.26     1 
0130323013   40.23888    -74.15908     0.20     -0.13     0.24     1 
0130323014   40.23861    -74.12241    -0.07     -0.31     0.32     1 
0130323016   40.23803    -74.04906     0.05     -0.06     0.07     1 
0130323017   40.23772    -74.01239    -0.01     -0.04     0.04     1 
0130323082   40.21486    -74.37938     0.27     -0.12     0.29     1 
0130323083   40.21466    -74.34271     0.30     -0.10     0.31     1 
0130323084   40.21445    -74.30605     0.37     -0.04     0.37     1 
0130323085   40.21422    -74.26938     0.28     -0.01     0.28     1 
0130323086   40.21398    -74.23272     0.36      0.02     0.36     1 
0130323087   40.21373    -74.19606     0.33     -0.10     0.34     1 
0130323088   40.21347    -74.15940     0.31     -0.10     0.32     1 
0130323089   40.21320    -74.12274     0.14     -0.04     0.15     1 
0130323090   40.21292    -74.08608     0.24     -0.08     0.25     1 
0130323091   40.21262    -74.04941     0.10     -0.06     0.11     1 
0130323156   40.18965    -74.41626     0.46      0.06     0.46     1 
0130323157   40.18946    -74.37961     0.31     -0.03     0.31     1 
0130323158   40.18926    -74.34296     0.16     -0.13     0.21     1 
0130323159   40.18904    -74.30631     0.13     -0.10     0.16     1 
0130323160   40.18882    -74.26966     0.47     -0.00     0.47     1 
0130323161   40.18858    -74.23301     0.04      0.24     0.24     1 
0130323162   40.18833    -74.19636     0.21     -0.04     0.22     1 
0130323163   40.18807    -74.15971     0.30     -0.05     0.30     1 
0130323164   40.18780    -74.12306     0.08     -0.05     0.10     1 
0130323166   40.18722    -74.04977    -0.03     -0.08     0.09     1 
0130323167   40.18691    -74.01312    -0.03     -0.44     0.44     1 
0130323232   40.16405    -74.37984     0.00     -0.12     0.12     1 
0130323233   40.16385    -74.34320     0.18     -0.04     0.18     1 
0130323234   40.16364    -74.30657     0.20     -0.17     0.26     1 
0130323235   40.16341    -74.26993     0.19     -0.13     0.23     1 
0130323236   40.16317    -74.23329     0.22     -0.07     0.23     1 
0130323237   40.16293    -74.19666     0.35     -0.11     0.37     1 
0130323238   40.16267    -74.16003     0.36     -0.09     0.37     1 
0130323239   40.16239    -74.12339     0.41     -0.27     0.49     1 
0130323240   40.16211    -74.08676     0.13     -0.12     0.18     1 
0130323241   40.16182    -74.05012    -0.01     -0.09     0.09     1 
0130323306   40.13884    -74.41669     0.25     -0.01     0.25     1 
0130323308   40.13844    -74.34345     0.39     -0.02     0.39     1 
0130323309   40.13823    -74.30683     0.25      0.04     0.26     1 
0130323310   40.13801    -74.27020     0.36     -0.08     0.37     1 
0130323311   40.13777    -74.23358     0.21     -0.12     0.24     1 
0130323312   40.13752    -74.19696     0.28     -0.02     0.28     1 
0130323313   40.13726    -74.16034     0.28     -0.13     0.31     1 
0130323314   40.13699    -74.12372     0.17     -0.03     0.17     1 
0130323315   40.13671    -74.08710     0.22     -0.07     0.23     1 
0130323316   40.13641    -74.05048     0.14     -0.08     0.16     1 
0130323381   40.11343    -74.41691     0.11     -0.05     0.12     1 
0130323382   40.11324    -74.38030     0.29     -0.10     0.30     1 
0130323383   40.11304    -74.34369     0.34     -0.05     0.34     1 
0130323384   40.11283    -74.30708     0.32     -0.03     0.32     1 
0130323385   40.11260    -74.27047     0.30     -0.13     0.33     1 
0130323386   40.11236    -74.23387     0.33     -0.01     0.33     1 
0130323387   40.11212    -74.19726     0.33      0.02     0.33     1 
0130323388   40.11186    -74.16065     0.20     -0.04     0.21     1 
0130323389   40.11159    -74.12404     0.21     -0.04     0.22     1 
0130323390   40.11130    -74.08744     0.18     -0.00     0.18     1 
0130323391   40.11101    -74.05083    -0.14     -0.04     0.14     1 
0130323456   40.08803    -74.41713     0.08      0.04     0.09     1 
0130323457   40.08783    -74.38053     0.31      0.20     0.37     1 
0130323458   40.08763    -74.34394     0.06     -0.07     0.09     1 
0130323460   40.08720    -74.27075     0.14     -0.01     0.14     1 
0130323461   40.08696    -74.23415     0.07     -0.02     0.07     1 
0130323462   40.08671    -74.19756     0.06     -0.06     0.09     1 
0130323463   40.08645    -74.16096     0.22     -0.06     0.23     1 
0130323464   40.08618    -74.12437     0.14     -0.08     0.16     1 
0130323465   40.08590    -74.08778    -0.03      0.02     0.03     1 
0130323466   40.08561    -74.05119    -0.09     -0.19     0.21     1 
0130323530   40.06280    -74.45393     0.15      0.17     0.23     1 
0130323531   40.06262    -74.41734     0.16      0.02     0.16     1 
0130323532   40.06243    -74.38076     0.20      0.10     0.22     1 
0130323533   40.06223    -74.34418     0.14      0.39     0.41     1 
0130323534   40.06202    -74.30760    -0.06     -0.02     0.06     1 
0130323535   40.06179    -74.27102     0.20      0.03     0.20     1 
0130323537   40.06131    -74.19786    -0.01      0.03     0.03     1 
0130323538   40.06105    -74.16128     0.06      0.05     0.07     1 
0130323539   40.06078    -74.12470    -0.00     -0.04     0.04     1 
0130323540   40.06050    -74.08812    -0.11     -0.08     0.14     1 
0130323541   40.06020    -74.05154    -0.05      0.06     0.08     1 
0130323605   40.03739    -74.45413     0.07     -0.04     0.08     1 
0130323606   40.03721    -74.41756     0.12     -0.02     0.12     1 
0130323607   40.03702    -74.38099     0.00     -0.04     0.04     1 
0130323608   40.03682    -74.34442    -0.03     -0.03     0.04     1 
0130323609   40.03661    -74.30786     0.24     -0.06     0.24     1 
0130323612   40.03590    -74.19815     0.28     -0.03     0.28     1 
0130323613   40.03564    -74.16159     0.10     -0.05     0.11     1 
0130323614   40.03537    -74.12502     0.10      0.06     0.12     1 
0130323615   40.03509    -74.08845    -0.02     -0.03     0.04     1 
0130323616   40.03480    -74.05189    -0.13      0.01     0.13     1 
0130323680   40.01199    -74.45433     0.05     -0.02     0.05     1 
0130323681   40.01181    -74.41778    -0.02     -0.12     0.12     1 
0130323682   40.01162    -74.38122     0.12     -0.05     0.13     1 
0130323683   40.01142    -74.34467     0.05     -0.02     0.06     1 
0130323684   40.01120    -74.30811     0.14     -0.05     0.15     1 
0130323685   40.01098    -74.27156     0.07     -0.06     0.09     1 
0130323686   40.01075    -74.23500    -0.26     -0.31     0.40     1 
0130323687   40.01050    -74.19845     0.29     -0.06     0.30     1 
0130323688   40.01024    -74.16190     0.13     -0.06     0.14     1 
0130323689   40.00997    -74.12534    -0.09     -0.08     0.12     1 
0130323690   40.00969    -74.08879    -0.14     -0.04     0.15     1 
0130323755   39.98658    -74.45454    -0.01     -0.04     0.04     1 
0130323756   39.98640    -74.41799     0.02     -0.06     0.07     1 
0130323757   39.98621    -74.38145     0.32     -0.14     0.35     1 
0130323758   39.98601    -74.34491     0.01     -0.02     0.02     1 
0130323760   39.98557    -74.27183     0.04      0.02     0.05     1 
0130323761   39.98534    -74.23529     0.11      0.02     0.11     1 
0130323762   39.98509    -74.19875     0.27     -0.08     0.28     1 
0130323763   39.98483    -74.16221     0.23      0.02     0.23     1 
0130323764   39.98456    -74.12567    -0.03     -0.03     0.04     1 
0130323765   39.98428    -74.08913    -0.05     -0.12     0.13     1 
0130323830   39.96117    -74.45474     0.23     -0.07     0.24     1 
0130323831   39.96099    -74.41821     0.11     -0.01     0.11     1 
0130323832   39.96081    -74.38168     0.13     -0.11     0.17     1 
0130323833   39.96061    -74.34515     0.08     -0.01     0.08     1 
0130323834   39.96039    -74.30862     0.13     -0.07     0.15     1 
0130323835   39.96017    -74.27210     0.05     -0.01     0.05     1 
0130323836   39.95993    -74.23557     0.05     -0.05     0.07     1 
0130323837   39.95969    -74.19904    -0.05     -0.12     0.13     1 
0130323838   39.95943    -74.16252     0.26     -0.01     0.26     1 
0130323839   39.95916    -74.12599    -0.06      0.01     0.06     1 
0130323840   39.95888    -74.08947    -0.07     -0.04     0.08     1 
0130323904   39.93593    -74.49145     0.19      0.05     0.19     1 
0130323905   39.93577    -74.45494     0.16     -0.17     0.23     1 
0130323906   39.93559    -74.41842     0.18     -0.05     0.18     1 
0130323907   39.93540    -74.38191     0.11     -0.06     0.13     1 
0130323908   39.93520    -74.34539     0.05      0.01     0.05     1 
0130323909   39.93499    -74.30888     0.07      0.01     0.07     1 
0130323910   39.93476    -74.27237     0.16     -0.11     0.19     1 
0130323911   39.93453    -74.23585     0.01     -0.08     0.08     1 
0130323912   39.93428    -74.19934     0.28      0.06     0.29     1 
0130323913   39.93402    -74.16283    -0.04     -0.09     0.10     1 
0130323914   39.93375    -74.12632    -0.07     -0.14     0.15     1 
0130323915   39.93347    -74.08980    -0.07     -0.04     0.08     1 
0130323979   39.91052    -74.49164     0.12      0.06     0.14     1 
0130323980   39.91036    -74.45514    -0.04      0.02     0.04     1 
0130323981   39.91018    -74.41864     0.24      0.09     0.26     1 
0130323982   39.90999    -74.38214     0.26      0.03     0.26     1 
0130323983   39.90979    -74.34564     0.08     -0.10     0.13     1 
0130323984   39.90958    -74.30913     0.15     -0.07     0.16     1 
0130323985   39.90936    -74.27263     0.23     -0.11     0.25     1 
0130323986   39.90912    -74.23614     0.07     -0.03     0.08     1 
0130323988   39.90862    -74.16314     0.37      0.02     0.37     1 
0130323989   39.90835    -74.12664    -0.07     -0.01     0.07     1 
0130324054   39.88512    -74.49183     0.16     -0.10     0.19     1 
0130324055   39.88495    -74.45534     0.07      0.01     0.07     1 
0130324056   39.88477    -74.41885     0.11      0.03     0.12     1 
0130324057   39.88459    -74.38236    -0.04     -0.05     0.07     1 
0130324058   39.88439    -74.34588    -0.02     -0.10     0.10     1 
0130324059   39.88417    -74.30939     0.05     -0.07     0.08     1 
0130324060   39.88395    -74.27290     0.22     -0.04     0.22     1 
0130324061   39.88372    -74.23642    -0.05     -0.08     0.09     1 
0130324062   39.88347    -74.19993     0.19     -0.18     0.26     1 
0130324063   39.88321    -74.16344     0.21     -0.08     0.22     1 
0130324064   39.88294    -74.12696    -0.17     -0.06     0.18     1 
0130324129   39.85971    -74.49202     0.19     -0.09     0.21     1 
0130324130   39.85954    -74.45554    -0.23     -0.07     0.24     1 
0130324131   39.85937    -74.41907     0.22     -0.13     0.25     1 
0130324132   39.85918    -74.38259    -0.00     -0.03     0.04     1 
0130324133   39.85898    -74.34612     0.05     -0.09     0.10     1 
0130324134   39.85877    -74.30965    -0.08      0.01     0.08     1 
0130324135   39.85854    -74.27317    -0.11     -0.11     0.16     1 
0130324136   39.85831    -74.23670     0.06     -0.16     0.17     1 
0130324137   39.85807    -74.20023     0.09      0.04     0.10     1 
0130324138   39.85781    -74.16375     0.00      0.02     0.02     1 
0130324139   39.85754    -74.12728    -0.06     -0.08     0.10     1 
0130324140   39.85726    -74.09081    -0.16      0.04     0.17     1 
0130324204   39.83430    -74.49220     0.05     -0.03     0.06     1 
0130324205   39.83414    -74.45574     0.05      0.03     0.05     1 
0130324206   39.83396    -74.41928     0.26      0.01     0.26     1 
0130324207   39.83377    -74.38282     0.08      0.04     0.09     1 
0130324208   39.83357    -74.34636     0.04     -0.07     0.08     1 
0130324209   39.83336    -74.30990     0.12     -0.09     0.15     1 
0130324210   39.83314    -74.27344     0.11      0.03     0.11     1 
0130324211   39.83290    -74.23698    -0.05     -0.06     0.08     1 
0130324212   39.83266    -74.20052    -0.04     -0.06     0.07     1 
0130324213   39.83240    -74.16406    -0.13      0.01     0.13     1 
0130324278   39.80905    -74.52884     0.08     -0.04     0.09     1 
0130324279   39.80889    -74.49239     0.33     -0.11     0.35     1 
0130324280   39.80873    -74.45594     0.06     -0.01     0.06     1 
0130324281   39.80855    -74.41949    -0.07      0.04     0.08     1 
0130324282   39.80837    -74.38305    -0.02     -0.03     0.04     1 
0130324283   39.80817    -74.34660     0.18     -0.04     0.18     1 
0130324285   39.80773    -74.27371     0.11      0.19     0.22     1 
0130324286   39.80750    -74.23726     0.05      0.01     0.05     1 
0130324287   39.80725    -74.20082    -0.03     -0.02     0.04     1 
0130324288   39.80700    -74.16437     0.04     -0.06     0.07     1 
0130324353   39.78364    -74.52901    -0.01     -0.12     0.12     1 
0130324354   39.78349    -74.49258    -0.01     -0.06     0.06     1 
0130324355   39.78332    -74.45614     0.07      0.00     0.07     1 
0130324356   39.78315    -74.41971     0.07      0.03     0.08     1 
0130324357   39.78296    -74.38327    -0.04     -0.05     0.07     1 
0130324358   39.78276    -74.34684     0.21     -0.03     0.21     1 
0130324359   39.78255    -74.31041     0.05     -0.11     0.12     1 
0130324360   39.78233    -74.27397     0.04     -0.05     0.06     1 
0130324361   39.78209    -74.23754     0.04      0.04     0.06     1 
0130324362   39.78185    -74.20111     0.22      0.09     0.24     1 
0130324364   39.78132    -74.12825    -0.08      0.30     0.31     1 
0130324428   39.75823    -74.52919    -0.02      0.03     0.04     1 
0130324429   39.75808    -74.49276     0.06      0.03     0.07     1 
0130324430   39.75791    -74.45634     0.14      0.11     0.17     1 
0130324431   39.75774    -74.41992     0.01      0.04     0.04     1 
0130324432   39.75755    -74.38350    -0.06      0.00     0.06     1 
0130324433   39.75735    -74.34708     0.10      0.06     0.12     1 
0130324434   39.75714    -74.31066     0.25     -0.01     0.25     1 
0130324435   39.75692    -74.27424     0.13      0.07     0.15     1 
0130324436   39.75669    -74.23782     0.13      0.05     0.13     1 
0130324437   39.75644    -74.20140    -0.12      0.00     0.12     1 
0130324439   39.75592    -74.12857    -0.03     -0.01     0.03     1 
0130324503   39.73282    -74.52936     0.01     -0.01     0.01     1 
0130324504   39.73267    -74.49295    -0.04      0.11     0.12     1 
0130324505   39.73251    -74.45654     0.20     -0.04     0.20     1 
0130324506   39.73233    -74.42014     0.02      0.01     0.02     1 
0130324507   39.73214    -74.38373     0.46     -0.10     0.47     1 
0130324508   39.73194    -74.34732     0.22      0.09     0.24     1 
0130324509   39.73173    -74.31091     0.00      0.02     0.02     1 
0130324510   39.73151    -74.27451     0.21      0.03     0.21     1 
0130324511   39.73128    -74.23810     0.27      0.07     0.28     1 
0130324512   39.73103    -74.20170    -0.01      0.02     0.02     1 
0130324513   39.73078    -74.16529    -0.07      0.09     0.12     1 
0130324514   39.73051    -74.12889    -0.14      0.04     0.15     1 
0130324577   39.70756    -74.56593     0.11      0.07     0.13     1 
0130324578   39.70742    -74.52953     0.18     -0.01     0.18     1 
0130324579   39.70726    -74.49314     0.08      0.02     0.09     1 
0130324581   39.70692    -74.42035    -0.15      0.01     0.15     1 
0130324582   39.70674    -74.38395    -0.05      0.03     0.06     1 
0130324583   39.70654    -74.34756     0.04     -0.00     0.04     1 
0130324584   39.70633    -74.31117    -0.04     -0.03     0.05     1 
0130324585   39.70611    -74.27477     0.12      0.07     0.14     1 
0130324586   39.70587    -74.23838     0.38      0.03     0.38     1 
0130324587   39.70563    -74.20199     0.01      0.05     0.05     1 
0130324588   39.70537    -74.16560    -0.14      0.11     0.18     1 
0130324652   39.68215    -74.56609     0.24      0.20     0.31     1 
0130324653   39.68201    -74.52970     0.08      0.04     0.09     1 
0130324654   39.68186    -74.49332    -0.01      0.07     0.07     1 
0130324656   39.68152    -74.42056     0.20      0.11     0.23     1 
0130324657   39.68133    -74.38418    -0.00      0.12     0.12     1 
0130324658   39.68113    -74.34780    -0.04      0.01     0.05     1 
0130324659   39.68092    -74.31142     0.38      0.06     0.39     1 
0130324660   39.68070    -74.27504     0.02      0.09     0.09     1 
0130324661   39.68047    -74.23866    -0.00     -0.00     0.00     1 
0130324662   39.68022    -74.20228    -0.07      0.10     0.12     1 
0130324663   39.67997    -74.16590    -0.09      0.02     0.10     1 
0130324731   39.65611    -74.42077     0.09      0.01     0.09     1 
0130324732   39.65592    -74.38441     0.15     -0.12     0.19     1 
0130324733   39.65572    -74.34804     0.08      0.06     0.10     1 
0130324734   39.65551    -74.31167     0.12     -0.08     0.15     1 
0130324735   39.65529    -74.27531     0.05      0.11     0.12     1 
0130324736   39.65506    -74.23894    -0.08      0.04     0.09     1 
0130324737   39.65481    -74.20257    -0.10     -0.01     0.10     1 
0130324812   39.62941    -74.20287    -0.18      0.00     0.18     1 
----------------------------------------------------------------------
---------------------------------------------------
Total correlated GCPs in Upper Left Quadrant: 577

GCP statistics this quadrant only (in Pixels)
Line residual statistics:
  Mean: 0.085
  Median: 0.075
  Standard Deviation: 0.186

Sample residual statistics:
  Mean: -0.010
  Median: -0.008
  Standard Deviation: 0.086

Quadrant RMSE: 0.223

---------------------------------------------------
Total correlated GCPs in Upper Right Quadrant: 156

GCP statistics this quadrant only (in Pixels)
Line residual statistics:
  Mean: -0.009
  Median: 0.017
  Standard Deviation: 0.188

Sample residual statistics:
  Mean: -0.022
  Median: -0.017
  Standard Deviation: 0.073

Quadrant RMSE: 0.203

---------------------------------------------------
Total correlated GCPs in Lower Left Quadrant: 326

GCP statistics this quadrant only (in Pixels)
Line residual statistics:
  Mean: 0.132
  Median: 0.120
  Standard Deviation: 0.164

Sample residual statistics:
  Mean: -0.031
  Median: -0.037
  Standard Deviation: 0.089

Quadrant RMSE: 0.231

---------------------------------------------------
Total correlated GCPs in Lower Right Quadrant: 0

GCP statistics this quadrant only (in Pixels)
Line residual statistics:
  Mean: 0.000
  Median: 0.000
  Standard Deviation: 0.000

Sample residual statistics:
  Mean: 0.000
  Median: 0.000
  Standard Deviation: 0.000

Quadrant RMSE: 0.000

---------------------------------------------------
---------------------------------------------------
Total correlated GCPs in scene: 1059

GCP statistics entire scene (in Pixels)
Line residual statistics:
  Mean: 0.086
  Median: 0.081
  Standard Deviation: 0.186

Sample residual statistics:
  Mean: -0.018
  Median: -0.017
  Standard Deviation: 0.086

Scene RMSE: 0.222

