==============================================================================
==============================================================================
Mon. Sep. 12 2016                  LANDSAT 5                       Time: 00:17
                            Image Assessment System
                            GEOMETRIC VERIFY Report
==============================================================================
Order ID: 0501609110671_07791                          Path / Row - 13 / 32
Reference Image: L51GNC1005251150100_HDF.L1G

Color mapping per rank
----------------------
Rank  1 is Green: total residual <= 0.5
Rank  2 is Cyan: 0.5 < total residual <=  1
Rank  3 is Blue:  1 < total residual <=  2
Rank  4 is Yellow:  2 < total residual <=  3
Rank  5 is Red:  3 < total residual

Percentage of residuals by rank
-------------------------------
Rank   1 -- 100.0%
Rank   2 --  0.0%
Rank   3 --  0.0%
Rank   4 --  0.0%
Rank   5 --  0.0%

       GCP    Latitude    Longitude  Sample   Line     Total    Rank
        ID                           Residual Residual Residual
              (Degree)    (Degree)   (Pixel)  (Pixel)  (Pixel)
----------------------------------------------------------------------
0130320092   41.25122    -74.15483     0.22      0.02     0.22     1 
0130320093   41.25094    -74.11759     0.13     -0.06     0.14     1 
0130320094   41.25065    -74.08036     0.23      0.02     0.23     1 
0130320095   41.25035    -74.04312     0.18      0.02     0.18     1 
0130320097   41.24970    -73.96866     0.23      0.02     0.23     1 
0130320167   41.22582    -74.15516     0.01      0.14     0.14     1 
0130320168   41.22554    -74.11793     0.13     -0.01     0.13     1 
0130320169   41.22525    -74.08071     0.20     -0.04     0.20     1 
0130320170   41.22495    -74.04349     0.28      0.04     0.28     1 
0130320171   41.22463    -74.00628     0.16      0.05     0.16     1 
0130320172   41.22431    -73.96906    -0.05      0.03     0.05     1 
0130320173   41.22397    -73.93184    -0.17     -0.08     0.19     1 
0130320174   41.22362    -73.89462     0.20     -0.02     0.20     1 
0130320175   41.22325    -73.85740     0.05     -0.07     0.09     1 
0130320176   41.22288    -73.82019     0.12     -0.03     0.13     1 
0130320177   41.22249    -73.78297     0.09     -0.01     0.09     1 
0130320243   41.20014    -74.11828     0.13      0.07     0.15     1 
0130320244   41.19985    -74.08107    -0.03      0.10     0.11     1 
0130320245   41.19955    -74.04386     0.18      0.06     0.19     1 
0130320246   41.19924    -74.00666     0.13      0.02     0.13     1 
0130320247   41.19891    -73.96945     0.08     -0.04     0.09     1 
0130320249   41.19822    -73.89505     0.13      0.18     0.22     1 
0130320250   41.19785    -73.85784     0.17      0.03     0.17     1 
0130320251   41.19748    -73.82064     0.12      0.02     0.12     1 
0130320252   41.19709    -73.78344     0.10      0.09     0.13     1 
0130320253   41.19669    -73.74624     0.15     -0.03     0.15     1 
0130320254   41.19628    -73.70904     0.10     -0.01     0.10     1 
0130320255   41.19586    -73.67184     0.16     -0.01     0.16     1 
0130320256   41.19543    -73.63465     0.06     -0.05     0.08     1 
0130320317   41.17502    -74.15581     0.23      0.14     0.27     1 
0130320318   41.17474    -74.11862     0.07      0.13     0.15     1 
0130320319   41.17445    -74.08142     0.27      0.01     0.27     1 
0130320320   41.17415    -74.04423     0.28      0.04     0.28     1 
0130320321   41.17384    -74.00704     0.22      0.03     0.22     1 
0130320322   41.17351    -73.96985     0.19      0.08     0.21     1 
0130320324   41.17282    -73.89548    -0.14     -0.06     0.15     1 
0130320325   41.17246    -73.85829     0.14      0.06     0.15     1 
0130320326   41.17208    -73.82110     0.15      0.05     0.16     1 
0130320327   41.17170    -73.78391     0.13      0.04     0.13     1 
0130320328   41.17130    -73.74673     0.17      0.06     0.18     1 
0130320329   41.17089    -73.70954     0.18      0.03     0.19     1 
0130320330   41.17046    -73.67236     0.09      0.03     0.09     1 
0130320331   41.17003    -73.63517     0.08     -0.02     0.08     1 
0130320332   41.16958    -73.59799     0.06      0.03     0.07     1 
0130320333   41.16912    -73.56081    -0.01     -0.23     0.23     1 
0130320334   41.16865    -73.52363     0.08      0.05     0.10     1 
0130320335   41.16817    -73.48645     0.08     -0.00     0.08     1 
0130320336   41.16768    -73.44927     0.06      0.05     0.08     1 
0130320391   41.14989    -74.19331     0.25      0.00     0.25     1 
0130320392   41.14962    -74.15613     0.02     -0.01     0.03     1 
0130320393   41.14934    -74.11896     0.22      0.01     0.22     1 
0130320394   41.14905    -74.08178     0.18      0.08     0.20     1 
0130320395   41.14875    -74.04460     0.31      0.05     0.31     1 
0130320396   41.14844    -74.00743     0.21     -0.00     0.21     1 
0130320397   41.14811    -73.97025     0.15      0.29     0.32     1 
0130320398   41.14777    -73.93308     0.08      0.03     0.09     1 
0130320400   41.14706    -73.85873     0.09      0.02     0.09     1 
0130320401   41.14669    -73.82155     0.20      0.04     0.20     1 
0130320402   41.14630    -73.78438     0.12      0.01     0.12     1 
0130320403   41.14590    -73.74721     0.11      0.04     0.12     1 
0130320404   41.14549    -73.71004     0.11      0.05     0.12     1 
0130320405   41.14507    -73.67287     0.01      0.02     0.03     1 
0130320406   41.14463    -73.63570     0.13      0.08     0.15     1 
0130320407   41.14419    -73.59853     0.04      0.06     0.07     1 
0130320408   41.14373    -73.56136     0.03      0.13     0.14     1 
0130320409   41.14326    -73.52420     0.09      0.01     0.09     1 
0130320410   41.14278    -73.48703     0.09      0.07     0.12     1 
0130320411   41.14228    -73.44987     0.07      0.08     0.11     1 
0130320412   41.14178    -73.41270     0.08      0.06     0.10     1 
0130320413   41.14126    -73.37554     0.09      0.02     0.09     1 
0130320414   41.14073    -73.33838     0.09      0.03     0.10     1 
0130320415   41.14019    -73.30122     0.12      0.03     0.12     1 
0130320416   41.13963    -73.26406    -0.01     -0.00     0.01     1 
0130320417   41.13907    -73.22690    -0.03     -0.13     0.13     1 
0130320466   41.12449    -74.19362     0.24      0.01     0.24     1 
0130320467   41.12422    -74.15646     0.13     -0.05     0.14     1 
0130320468   41.12394    -74.11930     0.04     -0.02     0.05     1 
0130320469   41.12365    -74.08213     0.28      0.03     0.28     1 
0130320470   41.12335    -74.04497     0.12      0.01     0.12     1 
0130320471   41.12304    -74.00781     0.23      0.04     0.23     1 
0130320472   41.12271    -73.97065     0.19      0.00     0.19     1 
0130320473   41.12237    -73.93349     0.17      0.01     0.17     1 
0130320474   41.12203    -73.89633     0.17     -0.09     0.19     1 
0130320475   41.12166    -73.85917     0.24      0.00     0.24     1 
0130320476   41.12129    -73.82201     0.24     -0.01     0.24     1 
0130320477   41.12090    -73.78485     0.07      0.03     0.08     1 
0130320478   41.12051    -73.74769    -0.01      0.02     0.02     1 
0130320479   41.12009    -73.71054     0.11      0.05     0.12     1 
0130320480   41.11967    -73.67338     0.07      0.01     0.07     1 
0130320481   41.11924    -73.63623     0.13      0.02     0.13     1 
0130320482   41.11879    -73.59907     0.00      0.06     0.06     1 
0130320483   41.11834    -73.56192     0.03      0.06     0.07     1 
0130320484   41.11787    -73.52477     0.08      0.04     0.10     1 
0130320485   41.11738    -73.48762     0.17      0.09     0.19     1 
0130320486   41.11689    -73.45046     0.14      0.06     0.15     1 
0130320487   41.11638    -73.41331    -0.03      0.03     0.04     1 
0130320488   41.11587    -73.37617    -0.02      0.01     0.02     1 
0130320489   41.11534    -73.33902    -0.20      0.03     0.20     1 
0130320490   41.11480    -73.30187    -0.17     -0.06     0.18     1 
0130320491   41.11424    -73.26473    -0.26      0.02     0.26     1 
0130320541   41.09909    -74.19393     0.15     -0.09     0.17     1 
0130320542   41.09882    -74.15678     0.12     -0.06     0.14     1 
0130320543   41.09855    -74.11964     0.31      0.04     0.31     1 
0130320544   41.09826    -74.08249     0.29      0.06     0.29     1 
0130320545   41.09795    -74.04534     0.17      0.05     0.18     1 
0130320546   41.09764    -74.00819     0.04      0.02     0.05     1 
0130320547   41.09731    -73.97104     0.08      0.01     0.08     1 
0130320548   41.09698    -73.93390     0.08      0.02     0.09     1 
0130320550   41.09627    -73.85961     0.22     -0.02     0.22     1 
0130320551   41.09589    -73.82246     0.20     -0.00     0.20     1 
0130320552   41.09551    -73.78532     0.14     -0.03     0.14     1 
0130320553   41.09511    -73.74818    -0.10     -0.01     0.10     1 
0130320554   41.09470    -73.71103     0.14      0.04     0.14     1 
0130320555   41.09428    -73.67389     0.06      0.01     0.06     1 
0130320556   41.09384    -73.63675     0.07      0.01     0.07     1 
0130320557   41.09340    -73.59961     0.07      0.06     0.09     1 
0130320558   41.09294    -73.56247     0.04      0.01     0.04     1 
0130320559   41.09247    -73.52533     0.08      0.08     0.11     1 
0130320560   41.09199    -73.48820     0.20      0.05     0.21     1 
0130320561   41.09150    -73.45106     0.03      0.06     0.07     1 
0130320562   41.09099    -73.41393    -0.10      0.00     0.10     1 
0130320563   41.09047    -73.37679    -0.19     -0.07     0.20     1 
0130320616   41.07369    -74.19424     0.17     -0.03     0.17     1 
0130320617   41.07342    -74.15711     0.17     -0.02     0.17     1 
0130320618   41.07315    -74.11997     0.10      0.07     0.12     1 
0130320619   41.07286    -74.08284     0.24      0.02     0.24     1 
0130320620   41.07255    -74.04571     0.27      0.04     0.28     1 
0130320621   41.07224    -74.00857     0.15     -0.03     0.15     1 
0130320622   41.07191    -73.97144     0.22     -0.06     0.22     1 
0130320623   41.07158    -73.93431     0.11      0.00     0.11     1 
0130320625   41.07087    -73.86005     0.03      0.01     0.03     1 
0130320626   41.07049    -73.82292     0.11     -0.02     0.12     1 
0130320627   41.07011    -73.78579     0.13      0.07     0.15     1 
0130320628   41.06971    -73.74866    -0.01      0.03     0.03     1 
0130320629   41.06930    -73.71153    -0.02     -0.04     0.05     1 
0130320630   41.06888    -73.67440     0.11     -0.02     0.11     1 
0130320631   41.06845    -73.63728     0.08      0.02     0.09     1 
0130320632   41.06800    -73.60015     0.12      0.02     0.13     1 
0130320633   41.06755    -73.56303     0.13      0.04     0.14     1 
0130320634   41.06708    -73.52590     0.15      0.02     0.15     1 
0130320635   41.06660    -73.48878     0.04      0.03     0.05     1 
0130320636   41.06610    -73.45166    -0.04      0.01     0.04     1 
0130320637   41.06560    -73.41454    -0.16     -0.01     0.16     1 
0130320638   41.06508    -73.37742    -0.13     -0.07     0.15     1 
0130320690   41.04854    -74.23168     0.14     -0.16     0.21     1 
0130320692   41.04802    -74.15743     0.28      0.08     0.29     1 
0130320693   41.04774    -74.12031     0.12      0.05     0.13     1 
0130320694   41.04746    -74.08319     0.20      0.02     0.20     1 
0130320695   41.04715    -74.04607     0.15     -0.04     0.16     1 
0130320696   41.04684    -74.00895     0.23      0.21     0.31     1 
0130320697   41.04652    -73.97184     0.22      0.02     0.22     1 
0130320698   41.04618    -73.93472     0.16      0.05     0.17     1 
0130320699   41.04583    -73.89760    -0.08     -0.07     0.10     1 
0130320700   41.04547    -73.86048     0.18     -0.01     0.18     1 
0130320701   41.04510    -73.82337     0.14     -0.03     0.15     1 
0130320702   41.04471    -73.78625     0.05      0.02     0.05     1 
0130320703   41.04431    -73.74914     0.09     -0.05     0.11     1 
0130320704   41.04391    -73.71202     0.12     -0.02     0.12     1 
0130320705   41.04348    -73.67491     0.09      0.01     0.09     1 
0130320706   41.04305    -73.63780     0.10     -0.03     0.11     1 
0130320707   41.04261    -73.60069     0.14      0.06     0.15     1 
0130320708   41.04215    -73.56358    -0.01      0.09     0.09     1 
0130320709   41.04168    -73.52647    -0.06     -0.07     0.09     1 
0130320710   41.04120    -73.48936    -0.21      0.05     0.21     1 
0130320711   41.04071    -73.45225    -0.17      0.04     0.18     1 
0130320712   41.04021    -73.41515    -0.14      0.08     0.16     1 
0130320736   41.02452    -72.52492    -0.08     -0.10     0.13     1 
0130320737   41.02372    -72.48784     0.04      0.05     0.07     1 
0130320738   41.02290    -72.45077     0.20     -0.09     0.22     1 
0130320740   41.02124    -72.37662    -0.00     -0.00     0.00     1 
0130320765   41.02314    -74.23197     0.09      0.03     0.10     1 
0130320766   41.02289    -74.19486     0.21      0.06     0.21     1 
0130320767   41.02262    -74.15776     0.10      0.08     0.13     1 
0130320768   41.02235    -74.12065     0.18      0.07     0.19     1 
0130320769   41.02206    -74.08355     0.22      0.01     0.22     1 
0130320770   41.02175    -74.04644     0.01     -0.00     0.01     1 
0130320771   41.02144    -74.00933     0.15      0.16     0.22     1 
0130320772   41.02112    -73.97223     0.18      0.07     0.19     1 
0130320773   41.02078    -73.93513     0.12      0.05     0.13     1 
0130320775   41.02007    -73.86092     0.23      0.03     0.23     1 
0130320776   41.01970    -73.82382     0.15      0.03     0.16     1 
0130320777   41.01931    -73.78672     0.04      0.04     0.06     1 
0130320778   41.01892    -73.74962     0.14     -0.01     0.14     1 
0130320779   41.01851    -73.71252     0.11     -0.01     0.11     1 
0130320780   41.01809    -73.67542     0.09     -0.05     0.11     1 
0130320781   41.01766    -73.63832     0.03     -0.01     0.03     1 
0130320782   41.01721    -73.60123    -0.11     -0.08     0.14     1 
0130320783   41.01676    -73.56413    -0.23     -0.02     0.23     1 
0130320784   41.01629    -73.52703    -0.29      0.02     0.29     1 
0130320810   40.99993    -72.56293    -0.11      0.04     0.11     1 
0130320811   40.99914    -72.52587    -0.03     -0.03     0.04     1 
0130320812   40.99834    -72.48881    -0.09      0.07     0.12     1 
0130320813   40.99752    -72.45175    -0.25     -0.05     0.25     1 
0130320815   40.99586    -72.37763    -0.18     -0.07     0.19     1 
0130320816   40.99501    -72.34057    -0.06     -0.06     0.08     1 
0130320817   40.99415    -72.30352    -0.12     -0.03     0.13     1 
0130320818   40.99328    -72.26647     0.12     -0.04     0.13     1 
0130320840   40.99774    -74.23227     0.15      0.11     0.19     1 
0130320841   40.99749    -74.19517     0.22      0.08     0.24     1 
0130320842   40.99722    -74.15808     0.16      0.08     0.18     1 
0130320843   40.99694    -74.12099     0.16      0.09     0.18     1 
0130320844   40.99666    -74.08390     0.17      0.05     0.18     1 
0130320845   40.99636    -74.04681     0.14      0.06     0.16     1 
0130320846   40.99604    -74.00972     0.13      0.11     0.17     1 
0130320847   40.99572    -73.97263     0.23     -0.04     0.23     1 
0130320848   40.99538    -73.93554     0.23      0.10     0.25     1 
0130320850   40.99467    -73.86136     0.24      0.06     0.25     1 
0130320851   40.99430    -73.82427     0.11      0.04     0.11     1 
0130320852   40.99392    -73.78719     0.16      0.04     0.16     1 
0130320853   40.99352    -73.75010     0.15      0.08     0.17     1 
0130320854   40.99311    -73.71301     0.14      0.01     0.14     1 
0130320855   40.99269    -73.67593     0.00     -0.02     0.02     1 
0130320856   40.99226    -73.63885    -0.17     -0.05     0.18     1 
0130320857   40.99182    -73.60176    -0.12     -0.03     0.13     1 
0130320881   40.97759    -72.71208     0.11     -0.07     0.13     1 
0130320885   40.97455    -72.56387    -0.13      0.10     0.16     1 
0130320886   40.97376    -72.52682    -0.15     -0.10     0.18     1 
0130320888   40.97214    -72.45272     0.01     -0.08     0.08     1 
0130320890   40.97048    -72.37864    -0.06      0.01     0.06     1 
0130320891   40.96963    -72.34159     0.12      0.11     0.16     1 
0130320892   40.96877    -72.30455    -0.01      0.03     0.03     1 
0130320893   40.96790    -72.26752     0.13      0.06     0.14     1 
0130320894   40.96702    -72.23048     0.06     -0.07     0.10     1 
0130320895   40.96612    -72.19344     0.01     -0.00     0.01     1 
0130320896   40.96521    -72.15641    -0.14     -0.12     0.18     1 
0130320915   40.97234    -74.23256     0.01     -0.09     0.09     1 
0130320916   40.97209    -74.19548     0.15      0.11     0.18     1 
0130320917   40.97182    -74.15840     0.11      0.04     0.11     1 
0130320918   40.97154    -74.12133     0.22      0.10     0.24     1 
0130320919   40.97126    -74.08425     0.09     -0.00     0.09     1 
0130320920   40.97096    -74.04717     0.17     -0.01     0.17     1 
0130320921   40.97064    -74.01010     0.06      0.02     0.06     1 
0130320922   40.97032    -73.97302     0.18      0.05     0.19     1 
0130320923   40.96998    -73.93595     0.18      0.04     0.19     1 
0130320924   40.96963    -73.89887     0.14     -0.17     0.22     1 
0130320925   40.96928    -73.86180     0.09      0.04     0.10     1 
0130320926   40.96890    -73.82472     0.12      0.04     0.13     1 
0130320927   40.96852    -73.78765     0.08     -0.02     0.08     1 
0130320928   40.96812    -73.75058     0.11      0.06     0.12     1 
0130320929   40.96771    -73.71351     0.07      0.04     0.08     1 
0130320930   40.96730    -73.67644    -0.12     -0.02     0.12     1 
0130320945   40.95957    -73.12049    -0.02      0.00     0.02     1 
0130320946   40.95896    -73.08344    -0.12     -0.01     0.12     1 
0130320947   40.95834    -73.04639     0.05     -0.02     0.05     1 
0130320948   40.95770    -73.00933     0.07      0.06     0.09     1 
0130320949   40.95706    -72.97228     0.14     -0.07     0.15     1 
0130320950   40.95640    -72.93523     0.13      0.00     0.13     1 
0130320951   40.95573    -72.89818     0.08     -0.08     0.12     1 
0130320952   40.95505    -72.86113     0.03     -0.03     0.05     1 
0130320953   40.95436    -72.82409     0.07     -0.12     0.14     1 
0130320954   40.95365    -72.78704    -0.09     -0.15     0.17     1 
0130320955   40.95293    -72.75000    -0.01      0.07     0.07     1 
0130320956   40.95220    -72.71296     0.14     -0.03     0.15     1 
0130320957   40.95146    -72.67592    -0.03      0.04     0.05     1 
0130320958   40.95071    -72.63888     0.04      0.03     0.05     1 
0130320959   40.94994    -72.60184     0.05     -0.00     0.05     1 
0130320960   40.94917    -72.56480    -0.07      0.03     0.08     1 
0130320964   40.94594    -72.41667    -0.11     -0.08     0.13     1 
0130320965   40.94511    -72.37964     0.02      0.04     0.04     1 
0130320966   40.94426    -72.34261    -0.14     -0.09     0.17     1 
0130320967   40.94340    -72.30559     0.08      0.04     0.10     1 
0130320968   40.94253    -72.26856    -0.00      0.01     0.01     1 
0130320969   40.94164    -72.23154    -0.18      0.01     0.18     1 
0130320970   40.94075    -72.19452    -0.29      0.08     0.30     1 
0130320990   40.94694    -74.23286     0.17      0.05     0.18     1 
0130320991   40.94669    -74.19579     0.17     -0.00     0.17     1 
0130320992   40.94642    -74.15873     0.08      0.05     0.10     1 
0130320993   40.94615    -74.12166     0.12      0.01     0.12     1 
0130320994   40.94586    -74.08460     0.23      0.11     0.25     1 
0130320995   40.94556    -74.04754     0.23      0.06     0.24     1 
0130320996   40.94524    -74.01047     0.10      0.04     0.11     1 
0130320997   40.94492    -73.97341     0.20      0.06     0.21     1 
0130320998   40.94458    -73.93635     0.23      0.08     0.24     1 
0130320999   40.94424    -73.89929     0.01      0.04     0.04     1 
0130321000   40.94388    -73.86223     0.17      0.03     0.17     1 
0130321001   40.94351    -73.82517     0.07      0.04     0.08     1 
0130321002   40.94312    -73.78812     0.15      0.00     0.15     1 
0130321003   40.94273    -73.75106     0.07     -0.00     0.07     1 
0130321004   40.94232    -73.71400    -0.15     -0.00     0.15     1 
0130321005   40.94190    -73.67695    -0.19     -0.07     0.20     1 
0130321010   40.93962    -73.49168    -0.02      0.14     0.14     1 
0130321011   40.93913    -73.45463     0.23      0.08     0.24     1 
0130321013   40.93812    -73.38053     0.06     -0.05     0.08     1 
0130321019   40.93478    -73.15825    -0.29     -0.02     0.29     1 
0130321020   40.93418    -73.12121     0.15      0.01     0.15     1 
0130321021   40.93357    -73.08417     0.06      0.04     0.08     1 
0130321022   40.93295    -73.04713     0.01      0.02     0.02     1 
0130321023   40.93232    -73.01010     0.20      0.12     0.24     1 
0130321024   40.93167    -72.97306     0.07      0.30     0.31     1 
0130321025   40.93101    -72.93602    -0.05     -0.11     0.12     1 
0130321026   40.93035    -72.89899     0.14     -0.07     0.16     1 
0130321027   40.92966    -72.86195     0.05      0.07     0.08     1 
0130321028   40.92897    -72.82492     0.15     -0.01     0.15     1 
0130321029   40.92827    -72.78789     0.08      0.00     0.08     1 
0130321030   40.92755    -72.75086    -0.03      0.03     0.04     1 
0130321031   40.92682    -72.71383     0.06     -0.04     0.07     1 
0130321032   40.92608    -72.67681    -0.04      0.01     0.04     1 
0130321033   40.92533    -72.63978    -0.03     -0.08     0.08     1 
0130321034   40.92456    -72.60276    -0.14     -0.08     0.16     1 
0130321035   40.92379    -72.56573     0.07      0.10     0.13     1 
0130321038   40.92139    -72.45467    -0.10      0.08     0.13     1 
0130321039   40.92057    -72.41766     0.02      0.03     0.04     1 
0130321040   40.91973    -72.38064     0.02     -0.00     0.02     1 
0130321041   40.91888    -72.34363     0.04      0.01     0.04     1 
0130321042   40.91802    -72.30662    -0.04     -0.03     0.05     1 
0130321064   40.92178    -74.27020     0.10      0.15     0.18     1 
0130321065   40.92154    -74.23315     0.18      0.05     0.19     1 
0130321066   40.92128    -74.19610     0.07      0.04     0.08     1 
0130321067   40.92102    -74.15905    -0.07      0.00     0.07     1 
0130321068   40.92074    -74.12200     0.08      0.02     0.08     1 
0130321069   40.92046    -74.08495     0.11     -0.03     0.12     1 
0130321070   40.92016    -74.04790     0.10      0.03     0.11     1 
0130321071   40.91984    -74.01085     0.15      0.03     0.15     1 
0130321072   40.91952    -73.97381     0.12      0.08     0.14     1 
0130321073   40.91918    -73.93676     0.19      0.02     0.19     1 
0130321074   40.91884    -73.89971     0.04      0.04     0.06     1 
0130321075   40.91848    -73.86267    -0.00      0.07     0.07     1 
0130321076   40.91811    -73.82562    -0.00     -0.03     0.03     1 
0130321077   40.91772    -73.78858     0.02     -0.06     0.06     1 
0130321078   40.91733    -73.75154    -0.14     -0.05     0.15     1 
0130321083   40.91517    -73.56633     0.10     -0.02     0.10     1 
0130321084   40.91471    -73.52929    -0.01     -0.03     0.03     1 
0130321086   40.91374    -73.45522    -0.02     -0.02     0.03     1 
0130321087   40.91324    -73.41818     0.02     -0.21     0.21     1 
0130321088   40.91272    -73.38115     0.04     -0.03     0.05     1 
0130321089   40.91220    -73.34411     0.09      0.07     0.11     1 
0130321090   40.91166    -73.30708     0.09      0.04     0.10     1 
0130321091   40.91111    -73.27005     0.12      0.08     0.15     1 
0130321092   40.91055    -73.23302     0.02      0.06     0.06     1 
0130321093   40.90997    -73.19599     0.18     -0.05     0.18     1 
0130321094   40.90939    -73.15896     0.13     -0.03     0.14     1 
0130321095   40.90879    -73.12193     0.07     -0.01     0.07     1 
0130321096   40.90818    -73.08491     0.02     -0.03     0.04     1 
0130321097   40.90756    -73.04788     0.06     -0.01     0.07     1 
0130321098   40.90693    -73.01086     0.08     -0.04     0.09     1 
0130321099   40.90628    -72.97383     0.09     -0.05     0.10     1 
0130321100   40.90563    -72.93681     0.05      0.17     0.18     1 
0130321101   40.90496    -72.89979     0.14      0.02     0.14     1 
0130321102   40.90428    -72.86277     0.03     -0.02     0.03     1 
0130321103   40.90358    -72.82575     0.13      0.09     0.15     1 
0130321104   40.90288    -72.78874     0.01      0.05     0.05     1 
0130321105   40.90216    -72.75172     0.08      0.01     0.08     1 
0130321106   40.90144    -72.71471     0.05      0.03     0.06     1 
0130321107   40.90070    -72.67769    -0.05     -0.01     0.05     1 
0130321108   40.89995    -72.64068     0.01     -0.05     0.05     1 
0130321109   40.89918    -72.60367    -0.08     -0.04     0.09     1 
0130321110   40.89841    -72.56667    -0.07     -0.03     0.07     1 
0130321111   40.89762    -72.52966    -0.06      0.00     0.06     1 
0130321112   40.89682    -72.49265    -0.04     -0.06     0.08     1 
0130321113   40.89601    -72.45565    -0.03     -0.01     0.03     1 
0130321114   40.89519    -72.41865     0.06      0.02     0.07     1 
0130321115   40.89435    -72.38165    -0.02     -0.04     0.04     1 
0130321139   40.89638    -74.27048     0.02     -0.01     0.02     1 
0130321140   40.89614    -74.23344     0.04     -0.00     0.04     1 
0130321141   40.89588    -74.19641     0.08      0.05     0.09     1 
0130321143   40.89534    -74.12234    -0.05      0.03     0.06     1 
0130321144   40.89505    -74.08530     0.08      0.03     0.08     1 
0130321145   40.89476    -74.04827     0.10     -0.01     0.10     1 
0130321146   40.89444    -74.01123     0.08      0.14     0.16     1 
0130321147   40.89412    -73.97420     0.05      0.03     0.06     1 
0130321149   40.89344    -73.90014     0.03     -0.07     0.07     1 
0130321150   40.89308    -73.86310     0.04     -0.04     0.06     1 
0130321151   40.89271    -73.82607    -0.05     -0.04     0.06     1 
0130321152   40.89232    -73.78904    -0.01     -0.05     0.05     1 
0130321153   40.89193    -73.75201    -0.24     -0.12     0.27     1 
0130321156   40.89068    -73.64093     0.12      0.07     0.14     1 
0130321157   40.89023    -73.60390     0.13      0.05     0.14     1 
0130321158   40.88978    -73.56688     0.06      0.03     0.07     1 
0130321159   40.88931    -73.52985    -0.11     -0.05     0.12     1 
0130321160   40.88883    -73.49283     0.07     -0.07     0.10     1 
0130321161   40.88834    -73.45581     0.16      0.14     0.21     1 
0130321162   40.88784    -73.41879     0.01      0.05     0.05     1 
0130321163   40.88733    -73.38177     0.08      0.07     0.11     1 
0130321164   40.88680    -73.34475     0.06      0.03     0.07     1 
0130321165   40.88627    -73.30773     0.13      0.10     0.16     1 
0130321166   40.88572    -73.27071     0.13      0.07     0.15     1 
0130321167   40.88516    -73.23369     0.19      0.05     0.19     1 
0130321168   40.88458    -73.19668     0.03      0.07     0.07     1 
0130321169   40.88400    -73.15966     0.15     -0.00     0.15     1 
0130321170   40.88340    -73.12265     0.05      0.01     0.05     1 
0130321171   40.88279    -73.08564     0.04     -0.06     0.07     1 
0130321172   40.88217    -73.04863     0.10      0.01     0.10     1 
0130321174   40.88090    -72.97461     0.13      0.09     0.15     1 
0130321175   40.88024    -72.93760     0.09     -0.00     0.09     1 
0130321176   40.87957    -72.90059     0.19      0.07     0.20     1 
0130321177   40.87889    -72.86359     0.12      0.02     0.12     1 
0130321178   40.87820    -72.82658     0.11     -0.05     0.12     1 
0130321179   40.87750    -72.78958     0.05      0.06     0.08     1 
0130321180   40.87678    -72.75258     0.06      0.06     0.08     1 
0130321181   40.87605    -72.71558     0.05     -0.01     0.05     1 
0130321182   40.87532    -72.67858     0.02     -0.01     0.02     1 
0130321183   40.87456    -72.64159    -0.06     -0.02     0.06     1 
0130321184   40.87380    -72.60459     0.09     -0.10     0.14     1 
0130321185   40.87303    -72.56759    -0.03     -0.03     0.04     1 
0130321186   40.87224    -72.53060    -0.03      0.06     0.07     1 
0130321187   40.87144    -72.49361    -0.02     -0.22     0.22     1 
0130321189   40.86981    -72.41963    -0.19     -0.04     0.19     1 
0130321214   40.87097    -74.27076     0.07      0.04     0.09     1 
0130321215   40.87073    -74.23374     0.09      0.07     0.11     1 
0130321216   40.87048    -74.19671     0.08      0.05     0.10     1 
0130321217   40.87022    -74.15969     0.02     -0.02     0.03     1 
0130321218   40.86994    -74.12267     0.01      0.01     0.02     1 
0130321219   40.86966    -74.08565     0.04     -0.01     0.04     1 
0130321220   40.86936    -74.04863    -0.04      0.05     0.06     1 
0130321221   40.86904    -74.01161     0.06     -0.01     0.06     1 
0130321222   40.86872    -73.97459     0.05      0.07     0.09     1 
0130321224   40.86804    -73.90055    -0.15     -0.02     0.15     1 
0130321225   40.86768    -73.86354    -0.01     -0.04     0.04     1 
0130321226   40.86731    -73.82652     0.06     -0.04     0.07     1 
0130321227   40.86693    -73.78951    -0.15     -0.09     0.17     1 
0130321229   40.86613    -73.71548     0.00      0.03     0.03     1 
0130321230   40.86571    -73.67846     0.12      0.03     0.12     1 
0130321231   40.86528    -73.64145     0.06      0.04     0.07     1 
0130321232   40.86484    -73.60444     0.12      0.06     0.14     1 
0130321233   40.86438    -73.56743     0.13      0.04     0.14     1 
0130321234   40.86392    -73.53042     0.08      0.05     0.10     1 
0130321235   40.86344    -73.49341     0.15      0.01     0.15     1 
0130321236   40.86295    -73.45640     0.02      0.06     0.07     1 
0130321237   40.86245    -73.41939     0.15     -0.02     0.15     1 
0130321238   40.86194    -73.38238     0.03      0.09     0.09     1 
0130321239   40.86141    -73.34538     0.18      0.07     0.20     1 
0130321240   40.86087    -73.30837     0.08      0.07     0.11     1 
0130321241   40.86033    -73.27137     0.12      0.06     0.13     1 
0130321242   40.85976    -73.23437     0.05     -0.01     0.05     1 
0130321243   40.85919    -73.19737     0.04      0.04     0.06     1 
0130321244   40.85861    -73.16037     0.07      0.02     0.07     1 
0130321245   40.85801    -73.12337     0.10     -0.00     0.10     1 
0130321246   40.85740    -73.08637     0.06     -0.00     0.06     1 
0130321247   40.85678    -73.04937     0.03      0.05     0.06     1 
0130321248   40.85615    -73.01238     0.08      0.07     0.10     1 
0130321249   40.85551    -72.97538     0.16     -0.01     0.16     1 
0130321250   40.85485    -72.93839     0.09      0.15     0.17     1 
0130321251   40.85419    -72.90140     0.18      0.04     0.18     1 
0130321252   40.85351    -72.86441     0.12      0.07     0.14     1 
0130321253   40.85281    -72.82742    -0.12      0.04     0.13     1 
0130321254   40.85211    -72.79043     0.12      0.01     0.12     1 
0130321255   40.85140    -72.75344     0.17      0.00     0.17     1 
0130321256   40.85067    -72.71645     0.06      0.09     0.11     1 
0130321258   40.84918    -72.64249    -0.08     -0.02     0.08     1 
0130321259   40.84842    -72.60550     0.08      0.04     0.09     1 
0130321260   40.84764    -72.56852    -0.10      0.05     0.11     1 
0130321261   40.84686    -72.53154    -0.21     -0.06     0.22     1 
0130321262   40.84606    -72.49457     0.07     -0.10     0.13     1 
0130321289   40.84557    -74.27104     0.13      0.08     0.15     1 
0130321290   40.84533    -74.23403     0.23      0.08     0.24     1 
0130321291   40.84508    -74.19702     0.14      0.09     0.16     1 
0130321292   40.84482    -74.16001     0.03     -0.02     0.03     1 
0130321293   40.84454    -74.12301     0.00     -0.06     0.06     1 
0130321294   40.84425    -74.08600    -0.01     -0.01     0.02     1 
0130321295   40.84396    -74.04899     0.01     -0.06     0.06     1 
0130321296   40.84364    -74.01199    -0.10     -0.06     0.12     1 
0130321297   40.84332    -73.97498     0.00     -0.05     0.05     1 
0130321298   40.84299    -73.93798     0.01     -0.04     0.04     1 
0130321299   40.84264    -73.90098    -0.02     -0.03     0.03     1 
0130321300   40.84228    -73.86397    -0.03     -0.02     0.04     1 
0130321301   40.84191    -73.82697     0.03      0.03     0.05     1 
0130321302   40.84153    -73.78997    -0.14     -0.04     0.15     1 
0130321303   40.84114    -73.75297    -0.00     -0.06     0.06     1 
0130321304   40.84073    -73.71597    -0.14     -0.00     0.14     1 
0130321305   40.84031    -73.67897     0.21      0.01     0.21     1 
0130321306   40.83988    -73.64197     0.04      0.03     0.05     1 
0130321307   40.83944    -73.60497     0.11      0.07     0.13     1 
0130321308   40.83899    -73.56797     0.14      0.02     0.14     1 
0130321309   40.83852    -73.53098     0.15      0.08     0.16     1 
0130321310   40.83804    -73.49398     0.11      0.09     0.14     1 
0130321311   40.83756    -73.45699     0.12      0.06     0.14     1 
0130321312   40.83705    -73.42000     0.03      0.05     0.06     1 
0130321313   40.83654    -73.38300     0.09      0.08     0.12     1 
0130321314   40.83602    -73.34601     0.04      0.04     0.05     1 
0130321315   40.83548    -73.30902    -0.03      0.06     0.07     1 
0130321316   40.83493    -73.27203     0.05      0.10     0.12     1 
0130321317   40.83437    -73.23504     0.02      0.05     0.05     1 
0130321318   40.83380    -73.19806     0.07      0.13     0.14     1 
0130321319   40.83322    -73.16107     0.09      0.08     0.12     1 
0130321320   40.83262    -73.12408     0.02     -0.04     0.04     1 
0130321321   40.83201    -73.08710     0.09      0.05     0.10     1 
0130321322   40.83139    -73.05012     0.11      0.01     0.11     1 
0130321323   40.83076    -73.01314     0.07     -0.00     0.07     1 
0130321324   40.83012    -72.97615     0.15     -0.12     0.19     1 
0130321325   40.82946    -72.93918     0.02      0.08     0.08     1 
0130321326   40.82880    -72.90220     0.05      0.10     0.11     1 
0130321327   40.82812    -72.86522     0.09      0.01     0.09     1 
0130321328   40.82743    -72.82824     0.08      0.08     0.12     1 
0130321329   40.82673    -72.79127     0.09      0.05     0.11     1 
0130321330   40.82601    -72.75430     0.09      0.10     0.13     1 
0130321331   40.82529    -72.71733     0.05      0.04     0.06     1 
0130321332   40.82455    -72.68036     0.02      0.01     0.02     1 
0130321333   40.82380    -72.64339    -0.05      0.02     0.06     1 
0130321334   40.82304    -72.60642    -0.00      0.01     0.01     1 
0130321335   40.82227    -72.56945    -0.17     -0.06     0.18     1 
0130321364   40.82017    -74.27132     0.13      0.09     0.16     1 
0130321365   40.81993    -74.23432     0.21      0.06     0.22     1 
0130321366   40.81968    -74.19733     0.07      0.06     0.10     1 
0130321367   40.81942    -74.16033     0.13      0.05     0.14     1 
0130321368   40.81914    -74.12334    -0.00     -0.03     0.03     1 
0130321369   40.81885    -74.08635    -0.09     -0.03     0.09     1 
0130321370   40.81856    -74.04936    -0.06     -0.05     0.08     1 
0130321371   40.81824    -74.01237    -0.07     -0.04     0.08     1 
0130321373   40.81759    -73.93838    -0.02     -0.04     0.04     1 
0130321374   40.81724    -73.90139    -0.03     -0.07     0.07     1 
0130321375   40.81688    -73.86441    -0.08     -0.02     0.08     1 
0130321376   40.81651    -73.82742    -0.16      0.01     0.16     1 
0130321377   40.81613    -73.79043    -0.17     -0.02     0.17     1 
0130321378   40.81574    -73.75344     0.03      0.02     0.03     1 
0130321379   40.81533    -73.71646     0.05     -0.00     0.05     1 
0130321380   40.81491    -73.67947     0.09      0.06     0.11     1 
0130321381   40.81448    -73.64249     0.08     -0.02     0.09     1 
0130321382   40.81404    -73.60550     0.17      0.08     0.19     1 
0130321383   40.81359    -73.56852     0.11      0.07     0.14     1 
0130321384   40.81312    -73.53154     0.17      0.03     0.17     1 
0130321385   40.81265    -73.49456    -0.07      0.01     0.07     1 
0130321386   40.81216    -73.45758     0.06     -0.01     0.06     1 
0130321387   40.81166    -73.42060     0.07      0.08     0.10     1 
0130321388   40.81115    -73.38362     0.11      0.05     0.12     1 
0130321389   40.81062    -73.34664     0.10      0.04     0.11     1 
0130321390   40.81009    -73.30967     0.09      0.03     0.10     1 
0130321391   40.80954    -73.27269    -0.06      0.05     0.08     1 
0130321392   40.80898    -73.23572    -0.04     -0.00     0.04     1 
0130321393   40.80841    -73.19874    -0.02      0.01     0.02     1 
0130321394   40.80783    -73.16177     0.03      0.02     0.04     1 
0130321395   40.80723    -73.12480     0.02      0.06     0.06     1 
0130321396   40.80662    -73.08783     0.03      0.05     0.06     1 
0130321397   40.80600    -73.05086     0.04     -0.01     0.04     1 
0130321398   40.80537    -73.01389    -0.03     -0.03     0.04     1 
0130321399   40.80473    -72.97693     0.06      0.10     0.12     1 
0130321400   40.80408    -72.93996    -0.10     -0.10     0.15     1 
0130321401   40.80341    -72.90300     0.19      0.02     0.19     1 
0130321402   40.80273    -72.86603     0.05      0.06     0.08     1 
0130321403   40.80204    -72.82907     0.05     -0.02     0.05     1 
0130321404   40.80134    -72.79211     0.10      0.05     0.11     1 
0130321405   40.80063    -72.75515    -0.05     -0.00     0.05     1 
0130321406   40.79990    -72.71819    -0.11      0.06     0.12     1 
0130321407   40.79917    -72.68124    -0.11      0.03     0.11     1 
0130321408   40.79842    -72.64428    -0.10     -0.07     0.12     1 
0130321439   40.79477    -74.27159     0.22      0.12     0.25     1 
0130321440   40.79453    -74.23461     0.14     -0.02     0.14     1 
0130321441   40.79428    -74.19763     0.11     -0.01     0.12     1 
0130321442   40.79402    -74.16065     0.18     -0.00     0.18     1 
0130321443   40.79374    -74.12368     0.03     -0.05     0.06     1 
0130321444   40.79345    -74.08670    -0.19      0.04     0.19     1 
0130321445   40.79315    -74.04972    -0.08     -0.02     0.08     1 
0130321446   40.79284    -74.01274     0.01      0.01     0.02     1 
0130321447   40.79252    -73.97576     0.16     -0.02     0.16     1 
0130321448   40.79219    -73.93879    -0.01     -0.07     0.07     1 
0130321449   40.79184    -73.90181    -0.10     -0.10     0.14     1 
0130321450   40.79148    -73.86484    -0.07     -0.09     0.11     1 
0130321451   40.79111    -73.82786     0.00     -0.05     0.05     1 
0130321452   40.79073    -73.79089    -0.12     -0.04     0.12     1 
0130321454   40.78993    -73.71695    -0.00      0.01     0.02     1 
0130321455   40.78952    -73.67997     0.06     -0.00     0.06     1 
0130321456   40.78909    -73.64301     0.05      0.09     0.11     1 
0130321457   40.78865    -73.60604     0.08      0.09     0.12     1 
0130321458   40.78819    -73.56907     0.15      0.04     0.15     1 
0130321459   40.78773    -73.53210     0.02      0.05     0.05     1 
0130321460   40.78725    -73.49513     0.02      0.08     0.08     1 
0130321462   40.78627    -73.42120     0.03      0.10     0.11     1 
0130321464   40.78523    -73.34727     0.04      0.06     0.08     1 
0130321465   40.78469    -73.31031     0.08      0.03     0.08     1 
0130321466   40.78415    -73.27335     0.04     -0.06     0.07     1 
0130321467   40.78359    -73.23639     0.05      0.03     0.06     1 
0130321468   40.78302    -73.19943     0.07     -0.00     0.07     1 
0130321469   40.78243    -73.16247     0.16      0.09     0.18     1 
0130321470   40.78184    -73.12551     0.01     -0.01     0.02     1 
0130321471   40.78123    -73.08856    -0.06     -0.07     0.09     1 
0130321472   40.78061    -73.05160    -0.01      0.02     0.02     1 
0130321473   40.77999    -73.01465     0.03      0.03     0.04     1 
0130321474   40.77934    -72.97770     0.04     -0.01     0.05     1 
0130321475   40.77869    -72.94075     0.03      0.04     0.05     1 
0130321476   40.77802    -72.90380     0.09      0.10     0.13     1 
0130321477   40.77735    -72.86685     0.09     -0.02     0.10     1 
0130321478   40.77666    -72.82990     0.02      0.05     0.05     1 
0130321479   40.77596    -72.79295    -0.04     -0.05     0.06     1 
0130321480   40.77524    -72.75601    -0.16     -0.09     0.18     1 
0130321513   40.76959    -74.30884     0.08      0.07     0.11     1 
0130321514   40.76937    -74.27187     0.13      0.04     0.14     1 
0130321515   40.76913    -74.23490     0.03      0.00     0.03     1 
0130321516   40.76888    -74.19794     0.07     -0.04     0.08     1 
0130321517   40.76861    -74.16097    -0.03     -0.05     0.06     1 
0130321518   40.76834    -74.12401    -0.04     -0.07     0.08     1 
0130321519   40.76805    -74.08704    -0.10     -0.07     0.13     1 
0130321520   40.76775    -74.05008    -0.10     -0.01     0.11     1 
0130321522   40.76712    -73.97616     0.23     -0.08     0.24     1 
0130321523   40.76679    -73.93919    -0.07     -0.09     0.12     1 
0130321524   40.76644    -73.90223    -0.06     -0.09     0.11     1 
0130321525   40.76608    -73.86527    -0.14     -0.04     0.15     1 
0130321526   40.76572    -73.82831    -0.12     -0.12     0.17     1 
0130321527   40.76533    -73.79135    -0.06      0.00     0.06     1 
0130321528   40.76494    -73.75439    -0.01      0.01     0.01     1 
0130321529   40.76454    -73.71743     0.07      0.00     0.07     1 
0130321530   40.76412    -73.68048    -0.02     -0.02     0.03     1 
0130321531   40.76369    -73.64352     0.01      0.01     0.01     1 
0130321532   40.76325    -73.60657     0.08      0.03     0.09     1 
0130321533   40.76280    -73.56961    -0.01      0.05     0.05     1 
0130321534   40.76233    -73.53266    -0.04     -0.01     0.04     1 
0130321535   40.76186    -73.49570    -0.08     -0.03     0.09     1 
0130321536   40.76137    -73.45875     0.05      0.08     0.10     1 
0130321537   40.76087    -73.42180    -0.10      0.01     0.10     1 
0130321538   40.76036    -73.38485     0.07      0.07     0.10     1 
0130321539   40.75984    -73.34790     0.01      0.03     0.03     1 
0130321540   40.75930    -73.31095    -0.03      0.06     0.07     1 
0130321541   40.75876    -73.27401     0.03      0.02     0.04     1 
0130321542   40.75820    -73.23706     0.06      0.07     0.09     1 
0130321543   40.75763    -73.20011     0.10      0.02     0.10     1 
0130321544   40.75704    -73.16317     0.04      0.01     0.04     1 
0130321545   40.75645    -73.12623     0.03     -0.01     0.04     1 
0130321546   40.75584    -73.08929     0.05      0.04     0.07     1 
0130321547   40.75523    -73.05235     0.00      0.06     0.06     1 
0130321548   40.75460    -73.01541    -0.08      0.01     0.08     1 
0130321549   40.75395    -72.97847    -0.08     -0.08     0.11     1 
0130321550   40.75330    -72.94153     0.00      0.01     0.01     1 
0130321551   40.75264    -72.90459    -0.04     -0.10     0.10     1 
0130321552   40.75196    -72.86766    -0.08      0.10     0.13     1 
0130321588   40.74419    -74.30910     0.14      0.02     0.14     1 
0130321589   40.74396    -74.27215     0.15      0.02     0.15     1 
0130321590   40.74372    -74.23520     0.02     -0.03     0.03     1 
0130321591   40.74347    -74.19824     0.07      0.01     0.07     1 
0130321592   40.74321    -74.16129     0.01      0.02     0.03     1 
0130321593   40.74294    -74.12434    -0.06      0.06     0.08     1 
0130321594   40.74265    -74.08739    -0.08     -0.02     0.09     1 
0130321595   40.74235    -74.05044    -0.07     -0.08     0.11     1 
0130321597   40.74172    -73.97654     0.07     -0.06     0.09     1 
0130321598   40.74139    -73.93960    -0.09     -0.06     0.11     1 
0130321599   40.74104    -73.90265    -0.05     -0.06     0.08     1 
0130321600   40.74068    -73.86570    -0.02     -0.03     0.04     1 
0130321601   40.74032    -73.82876    -0.03     -0.07     0.08     1 
0130321602   40.73994    -73.79181     0.02     -0.03     0.04     1 
0130321603   40.73954    -73.75487     0.05     -0.01     0.05     1 
0130321604   40.73914    -73.71792    -0.02     -0.00     0.02     1 
0130321605   40.73872    -73.68098    -0.07     -0.06     0.09     1 
0130321606   40.73829    -73.64404    -0.01      0.03     0.04     1 
0130321607   40.73785    -73.60710    -0.05      0.04     0.06     1 
0130321608   40.73740    -73.57015     0.06      0.05     0.08     1 
0130321609   40.73694    -73.53322     0.02      0.02     0.03     1 
0130321610   40.73646    -73.49628    -0.06     -0.04     0.07     1 
0130321611   40.73598    -73.45934     0.11      0.02     0.11     1 
0130321612   40.73548    -73.42240    -0.11     -0.01     0.11     1 
0130321613   40.73497    -73.38546    -0.06      0.05     0.08     1 
0130321614   40.73444    -73.34853     0.16      0.04     0.17     1 
0130321615   40.73391    -73.31160     0.03      0.04     0.06     1 
0130321616   40.73336    -73.27466     0.04      0.01     0.04     1 
0130321617   40.73280    -73.23773     0.00      0.00     0.00     1 
0130321618   40.73223    -73.20080     0.08      0.03     0.09     1 
0130321619   40.73165    -73.16387     0.03      0.00     0.03     1 
0130321620   40.73106    -73.12694    -0.09      0.05     0.11     1 
0130321621   40.73045    -73.09001    -0.00      0.05     0.05     1 
0130321622   40.72984    -73.05309    -0.07     -0.00     0.07     1 
0130321663   40.71879    -74.30936     0.04      0.07     0.08     1 
0130321664   40.71856    -74.27242     0.09      0.02     0.09     1 
0130321665   40.71832    -74.23549     0.01      0.01     0.01     1 
0130321666   40.71807    -74.19855    -0.01     -0.03     0.03     1 
0130321667   40.71781    -74.16161    -0.05      0.06     0.07     1 
0130321668   40.71753    -74.12467    -0.11     -0.08     0.14     1 
0130321669   40.71725    -74.08774    -0.05     -0.00     0.05     1 
0130321670   40.71695    -74.05080    -0.04     -0.01     0.04     1 
0130321671   40.71664    -74.01387     0.15     -0.12     0.20     1 
0130321673   40.71599    -73.94000    -0.06     -0.01     0.06     1 
0130321674   40.71564    -73.90307    -0.09     -0.04     0.10     1 
0130321675   40.71529    -73.86613     0.01     -0.02     0.02     1 
0130321676   40.71492    -73.82920    -0.02     -0.00     0.02     1 
0130321677   40.71454    -73.79227    -0.07     -0.02     0.07     1 
0130321678   40.71414    -73.75534    -0.01      0.03     0.03     1 
0130321679   40.71374    -73.71841    -0.07      0.02     0.07     1 
0130321680   40.71332    -73.68148     0.01     -0.02     0.02     1 
0130321681   40.71290    -73.64455    -0.03     -0.01     0.03     1 
0130321682   40.71246    -73.60762    -0.01      0.01     0.01     1 
0130321683   40.71200    -73.57070    -0.03     -0.06     0.07     1 
0130321684   40.71154    -73.53377     0.03     -0.01     0.03     1 
0130321685   40.71107    -73.49685    -0.01      0.00     0.01     1 
0130321686   40.71058    -73.45992     0.08      0.04     0.08     1 
0130321687   40.71008    -73.42300    -0.01      0.02     0.02     1 
0130321688   40.70957    -73.38608    -0.06     -0.06     0.09     1 
0130321689   40.70905    -73.34916    -0.05     -0.02     0.05     1 
0130321690   40.70851    -73.31224     0.09     -0.11     0.14     1 
0130321691   40.70797    -73.27532     0.11     -0.02     0.11     1 
0130321692   40.70741    -73.23840    -0.14     -0.03     0.14     1 
0130321693   40.70684    -73.20148    -0.15      0.03     0.16     1 
0130321694   40.70626    -73.16457    -0.06     -0.00     0.06     1 
0130321699   40.70318    -72.98000     0.03     -0.03     0.04     1 
0130321700   40.70253    -72.94309    -0.31      0.01     0.31     1 
0130321738   40.69339    -74.30962     0.01      0.06     0.06     1 
0130321739   40.69316    -74.27270     0.18     -0.00     0.18     1 
0130321740   40.69292    -74.23578     0.08      0.04     0.09     1 
0130321741   40.69267    -74.19885     0.01      0.02     0.02     1 
0130321742   40.69241    -74.16193    -0.07      0.05     0.09     1 
0130321743   40.69213    -74.12501    -0.18     -0.22     0.28     1 
0130321744   40.69185    -74.08809    -0.10      0.10     0.14     1 
0130321745   40.69155    -74.05116    -0.10     -0.04     0.10     1 
0130321746   40.69124    -74.01424    -0.07      0.03     0.08     1 
0130321747   40.69092    -73.97732     0.06     -0.03     0.07     1 
0130321748   40.69059    -73.94040    -0.03     -0.06     0.07     1 
0130321749   40.69024    -73.90348     0.04      0.04     0.06     1 
0130321750   40.68989    -73.86656     0.07     -0.01     0.07     1 
0130321751   40.68952    -73.82965    -0.01      0.01     0.01     1 
0130321752   40.68914    -73.79273    -0.05     -0.02     0.05     1 
0130321753   40.68874    -73.75581    -0.01     -0.00     0.01     1 
0130321754   40.68834    -73.71890     0.01      0.01     0.01     1 
0130321755   40.68793    -73.68198    -0.01      0.03     0.04     1 
0130321756   40.68750    -73.64507     0.04     -0.02     0.05     1 
0130321757   40.68706    -73.60815     0.09      0.05     0.10     1 
0130321758   40.68661    -73.57124     0.11      0.03     0.12     1 
0130321759   40.68615    -73.53433     0.06      0.00     0.06     1 
0130321760   40.68567    -73.49742     0.10      0.07     0.12     1 
0130321761   40.68518    -73.46051     0.02      0.04     0.05     1 
0130321762   40.68469    -73.42360    -0.00     -0.05     0.05     1 
0130321763   40.68418    -73.38669     0.01      0.00     0.01     1 
0130321764   40.68366    -73.34978    -0.02      0.02     0.03     1 
0130321765   40.68312    -73.31288    -0.12     -0.04     0.13     1 
0130321766   40.68258    -73.27597    -0.17     -0.02     0.17     1 
0130321812   40.66820    -74.34680     0.11      0.08     0.13     1 
0130321813   40.66798    -74.30989     0.17      0.06     0.18     1 
0130321814   40.66776    -74.27298    -0.00     -0.02     0.02     1 
0130321815   40.66752    -74.23607     0.06     -0.07     0.09     1 
0130321816   40.66727    -74.19916    -0.12     -0.04     0.12     1 
0130321817   40.66701    -74.16225    -0.12     -0.05     0.13     1 
0130321818   40.66673    -74.12534    -0.06     -0.01     0.06     1 
0130321819   40.66645    -74.08843    -0.08     -0.04     0.09     1 
0130321821   40.66584    -74.01462    -0.12      0.15     0.19     1 
0130321822   40.66552    -73.97771     0.11      0.07     0.13     1 
0130321823   40.66519    -73.94080    -0.05      0.02     0.06     1 
0130321824   40.66484    -73.90390    -0.05     -0.02     0.06     1 
0130321825   40.66449    -73.86700    -0.09      0.02     0.09     1 
0130321826   40.66412    -73.83009    -0.12     -0.01     0.12     1 
0130321827   40.66374    -73.79319    -0.11     -0.07     0.13     1 
0130321828   40.66335    -73.75629    -0.03      0.04     0.05     1 
0130321829   40.66294    -73.71938    -0.00      0.03     0.03     1 
0130321830   40.66253    -73.68248    -0.05      0.04     0.06     1 
0130321831   40.66210    -73.64558    -0.04      0.00     0.04     1 
0130321832   40.66166    -73.60868     0.02      0.10     0.10     1 
0130321833   40.66121    -73.57178     0.00      0.01     0.01     1 
0130321834   40.66075    -73.53489     0.01      0.02     0.02     1 
0130321835   40.66027    -73.49799    -0.06     -0.01     0.06     1 
0130321836   40.65979    -73.46109    -0.06      0.03     0.07     1 
0130321837   40.65929    -73.42420    -0.06     -0.01     0.06     1 
0130321838   40.65878    -73.38730    -0.11     -0.02     0.11     1 
0130321839   40.65826    -73.35041     0.00     -0.03     0.03     1 
0130321841   40.65718    -73.27663     0.03      0.01     0.03     1 
0130321842   40.65663    -73.23974    -0.02     -0.07     0.07     1 
0130321843   40.65606    -73.20285    -0.13      0.04     0.14     1 
0130321844   40.65548    -73.16596    -0.14     -0.11     0.18     1 
0130321887   40.64279    -74.34705     0.11      0.12     0.17     1 
0130321888   40.64258    -74.31015     0.16      0.05     0.17     1 
0130321889   40.64235    -74.27325     0.08      0.02     0.08     1 
0130321890   40.64212    -74.23636    -0.02      0.00     0.02     1 
0130321891   40.64187    -74.19946    -0.08      0.01     0.08     1 
0130321892   40.64160    -74.16257    -0.13     -0.07     0.15     1 
0130321893   40.64133    -74.12567    -0.03     -0.03     0.04     1 
0130321894   40.64104    -74.08878    -0.05     -0.03     0.05     1 
0130321896   40.64044    -74.01499    -0.09     -0.05     0.10     1 
0130321897   40.64012    -73.97810    -0.02     -0.02     0.03     1 
0130321898   40.63979    -73.94121    -0.01      0.02     0.03     1 
0130321899   40.63944    -73.90431    -0.09      0.02     0.09     1 
0130321901   40.63872    -73.83053    -0.06      0.06     0.09     1 
0130321902   40.63834    -73.79364    -0.13     -0.12     0.18     1 
0130321903   40.63795    -73.75676    -0.08      0.04     0.09     1 
0130321904   40.63755    -73.71987    -0.08      0.03     0.09     1 
0130321905   40.63713    -73.68298    -0.07      0.03     0.07     1 
0130321906   40.63670    -73.64610     0.01     -0.01     0.01     1 
0130321907   40.63627    -73.60921    -0.01      0.01     0.01     1 
0130321908   40.63582    -73.57233    -0.09      0.09     0.13     1 
0130321909   40.63535    -73.53544     0.01     -0.08     0.08     1 
0130321910   40.63488    -73.49856    -0.04      0.05     0.06     1 
0130321912   40.63390    -73.42480    -0.11      0.01     0.11     1 
0130321913   40.63339    -73.38792    -0.04     -0.03     0.05     1 
0130321916   40.63179    -73.27728    -0.05     -0.00     0.05     1 
0130321962   40.61739    -74.34729     0.15      0.05     0.16     1 
0130321963   40.61718    -74.31041     0.10     -0.06     0.11     1 
0130321964   40.61695    -74.27353     0.04      0.06     0.07     1 
0130321965   40.61671    -74.23665    -0.06      0.05     0.08     1 
0130321966   40.61646    -74.19976    -0.13      0.05     0.14     1 
0130321967   40.61620    -74.16288    -0.00      0.00     0.01     1 
0130321968   40.61593    -74.12600     0.12      0.02     0.13     1 
0130321969   40.61564    -74.08912     0.10      0.02     0.10     1 
0130321971   40.61504    -74.01536     0.03     -0.00     0.03     1 
0130321972   40.61472    -73.97849     0.00     -0.04     0.04     1 
0130321973   40.61439    -73.94161    -0.01      0.03     0.03     1 
0130321974   40.61404    -73.90473    -0.15     -0.06     0.16     1 
0130321976   40.61332    -73.83098    -0.20     -0.05     0.20     1 
0130321977   40.61294    -73.79410    -0.15      0.03     0.15     1 
0130321978   40.61255    -73.75723    -0.06     -0.02     0.07     1 
0130321979   40.61215    -73.72035     0.03     -0.04     0.05     1 
0130321980   40.61173    -73.68348    -0.12      0.04     0.12     1 
0130321981   40.61131    -73.64661    -0.09      0.05     0.10     1 
0130321982   40.61087    -73.60974    -0.07      0.02     0.08     1 
0130321983   40.61042    -73.57287    -0.10      0.01     0.11     1 
0130321984   40.60996    -73.53600    -0.10      0.04     0.10     1 
0130321985   40.60948    -73.49913    -0.02     -0.03     0.04     1 
0130321987   40.60850    -73.42539    -0.19     -0.05     0.20     1 
0130322037   40.59199    -74.34754     0.12      0.01     0.12     1 
0130322038   40.59177    -74.31067     0.11      0.03     0.11     1 
0130322039   40.59155    -74.27380    -0.00      0.02     0.02     1 
0130322040   40.59131    -74.23694    -0.08     -0.01     0.08     1 
0130322041   40.59106    -74.20007    -0.09      0.01     0.09     1 
0130322042   40.59080    -74.16320     0.04     -0.10     0.11     1 
0130322043   40.59053    -74.12633     0.17      0.08     0.19     1 
0130322044   40.59024    -74.08947     0.04     -0.00     0.04     1 
0130322045   40.58995    -74.05260    -0.00     -0.00     0.00     1 
0130322047   40.58932    -73.97887    -0.03     -0.03     0.05     1 
0130322048   40.58899    -73.94201    -0.08     -0.01     0.08     1 
0130322049   40.58864    -73.90514    -0.16     -0.10     0.19     1 
0130322050   40.58829    -73.86828    -0.24     -0.16     0.29     1 
0130322051   40.58792    -73.83142     0.05     -0.03     0.06     1 
0130322058   40.58502    -73.57341     0.09      0.23     0.24     1 
0130322112   40.56658    -74.34779     0.11      0.01     0.11     1 
0130322113   40.56637    -74.31093     0.09      0.00     0.09     1 
0130322114   40.56614    -74.27408     0.07     -0.05     0.09     1 
0130322115   40.56591    -74.23722    -0.09     -0.08     0.12     1 
0130322116   40.56566    -74.20037    -0.19     -0.05     0.20     1 
0130322117   40.56540    -74.16352    -0.12     -0.04     0.13     1 
0130322118   40.56512    -74.12666     0.05     -0.00     0.05     1 
0130322119   40.56484    -74.08981    -0.19     -0.21     0.28     1 
0130322120   40.56454    -74.05296    -0.05      0.06     0.08     1 
0130322186   40.54138    -74.38487     0.05     -0.13     0.14     1 
0130322187   40.54118    -74.34803     0.20     -0.07     0.21     1 
0130322188   40.54097    -74.31119     0.02     -0.08     0.08     1 
0130322189   40.54074    -74.27435    -0.03     -0.03     0.04     1 
0130322190   40.54050    -74.23751    -0.07     -0.04     0.09     1 
0130322191   40.54026    -74.20067     0.17     -0.03     0.17     1 
0130322192   40.53999    -74.16383     0.06     -0.04     0.07     1 
0130322193   40.53972    -74.12699    -0.09     -0.24     0.26     1 
0130322261   40.51598    -74.38511     0.06     -0.12     0.14     1 
0130322262   40.51578    -74.34828    -0.08     -0.01     0.08     1 
0130322263   40.51556    -74.31145    -0.04     -0.14     0.15     1 
0130322264   40.51534    -74.27463    -0.06     -0.08     0.10     1 
0130322265   40.51510    -74.23780     0.00     -0.05     0.05     1 
0130322266   40.51485    -74.20097    -0.12     -0.17     0.21     1 
0130322336   40.49057    -74.38534    -0.10     -0.10     0.15     1 
0130322337   40.49037    -74.34853    -0.11      0.01     0.11     1 
0130322338   40.49016    -74.31171     0.02     -0.29     0.29     1 
0130322339   40.48994    -74.27490     0.06     -0.20     0.21     1 
0130322411   40.46517    -74.38557    -0.11     -0.09     0.14     1 
0130322412   40.46497    -74.34877     0.02     -0.18     0.18     1 
0130322413   40.46476    -74.31197     0.05     -0.08     0.09     1 
0130322414   40.46453    -74.27517     0.01     -0.14     0.14     1 
0130322415   40.46429    -74.23837     0.02     -0.25     0.25     1 
0130322418   40.46352    -74.12798     0.12      0.05     0.13     1 
0130322421   40.46263    -74.01759    -0.21      0.04     0.22     1 
0130322486   40.43977    -74.38580     0.12     -0.02     0.12     1 
0130322487   40.43957    -74.34902     0.06      0.00     0.06     1 
0130322488   40.43935    -74.31223     0.05     -0.06     0.08     1 
0130322489   40.43913    -74.27545    -0.06     -0.09     0.11     1 
0130322490   40.43889    -74.23866     0.16      0.06     0.18     1 
0130322491   40.43864    -74.20188    -0.05     -0.14     0.15     1 
0130322492   40.43838    -74.16509     0.02     -0.06     0.07     1 
0130322493   40.43811    -74.12831     0.05     -0.00     0.05     1 
0130322494   40.43783    -74.09153     0.07     -0.08     0.10     1 
0130322560   40.41455    -74.42281     0.12     -0.03     0.13     1 
0130322561   40.41436    -74.38603     0.09      0.03     0.09     1 
0130322562   40.41416    -74.34926    -0.07     -0.09     0.11     1 
0130322563   40.41395    -74.31249     0.10     -0.02     0.10     1 
0130322564   40.41372    -74.27572     0.17      0.02     0.17     1 
0130322565   40.41349    -74.23895     0.06     -0.04     0.07     1 
0130322566   40.41324    -74.20218     0.08      0.03     0.09     1 
0130322567   40.41298    -74.16541     0.13     -0.03     0.14     1 
0130322568   40.41271    -74.12864     0.12      0.02     0.12     1 
0130322569   40.41243    -74.09187     0.22     -0.04     0.23     1 
0130322570   40.41213    -74.05510     0.15      0.02     0.15     1 
0130322635   40.38915    -74.42302     0.20     -0.00     0.20     1 
0130322636   40.38896    -74.38626     0.04      0.06     0.07     1 
0130322637   40.38876    -74.34951     0.10     -0.05     0.11     1 
0130322638   40.38855    -74.31275     0.11     -0.03     0.12     1 
0130322639   40.38832    -74.27599     0.14     -0.01     0.14     1 
0130322640   40.38808    -74.23923     0.21     -0.01     0.21     1 
0130322641   40.38784    -74.20248     0.18      0.08     0.19     1 
0130322642   40.38758    -74.16572     0.15     -0.01     0.15     1 
0130322643   40.38731    -74.12896     0.26     -0.01     0.26     1 
0130322644   40.38702    -74.09221     0.18     -0.04     0.19     1 
0130322645   40.38673    -74.05545     0.32     -0.01     0.32     1 
0130322646   40.38642    -74.01870    -0.05     -0.01     0.06     1 
0130322647   40.38611    -73.98195    -0.04     -0.03     0.05     1 
0130322711   40.36355    -74.38649     0.17      0.02     0.17     1 
0130322712   40.36335    -74.34975     0.22     -0.02     0.22     1 
0130322713   40.36314    -74.31301     0.22     -0.04     0.22     1 
0130322714   40.36292    -74.27626     0.12     -0.13     0.17     1 
0130322715   40.36268    -74.23952     0.26     -0.06     0.27     1 
0130322716   40.36243    -74.20278     0.21      0.03     0.21     1 
0130322717   40.36217    -74.16603     0.18      0.01     0.18     1 
0130322718   40.36190    -74.12929     0.13      0.00     0.13     1 
0130322719   40.36162    -74.09255     0.11     -0.01     0.11     1 
0130322720   40.36133    -74.05581     0.01     -0.09     0.09     1 
0130322721   40.36102    -74.01907     0.16      0.02     0.16     1 
0130322722   40.36070    -73.98233    -0.03     -0.16     0.16     1 
0130322785   40.33834    -74.42346     0.12      0.01     0.12     1 
0130322786   40.33815    -74.38672     0.09     -0.03     0.10     1 
0130322787   40.33795    -74.34999     0.10     -0.04     0.11     1 
0130322788   40.33774    -74.31326     0.12     -0.01     0.12     1 
0130322789   40.33751    -74.27653     0.23     -0.05     0.23     1 
0130322790   40.33728    -74.23980     0.17     -0.06     0.18     1 
0130322791   40.33703    -74.20307     0.19     -0.04     0.19     1 
0130322792   40.33677    -74.16635     0.21      0.06     0.22     1 
0130322793   40.33650    -74.12962     0.17      0.00     0.17     1 
0130322794   40.33622    -74.09289     0.03     -0.05     0.05     1 
0130322795   40.33592    -74.05616     0.13     -0.06     0.14     1 
0130322796   40.33562    -74.01944    -0.07     -0.08     0.11     1 
0130322860   40.31293    -74.42367     0.14      0.05     0.15     1 
0130322861   40.31274    -74.38696     0.05      0.07     0.09     1 
0130322862   40.31254    -74.35024     0.13      0.01     0.13     1 
0130322863   40.31233    -74.31352     0.12      0.05     0.13     1 
0130322864   40.31211    -74.27680     0.09     -0.04     0.10     1 
0130322865   40.31187    -74.24009     0.11     -0.08     0.13     1 
0130322866   40.31163    -74.20337     0.18      0.02     0.18     1 
0130322867   40.31137    -74.16666     0.14      0.01     0.14     1 
0130322868   40.31110    -74.12995     0.06      0.01     0.06     1 
0130322869   40.31081    -74.09323     0.21     -0.04     0.22     1 
0130322870   40.31052    -74.05652     0.09      0.01     0.09     1 
0130322871   40.31022    -74.01981    -0.01     -0.02     0.02     1 
0130322935   40.28753    -74.42389     0.27      0.07     0.27     1 
0130322936   40.28734    -74.38718     0.22      0.01     0.22     1 
0130322937   40.28714    -74.35048     0.10      0.02     0.10     1 
0130322938   40.28693    -74.31378     0.16     -0.00     0.16     1 
0130322939   40.28670    -74.27708     0.15     -0.03     0.15     1 
0130322940   40.28647    -74.24037     0.09      0.11     0.14     1 
0130322941   40.28622    -74.20367     0.06      0.00     0.06     1 
0130322942   40.28596    -74.16697     0.07      0.03     0.08     1 
0130322943   40.28569    -74.13027     0.22     -0.05     0.23     1 
0130322944   40.28541    -74.09357     0.18     -0.06     0.19     1 
0130322945   40.28512    -74.05687     0.02     -0.08     0.08     1 
0130322946   40.28481    -74.02017     0.15     -0.02     0.16     1 
0130323009   40.26230    -74.46079     0.15      0.14     0.20     1 
0130323010   40.26212    -74.42410     0.25     -0.04     0.25     1 
0130323011   40.26193    -74.38741     0.05      0.01     0.05     1 
0130323013   40.26152    -74.31404     0.08      0.04     0.09     1 
0130323014   40.26130    -74.27735     0.07     -0.05     0.09     1 
0130323015   40.26106    -74.24066     0.08     -0.01     0.08     1 
0130323016   40.26082    -74.20397     0.18     -0.05     0.19     1 
0130323017   40.26056    -74.16728     0.16     -0.04     0.16     1 
0130323018   40.26029    -74.13060     0.06     -0.02     0.07     1 
0130323019   40.26001    -74.09391     0.07      0.02     0.07     1 
0130323020   40.25971    -74.05722     0.12      0.06     0.13     1 
0130323021   40.25941    -74.02054     0.09      0.01     0.09     1 
0130323084   40.23689    -74.46099     0.05      0.02     0.06     1 
0130323085   40.23672    -74.42432     0.10      0.05     0.11     1 
0130323086   40.23653    -74.38764     0.14     -0.01     0.14     1 
0130323087   40.23633    -74.35097     0.12     -0.00     0.12     1 
0130323088   40.23612    -74.31429     0.02      0.07     0.07     1 
0130323089   40.23589    -74.27762     0.02     -0.01     0.02     1 
0130323090   40.23566    -74.24094     0.10     -0.06     0.12     1 
0130323091   40.23541    -74.20427     0.15      0.07     0.16     1 
0130323092   40.23516    -74.16759     0.12     -0.07     0.14     1 
0130323093   40.23489    -74.13092     0.21     -0.08     0.23     1 
0130323094   40.23461    -74.09425     0.11     -0.04     0.12     1 
0130323095   40.23431    -74.05758    -0.03     -0.03     0.04     1 
0130323096   40.23401    -74.02090     0.04     -0.06     0.07     1 
0130323159   40.21149    -74.46120     0.14     -0.04     0.14     1 
0130323160   40.21131    -74.42453     0.15     -0.03     0.15     1 
0130323161   40.21112    -74.38787     0.15      0.04     0.15     1 
0130323162   40.21092    -74.35121     0.09     -0.07     0.12     1 
0130323163   40.21071    -74.31455     0.25      0.00     0.25     1 
0130323164   40.21049    -74.27789     0.14      0.03     0.14     1 
0130323165   40.21026    -74.24123     0.11      0.03     0.12     1 
0130323166   40.21001    -74.20457     0.18     -0.06     0.18     1 
0130323167   40.20975    -74.16791     0.11     -0.01     0.11     1 
0130323168   40.20948    -74.13125     0.13     -0.00     0.13     1 
0130323169   40.20920    -74.09459     0.13     -0.04     0.13     1 
0130323170   40.20891    -74.05793     0.06     -0.02     0.07     1 
0130323171   40.20860    -74.02127     0.00     -0.02     0.02     1 
0130323234   40.18608    -74.46140     0.20     -0.07     0.22     1 
0130323235   40.18591    -74.42475     0.23     -0.03     0.24     1 
0130323236   40.18572    -74.38810     0.15     -0.02     0.15     1 
0130323237   40.18552    -74.35145     0.08      0.02     0.09     1 
0130323238   40.18531    -74.31480     0.08     -0.02     0.09     1 
0130323239   40.18509    -74.27816     0.18     -0.00     0.18     1 
0130323240   40.18485    -74.24151     0.26     -0.11     0.28     1 
0130323242   40.18435    -74.16822     0.14      0.00     0.14     1 
0130323243   40.18408    -74.13157    -0.04     -0.13     0.14     1 
0130323244   40.18380    -74.09492     0.15      0.00     0.15     1 
0130323245   40.18351    -74.05828     0.02      0.00     0.02     1 
0130323246   40.18320    -74.02164    -0.06     -0.03     0.07     1 
0130323308   40.16084    -74.49823     0.11     -0.04     0.11     1 
0130323309   40.16068    -74.46160     0.12      0.02     0.12     1 
0130323310   40.16050    -74.42496     0.13      0.05     0.14     1 
0130323311   40.16031    -74.38833    -0.05      0.08     0.10     1 
0130323312   40.16011    -74.35169     0.08     -0.05     0.09     1 
0130323314   40.15968    -74.27842     0.10     -0.05     0.11     1 
0130323315   40.15945    -74.24179     0.14     -0.06     0.15     1 
0130323316   40.15920    -74.20516     0.09      0.01     0.09     1 
0130323317   40.15894    -74.16853     0.19      0.05     0.19     1 
0130323318   40.15868    -74.13189     0.20     -0.13     0.23     1 
0130323319   40.15839    -74.09526    -0.01     -0.09     0.09     1 
0130323320   40.15810    -74.05863     0.01     -0.05     0.05     1 
0130323383   40.13544    -74.49842     0.16      0.10     0.19     1 
0130323384   40.13527    -74.46180     0.06      0.13     0.15     1 
0130323385   40.13509    -74.42518     0.10      0.02     0.10     1 
0130323386   40.13491    -74.38856     0.20      0.05     0.20     1 
0130323387   40.13471    -74.35193     0.17     -0.03     0.17     1 
0130323389   40.13428    -74.27869     0.11     -0.04     0.11     1 
0130323390   40.13404    -74.24207     0.12      0.04     0.13     1 
0130323391   40.13380    -74.20545     0.12      0.00     0.12     1 
0130323392   40.13354    -74.16884     0.15      0.02     0.15     1 
0130323394   40.13299    -74.09560     0.02     -0.07     0.07     1 
0130323395   40.13270    -74.05898     0.12     -0.08     0.14     1 
0130323458   40.11003    -74.49861     0.11      0.05     0.12     1 
0130323459   40.10986    -74.46200     0.02      0.24     0.24     1 
0130323460   40.10969    -74.42539     0.15     -0.04     0.16     1 
0130323461   40.10950    -74.38878     0.09      0.02     0.09     1 
0130323462   40.10930    -74.35218     0.15     -0.00     0.15     1 
0130323463   40.10909    -74.31557     0.15      0.13     0.19     1 
0130323464   40.10887    -74.27896     0.15     -0.07     0.17     1 
0130323465   40.10864    -74.24236     0.22      0.00     0.22     1 
0130323466   40.10839    -74.20575     0.09      0.02     0.09     1 
0130323467   40.10813    -74.16915     0.12      0.04     0.13     1 
0130323468   40.10787    -74.13254     0.26     -0.10     0.27     1 
0130323469   40.10759    -74.09593    -0.02     -0.03     0.03     1 
0130323470   40.10730    -74.05933     0.01     -0.07     0.07     1 
0130323471   40.10699    -74.02273    -0.12     -0.14     0.19     1 
0130323533   40.08462    -74.49879     0.10      0.01     0.10     1 
0130323534   40.08446    -74.46220     0.21      0.16     0.26     1 
0130323535   40.08428    -74.42561     0.07      0.08     0.10     1 
0130323536   40.08410    -74.38901     0.12      0.07     0.14     1 
0130323537   40.08390    -74.35242     0.08      0.07     0.11     1 
0130323539   40.08346    -74.27923     0.11      0.06     0.13     1 
0130323540   40.08323    -74.24264     0.04     -0.06     0.07     1 
0130323541   40.08299    -74.20605     0.02      0.06     0.07     1 
0130323542   40.08273    -74.16945     0.02      0.02     0.03     1 
0130323543   40.08246    -74.13286     0.14      0.01     0.14     1 
0130323544   40.08218    -74.09627     0.02      0.01     0.02     1 
0130323545   40.08189    -74.05968     0.05      0.02     0.06     1 
0130323608   40.05922    -74.49898     0.07      0.07     0.10     1 
0130323610   40.05888    -74.42582     0.07      0.05     0.09     1 
0130323611   40.05869    -74.38924     0.03      0.11     0.11     1 
0130323612   40.05849    -74.35266     0.11      0.11     0.16     1 
0130323613   40.05828    -74.31608    -0.04     -0.06     0.07     1 
0130323614   40.05806    -74.27950     0.07     -0.15     0.16     1 
0130323615   40.05783    -74.24292     0.13     -0.08     0.15     1 
0130323617   40.05732    -74.16976     0.00     -0.01     0.01     1 
0130323618   40.05706    -74.13318     0.01      0.00     0.01     1 
0130323619   40.05678    -74.09661    -0.08      0.00     0.08     1 
0130323620   40.05649    -74.06003    -0.05     -0.01     0.05     1 
0130323682   40.03396    -74.53574     0.15     -0.03     0.15     1 
0130323683   40.03381    -74.49917     0.25      0.08     0.26     1 
0130323684   40.03365    -74.46260     0.01      0.03     0.03     1 
0130323685   40.03347    -74.42603     0.02     -0.00     0.02     1 
0130323686   40.03328    -74.38946     0.05     -0.01     0.05     1 
0130323687   40.03309    -74.35290     0.02      0.04     0.04     1 
0130323688   40.03288    -74.31633     0.01      0.05     0.05     1 
0130323689   40.03265    -74.27976     0.11      0.11     0.15     1 
0130323690   40.03242    -74.24320     0.09     -0.08     0.12     1 
0130323691   40.03218    -74.20664     0.17     -0.01     0.17     1 
0130323692   40.03192    -74.17007     0.05      0.04     0.07     1 
0130323693   40.03165    -74.13351     0.01      0.03     0.03     1 
0130323694   40.03137    -74.09694     0.04      0.07     0.08     1 
0130323695   40.03108    -74.06038    -0.03      0.03     0.04     1 
0130323757   40.00856    -74.53591    -0.12     -0.08     0.15     1 
0130323758   40.00840    -74.49935    -0.02      0.08     0.09     1 
0130323759   40.00824    -74.46280    -0.05      0.04     0.06     1 
0130323760   40.00807    -74.42624     0.03     -0.02     0.03     1 
0130323761   40.00788    -74.38969     0.09     -0.04     0.10     1 
0130323762   40.00768    -74.35314     0.06      0.01     0.06     1 
0130323763   40.00747    -74.31659     0.13      0.04     0.13     1 
0130323764   40.00725    -74.28003     0.09      0.06     0.11     1 
0130323766   40.00677    -74.20693     0.08      0.10     0.13     1 
0130323767   40.00652    -74.17038     0.06     -0.02     0.06     1 
0130323768   40.00625    -74.13383    -0.02      0.02     0.03     1 
0130323769   40.00597    -74.09728    -0.07      0.01     0.07     1 
0130323770   40.00568    -74.06073    -0.02     -0.01     0.02     1 
0130323832   39.98315    -74.53608    -0.09     -0.07     0.12     1 
0130323833   39.98300    -74.49954    -0.01     -0.00     0.01     1 
0130323834   39.98283    -74.46300    -0.05      0.03     0.06     1 
0130323835   39.98266    -74.42646    -0.01     -0.04     0.04     1 
0130323836   39.98247    -74.38992     0.10      0.08     0.13     1 
0130323837   39.98227    -74.35338     0.04     -0.04     0.06     1 
0130323838   39.98206    -74.31684    -0.07      0.01     0.08     1 
0130323839   39.98184    -74.28030    -0.00     -0.02     0.02     1 
0130323840   39.98161    -74.24376     0.04      0.07     0.08     1 
0130323841   39.98137    -74.20722     0.08     -0.05     0.09     1 
0130323842   39.98111    -74.17069     0.10     -0.03     0.11     1 
0130323843   39.98084    -74.13415     0.06      0.00     0.06     1 
0130323907   39.95774    -74.53625    -0.02      0.01     0.02     1 
0130323908   39.95759    -74.49972    -0.03     -0.11     0.11     1 
0130323909   39.95743    -74.46320     0.22     -0.09     0.24     1 
0130323910   39.95725    -74.42667     0.04     -0.03     0.05     1 
0130323912   39.95687    -74.35362     0.04      0.02     0.05     1 
0130323913   39.95666    -74.31709    -0.09     -0.01     0.09     1 
0130323914   39.95644    -74.28057     0.06     -0.01     0.06     1 
0130323915   39.95620    -74.24404     0.01     -0.04     0.04     1 
0130323916   39.95596    -74.20752     0.03     -0.01     0.03     1 
0130323917   39.95571    -74.17099     0.09      0.02     0.09     1 
0130323918   39.95544    -74.13447     0.02      0.01     0.02     1 
0130323919   39.95516    -74.09795     0.01     -0.03     0.03     1 
0130323982   39.93234    -74.53642     0.04      0.02     0.04     1 
0130323983   39.93218    -74.49991     0.18      0.01     0.18     1 
0130323984   39.93202    -74.46339     0.06     -0.00     0.06     1 
0130323985   39.93185    -74.42688     0.12     -0.08     0.15     1 
0130323986   39.93166    -74.39037    -0.01     -0.08     0.08     1 
0130323987   39.93146    -74.35386     0.04     -0.02     0.04     1 
0130323988   39.93125    -74.31734     0.02      0.05     0.05     1 
0130323989   39.93103    -74.28083     0.14     -0.03     0.14     1 
0130323990   39.93080    -74.24432     0.14      0.08     0.16     1 
0130323991   39.93056    -74.20781     0.05      0.07     0.09     1 
0130323992   39.93030    -74.17130     0.11      0.02     0.12     1 
0130323993   39.93003    -74.13479    -0.04     -0.05     0.06     1 
0130323994   39.92976    -74.09828     0.03      0.00     0.03     1 
0130323995   39.92947    -74.06177     0.13      0.10     0.16     1 
0130324056   39.90707    -74.57309     0.13      0.04     0.13     1 
0130324057   39.90693    -74.53659     0.00     -0.03     0.03     1 
0130324058   39.90678    -74.50009     0.01     -0.01     0.02     1 
0130324059   39.90661    -74.46359    -0.00     -0.01     0.01     1 
0130324060   39.90644    -74.42709     0.06      0.03     0.07     1 
0130324061   39.90625    -74.39059     0.05      0.12     0.13     1 
0130324062   39.90606    -74.35409     0.01      0.07     0.07     1 
0130324063   39.90585    -74.31760     0.03      0.02     0.03     1 
0130324064   39.90563    -74.28110     0.11      0.04     0.12     1 
0130324065   39.90539    -74.24460     0.07     -0.03     0.08     1 
0130324066   39.90515    -74.20810     0.07      0.10     0.12     1 
0130324067   39.90490    -74.17160     0.13      0.03     0.13     1 
0130324068   39.90463    -74.13511    -0.02     -0.00     0.02     1 
0130324069   39.90435    -74.09861    -0.10      0.03     0.11     1 
0130324131   39.88166    -74.57325     0.06      0.02     0.06     1 
0130324132   39.88152    -74.53676     0.13      0.02     0.13     1 
0130324133   39.88137    -74.50028    -0.01     -0.04     0.04     1 
0130324134   39.88121    -74.46379    -0.09     -0.09     0.13     1 
0130324135   39.88103    -74.42730     0.02      0.03     0.03     1 
0130324136   39.88085    -74.39082     0.04      0.05     0.07     1 
0130324137   39.88065    -74.35433     0.02      0.05     0.06     1 
0130324138   39.88044    -74.31785    -0.01      0.04     0.04     1 
0130324140   39.87999    -74.24488     0.00     -0.03     0.03     1 
0130324141   39.87974    -74.20839     0.11     -0.04     0.12     1 
0130324142   39.87949    -74.17191     0.06      0.01     0.06     1 
0130324143   39.87922    -74.13543    -0.09     -0.08     0.12     1 
0130324206   39.85625    -74.57341     0.07      0.05     0.09     1 
0130324207   39.85611    -74.53693     0.13     -0.00     0.13     1 
0130324208   39.85596    -74.50046     0.08     -0.06     0.10     1 
0130324209   39.85580    -74.46399     0.24     -0.02     0.24     1 
0130324210   39.85563    -74.42752     0.04     -0.02     0.04     1 
0130324211   39.85544    -74.39104     0.04     -0.02     0.04     1 
0130324212   39.85524    -74.35457     0.06      0.05     0.08     1 
0130324213   39.85503    -74.31810     0.04      0.03     0.05     1 
0130324214   39.85481    -74.28163    -0.04     -0.00     0.04     1 
0130324215   39.85458    -74.24516     0.02     -0.02     0.03     1 
0130324216   39.85434    -74.20869     0.03      0.05     0.06     1 
0130324217   39.85408    -74.17222     0.12      0.03     0.12     1 
0130324218   39.85382    -74.13575    -0.03     -0.02     0.03     1 
0130324281   39.83085    -74.57357     0.08      0.06     0.10     1 
0130324282   39.83071    -74.53711     0.03     -0.02     0.04     1 
0130324283   39.83055    -74.50065     0.13      0.02     0.13     1 
0130324284   39.83039    -74.46419     0.04     -0.03     0.05     1 
0130324285   39.83022    -74.42773     0.03     -0.01     0.03     1 
0130324286   39.83003    -74.39127     0.06      0.04     0.07     1 
0130324287   39.82984    -74.35481     0.10     -0.04     0.11     1 
0130324288   39.82963    -74.31835     0.01      0.02     0.03     1 
0130324289   39.82941    -74.28189     0.01     -0.07     0.07     1 
0130324290   39.82918    -74.24544     0.00      0.02     0.02     1 
0130324291   39.82893    -74.20898    -0.01     -0.01     0.01     1 
0130324292   39.82868    -74.17252    -0.03     -0.05     0.06     1 
0130324356   39.80544    -74.57372    -0.03      0.13     0.13     1 
0130324357   39.80530    -74.53728     0.07      0.07     0.10     1 
0130324358   39.80515    -74.50083     0.10      0.11     0.15     1 
0130324359   39.80499    -74.46438     0.16      0.04     0.16     1 
0130324360   39.80481    -74.42794     0.00     -0.01     0.01     1 
0130324361   39.80463    -74.39149     0.08      0.06     0.10     1 
0130324362   39.80443    -74.35505    -0.05     -0.02     0.05     1 
0130324363   39.80422    -74.31860    -0.05      0.04     0.06     1 
0130324364   39.80400    -74.28216     0.02      0.02     0.03     1 
0130324365   39.80377    -74.24571     0.04      0.03     0.05     1 
0130324366   39.80353    -74.20927    -0.02      0.03     0.04     1 
0130324367   39.80327    -74.17283    -0.06      0.03     0.07     1 
0130324369   39.80273    -74.09994    -0.07      0.01     0.08     1 
0130324430   39.78016    -74.61031     0.09      0.13     0.16     1 
0130324431   39.78003    -74.57388    -0.04      0.11     0.12     1 
0130324432   39.77989    -74.53745    -0.03     -0.02     0.04     1 
0130324433   39.77974    -74.50101    -0.00      0.26     0.26     1 
0130324434   39.77958    -74.46458     0.07      0.27     0.28     1 
0130324435   39.77940    -74.42815     0.01      0.18     0.18     1 
0130324436   39.77922    -74.39172     0.30     -0.03     0.30     1 
0130324437   39.77902    -74.35528     0.05      0.02     0.05     1 
0130324438   39.77881    -74.31885     0.14     -0.01     0.14     1 
0130324439   39.77859    -74.28242    -0.17      0.07     0.18     1 
0130324441   39.77812    -74.20956     0.18      0.03     0.18     1 
0130324505   39.75475    -74.61046     0.12      0.10     0.16     1 
0130324506   39.75462    -74.57404     0.06     -0.12     0.13     1 
0130324507   39.75448    -74.53762    -0.04      0.13     0.13     1 
0130324508   39.75433    -74.50120     0.13      0.07     0.15     1 
0130324511   39.75381    -74.39194     0.10      0.07     0.12     1 
0130324512   39.75362    -74.35552     0.18      0.14     0.23     1 
0130324514   39.75319    -74.28269     0.16      0.16     0.23     1 
0130324515   39.75296    -74.24627     0.14      0.07     0.15     1 
0130324516   39.75271    -74.20985     0.10      0.07     0.12     1 
0130324518   39.75220    -74.13702     0.12      0.07     0.14     1 
0130324580   39.72934    -74.61060     0.04      0.10     0.11     1 
0130324581   39.72921    -74.57419     0.02      0.13     0.13     1 
0130324582   39.72908    -74.53779    -0.03      0.03     0.04     1 
0130324583   39.72892    -74.50138    -0.02     -0.01     0.02     1 
0130324584   39.72876    -74.46497     0.19      0.11     0.22     1 
0130324585   39.72859    -74.42857     0.06     -0.07     0.09     1 
0130324587   39.72821    -74.35576     0.07      0.07     0.10     1 
0130324588   39.72800    -74.31935     0.06      0.11     0.13     1 
0130324589   39.72778    -74.28295     0.17      0.04     0.17     1 
0130324590   39.72755    -74.24654     0.23      0.06     0.24     1 
0130324591   39.72731    -74.21014     0.08      0.06     0.10     1 
0130324592   39.72706    -74.17374     0.04      0.11     0.12     1 
0130324593   39.72679    -74.13733    -0.01      0.08     0.09     1 
0130324655   39.70393    -74.61074     0.05      0.07     0.09     1 
0130324656   39.70381    -74.57435    -0.01      0.14     0.14     1 
0130324657   39.70367    -74.53796     0.03      0.06     0.07     1 
0130324658   39.70352    -74.50156     0.09      0.13     0.16     1 
0130324659   39.70335    -74.46517    -0.07     -0.09     0.11     1 
0130324660   39.70318    -74.42878    -0.10      0.00     0.10     1 
0130324661   39.70300    -74.39239     0.04      0.07     0.08     1 
0130324662   39.70280    -74.35599     0.06      0.07     0.09     1 
0130324663   39.70259    -74.31960     0.02      0.10     0.11     1 
0130324664   39.70237    -74.28321     0.07      0.17     0.19     1 
0130324665   39.70214    -74.24682     0.13      0.11     0.17     1 
0130324666   39.70190    -74.21043    -0.07      0.19     0.20     1 
0130324667   39.70165    -74.17404     0.03      0.09     0.09     1 
0130324668   39.70138    -74.13765     0.01      0.01     0.01     1 
0130324732   39.67826    -74.53812     0.04      0.06     0.07     1 
0130324733   39.67811    -74.50174     0.03      0.01     0.04     1 
0130324734   39.67795    -74.46537     0.05      0.08     0.10     1 
0130324735   39.67777    -74.42899     0.03      0.07     0.07     1 
0130324736   39.67759    -74.39261    -0.11      0.05     0.12     1 
0130324737   39.67739    -74.35623    -0.00      0.08     0.08     1 
0130324738   39.67719    -74.31985     0.06      0.21     0.22     1 
0130324739   39.67697    -74.28347     0.07      0.07     0.10     1 
0130324740   39.67674    -74.24710     0.01      0.07     0.07     1 
0130324741   39.67650    -74.21072     0.06      0.10     0.11     1 
0130324812   39.65199    -74.35647     0.03      0.02     0.04     1 
0130324813   39.65178    -74.32010     0.19      0.15     0.24     1 
0130324814   39.65156    -74.28374     0.03      0.21     0.22     1 
0130324815   39.65133    -74.24737     0.00      0.07     0.07     1 
0130324816   39.65109    -74.21101    -0.01      0.07     0.07     1 
0130324817   39.65084    -74.17464    -0.04     -0.01     0.04     1 
0130324891   39.62568    -74.21130    -0.21      0.14     0.25     1 
----------------------------------------------------------------------
---------------------------------------------------
Total correlated GCPs in Upper Left Quadrant: 615

GCP statistics this quadrant only (in Pixels)
Line residual statistics:
  Mean: 0.044
  Median: 0.053
  Standard Deviation: 0.109

Sample residual statistics:
  Mean: 0.008
  Median: 0.014
  Standard Deviation: 0.062

Quadrant RMSE: 0.134

---------------------------------------------------
Total correlated GCPs in Upper Right Quadrant: 218

GCP statistics this quadrant only (in Pixels)
Line residual statistics:
  Mean: 0.013
  Median: 0.031
  Standard Deviation: 0.097

Sample residual statistics:
  Mean: 0.005
  Median: 0.006
  Standard Deviation: 0.063

Quadrant RMSE: 0.116

---------------------------------------------------
Total correlated GCPs in Lower Left Quadrant: 387

GCP statistics this quadrant only (in Pixels)
Line residual statistics:
  Mean: 0.073
  Median: 0.070
  Standard Deviation: 0.084

Sample residual statistics:
  Mean: 0.012
  Median: 0.008
  Standard Deviation: 0.066

Quadrant RMSE: 0.130

---------------------------------------------------
Total correlated GCPs in Lower Right Quadrant: 0

GCP statistics this quadrant only (in Pixels)
Line residual statistics:
  Mean: 0.000
  Median: 0.000
  Standard Deviation: 0.000

Sample residual statistics:
  Mean: 0.000
  Median: 0.000
  Standard Deviation: 0.000

Quadrant RMSE: 0.000

---------------------------------------------------
---------------------------------------------------
Total correlated GCPs in scene: 1221

GCP statistics entire scene (in Pixels)
Line residual statistics:
  Mean: 0.048
  Median: 0.054
  Standard Deviation: 0.102

Sample residual statistics:
  Mean: 0.009
  Median: 0.011
  Standard Deviation: 0.064

Scene RMSE: 0.130

