Sat. Sep. 17, 2016             LANDSAT 5                 Time: 08:15
                         Image Assessment System
                           GCP Residual Report
----------------------------------------------------------------------------
WOID: L19770546            Path/Row: 013 / 032

L0R Reference Image: L51LGS1001256150100_HDF.162611312
Acquisition Date: Sep 13, 2001

Band Number:  5

GLS date for each WRS-2 path/row used:
Path  Row   Date
013   032   10-20-2000


Point_ID         Latitude  Longitude    Height       Across    Along    Residual  Residual
                                                      Scan      Scan      In y      in x
                                                    Residual  Residual    dir       dir
                   (deg)     (deg)     (meters)     (meters)  (meters)  (meters)  (meters)

0130320001_01   40.899350  -72.547400    -5.607       1.702    -2.852     2.157    -2.526
0130320002_01   40.985966  -74.209579   109.451      -1.470     2.207    -1.818     1.928
0130320004_01   41.050400  -73.531986   -15.842      -1.063     2.901    -1.535     2.681
0130320005_01   40.837345  -73.132134    -7.643      -1.074     1.720    -1.348     1.515
0130320006_01   40.577940  -74.178956   -28.593       6.779    -0.687     6.798     0.464
0130320007_01   41.024323  -74.206980    78.507      -4.653     3.517    -5.175     2.686
0130320008_01   40.742508  -74.255819    36.008       1.393     3.236     0.828     3.424
0130320009_01   40.528315  -74.193730   -22.011      -2.612    -0.851    -2.430    -1.278
0130320010_01   40.471312  -74.278993    -4.971      -0.182     1.688    -0.463     1.633
0130320011_01   40.320072  -74.446563    15.000       0.717     0.019     0.705     0.140
0130320012_01   40.704794  -73.791026   -15.364       1.303    -1.352     1.513    -1.113
0130320013_01   40.905181  -73.115979    36.966      -4.596     2.433    -4.940     1.625
0130320014_01   41.031222  -73.762948    33.541      -1.717     1.624    -1.964     1.312
0130320015_01   40.849362  -73.315786    24.221      -2.194     3.329    -2.722     2.912
0130320016_01   40.246943  -74.117011    -0.020      -1.922    -5.211    -1.013    -5.459
0130320017_01   40.997453  -73.842051    24.670      -4.704     1.261    -4.847     0.454
0130320018_01   40.689480  -74.096283   -23.540       3.899     1.576     3.578     2.209
0130320019_01   40.348265  -74.045041   -22.951      -3.987    -1.249    -3.718    -1.903
0130320020_01   40.017080  -74.100998   -32.000       2.436    -0.129     2.423     0.285
0130320021_01   40.830719  -73.926433   -25.000       0.604    -2.196     0.966    -2.063
0130320022_01   40.684149  -73.833291   -20.021      -0.543    -0.140    -0.511    -0.229
0130320023_01   40.627324  -74.207084   -29.527       0.947    -1.150     1.129    -0.974
0130320024_01   40.707930  -73.860221   -11.161      -0.246    -2.477     0.176    -2.483
0130320025_01   40.799067  -73.664494    23.537       0.132    -0.021     0.134     0.002
0130320026_01   40.761740  -73.733483    20.856      -1.249    -0.050    -1.222    -0.259
0130320027_01   40.706608  -73.311220   -27.502       0.544     1.903     0.216     1.968
0130320028_01   40.815703  -72.604548   -29.085      -2.634     3.939    -3.260     3.440
0130320029_01   40.857797  -73.395655    36.005      -0.576     2.386    -0.969     2.255
0130320031_01   40.559868  -74.308164    -2.814       2.842    -0.527     2.890    -0.041
0130320032_01   40.761611  -73.377712    17.883      -1.633     2.061    -1.956     1.756
0130320033_01   40.949976  -72.368043    21.203      -0.462    -0.872    -0.310    -0.938
0130320034_01   40.466811  -74.389095   -32.000       1.865    -4.245     2.556    -3.869
0130320035_01   40.997535  -73.674050    -2.958       0.514     1.074     0.327     1.145
0130320036_01   40.888862  -73.901991   -15.490      -1.268    -1.161    -1.054    -1.357
0130320037_01   40.440476  -74.232983   -21.941      -2.117     0.151    -2.110    -0.207
0130320038_01   40.672778  -74.004221   -30.000       3.473     0.335     3.367     0.914
0130320039_01   40.391259  -74.189358    51.326      -5.573     3.538    -6.088     2.547
0130320040_01   41.137758  -73.265178   -27.482      -0.238     2.338    -0.627     2.265
0130320041_01   40.663038  -73.913156   -23.863       0.993    -1.948     1.307    -1.753
0130320042_01   40.929434  -72.332519   -24.015       0.195    -3.041     0.702    -2.966
0130320044_01   40.028130  -74.336771   -11.875       1.197    -1.751     1.477    -1.523
0130320046_01   40.254409  -74.299644    18.888       0.442    -1.939     0.764    -1.836
0130320047_01   40.880966  -73.278311    13.341      -3.287     3.879    -3.892     3.271
0130320050_01   39.798738  -74.181290   -31.000       0.887    -1.472     1.124    -1.300
0130320052_01   39.950177  -74.537004   -11.575       0.467    -1.488     0.713    -1.387
0130320054_01   40.703019  -73.251655   -30.243       4.275    -0.779     4.345    -0.048
0130320055_01   40.651400  -74.099636   -31.000       3.670     0.599     3.517     1.208
0130320056_01   40.852614  -73.157330     5.136      -1.152    -1.099    -0.951    -1.277
0130320057_01   40.998905  -72.453120   -30.825       6.938    -0.946     6.999     0.234
0130320058_01   40.879527  -72.958272    -1.812      -4.522     1.506    -4.711     0.724
0130320059_01   40.839950  -72.474518   -32.035       3.156     6.518     2.015     6.959
0130320060_01   40.794862  -74.027647   -29.864       1.244    -5.012     2.071    -4.731
0130320061_01   41.083545  -73.462677   -15.734      -2.024     4.104    -2.684     3.706
0130320062_01   39.673538  -74.297501    -5.740      -0.976    -0.230    -0.921    -0.392
0130320063_01   40.876284  -72.371322   -27.650       2.326     1.031     2.119     1.408
0130320065_01   40.809518  -72.824205   -22.039      -5.252    -2.739    -4.717    -3.585
0130320066_01   40.928985  -74.139706   -20.218       5.227    -1.439     5.394    -0.541
0130320067_01   40.063206  -74.055365   -31.609       2.153     1.675     1.839     2.015
0130320071_01   40.773303  -73.441769    28.159      -2.164     4.341    -2.863     3.915
0130320072_01   40.647365  -74.003179    17.815      -0.012     1.572    -0.276     1.547
0130320073_01   40.943221  -72.577493   -28.992       4.701    -0.570     4.730     0.229
0130320074_01   40.910900  -74.179838     3.081       1.357    -0.732     1.462    -0.494
0130320076_01   40.946991  -72.439437   -30.802      -0.650     3.538    -1.237     3.379
0130320077_01   40.950996  -72.171632   -30.218       4.624     3.833     3.914     4.558
0130320078_01   40.545627  -74.235682   -14.045       3.107    -0.715     3.183    -0.182
0130320079_01   40.881471  -74.043115   -29.200       0.556    -0.913     0.702    -0.806
0130320081_01   40.857971  -73.640532   -28.120       1.629     3.336     1.044     3.562
0130320083_01   40.853379  -73.922152   -30.795       0.084    -2.398     0.487    -2.350
0130320085_01   39.891523  -74.273525   -15.133       2.708    -0.576     2.767    -0.109
0130320086_01   40.056895  -74.111730   -31.615       2.480    -0.518     2.532    -0.091
0130320087_01   40.728748  -73.614036   -10.000       1.685    -0.330     1.717    -0.042
0130320088_01   40.063315  -74.345224    -3.424       1.465    -2.444     1.859    -2.161
0130320089_01   39.737284  -74.496768    -4.243      -0.714     0.189    -0.734     0.065
0130320090_01   40.100594  -74.033378   -29.946       0.151     1.311    -0.072     1.317
0130320091_01   40.964243  -72.562108   -21.427      -2.292    -1.106    -2.075    -1.477
0130320092_01   40.783988  -73.900165   -28.172       3.848    -2.284     4.178    -1.604
0130320093_01   40.897519  -72.877234    -6.312      -1.858    -0.105    -1.814    -0.416
0130320094_01   40.768713  -72.739878   -29.624       2.519    -5.476     3.404    -4.975
0130320095_01   40.575041  -73.575036   -32.953      -1.759     1.030    -1.907     0.719
0130320097_01   40.439273  -74.345128   -24.866      -2.342    -0.296    -2.257    -0.686
0130320098_01   40.698016  -73.954843   -27.807      -0.844    -4.136    -0.134    -4.218
0130320099_01   40.019276  -74.452868    22.019      -0.306     0.660    -0.412     0.598
0130320100_01   40.993042  -74.038294   -10.698      -5.120     0.761    -5.172    -0.109
0130320101_01   40.629209  -73.748405   -29.343       3.245    -1.897     3.518    -1.323
0130320102_01   40.875895  -72.537230   -18.903      -1.156    -1.222    -0.935    -1.400
0130320103_01   40.822648  -73.960004   -32.000       0.362    -3.305     0.914    -3.197
0130320104_01   40.655550  -73.407608   -31.619       4.509    -0.419     4.516     0.346
0130320105_01   40.241116  -74.248640     5.368      -3.101     0.329    -3.110    -0.199
0130320106_01   39.761465  -74.266488     5.734      -4.536     1.688    -4.755     0.896
0130320107_01   39.758370  -74.095966   -33.773      -0.702     2.831    -1.171     2.671
0130320109_01   40.669321  -73.349073   -30.091       3.650    -2.959     4.097    -2.302
0130320110_01   40.091202  -74.221786   -21.000       1.684     0.551     1.567     0.827
0130320111_01   40.738885  -74.160992   -25.810       0.949    -0.409     1.005    -0.244
0130320113_01   40.731814  -73.492118    -4.000       1.187     0.281     1.123     0.477
0130320114_01   40.607318  -74.061930   -16.425      -0.107     2.545    -0.533     2.490
0130320115_01   40.917360  -72.568463   -30.156       2.451     1.852     2.104     2.239
0130320116_01   40.702132  -73.671759   -17.716      -0.045     0.513    -0.130     0.498
0130320117_01   40.776091  -74.078402   -30.000       2.254    -2.188     2.591    -1.778
0130320118_01   39.862333  -74.318378    11.564      -1.052    -0.634    -0.928    -0.803
0130320119_01   40.563395  -74.225203   -30.000       2.008    -0.979     2.145    -0.627
0130320120_01   40.896528  -72.504059   -30.689      -2.789    -3.166    -2.218    -3.591
0130320121_01   40.680789  -73.435051   -27.000       0.609     0.298     0.550     0.396
0130320122_01   39.777713  -74.115680   -31.000      -0.915    -3.913    -0.237    -4.011
0130320123_01   39.852418  -74.381952    12.098      -1.555    -2.418    -1.121    -2.646
0130320124_01   41.024974  -72.446763   -29.799       5.504    -5.009     6.268    -4.013
0130320125_01   40.865481  -74.256936   115.831      -3.747     6.628    -4.807     5.903
0130320126_01   40.842333  -73.666829   -27.616      -1.994    -6.165    -0.927    -6.412
0130320127_01   39.940846  -74.171874   -31.275      -1.115    -1.130    -0.907    -1.302
0130320129_01   40.819865  -72.716444   -26.181      -2.655    -2.434    -2.209    -2.847
0130320130_01   40.853632  -72.900702     9.669      -4.309    -2.626    -3.807    -3.314
0130320131_01   40.680451  -73.315076   -30.082       3.919    -0.246     3.904     0.418
0130320132_01   40.661770  -73.865621   -31.124       2.287    -1.465     2.502    -1.059
0130320133_01   39.928397  -74.499233    -2.226      -3.468    -2.299    -3.026    -2.851
0130320134_01   40.956359  -72.248032   -20.000      -1.930    -2.141    -1.545    -2.437
0130320135_01   40.756389  -73.954640   -26.334      -1.129    -3.732    -0.483    -3.868
0130320136_01   40.975263  -72.339585    47.525      -3.262    -1.054    -3.040    -1.588
0130320137_01   40.719578  -73.948467   -28.586       0.793    -1.930     1.108    -1.768
0130320138_01   40.768890  -74.282184    68.379      -1.808     0.792    -1.914     0.476
0130320139_01   40.535371  -74.324711    27.678      -0.490     0.734    -0.606     0.641
0130320140_01   40.787891  -74.002503    -7.496       0.824    -2.627     1.255    -2.450
0130320141_01   39.760479  -74.550185    -8.647      -2.525     1.043    -2.664     0.601
0130320142_01   40.186610  -74.009252   -30.898       0.699     3.274     0.136     3.345
0130320143_01   40.739764  -73.586449    -4.148       0.894    -0.442     0.956    -0.285
0130320144_01   40.567967  -74.109615   -28.000      -0.228    -3.374     0.345    -3.364
0130320145_01   40.841022  -73.693899   -21.153      -0.627    -0.794    -0.484    -0.888
0130320146_01   40.359030  -74.260052    -3.216      -3.273     0.936    -3.383     0.371
0130320147_01   40.693247  -74.129254   -27.591       3.060    -0.222     3.054     0.296
0130320148_01   40.930916  -73.054675    26.962      -0.798     1.725    -1.077     1.566
0130320149_01   39.721836  -74.125495   -32.323       0.987     6.653    -0.155     6.724
0130320150_01   40.915771  -73.406010   -29.813      -1.355     0.335    -1.392     0.102
0130320152_01   40.771222  -74.044699   -28.277       2.605    -3.007     3.075    -2.525
0130320153_01   39.912061  -74.191174   -20.784       1.014    -2.437     1.413    -2.230
0130320155_01   40.839914  -73.898529    -9.132      -0.362    -0.980    -0.191    -1.027
0130320156_01   40.105804  -74.110038   -22.342      -1.910    -0.614    -1.777    -0.927
0130320157_01   39.763305  -74.513741    -9.916      -2.496     4.368    -3.199     3.882
0130320158_01   40.790529  -72.937891   -10.194       0.519     2.803     0.040     2.851
0130320159_01   40.201374  -74.437308    54.059      -2.788     1.200    -2.948     0.712
0130320160_01   40.933678  -73.090583     4.604      -2.656     1.219    -2.823     0.755
0130320161_01   40.809960  -72.776533   -20.008      -3.496    -0.440    -3.373    -1.023
0130320162_01   40.900078  -72.383912   -17.865       2.794     1.248     2.544     1.701
0130320163_01   40.845585  -74.050038   -30.000       0.494    -1.060     0.667    -0.962
0130320164_01   40.899689  -74.090223   -19.733      -4.452    -0.225    -4.349    -0.969
0130320165_01   40.692493  -74.296142    -3.000       2.453     4.120     1.724     4.473
0130320166_01   40.016077  -74.184675   -12.000      -1.022     1.075    -1.188     0.887
0130320167_01   40.916827  -72.727714   -19.271       1.082    -2.121     1.422    -1.909
0130320168_01   39.978490  -74.074451   -31.558       1.913     5.526     0.951     5.769
0130320170_01   40.424301  -73.991981   -33.000       1.289     0.541     1.179     0.750
0130320171_01   39.990431  -74.314646    -9.384       2.951    -0.762     3.038    -0.252
0130320172_01   40.899444  -73.359390   -31.400       0.091     0.377     0.027     0.387
0130320173_01   40.309954  -74.322725     2.801      -3.928     5.199    -4.748     4.462
0130320174_01   40.937192  -73.491733   -31.420       0.574     3.365     0.000     3.414
0130320175_01   40.872765  -72.883009    -0.176      -3.812    -0.539    -3.667    -1.173
0130320176_01   40.926202  -72.616592   -30.518       3.640    -3.274     4.139    -2.615
0130320177_01   40.664484  -74.187478   -22.741       3.551    -0.273     3.547     0.328
0130320178_01   40.705311  -73.925254   -25.051       1.598    -0.061     1.586     0.209
0130320180_01   40.917522  -72.450905   -33.449       4.954     1.507     4.630     2.320
0130320181_01   39.928303  -74.234517   -25.016       1.475    -2.189     1.825    -1.907
0130320182_01   39.694903  -74.449840     6.929      -1.695     0.060    -1.679    -0.227
0130320183_01   39.739425  -74.380511    -6.000      -0.206     4.301    -0.931     4.203
0130320185_01   39.701100  -74.135905   -31.000       1.350     5.705     0.364     5.851
0130320186_01   40.910012  -73.542577   -32.000       0.535    -0.971     0.691    -0.868
0130320187_01   41.078182  -74.142764    72.984      -0.309     2.207    -0.674     2.124
0130320188_01   40.865901  -74.198549    87.717      -1.156     1.700    -1.424     1.482
0130320189_01   40.955158  -73.401142   -31.490      -3.976     3.695    -4.541     2.974
0130320190_01   40.872204  -74.135814   -17.651       0.345     2.227    -0.034     2.253
0130320191_01   40.907967  -73.509495   -31.552       0.594    -6.690     1.711    -6.494
0130320193_01   40.650922  -73.485425   -31.895       2.848    -1.398     3.043    -0.898
0130320194_01   40.833785  -72.669359   -15.875      -1.777    -1.416    -1.515    -1.695
0130320195_01   39.780236  -74.379795     2.529      -2.229    -2.166    -1.828    -2.511
0130320196_01   40.812603  -74.016361   -29.000       2.693    -3.631     3.266    -3.126
0130320198_01   40.705603  -73.816936   -13.366       2.430    -1.843     2.706    -1.408
0130320199_01   40.977429  -72.471774   -30.925      -0.208     2.879    -0.690     2.803
0130320200_01   40.747370  -74.103318   -30.000       5.277     2.323     4.810     3.177
0130320201_01   40.052140  -74.283781    -5.601      -1.353    -0.938    -1.173    -1.153
0130320202_01   40.807405  -73.022012    -9.880      -1.485    -1.268    -1.251    -1.500
0130320203_01   41.122474  -73.547177    34.697      -1.197     3.209    -1.718     2.963
0130320204_01   40.769089  -74.152081    -0.606       2.725     3.072     2.169     3.485
0130320205_01   39.979539  -74.177731   -18.677      -1.715    -0.126    -1.667    -0.414
0130320206_01   41.060581  -73.657789    51.464      -4.161     4.107    -4.790     3.349
0130320207_01   40.793519  -73.936634   -29.778      -1.100    -2.998    -0.579    -3.140
0130320208_01   40.601214  -73.571644   -33.444       2.291     1.155     2.064     1.525
0130320209_01   40.839389  -74.156879     8.131       0.796     0.310     0.734     0.439
0130320210_01   39.810792  -74.434897     9.651      -0.060    -2.462     0.359    -2.436
0130320211_01   40.675652  -73.495869   -26.000      -0.034     3.002    -0.539     2.954
0130320212_01   40.849862  -72.702959   -12.009      -1.357    -3.383    -0.770    -3.564
0130320213_01   39.685678  -74.502041   -18.889       0.398    -0.412     0.463    -0.338
0130320214_01   41.144736  -74.152980   131.884      -4.205     0.091    -4.157    -0.615
0130320215_01   40.747555  -72.998914   -27.739       4.276    -2.255     4.595    -1.502
0130320217_01   40.885661  -72.344248   -28.139       2.651     6.954     1.444     7.303
0130320218_01   40.695822  -74.225091   -13.310       2.674     2.871     2.152     3.280
0130320219_01   40.947778  -72.936569    28.548      -3.585    -1.372    -3.303    -1.956
0130320220_01   40.475355  -74.321773   -29.128      -0.223    -1.667     0.062    -1.680
0130320222_01   40.725609  -74.194195    -5.529       0.388    -2.043     0.728    -1.948
0130320223_01   40.057509  -74.157801   -23.011      -1.038    -0.953    -0.861    -1.115
0130320224_01   40.637419  -74.074636   -28.778       1.109    -2.549     1.524    -2.325
0130320225_01   40.612418  -73.415371   -30.753       0.167    -3.904     0.822    -3.820
0130320226_01   40.717149  -73.426031   -15.000       2.725     0.240     2.646     0.696
0130320228_01   39.810248  -74.203935   -31.493      -0.111    -2.032     0.236    -2.021
0130320230_01   40.939272  -72.701288   -17.136      -4.244     1.614    -4.456     0.877
0130320231_01   39.933407  -74.271678    -2.177      -2.587    -0.483    -2.466    -0.913
0130320232_01   40.599152  -73.473831   -31.431      -2.403    -2.435    -1.958    -2.805
0130320234_01   40.727253  -73.694350    -4.845       0.895    -0.953     1.043    -0.788
0130320235_01   40.713223  -73.560018   -12.000      -0.010    -0.036    -0.004    -0.038
0130320238_01   40.852851  -73.983022    51.961      -1.161     1.042    -1.319     0.832
0130320239_01   40.908143  -73.234863   -32.000       1.258    -1.732     1.531    -1.496
0130320240_01   40.954851  -72.751360     2.228      -5.840     2.537    -6.185     1.518
0130320241_01   40.919174  -72.682748   -23.991       0.341    -2.818     0.809    -2.721
0130320242_01   40.813287  -72.956393    -3.018      -1.026     1.387    -1.245     1.194
0130320243_01   39.781308  -74.554253    -7.748       0.808     3.675     0.174     3.758
0130320244_01   39.688325  -74.241723   -30.000      -2.401     2.547    -2.797     2.103
0130320245_01   40.858243  -72.571340   -21.524       0.207     0.197     0.171     0.229
0130320246_01   39.842550  -74.147108   -33.000       0.795    -2.813     1.261    -2.638
0130320249_01   40.704794  -74.193381   -29.595       3.912    -0.246     3.898     0.416
0130320250_01   39.769614  -74.416319     0.927       0.108    -0.184     0.139    -0.163
0130320251_01   40.868023  -73.011309    -3.641      -2.279     0.772    -2.376     0.378
0130320252_01   39.992080  -74.538829    -3.391       2.296     0.008     2.263     0.396
0130320253_01   40.929059  -72.902591     2.891      -6.147    -0.968    -5.897    -1.989
0130320254_01   41.011227  -72.317448   -31.556       2.574    -0.530     2.626    -0.090
0130320256_01   40.877729  -73.984778   -28.275       0.555    -1.645     0.825    -1.528
0130320257_01   40.015122  -74.243039   -15.852       2.752    -0.288     2.762     0.182
