Tue. Sep.  6, 2016             LANDSAT 5                 Time: 22:18
                         Image Assessment System
                           GCP Residual Report
----------------------------------------------------------------------------
WOID: L19502383            Path/Row: 014 / 032

L0R Reference Image: L51GNC1007216150101_HDF.162510314
Acquisition Date: Aug 04, 2007

Band Number:  5

GLS date for each WRS-2 path/row used:
Path  Row   Date
014   032   09-23-1999


Point_ID         Latitude  Longitude    Height       Across    Along    Residual  Residual
                                                      Scan      Scan      In y      in x
                                                    Residual  Residual    dir       dir
                   (deg)     (deg)     (meters)     (meters)  (meters)  (meters)  (meters)

0140320001_01   39.805434  -75.427445   -32.455      -1.148    -0.117    -1.106    -0.328
0140320002_01   40.844760  -73.788842   -27.396      -1.671     1.486    -1.915     1.151
0140320003_01   40.948134  -74.065321   -15.668      -1.762     2.733    -2.235     2.359
0140320004_01   40.978516  -73.787468    47.304      -2.941    -1.460    -2.619    -1.978
0140320005_01   39.597576  -74.342643   -30.984      -1.435    -1.310    -1.166    -1.553
0140320008_01   40.462764  -74.295361    -1.381       3.145    -2.087     3.475    -1.468
0140320009_01   40.348343  -74.123108   -16.496      -2.418     1.156    -2.588     0.687
0140320010_01   40.600232  -75.454805    41.220       3.872    -2.077     4.186    -1.325
0140320011_01   40.627047  -74.167714   -25.800       3.591    -5.321     4.511    -4.562
0140320012_01   39.992673  -75.274339    41.869       0.742     0.866     0.567     0.988
0140320014_01   41.034599  -75.065550   265.632      -0.256    -0.396    -0.178    -0.436
0140320015_01   40.732542  -73.708102    -4.949       1.391     3.910     0.645     4.098
0140320016_01   39.989676  -74.158986   -27.474      -3.141     1.232    -3.313     0.627
0140320017_01   40.909079  -74.530737   203.203       0.152     0.142     0.123     0.167
0140320018_01   40.362150  -74.024706   -18.215      -4.036    -3.901    -3.242    -4.580
0140320019_01   41.002140  -74.203678   125.341      -0.602     0.753    -0.729     0.628
0140320020_01   40.098094  -74.091837   -27.866      -1.160     0.468    -1.226     0.245
0140320021_01   40.155362  -75.136205    49.267      -0.050    -1.454     0.220    -1.437
0140320022_01   40.260332  -74.001827   -22.602      -3.542    -1.478    -3.204    -2.108
0140320024_01   40.171667  -75.246519    38.178      -3.570     1.752    -3.830     1.060
0140320025_01   39.957452  -75.178311   -28.973      -0.170    -2.803     0.353    -2.784
0140320026_01   40.603280  -74.097800    16.189       1.060     0.414     0.965     0.603
0140320027_01   40.482680  -74.484165    -1.784       0.902    -2.665     1.379    -2.450
0140320028_01   40.569220  -74.938214   144.014      -2.247     0.861    -2.366     0.430
0140320029_01   40.851084  -75.265036   197.558       2.085     0.592     1.938     0.966
0140320030_01   39.894887  -74.752838   -18.246      -0.448     1.688    -0.753     1.575
0140320031_01   39.881033  -75.875588   125.109      -2.494    -0.968    -2.270    -1.413
0140320032_01   40.330097  -74.257896    13.724      -1.993     0.138    -1.983    -0.234
0140320033_01   40.003845  -75.232910    52.481       2.642     1.569     2.303     2.030
0140320034_01   40.535374  -74.198250    -6.496      -2.779    -1.527    -2.447    -2.014
0140320035_01   39.870199  -75.139147   -27.239       3.388    -0.710     3.459    -0.069
0140320036_01   40.001070  -75.091614   -24.348       2.111     2.971     1.523     3.309
0140320037_01   39.575384  -74.752579    -7.417      -0.512    -0.331    -0.441    -0.420
0140320038_01   40.890743  -73.900892     7.681       0.446    -1.860     0.782    -1.744
0140320039_01   40.269896  -74.815696    13.164       0.877    -2.241     1.277    -2.038
0140320040_01   40.796170  -74.619726   175.825      -3.941     1.902    -4.221     1.140
0140320041_01   40.998681  -75.557052   469.341      -2.412    -0.973    -2.188    -1.400
0140320043_01   40.361513  -75.731967    69.510      -1.745     3.599    -2.380     3.212
0140320044_01   39.857539  -75.095281   -28.243       2.679     1.796     2.298     2.261
0140320045_01   40.451689  -74.342177    -5.624       2.208    -1.093     2.371    -0.665
0140320046_01   40.685601  -74.318581    -1.702       0.085    -0.857     0.242    -0.826
0140320047_01   39.699187  -75.558709   -18.511       2.295    -1.523     2.536    -1.070
0140320048_01   40.336427  -75.155640    96.453       0.173     1.233    -0.059     1.243
0140320049_01   40.788161  -74.002499    -1.738       1.668    -3.350     2.257    -2.982
0140320050_01   40.675469  -75.347048    64.468       4.935    -3.316     5.459    -2.346
0140320051_01   40.597285  -74.376918    -7.258      -1.944     0.725    -2.043     0.352
0140320052_01   40.369305  -74.586092     0.020       2.037    -2.666     2.494    -2.241
0140320053_01   40.856112  -75.180698   173.073       0.303     1.143     0.086     1.178
0140320054_01   40.804332  -75.086663    81.998       5.144    -4.407     5.866    -3.378
0140320055_01   40.510479  -75.296268   109.912      -0.894     0.629    -0.995     0.452
0140320056_01   40.300870  -74.252215    29.689      -6.684     0.101    -6.582    -1.140
0140320057_01   40.030276  -75.260073    68.982      -0.714     0.273    -0.752     0.136
0140320058_01   40.484142  -74.509639     4.000       0.613    -0.695     0.730    -0.569
0140320059_01   40.902666  -75.128109   122.481       0.005     0.189    -0.031     0.187
0140320060_01   39.992566  -76.019682   103.143      -0.820     1.562    -1.096     1.381
0140320061_01   40.520817  -74.633328    -8.987      -2.449     1.483    -2.680     1.003
0140320062_01   40.610151  -74.463327    -6.471       1.018    -4.140     1.765    -3.878
0140320063_01   40.947799  -74.549354   220.724       0.165    -0.266     0.211    -0.231
0140320064_01   40.056895  -74.111730   -31.615       0.406     2.495    -0.063     2.526
0140320065_01   40.950594  -73.704930   -13.516      -1.281     2.201    -1.663     1.926
0140320066_01   40.403094  -75.212714   103.118      -2.774     0.319    -2.783    -0.199
0140320067_01   40.389696  -75.284427   135.939       0.582     1.401     0.312     1.483
0140320068_01   40.547533  -74.424500    -1.385       1.770     0.951     1.563     1.262
0140320069_01   40.818104  -73.935885   -28.955      -0.885    -2.508    -0.406    -2.627
0140320070_01   39.663913  -75.771067    -4.805       4.565    -1.605     4.781    -0.730
0140320071_01   39.781890  -75.708972    46.435       0.157    -1.764     0.482    -1.704
0140320072_01   40.881202  -74.675855   306.319      -1.695    -2.750    -1.157    -3.013
0140320073_01   40.653594  -75.423230    85.425       4.675    -1.446     4.858    -0.557
0140320074_01   40.253826  -75.004116    25.831      -1.471    -0.764    -1.303    -1.023
0140320075_01   40.865901  -74.198549    87.717       0.863    -0.064     0.860     0.096
0140320076_01   39.749436  -76.094175    63.500       0.566     1.599     0.258     1.675
0140320077_01   40.042458  -75.355071    79.994       0.791    -1.534     1.060    -1.360
0140320079_01   39.841734  -76.051108   105.121      -0.165     3.836    -0.875     3.736
0140320080_01   39.698992  -75.856837    71.774      -3.538     1.621    -3.776     0.935
0140320081_01   40.156785  -76.001704   144.577       0.531     5.182    -0.440     5.187
0140320082_01   39.981445  -74.784500   -17.666       0.441     1.316     0.190     1.374
0140320083_01   40.135578  -74.189587   -12.000      -1.178     2.209    -1.566     1.951
0140320084_01   39.960343  -75.699571   106.569      -3.105     3.372    -3.675     2.736
0140320085_01   40.578708  -74.252320   -21.684       2.925    -3.252     3.474    -2.653
0140320086_01   40.312531  -75.487469    80.078      -2.319     5.147    -3.231     4.625
0140320087_01   40.004607  -75.503549   109.849      -1.654    -0.541    -1.524    -0.838
0140320089_01   40.670550  -75.265739    79.887       3.771     0.923     3.532     1.603
0140320090_01   40.639498  -73.881963   -30.612       4.224    -5.904     5.241    -5.017
0140320091_01   40.381208  -75.480896    71.216       1.511    -1.749     1.808    -1.438
0140320092_01   41.113810  -75.555881   487.482      -2.176    -0.627    -2.020    -1.017
0140320093_01   40.322671  -75.132656    75.205       0.413    -0.473     0.494    -0.388
0140320095_01   40.717101  -73.805011     1.958       0.568     0.537     0.459     0.633
0140320096_01   40.254028  -75.279625    70.075       5.333     2.037     4.859     2.988
0140320097_01   40.773997  -74.158062   -24.319       2.024    -0.194     2.024     0.183
0140320098_01   40.309000  -75.232542    74.660      -2.526    -0.636    -2.363    -1.092
0140320099_01   40.474566  -74.717103   133.476      -3.449     1.593    -3.681     0.926
0140320100_01   40.063315  -74.345224    -3.424       2.409    -4.942     3.281    -4.406
0140320101_01   40.212760  -74.758033   -21.440       2.175    -1.455     2.406    -1.026
0140320102_01   40.428235  -74.518888     1.000       1.720    -0.198     1.726     0.124
0140320104_01   40.791652  -74.952587   127.661      -3.617     2.441    -4.003     1.730
0140320105_01   40.254409  -74.299644    18.888       0.471    -3.141     1.044    -2.997
0140320106_01   40.704794  -74.193381   -29.595       1.713    -0.266     1.732     0.056
0140320107_01   40.479406  -74.321379   -24.555      -0.206    -3.002     0.353    -2.986
0140320108_01   40.735811  -75.691287   173.733      -1.128     0.658    -1.230     0.437
0140320109_01   40.817986  -73.839486   -29.568      -5.653     2.628    -6.037     1.536
0140320110_01   40.900594  -74.572825   165.435       0.273     0.491     0.177     0.533
0140320111_01   39.952023  -75.592018    88.933       4.634    -1.196     4.772    -0.316
0140320112_01   40.528496  -75.214881   150.581      -2.384     2.290    -2.765     1.808
0140320113_01   40.725801  -73.733809    -6.983      -1.091     3.838    -1.780     3.568
0140320115_01   40.269180  -74.890854    37.984       0.154    -0.614     0.265    -0.575
0140320116_01   39.760487  -75.110907   -16.325       2.476     4.068     1.677     4.454
0140320117_01   40.327078  -74.134683    -9.000      -6.667    -0.086    -6.532    -1.321
0140320118_01   40.347979  -74.799234    29.081       0.493    -0.416     0.561    -0.317
0140320119_01   40.286497  -75.264935    68.530      -0.450     0.159    -0.472     0.073
0140320120_01   40.412426  -75.110909   123.086      -0.822     0.173    -0.839     0.018
0140320121_01   40.057739  -75.809959   162.289      -0.897     3.794    -1.585     3.559
0140320122_01   39.775908  -75.568087    48.602       2.972     0.206     2.880     0.753
0140320125_01   40.090599  -74.761985   -19.718       2.062     0.998     1.841     1.363
0140320127_01   40.842410  -73.934073    29.268       1.885    -4.244     2.636    -3.820
0140320128_01   41.019962  -74.551360   261.667      -0.943     1.507    -1.204     1.306
0140320129_01   39.928058  -74.123579   -31.000       2.815     1.161     2.550     1.663
0140320130_01   39.872511  -75.217380   -31.000       3.014     3.551     2.301     4.046
0140320132_01   39.577394  -74.225817   -31.025       1.416    -2.380     1.832    -2.074
0140320133_01   40.139070  -74.810416   -32.000       4.352     0.418     4.197     1.217
0140320134_01   40.384341  -75.082235   121.076      -3.252     2.994    -3.748     2.339
0140320135_01   40.858007  -74.604423   243.915       1.503     1.768     1.149     2.013
0140320136_01   41.142711  -75.030982   319.000       0.228    -0.764     0.365    -0.708
0140320137_01   40.194471  -76.049486   119.148      -0.232    -0.097    -0.211    -0.138
0140320138_01   40.676477  -74.284596    -0.594      -2.191    -1.996    -1.782    -2.366
0140320139_01   40.089761  -74.988621    -2.654       3.011     0.795     2.810     1.338
0140320141_01   39.930005  -75.056409   -28.000       1.337     0.444     1.231     0.684
0140320142_01   40.223492  -74.722734   -19.000       0.092    -1.206     0.313    -1.167
0140320143_01   40.328658  -75.939968    33.652       2.007    -1.326     2.216    -0.932
0140320145_01   40.639411  -74.236033   -26.267       0.893    -1.248     1.108    -1.061
0140320146_01   40.353276  -75.937130    61.609       3.994    -2.114     4.313    -1.338
0140320147_01   39.849263  -75.697741    77.010       2.768    -0.877     2.881    -0.348
0140320148_01   40.989163  -73.964881   -13.162      -0.043    -0.700     0.088    -0.696
0140320149_01   40.035091  -75.801955   141.802      -3.717     0.001    -3.650    -0.687
0140320150_01   40.151009  -74.155238   -19.789      -0.897     1.312    -1.124     1.122
0140320152_01   39.752212  -75.225056    -5.000      -3.589     1.084    -3.726     0.399
0140320153_01   39.946933  -75.983185   107.179      -0.999    -2.434    -0.530    -2.575
0140320154_01   40.061203  -74.145443   -28.296      -0.112     2.536    -0.580     2.470
0140320155_01   40.679373  -74.016902   -31.000       4.258     0.693     4.055     1.469
0140320156_01   40.545954  -74.556664   -14.713      -0.333    -2.232     0.086    -2.254
0140320158_01   40.054038  -74.897177   -24.000      -0.656    -0.163    -0.614    -0.282
0140320159_01   40.130289  -74.562193     8.223      -6.252     2.208    -6.549     1.009
0140320160_01   40.863265  -73.999593   -30.000       1.778     1.931     1.391     2.225
0140320161_01   40.751314  -74.373350    23.838       0.423     3.331    -0.200     3.350
0140320162_01   40.038203  -75.217202    58.313      -0.205     0.768    -0.344     0.716
0140320163_01   40.245369  -75.378350    34.762      -3.714     0.366    -3.715    -0.328
0140320164_01   40.756094  -73.687744     6.704       0.733     2.176     0.319     2.273
0140320165_01   39.752684  -76.149555    83.637      -2.557    -7.019    -1.208    -7.367
0140320166_01   40.180768  -75.454458    11.792      -0.312    -0.274    -0.256    -0.327
0140320167_01   40.047982  -74.685815   -13.844      -5.312     1.798    -5.550     0.780
0140320168_01   40.725186  -75.556897   100.790       6.933    -1.050     7.003     0.249
0140320169_01   40.482150  -74.627521    -6.990       1.099    -1.780     1.409    -1.544
0140320170_01   40.510584  -74.969075   128.033       1.576     1.347     1.299     1.614
0140320171_01   40.738841  -73.956691   -29.439       1.885     0.762     1.711     1.097
0140320172_01   41.040536  -74.560500   350.538       1.651     4.364     0.816     4.589
0140320173_01   40.275648  -75.127271    32.041       0.041    -1.692     0.353    -1.654
0140320174_01   40.536326  -74.667604    -2.483       6.894     3.549     6.115     4.762
0140320175_01   40.136247  -74.966428    18.302       0.769    -1.584     1.049    -1.414
0140320176_01   39.781216  -75.811963    87.145       1.252     1.327     0.982     1.535
0140320178_01   40.324814  -76.011246    78.057      -0.593    -3.454     0.057    -3.502
0140320179_01   40.809197  -75.617710   157.267      -0.738     0.589    -0.834     0.442
0140320180_01   39.911319  -76.037781   182.398      -4.939    -2.473    -4.391    -3.343
0140320181_01   40.684581  -75.447922    84.718       2.604     0.593     2.447     1.063
0140320182_01   40.615281  -73.760014   -30.019       1.131     2.388     0.670     2.555
0140320183_01   39.935350  -75.131554   -31.000       0.258    -6.444     1.448    -6.281
0140320184_01   40.303536  -74.639447    -4.498      -4.846    -1.176    -4.541    -2.052
0140320185_01   40.051410  -74.655903     3.968      -1.810     2.819    -2.300     2.433
0140320186_01   40.409024  -74.513721    -3.080      -0.839    -0.179    -0.791    -0.331
0140320187_01   40.780757  -74.370584    21.494      -1.160    -0.624    -1.023    -0.827
0140320188_01   40.470472  -75.389520   144.556      -0.585     3.768    -1.272     3.592
0140320189_01   39.950619  -74.778275   -19.052      -2.080     1.570    -2.333     1.156
0140320190_01   41.070605  -75.782626   392.013      -2.317     6.346    -3.447     5.803
0140320191_01   40.620949  -75.478000    48.317       2.254    -2.294     2.637    -1.837
0140320193_01   40.086216  -74.913316   -28.990       4.152    -2.621     4.564    -1.804
0140320194_01   40.077526  -75.130068    25.598      -0.418    -1.924    -0.054    -1.966
0140320195_01   40.067056  -74.978071   -21.573       0.519    -0.504     0.603    -0.399
0140320196_01   40.804703  -75.648610   192.210      -4.139    -2.367    -3.627    -3.088
0140320197_01   39.942830  -74.184843   -32.886      -1.748     1.140    -1.927     0.795
0140320198_01   40.472393  -74.857966    14.866      -1.385    -0.972    -1.180    -1.211
0140320199_01   40.504123  -75.494873   146.230      -3.969    -1.494    -3.622    -2.200
0140320200_01   40.637419  -74.074636   -28.778      -0.512    -2.442    -0.052    -2.493
0140320201_01   40.297003  -74.374743    -3.412       2.301     2.959     1.712     3.332
0140320202_01   39.968397  -75.560543    98.338      -0.548    -1.605    -0.241    -1.678
0140320203_01   40.148954  -75.013971    35.787       0.727    -2.407     1.160    -2.229
0140320205_01   40.149740  -74.333476     0.859       0.863     1.355     0.597     1.491
0140320206_01   39.565970  -74.775314   -17.062       2.011    -1.134     2.186    -0.740
0140320207_01   40.200172  -75.468687    49.100       1.114    -0.071     1.107     0.136
0140320208_01   40.909406  -74.123574   -10.782       1.333    -0.179     1.343     0.071
0140320209_01   40.522565  -74.520339    -8.094      -0.620    -2.025    -0.234    -2.104
0140320210_01   40.209449  -75.569575     8.166       3.816     4.218     2.966     4.848
0140320211_01   39.936623  -74.811678   -24.896      -1.071     4.513    -1.889     4.233
0140320212_01   39.798738  -74.181290   -31.000      -4.084     1.750    -4.335     0.959
0140320213_01   40.594835  -74.280858   -25.276       1.298     1.008     1.088     1.231
0140320214_01   39.538679  -74.258016   -31.000       1.497    -5.775     2.542    -5.393
0140320215_01   40.043780  -75.086747    -2.464       5.723    -1.482     5.896    -0.395
0140320216_01   40.217498  -75.296750    75.995       2.275    -1.598     2.530    -1.148
0140320217_01   40.197160  -75.202200    54.415      -0.015     1.527    -0.298     1.497
0140320218_01   40.093001  -75.033668    13.399       1.401    -0.164     1.406     0.099
0140320219_01   39.796021  -75.740303    91.852       2.112    -1.294     2.313    -0.880
0140320220_01   39.770279  -75.499035    28.196      -1.640     2.641    -2.101     2.289
0140320221_01   39.679485  -75.932856    70.882      -4.955    -1.017    -4.678    -1.917
0140320222_01   41.025517  -74.264774    82.617      -3.939    -0.238    -3.825    -0.961
0140320223_01   40.286308  -75.488693    60.200       1.556     3.717     0.839     3.938
0140320224_01   40.350552  -75.265186   100.892      -2.439     0.730    -2.530     0.265
0140320225_01   39.975758  -74.582504    -7.995       2.279     0.695     2.110     1.105
0140320226_01   40.196717  -74.864888    24.075       1.182    -2.497     1.623    -2.234
0140320227_01   39.831415  -75.548209    80.896       4.136    -3.984     4.801    -3.146
0140320228_01   40.094673  -74.661316    -8.178      -4.325     3.800    -4.952     2.930
0140320229_01   40.738885  -74.160992   -25.810       3.857     1.295     3.550     1.985
0140320230_01   40.391268  -75.769757    82.405       1.305    -2.118     1.673    -1.840
0140320231_01   39.746889  -74.531364   -16.000       1.060     1.330     0.794     1.503
0140320232_01   40.782947  -74.125950    -4.197       1.384     1.411     1.099     1.642
0140320233_01   40.714229  -74.229495    16.515       2.248     0.086     2.193     0.500
0140320234_01   39.645427  -74.507924   -28.248      -1.023     0.918    -1.175     0.711
0140320235_01   40.406302  -75.700632   117.102      -3.869    -0.657    -3.678    -1.360
0140320237_01   40.336631  -74.594416    -9.970       0.432    -2.421     0.873    -2.298
0140320238_01   39.605302  -74.863598   -10.390       0.140     2.668    -0.357     2.646
0140320239_01   39.997234  -75.947357   189.926      -0.270    -0.165    -0.235    -0.212
0140320240_01   40.338783  -74.183275    -7.460      -2.550     3.036    -3.065     2.509
0140320241_01   39.790937  -75.921746   117.178      -3.635     0.404    -3.645    -0.277
0140320242_01   40.088858  -75.764932   125.467      -1.571     1.502    -1.822     1.184
0140320243_01   39.730341  -74.260167   -16.282      -1.879    -1.126    -1.636    -1.454
0140320244_01   40.357070  -74.976918     8.311      -1.689    -2.123    -1.266    -2.397
0140320245_01   40.306679  -75.391401    69.328      -0.906     2.416    -1.337     2.205
0140320246_01   39.646675  -75.375066   -19.949       3.171     0.271     3.064     0.855
0140320248_01   40.649103  -75.769519   147.981      -6.615    -6.155    -5.358    -7.266
