==============================================================================
==============================================================================
Tue. Sep. 13 2016                  LANDSAT 5                       Time: 15:26
                            Image Assessment System
                            GEOMETRIC VERIFY Report
==============================================================================
Order ID: 0501609120809_05494                          Path / Row - 13 / 32
Reference Image: L51GNC1004185150100_HDF.L1G

Color mapping per rank
----------------------
Rank  1 is Green: total residual <= 0.5
Rank  2 is Cyan: 0.5 < total residual <=  1
Rank  3 is Blue:  1 < total residual <=  2
Rank  4 is Yellow:  2 < total residual <=  3
Rank  5 is Red:  3 < total residual

Percentage of residuals by rank
-------------------------------
Rank   1 -- 100.0%
Rank   2 --  0.0%
Rank   3 --  0.0%
Rank   4 --  0.0%
Rank   5 --  0.0%

       GCP    Latitude    Longitude  Sample   Line     Total    Rank
        ID                           Residual Residual Residual
              (Degree)    (Degree)   (Pixel)  (Pixel)  (Pixel)
----------------------------------------------------------------------
0130320015   41.26299    -74.13784    -0.03      0.22     0.22     1 
0130320090   41.23759    -74.13818    -0.06      0.11     0.13     1 
0130320091   41.23730    -74.10059    -0.11      0.08     0.14     1 
0130320092   41.23700    -74.06301     0.19      0.21     0.29     1 
0130320094   41.23636    -73.98784    -0.02      0.04     0.04     1 
0130320164   41.21246    -74.17608     0.31      0.09     0.33     1 
0130320165   41.21219    -74.13851     0.07     -0.08     0.10     1 
0130320166   41.21190    -74.10094     0.04     -0.09     0.09     1 
0130320167   41.21160    -74.06337    -0.01      0.18     0.18     1 
0130320168   41.21129    -74.02580     0.07      0.10     0.12     1 
0130320169   41.21097    -73.98823     0.10      0.15     0.18     1 
0130320170   41.21063    -73.95066     0.26      0.02     0.26     1 
0130320172   41.20992    -73.87553     0.26     -0.02     0.26     1 
0130320173   41.20955    -73.83796     0.04     -0.05     0.06     1 
0130320174   41.20916    -73.80039     0.18     -0.04     0.19     1 
0130320175   41.20876    -73.76283     0.28     -0.06     0.29     1 
0130320239   41.18706    -74.17640     0.06      0.03     0.07     1 
0130320240   41.18679    -74.13885     0.11      0.01     0.11     1 
0130320241   41.18650    -74.10129    -0.22      0.31     0.38     1 
0130320242   41.18620    -74.06373     0.30      0.16     0.34     1 
0130320243   41.18589    -74.02618     0.31     -0.00     0.31     1 
0130320244   41.18557    -73.98862    -0.00      0.03     0.03     1 
0130320247   41.18452    -73.87596    -0.13      0.11     0.17     1 
0130320248   41.18415    -73.83841     0.14      0.06     0.15     1 
0130320249   41.18376    -73.80086     0.25     -0.03     0.25     1 
0130320250   41.18337    -73.76331     0.14      0.01     0.14     1 
0130320251   41.18296    -73.72576     0.11      0.01     0.11     1 
0130320252   41.18254    -73.68821     0.02      0.06     0.06     1 
0130320254   41.18166    -73.61311     0.05     -0.01     0.05     1 
0130320255   41.18120    -73.57557    -0.05      0.04     0.06     1 
0130320314   41.16166    -74.17672     0.13      0.13     0.19     1 
0130320315   41.16139    -74.13918     0.05      0.09     0.10     1 
0130320316   41.16110    -74.10164     0.09      0.07     0.11     1 
0130320317   41.16080    -74.06409     0.38      0.09     0.39     1 
0130320319   41.16017    -73.98901     0.12      0.07     0.14     1 
0130320320   41.15983    -73.95147    -0.02     -0.02     0.03     1 
0130320323   41.15875    -73.83886     0.13     -0.04     0.13     1 
0130320325   41.15797    -73.76378     0.18      0.12     0.21     1 
0130320327   41.15714    -73.68872     0.19      0.05     0.20     1 
0130320328   41.15671    -73.65118     0.12      0.03     0.12     1 
0130320329   41.15626    -73.61365    -0.09     -0.06     0.11     1 
0130320330   41.15580    -73.57612    -0.07      0.00     0.07     1 
0130320333   41.15436    -73.46353     0.23     -0.00     0.23     1 
0130320334   41.15385    -73.42600    -0.25      0.07     0.26     1 
0130320335   41.15333    -73.38847     0.16     -0.02     0.16     1 
0130320389   41.13626    -74.17704     0.25      0.17     0.30     1 
0130320390   41.13599    -74.13951     0.34      0.03     0.34     1 
0130320392   41.13540    -74.06445     0.21      0.09     0.23     1 
0130320394   41.13477    -73.98940     0.22      0.03     0.22     1 
0130320395   41.13443    -73.95188     0.07     -0.01     0.07     1 
0130320396   41.13409    -73.91435     0.28     -0.09     0.29     1 
0130320398   41.13336    -73.83931     0.39      0.09     0.40     1 
0130320399   41.13297    -73.80178     0.13     -0.01     0.13     1 
0130320400   41.13257    -73.76426     0.26      0.11     0.28     1 
0130320401   41.13217    -73.72674     0.18     -0.01     0.18     1 
0130320402   41.13174    -73.68922     0.25     -0.00     0.25     1 
0130320403   41.13131    -73.65170     0.02     -0.06     0.07     1 
0130320404   41.13087    -73.61418    -0.06     -0.02     0.06     1 
0130320405   41.13041    -73.57667    -0.04      0.05     0.06     1 
0130320406   41.12994    -73.53915    -0.13      0.01     0.13     1 
0130320408   41.12896    -73.46412     0.17      0.13     0.21     1 
0130320410   41.12794    -73.38909     0.09      0.07     0.11     1 
0130320413   41.12631    -73.27656    -0.34      0.18     0.39     1 
0130320464   41.11086    -74.17736     0.19      0.14     0.24     1 
0130320465   41.11059    -74.13984     0.11      0.13     0.17     1 
0130320466   41.11030    -74.10233     0.25      0.10     0.27     1 
0130320467   41.11000    -74.06482     0.15      0.01     0.15     1 
0130320468   41.10969    -74.02730     0.07      0.00     0.07     1 
0130320469   41.10937    -73.98979     0.13      0.10     0.17     1 
0130320470   41.10903    -73.95228    -0.20     -0.03     0.20     1 
0130320475   41.10718    -73.76474     0.26      0.07     0.27     1 
0130320476   41.10677    -73.72723     0.03     -0.05     0.06     1 
0130320477   41.10635    -73.68973     0.02      0.02     0.03     1 
0130320479   41.10547    -73.61472     0.20     -0.04     0.20     1 
0130320480   41.10501    -73.57721     0.03      0.04     0.05     1 
0130320485   41.10254    -73.38971    -0.13     -0.14     0.19     1 
0130320538   41.08572    -74.21517     0.11      0.06     0.12     1 
0130320539   41.08546    -74.17767    -0.00      0.11     0.11     1 
0130320542   41.08460    -74.06518     0.36      0.08     0.37     1 
0130320543   41.08429    -74.02768     0.29      0.04     0.29     1 
0130320544   41.08397    -73.99018     0.15     -0.01     0.15     1 
0130320545   41.08364    -73.95269     0.00      0.13     0.13     1 
0130320547   41.08293    -73.87770    -0.08     -0.05     0.09     1 
0130320548   41.08256    -73.84020     0.04      0.00     0.04     1 
0130320549   41.08218    -73.80271     0.10     -0.03     0.10     1 
0130320550   41.08178    -73.76521    -0.05     -0.04     0.06     1 
0130320551   41.08137    -73.72772    -0.21      0.01     0.21     1 
0130320552   41.08095    -73.69023     0.31      0.03     0.31     1 
0130320555   41.07962    -73.57776     0.07      0.05     0.08     1 
0130320559   41.07767    -73.42782     0.05     -0.11     0.12     1 
0130320560   41.07715    -73.39033    -0.35     -0.17     0.39     1 
0130320613   41.06032    -74.21547     0.10      0.07     0.13     1 
0130320615   41.05979    -74.14050     0.15      0.05     0.16     1 
0130320617   41.05920    -74.06554     0.20      0.02     0.20     1 
0130320618   41.05889    -74.02805     0.15      0.03     0.15     1 
0130320619   41.05857    -73.99057     0.13      0.06     0.14     1 
0130320620   41.05824    -73.95309     0.06      0.04     0.08     1 
0130320622   41.05753    -73.87813     0.34      0.08     0.35     1 
0130320624   41.05678    -73.80317     0.32      0.05     0.32     1 
0130320625   41.05638    -73.76569    -0.10      0.02     0.10     1 
0130320626   41.05598    -73.72821     0.29      0.01     0.29     1 
0130320627   41.05556    -73.69074     0.12      0.05     0.13     1 
0130320629   41.05468    -73.61578     0.35     -0.02     0.35     1 
0130320630   41.05422    -73.57831     0.02     -0.06     0.06     1 
0130320633   41.05278    -73.46589    -0.30     -0.10     0.32     1 
0130320634   41.05228    -73.42842    -0.28      0.01     0.28     1 
0130320688   41.03492    -74.21577     0.08      0.14     0.16     1 
0130320690   41.03439    -74.14083     0.35      0.06     0.35     1 
0130320691   41.03410    -74.10336     0.33      0.08     0.34     1 
0130320692   41.03381    -74.06589     0.29      0.13     0.31     1 
0130320693   41.03350    -74.02843     0.11     -0.02     0.11     1 
0130320694   41.03317    -73.99096    -0.01      0.02     0.02     1 
0130320696   41.03249    -73.91602     0.30     -0.10     0.31     1 
0130320698   41.03176    -73.84109     0.09     -0.12     0.15     1 
0130320699   41.03138    -73.80363     0.33      0.10     0.35     1 
0130320700   41.03099    -73.76616     0.05     -0.02     0.05     1 
0130320701   41.03058    -73.72870     0.12      0.00     0.12     1 
0130320702   41.03016    -73.69124     0.14      0.05     0.15     1 
0130320704   41.02928    -73.61632     0.08     -0.05     0.09     1 
0130320706   41.02836    -73.54140    -0.34      0.04     0.34     1 
0130320732   41.01192    -72.56784    -0.08     -0.02     0.09     1 
0130320734   41.01032    -72.49299     0.17      0.01     0.17     1 
0130320735   41.00950    -72.45557    -0.28     -0.06     0.29     1 
0130320738   41.00696    -72.34330     0.00      0.01     0.01     1 
0130320765   41.00899    -74.14116     0.24      0.05     0.24     1 
0130320766   41.00870    -74.10371     0.12      0.11     0.16     1 
0130320767   41.00841    -74.06625     0.31      0.11     0.33     1 
0130320768   41.00810    -74.02880     0.13      0.13     0.18     1 
0130320769   41.00777    -73.99135     0.05     -0.02     0.05     1 
0130320770   41.00744    -73.95389     0.07      0.06     0.09     1 
0130320771   41.00709    -73.91644     0.39      0.04     0.40     1 
0130320772   41.00674    -73.87899     0.22      0.03     0.22     1 
0130320773   41.00637    -73.84154     0.37     -0.05     0.37     1 
0130320775   41.00559    -73.76664     0.21      0.02     0.21     1 
0130320776   41.00518    -73.72919     0.34      0.06     0.34     1 
0130320777   41.00476    -73.69174    -0.00     -0.02     0.02     1 
0130320805   40.98810    -72.64360     0.28      0.03     0.28     1 
0130320808   40.98575    -72.53136    -0.14     -0.01     0.14     1 
0130320809   40.98494    -72.49395    -0.22     -0.11     0.25     1 
0130320810   40.98412    -72.45654     0.05     -0.07     0.09     1 
0130320812   40.98244    -72.38173    -0.07     -0.09     0.12     1 
0130320813   40.98159    -72.34432     0.22      0.11     0.25     1 
0130320814   40.98072    -72.30692     0.03     -0.04     0.05     1 
0130320815   40.97984    -72.26952     0.12      0.06     0.14     1 
0130320816   40.97895    -72.23212     0.10     -0.07     0.12     1 
0130320817   40.97804    -72.19472     0.17      0.08     0.19     1 
0130320838   40.98412    -74.21638     0.04      0.17     0.17     1 
0130320839   40.98386    -74.17893     0.22      0.10     0.24     1 
0130320840   40.98359    -74.14149     0.26      0.04     0.27     1 
0130320841   40.98330    -74.10405     0.08     -0.06     0.10     1 
0130320842   40.98301    -74.06661     0.19      0.01     0.19     1 
0130320843   40.98270    -74.02917     0.12      0.01     0.12     1 
0130320844   40.98237    -73.99173    -0.16      0.02     0.16     1 
0130320845   40.98204    -73.95429     0.09      0.04     0.10     1 
0130320846   40.98170    -73.91686     0.28     -0.13     0.31     1 
0130320847   40.98134    -73.87942     0.28      0.07     0.29     1 
0130320848   40.98097    -73.84198     0.19     -0.03     0.19     1 
0130320849   40.98059    -73.80455     0.25      0.01     0.25     1 
0130320850   40.98019    -73.76711     0.24      0.08     0.26     1 
0130320852   40.97937    -73.69224     0.24     -0.01     0.24     1 
0130320853   40.97893    -73.65481     0.01     -0.30     0.30     1 
0130320854   40.97849    -73.61738    -0.20     -0.15     0.25     1 
0130320867   40.97163    -73.13085     0.18     -0.03     0.19     1 
0130320868   40.97102    -73.09343    -0.12     -0.01     0.12     1 
0130320870   40.96975    -73.01860     0.11      0.06     0.13     1 
0130320875   40.96639    -72.83154     0.41     -0.02     0.41     1 
0130320878   40.96422    -72.71931     0.10     -0.05     0.11     1 
0130320880   40.96272    -72.64451    -0.08     -0.03     0.08     1 
0130320881   40.96194    -72.60711     0.21     -0.08     0.22     1 
0130320882   40.96116    -72.56971     0.00     -0.01     0.01     1 
0130320887   40.95707    -72.38273     0.03     -0.00     0.03     1 
0130320888   40.95621    -72.34534     0.07      0.00     0.07     1 
0130320889   40.95534    -72.30795     0.07      0.04     0.08     1 
0130320890   40.95446    -72.27057     0.11      0.03     0.11     1 
0130320891   40.95357    -72.23318     0.02      0.02     0.03     1 
0130320892   40.95267    -72.19580    -0.13     -0.05     0.14     1 
0130320912   40.95897    -74.25411     0.08      0.07     0.11     1 
0130320914   40.95846    -74.17925    -0.00      0.25     0.25     1 
0130320916   40.95790    -74.10440     0.17      0.20     0.27     1 
0130320917   40.95761    -74.06697     0.00      0.09     0.09     1 
0130320918   40.95730    -74.02954     0.05      0.05     0.07     1 
0130320919   40.95698    -73.99212     0.19      0.10     0.22     1 
0130320920   40.95664    -73.95470     0.34      0.12     0.36     1 
0130320922   40.95594    -73.87985     0.21     -0.09     0.23     1 
0130320924   40.95519    -73.80500     0.05      0.00     0.05     1 
0130320925   40.95479    -73.76758     0.12      0.06     0.13     1 
0130320926   40.95439    -73.73016     0.00     -0.08     0.08     1 
0130320927   40.95397    -73.69275    -0.18     -0.16     0.24     1 
0130320935   40.95019    -73.39342     0.36      0.08     0.36     1 
0130320942   40.94624    -73.13156     0.13      0.05     0.14     1 
0130320943   40.94563    -73.09416    -0.03      0.02     0.04     1 
0130320944   40.94500    -73.05676     0.11      0.12     0.17     1 
0130320945   40.94437    -73.01936     0.23     -0.01     0.23     1 
0130320946   40.94372    -72.98195     0.13      0.06     0.14     1 
0130320947   40.94306    -72.94456     0.10      0.03     0.10     1 
0130320948   40.94238    -72.90716     0.22      0.02     0.22     1 
0130320949   40.94170    -72.86976     0.15     -0.07     0.17     1 
0130320950   40.94100    -72.83237     0.24      0.02     0.24     1 
0130320951   40.94029    -72.79497     0.15     -0.02     0.15     1 
0130320952   40.93957    -72.75758     0.03      0.04     0.05     1 
0130320953   40.93884    -72.72019     0.17     -0.04     0.17     1 
0130320954   40.93809    -72.68280     0.02     -0.05     0.06     1 
0130320955   40.93733    -72.64541     0.10      0.01     0.10     1 
0130320956   40.93656    -72.60802    -0.10      0.04     0.11     1 
0130320957   40.93578    -72.57064    -0.21     -0.02     0.21     1 
0130320961   40.93253    -72.42111     0.05     -0.01     0.05     1 
0130320962   40.93169    -72.38373     0.18      0.14     0.23     1 
0130320963   40.93083    -72.34636     0.05      0.09     0.10     1 
0130320964   40.92997    -72.30898    -0.04      0.05     0.07     1 
0130320966   40.92820    -72.23424    -0.07      0.09     0.11     1 
0130320987   40.93357    -74.25439     0.19      0.04     0.19     1 
0130320988   40.93332    -74.21698     0.16      0.07     0.17     1 
0130320989   40.93306    -74.17956     0.01      0.09     0.09     1 
0130320990   40.93279    -74.14215    -0.13      0.04     0.14     1 
0130320991   40.93250    -74.10474     0.19      0.07     0.20     1 
0130320992   40.93221    -74.06733     0.09      0.05     0.10     1 
0130320993   40.93190    -74.02992     0.08      0.07     0.10     1 
0130320995   40.93124    -73.95510     0.11      0.04     0.12     1 
0130320997   40.93054    -73.88028     0.06      0.03     0.07     1 
0130321000   40.92940    -73.76806     0.02      0.02     0.03     1 
0130321001   40.92899    -73.73065    -0.18     -0.20     0.27     1 
0130321009   40.92531    -73.43143    -0.19     -0.32     0.37     1 
0130321011   40.92427    -73.35664     0.11      0.27     0.29     1 
0130321012   40.92373    -73.31924     0.34      0.02     0.34     1 
0130321016   40.92145    -73.16967     0.03      0.01     0.03     1 
0130321017   40.92085    -73.13228     0.01     -0.10     0.10     1 
0130321018   40.92024    -73.09489     0.30      0.03     0.30     1 
0130321019   40.91961    -73.05750     0.11      0.02     0.11     1 
0130321020   40.91898    -73.02011     0.34     -0.06     0.34     1 
0130321021   40.91833    -72.98273    -0.03     -0.26     0.26     1 
0130321022   40.91767    -72.94534     0.12      0.02     0.13     1 
0130321023   40.91700    -72.90796     0.17      0.00     0.17     1 
0130321024   40.91631    -72.87058     0.15      0.00     0.15     1 
0130321025   40.91562    -72.83320     0.05      0.10     0.11     1 
0130321026   40.91491    -72.79582     0.02      0.00     0.02     1 
0130321027   40.91419    -72.75844     0.14      0.00     0.14     1 
0130321028   40.91345    -72.72106    -0.08      0.00     0.08     1 
0130321029   40.91271    -72.68369    -0.02      0.02     0.02     1 
0130321030   40.91195    -72.64631    -0.08     -0.08     0.11     1 
0130321031   40.91118    -72.60894     0.02     -0.08     0.08     1 
0130321032   40.91040    -72.57157    -0.03      0.02     0.03     1 
0130321033   40.90961    -72.53420    -0.11     -0.21     0.23     1 
0130321035   40.90798    -72.45946    -0.04      0.04     0.06     1 
0130321036   40.90715    -72.42210     0.22      0.01     0.22     1 
0130321037   40.90631    -72.38474    -0.04      0.08     0.09     1 
0130321038   40.90546    -72.34737    -0.14     -0.01     0.14     1 
0130321039   40.90459    -72.31001     0.01      0.02     0.02     1 
0130321062   40.90817    -74.25468     0.12      0.08     0.14     1 
0130321063   40.90792    -74.21728     0.08      0.07     0.11     1 
0130321064   40.90766    -74.17988    -0.00      0.10     0.10     1 
0130321065   40.90739    -74.14248    -0.02     -0.01     0.02     1 
0130321066   40.90710    -74.10508     0.01      0.05     0.05     1 
0130321067   40.90680    -74.06768    -0.01      0.01     0.01     1 
0130321068   40.90650    -74.03029    -0.10     -0.08     0.13     1 
0130321069   40.90618    -73.99289     0.19      0.07     0.20     1 
0130321070   40.90584    -73.95550     0.23     -0.01     0.23     1 
0130321072   40.90514    -73.88071     0.14      0.04     0.15     1 
0130321075   40.90400    -73.76853    -0.21     -0.18     0.28     1 
0130321079   40.90230    -73.61897     0.36      0.07     0.37     1 
0130321080   40.90185    -73.58158     0.14     -0.11     0.18     1 
0130321081   40.90138    -73.54419    -0.05     -0.25     0.25     1 
0130321084   40.89991    -73.43203    -0.01     -0.15     0.15     1 
0130321086   40.89887    -73.35727    -0.03     -0.08     0.09     1 
0130321087   40.89833    -73.31989     0.31      0.06     0.31     1 
0130321088   40.89778    -73.28251     0.23     -0.01     0.23     1 
0130321089   40.89722    -73.24513     0.23      0.05     0.23     1 
0130321090   40.89665    -73.20775     0.03      0.06     0.07     1 
0130321091   40.89606    -73.17037     0.17      0.09     0.19     1 
0130321092   40.89546    -73.13299     0.22     -0.01     0.22     1 
0130321093   40.89485    -73.09562     0.12     -0.01     0.12     1 
0130321094   40.89422    -73.05824     0.14      0.02     0.14     1 
0130321095   40.89359    -73.02087     0.31     -0.08     0.32     1 
0130321096   40.89294    -72.98350     0.29     -0.01     0.29     1 
0130321097   40.89228    -72.94613     0.20      0.00     0.20     1 
0130321098   40.89161    -72.90876     0.13     -0.03     0.14     1 
0130321099   40.89093    -72.87139     0.08     -0.00     0.08     1 
0130321100   40.89023    -72.83402     0.03      0.10     0.11     1 
0130321101   40.88952    -72.79666     0.14     -0.02     0.15     1 
0130321102   40.88880    -72.75930     0.24     -0.00     0.24     1 
0130321103   40.88807    -72.72193     0.15      0.09     0.17     1 
0130321104   40.88732    -72.68457     0.07      0.05     0.09     1 
0130321105   40.88657    -72.64721     0.11      0.05     0.12     1 
0130321106   40.88580    -72.60985     0.05      0.09     0.11     1 
0130321107   40.88502    -72.57250    -0.04      0.01     0.05     1 
0130321108   40.88423    -72.53514     0.09      0.05     0.11     1 
0130321109   40.88342    -72.49779    -0.08     -0.06     0.10     1 
0130321110   40.88260    -72.46044    -0.27      0.02     0.27     1 
0130321111   40.88178    -72.42308     0.07      0.03     0.08     1 
0130321112   40.88094    -72.38573    -0.07     -0.00     0.07     1 
0130321137   40.88276    -74.25496    -0.06      0.06     0.09     1 
0130321138   40.88252    -74.21758    -0.13      0.11     0.17     1 
0130321139   40.88226    -74.18019     0.01      0.03     0.03     1 
0130321140   40.88199    -74.14281    -0.06      0.08     0.10     1 
0130321141   40.88170    -74.10542     0.01      0.04     0.04     1 
0130321142   40.88141    -74.06804    -0.04      0.04     0.05     1 
0130321143   40.88110    -74.03066    -0.05      0.01     0.05     1 
0130321144   40.88078    -73.99328    -0.03      0.02     0.03     1 
0130321145   40.88044    -73.95589     0.15     -0.07     0.16     1 
0130321146   40.88010    -73.91851    -0.15      0.00     0.15     1 
0130321149   40.87899    -73.80638     0.17     -0.04     0.17     1 
0130321150   40.87860    -73.76900    -0.38     -0.07     0.39     1 
0130321154   40.87691    -73.61949     0.21      0.01     0.21     1 
0130321155   40.87645    -73.58212     0.18      0.05     0.19     1 
0130321156   40.87599    -73.54475     0.31     -0.03     0.31     1 
0130321157   40.87551    -73.50737     0.07      0.37     0.38     1 
0130321158   40.87502    -73.47000     0.01      0.38     0.38     1 
0130321159   40.87452    -73.43263     0.11      0.01     0.11     1 
0130321160   40.87401    -73.39526     0.07      0.03     0.08     1 
0130321161   40.87348    -73.35790     0.07      0.03     0.08     1 
0130321162   40.87294    -73.32053     0.05      0.04     0.07     1 
0130321163   40.87239    -73.28316     0.17      0.05     0.17     1 
0130321164   40.87183    -73.24580     0.07      0.00     0.07     1 
0130321165   40.87125    -73.20843     0.14     -0.07     0.16     1 
0130321166   40.87067    -73.17107     0.31     -0.03     0.32     1 
0130321167   40.87007    -73.13371    -0.02      0.07     0.07     1 
0130321168   40.86946    -73.09635     0.17     -0.02     0.17     1 
0130321169   40.86883    -73.05899     0.09      0.03     0.09     1 
0130321170   40.86820    -73.02163     0.14      0.09     0.17     1 
0130321171   40.86755    -72.98427     0.22      0.08     0.24     1 
0130321172   40.86689    -72.94691     0.39      0.09     0.40     1 
0130321173   40.86622    -72.90956     0.25      0.13     0.28     1 
0130321174   40.86554    -72.87220     0.15      0.04     0.16     1 
0130321175   40.86484    -72.83485     0.13      0.07     0.15     1 
0130321176   40.86414    -72.79750     0.15      0.01     0.15     1 
0130321177   40.86342    -72.76015     0.05      0.13     0.14     1 
0130321178   40.86269    -72.72280     0.01      0.03     0.03     1 
0130321179   40.86194    -72.68546     0.01      0.05     0.05     1 
0130321180   40.86119    -72.64811    -0.01      0.01     0.01     1 
0130321181   40.86042    -72.61077    -0.07      0.18     0.20     1 
0130321182   40.85964    -72.57342    -0.01      0.10     0.10     1 
0130321183   40.85885    -72.53608    -0.17      0.05     0.18     1 
0130321185   40.85723    -72.46140     0.22      0.08     0.24     1 
0130321212   40.85736    -74.25525     0.25     -0.02     0.26     1 
0130321213   40.85712    -74.21788     0.25     -0.08     0.26     1 
0130321214   40.85686    -74.18050     0.10      0.01     0.10     1 
0130321215   40.85658    -74.14314     0.02      0.04     0.05     1 
0130321216   40.85630    -74.10577    -0.04      0.01     0.04     1 
0130321217   40.85600    -74.06840    -0.08      0.08     0.12     1 
0130321218   40.85570    -74.03103    -0.12      0.01     0.12     1 
0130321219   40.85538    -73.99366     0.01      0.10     0.10     1 
0130321221   40.85470    -73.91893    -0.05     -0.05     0.07     1 
0130321224   40.85359    -73.80683    -0.35     -0.05     0.36     1 
0130321225   40.85320    -73.76947    -0.26     -0.24     0.35     1 
0130321227   40.85238    -73.69474     0.33     -0.00     0.33     1 
0130321229   40.85151    -73.62002     0.12     -0.02     0.12     1 
0130321230   40.85106    -73.58266     0.39      0.03     0.39     1 
0130321231   40.85059    -73.54530     0.19     -0.03     0.20     1 
0130321232   40.85012    -73.50795     0.20      0.05     0.21     1 
0130321233   40.84963    -73.47059     0.15      0.06     0.16     1 
0130321234   40.84913    -73.43323     0.15      0.07     0.17     1 
0130321235   40.84861    -73.39588    -0.01      0.02     0.03     1 
0130321236   40.84809    -73.35852     0.22      0.05     0.23     1 
0130321237   40.84755    -73.32117     0.00      0.00     0.00     1 
0130321238   40.84700    -73.28382     0.04      0.04     0.06     1 
0130321239   40.84644    -73.24647     0.16      0.01     0.16     1 
0130321240   40.84586    -73.20912    -0.03      0.05     0.06     1 
0130321241   40.84528    -73.17177    -0.07      0.04     0.08     1 
0130321242   40.84468    -73.13442     0.14      0.00     0.14     1 
0130321243   40.84407    -73.09707     0.26      0.05     0.26     1 
0130321244   40.84345    -73.05973     0.08     -0.01     0.08     1 
0130321245   40.84281    -73.02238     0.12      0.02     0.12     1 
0130321246   40.84217    -72.98504     0.20      0.04     0.20     1 
0130321247   40.84151    -72.94770     0.17      0.03     0.18     1 
0130321248   40.84084    -72.91036     0.15      0.09     0.17     1 
0130321249   40.84015    -72.87302     0.13      0.08     0.15     1 
0130321250   40.83946    -72.83568     0.11     -0.12     0.16     1 
0130321251   40.83875    -72.79834     0.26      0.04     0.26     1 
0130321252   40.83803    -72.76101     0.23      0.12     0.25     1 
0130321253   40.83730    -72.72367     0.13      0.10     0.17     1 
0130321254   40.83656    -72.68634     0.02     -0.02     0.03     1 
0130321255   40.83580    -72.64901    -0.03      0.04     0.05     1 
0130321256   40.83504    -72.61168     0.08      0.09     0.12     1 
0130321257   40.83426    -72.57435    -0.28     -0.06     0.28     1 
0130321259   40.83266    -72.49970     0.05      0.00     0.05     1 
0130321286   40.83219    -74.29289     0.22     -0.00     0.22     1 
0130321287   40.83196    -74.25553     0.08     -0.07     0.11     1 
0130321288   40.83171    -74.21817     0.15      0.05     0.16     1 
0130321289   40.83145    -74.18082     0.18      0.07     0.19     1 
0130321290   40.83118    -74.14346    -0.03      0.03     0.04     1 
0130321291   40.83090    -74.10611     0.04     -0.01     0.04     1 
0130321292   40.83060    -74.06875    -0.08      0.04     0.09     1 
0130321293   40.83030    -74.03140    -0.08      0.01     0.08     1 
0130321294   40.82998    -73.99404     0.12      0.00     0.12     1 
0130321296   40.82930    -73.91934    -0.08      0.00     0.08     1 
0130321298   40.82858    -73.84464    -0.17     -0.04     0.18     1 
0130321301   40.82740    -73.73259     0.05     -0.14     0.15     1 
0130321302   40.82698    -73.69524    -0.02      0.31     0.31     1 
0130321303   40.82655    -73.65789     0.02     -0.18     0.18     1 
0130321305   40.82566    -73.58320     0.24     -0.02     0.25     1 
0130321306   40.82520    -73.54586     0.28     -0.02     0.28     1 
0130321307   40.82472    -73.50852     0.10     -0.07     0.12     1 
0130321308   40.82423    -73.47117     0.08     -0.02     0.09     1 
0130321309   40.82373    -73.43383     0.19     -0.07     0.20     1 
0130321310   40.82322    -73.39649     0.25      0.02     0.25     1 
0130321311   40.82269    -73.35915     0.20      0.03     0.20     1 
0130321312   40.82216    -73.32181     0.37      0.01     0.37     1 
0130321313   40.82161    -73.28447     0.15     -0.05     0.16     1 
0130321314   40.82104    -73.24714    -0.09     -0.04     0.10     1 
0130321315   40.82047    -73.20980    -0.03      0.02     0.04     1 
0130321316   40.81989    -73.17247     0.02      0.04     0.05     1 
0130321317   40.81929    -73.13513     0.09      0.13     0.16     1 
0130321318   40.81868    -73.09780     0.09      0.12     0.14     1 
0130321319   40.81806    -73.06047     0.05      0.03     0.06     1 
0130321320   40.81742    -73.02314     0.13     -0.02     0.13     1 
0130321321   40.81678    -72.98581     0.12      0.04     0.13     1 
0130321322   40.81612    -72.94848     0.05      0.07     0.09     1 
0130321323   40.81545    -72.91115     0.16      0.09     0.18     1 
0130321324   40.81477    -72.87383     0.16      0.02     0.16     1 
0130321325   40.81407    -72.83651     0.13      0.08     0.15     1 
0130321326   40.81337    -72.79918     0.13      0.09     0.16     1 
0130321327   40.81265    -72.76186     0.09      0.06     0.11     1 
0130321328   40.81192    -72.72454    -0.12      0.02     0.12     1 
0130321329   40.81118    -72.68722    -0.01      0.06     0.06     1 
0130321330   40.81042    -72.64991     0.10      0.07     0.12     1 
0130321331   40.80965    -72.61259     0.16      0.16     0.22     1 
0130321332   40.80888    -72.57528     0.05     -0.19     0.20     1 
0130321361   40.80679    -74.29316     0.22     -0.10     0.24     1 
0130321362   40.80656    -74.25581     0.08      0.05     0.10     1 
0130321363   40.80631    -74.21847     0.09      0.05     0.11     1 
0130321364   40.80605    -74.18113     0.17      0.06     0.18     1 
0130321365   40.80578    -74.14379     0.01      0.02     0.02     1 
0130321366   40.80550    -74.10645    -0.19     -0.01     0.19     1 
0130321367   40.80520    -74.06911    -0.22      0.02     0.22     1 
0130321368   40.80490    -74.03177    -0.12     -0.02     0.12     1 
0130321369   40.80458    -73.99443    -0.11     -0.05     0.12     1 
0130321370   40.80425    -73.95709    -0.02     -0.15     0.16     1 
0130321371   40.80390    -73.91975    -0.09      0.01     0.09     1 
0130321373   40.80318    -73.84508    -0.33     -0.00     0.33     1 
0130321374   40.80280    -73.80774    -0.16     -0.12     0.20     1 
0130321376   40.80200    -73.73307     0.09      0.00     0.09     1 
0130321377   40.80159    -73.69574     0.12     -0.03     0.13     1 
0130321378   40.80116    -73.65841    -0.09     -0.04     0.10     1 
0130321379   40.80072    -73.62108     0.14      0.03     0.14     1 
0130321380   40.80027    -73.58374     0.23      0.10     0.25     1 
0130321381   40.79980    -73.54641     0.14     -0.00     0.14     1 
0130321382   40.79933    -73.50908    -0.02      0.05     0.05     1 
0130321383   40.79884    -73.47176    -0.03     -0.01     0.03     1 
0130321384   40.79834    -73.43443     0.12      0.08     0.14     1 
0130321386   40.79730    -73.35977     0.14      0.05     0.14     1 
0130321387   40.79676    -73.32245     0.13      0.05     0.14     1 
0130321388   40.79621    -73.28513     0.06     -0.01     0.06     1 
0130321389   40.79565    -73.24780     0.11      0.04     0.12     1 
0130321390   40.79508    -73.21048     0.03     -0.03     0.05     1 
0130321391   40.79449    -73.17316     0.20     -0.01     0.20     1 
0130321392   40.79390    -73.13584    -0.10     -0.01     0.10     1 
0130321393   40.79329    -73.09852    -0.06      0.00     0.06     1 
0130321394   40.79267    -73.06121     0.19      0.03     0.19     1 
0130321395   40.79203    -73.02389     0.11     -0.02     0.11     1 
0130321396   40.79139    -72.98658     0.11      0.09     0.14     1 
0130321397   40.79073    -72.94926    -0.01     -0.02     0.02     1 
0130321398   40.79006    -72.91195     0.06      0.07     0.09     1 
0130321399   40.78938    -72.87464     0.09      0.01     0.09     1 
0130321400   40.78869    -72.83733    -0.10      0.03     0.10     1 
0130321401   40.78798    -72.80002    -0.09      0.01     0.09     1 
0130321402   40.78726    -72.76271    -0.11      0.02     0.11     1 
0130321403   40.78653    -72.72541     0.12     -0.20     0.23     1 
0130321436   40.78139    -74.29343     0.31      0.04     0.31     1 
0130321437   40.78116    -74.25610     0.22      0.11     0.25     1 
0130321438   40.78091    -74.21877     0.03      0.07     0.08     1 
0130321439   40.78065    -74.18144     0.01      0.03     0.03     1 
0130321440   40.78038    -74.14411    -0.10     -0.03     0.11     1 
0130321441   40.78010    -74.10679    -0.19     -0.09     0.21     1 
0130321442   40.77980    -74.06946    -0.10     -0.05     0.11     1 
0130321443   40.77949    -74.03214    -0.07     -0.00     0.07     1 
0130321445   40.77884    -73.95749     0.30     -0.06     0.31     1 
0130321446   40.77850    -73.92016    -0.05     -0.07     0.09     1 
0130321447   40.77815    -73.88284    -0.13      0.05     0.14     1 
0130321448   40.77778    -73.84552    -0.15     -0.06     0.16     1 
0130321449   40.77740    -73.80820    -0.01      0.04     0.04     1 
0130321450   40.77701    -73.77088     0.12     -0.21     0.24     1 
0130321451   40.77661    -73.73356     0.08      0.00     0.08     1 
0130321452   40.77619    -73.69624     0.25     -0.04     0.25     1 
0130321453   40.77576    -73.65892     0.05     -0.04     0.06     1 
0130321454   40.77532    -73.62160     0.16     -0.03     0.16     1 
0130321455   40.77487    -73.58428     0.20     -0.01     0.20     1 
0130321456   40.77441    -73.54697    -0.11      0.04     0.12     1 
0130321457   40.77393    -73.50965    -0.01     -0.02     0.02     1 
0130321458   40.77344    -73.47234     0.01      0.02     0.02     1 
0130321459   40.77294    -73.43502     0.06     -0.01     0.06     1 
0130321460   40.77243    -73.39771    -0.03      0.10     0.10     1 
0130321461   40.77190    -73.36040     0.24      0.04     0.24     1 
0130321462   40.77137    -73.32309     0.05      0.07     0.09     1 
0130321463   40.77082    -73.28578    -0.11      0.05     0.12     1 
0130321464   40.77026    -73.24847     0.14      0.09     0.16     1 
0130321465   40.76969    -73.21116    -0.11      0.09     0.14     1 
0130321466   40.76910    -73.17386     0.17      0.04     0.18     1 
0130321467   40.76851    -73.13655     0.14     -0.01     0.14     1 
0130321468   40.76790    -73.09925     0.03      0.06     0.06     1 
0130321469   40.76728    -73.06194     0.02     -0.02     0.02     1 
0130321470   40.76664    -73.02464    -0.00      0.03     0.03     1 
0130321471   40.76600    -72.98734    -0.01      0.00     0.01     1 
0130321472   40.76534    -72.95004     0.15     -0.02     0.15     1 
0130321473   40.76467    -72.91275    -0.06      0.06     0.09     1 
0130321474   40.76399    -72.87545     0.16      0.09     0.18     1 
0130321475   40.76330    -72.83815    -0.01      0.10     0.10     1 
0130321476   40.76260    -72.80086    -0.10      0.10     0.14     1 
0130321511   40.75599    -74.29370     0.20      0.07     0.21     1 
0130321512   40.75576    -74.25638     0.26      0.09     0.27     1 
0130321513   40.75551    -74.21907     0.03     -0.06     0.07     1 
0130321514   40.75525    -74.18175    -0.00     -0.03     0.03     1 
0130321515   40.75498    -74.14444    -0.00     -0.06     0.06     1 
0130321516   40.75470    -74.10713    -0.24      0.03     0.24     1 
0130321517   40.75440    -74.06982    -0.23     -0.09     0.25     1 
0130321518   40.75409    -74.03251    -0.15      0.01     0.15     1 
0130321519   40.75378    -73.99519     0.08      0.00     0.08     1 
0130321520   40.75344    -73.95789     0.11     -0.11     0.16     1 
0130321521   40.75310    -73.92057    -0.22     -0.01     0.22     1 
0130321522   40.75275    -73.88327    -0.15     -0.10     0.18     1 
0130321523   40.75238    -73.84596    -0.02     -0.04     0.05     1 
0130321524   40.75200    -73.80865     0.13     -0.02     0.13     1 
0130321525   40.75161    -73.77134    -0.03      0.04     0.05     1 
0130321526   40.75121    -73.73404     0.05     -0.04     0.06     1 
0130321529   40.74992    -73.62212    -0.07      0.06     0.09     1 
0130321530   40.74947    -73.58482     0.06     -0.02     0.07     1 
0130321531   40.74901    -73.54752     0.03      0.01     0.03     1 
0130321532   40.74853    -73.51022    -0.05      0.03     0.06     1 
0130321533   40.74805    -73.47292     0.23      0.02     0.23     1 
0130321534   40.74755    -73.43562     0.13      0.00     0.13     1 
0130321535   40.74703    -73.39832     0.10     -0.00     0.10     1 
0130321536   40.74651    -73.36102     0.08     -0.01     0.08     1 
0130321537   40.74598    -73.32373     0.06      0.01     0.06     1 
0130321538   40.74543    -73.28643     0.17      0.08     0.19     1 
0130321539   40.74487    -73.24914     0.13      0.05     0.14     1 
0130321540   40.74430    -73.21184     0.11      0.06     0.12     1 
0130321541   40.74371    -73.17455     0.12      0.06     0.13     1 
0130321542   40.74312    -73.13726     0.03      0.05     0.06     1 
0130321543   40.74251    -73.09997     0.04     -0.02     0.05     1 
0130321544   40.74189    -73.06268    -0.02     -0.03     0.03     1 
0130321545   40.74126    -73.02540    -0.14     -0.05     0.15     1 
0130321546   40.74061    -72.98811    -0.23     -0.05     0.23     1 
0130321547   40.73996    -72.95082    -0.26      0.08     0.27     1 
0130321549   40.73861    -72.87626     0.04      0.23     0.23     1 
0130321586   40.73059    -74.29397     0.06     -0.08     0.10     1 
0130321587   40.73035    -74.25666     0.10      0.06     0.12     1 
0130321588   40.73011    -74.21936    -0.12     -0.04     0.13     1 
0130321589   40.72985    -74.18206    -0.13     -0.02     0.14     1 
0130321590   40.72958    -74.14477    -0.10     -0.01     0.10     1 
0130321591   40.72930    -74.10747    -0.04      0.10     0.11     1 
0130321592   40.72900    -74.07017    -0.02     -0.02     0.03     1 
0130321593   40.72869    -74.03287    -0.07     -0.01     0.07     1 
0130321594   40.72837    -73.99558     0.01     -0.02     0.02     1 
0130321595   40.72805    -73.95828    -0.08      0.00     0.08     1 
0130321596   40.72770    -73.92099    -0.13      0.04     0.14     1 
0130321597   40.72735    -73.88369    -0.02      0.03     0.04     1 
0130321598   40.72698    -73.84640    -0.09      0.01     0.09     1 
0130321599   40.72660    -73.80910    -0.07      0.06     0.09     1 
0130321600   40.72621    -73.77181     0.05     -0.00     0.05     1 
0130321601   40.72581    -73.73452     0.01     -0.03     0.03     1 
0130321602   40.72539    -73.69723    -0.07     -0.02     0.07     1 
0130321603   40.72497    -73.65994     0.05     -0.01     0.05     1 
0130321604   40.72453    -73.62265     0.03      0.06     0.06     1 
0130321605   40.72408    -73.58536    -0.13      0.02     0.13     1 
0130321606   40.72361    -73.54807    -0.01     -0.08     0.08     1 
0130321607   40.72314    -73.51078     0.09     -0.01     0.09     1 
0130321608   40.72265    -73.47350    -0.02     -0.04     0.04     1 
0130321609   40.72215    -73.43621    -0.05      0.00     0.05     1 
0130321610   40.72164    -73.39893    -0.20      0.03     0.20     1 
0130321611   40.72112    -73.36165    -0.02      0.04     0.05     1 
0130321612   40.72058    -73.32437     0.04     -0.01     0.04     1 
0130321613   40.72004    -73.28708     0.05      0.01     0.05     1 
0130321614   40.71948    -73.24980    -0.05      0.00     0.05     1 
0130321615   40.71890    -73.21252    -0.09     -0.00     0.09     1 
0130321616   40.71832    -73.17525     0.19     -0.01     0.19     1 
0130321617   40.71773    -73.13797    -0.06     -0.05     0.08     1 
0130321660   40.70541    -74.33152     0.21      0.09     0.23     1 
0130321661   40.70518    -74.29423     0.05      0.04     0.06     1 
0130321662   40.70495    -74.25695     0.02      0.01     0.03     1 
0130321663   40.70470    -74.21966    -0.10      0.03     0.11     1 
0130321664   40.70445    -74.18238    -0.08      0.05     0.09     1 
0130321665   40.70418    -74.14509    -0.19     -0.02     0.19     1 
0130321667   40.70360    -74.07052    -0.07      0.05     0.09     1 
0130321668   40.70329    -74.03324    -0.10     -0.08     0.13     1 
0130321669   40.70298    -73.99596    -0.12     -0.01     0.12     1 
0130321670   40.70264    -73.95868    -0.03     -0.04     0.05     1 
0130321671   40.70230    -73.92140    -0.07      0.05     0.08     1 
0130321672   40.70195    -73.88411    -0.09      0.04     0.10     1 
0130321673   40.70158    -73.84683     0.01      0.05     0.05     1 
0130321674   40.70120    -73.80956    -0.06      0.05     0.07     1 
0130321675   40.70081    -73.77228    -0.02      0.01     0.02     1 
0130321676   40.70041    -73.73500    -0.05      0.02     0.05     1 
0130321677   40.70000    -73.69772     0.21      0.01     0.21     1 
0130321678   40.69957    -73.66045     0.04     -0.07     0.08     1 
0130321679   40.69913    -73.62317     0.01      0.02     0.02     1 
0130321680   40.69868    -73.58590     0.01      0.02     0.03     1 
0130321681   40.69822    -73.54862     0.08     -0.04     0.09     1 
0130321682   40.69774    -73.51135     0.05     -0.02     0.05     1 
0130321683   40.69726    -73.47408     0.07     -0.06     0.09     1 
0130321684   40.69676    -73.43681     0.13     -0.03     0.13     1 
0130321685   40.69625    -73.39954     0.01      0.02     0.02     1 
0130321686   40.69572    -73.36227    -0.01      0.04     0.04     1 
0130321687   40.69519    -73.32500    -0.06     -0.00     0.06     1 
0130321688   40.69464    -73.28773    -0.03      0.02     0.03     1 
0130321691   40.69293    -73.17594    -0.15      0.04     0.16     1 
0130321692   40.69233    -73.13868    -0.13     -0.18     0.22     1 
0130321735   40.68000    -74.33177     0.01      0.03     0.03     1 
0130321736   40.67978    -74.29450     0.13      0.07     0.15     1 
0130321737   40.67955    -74.25723     0.08      0.05     0.10     1 
0130321738   40.67930    -74.21996     0.13      0.06     0.14     1 
0130321739   40.67904    -74.18269    -0.10      0.08     0.13     1 
0130321740   40.67877    -74.14542    -0.04      0.40     0.40     1 
0130321741   40.67849    -74.10815    -0.09      0.01     0.09     1 
0130321742   40.67820    -74.07088    -0.17     -0.01     0.17     1 
0130321743   40.67789    -74.03361    -0.18      0.01     0.18     1 
0130321744   40.67757    -73.99634    -0.11     -0.03     0.11     1 
0130321746   40.67690    -73.92181    -0.02     -0.04     0.05     1 
0130321747   40.67655    -73.88454    -0.09     -0.02     0.09     1 
0130321748   40.67618    -73.84727    -0.08      0.05     0.09     1 
0130321749   40.67580    -73.81001    -0.04      0.00     0.04     1 
0130321750   40.67541    -73.77274    -0.02      0.00     0.02     1 
0130321751   40.67501    -73.73548     0.01     -0.04     0.05     1 
0130321752   40.67460    -73.69822     0.01     -0.04     0.04     1 
0130321753   40.67417    -73.66096     0.09     -0.01     0.09     1 
0130321754   40.67373    -73.62369     0.20      0.04     0.20     1 
0130321755   40.67328    -73.58643     0.12     -0.02     0.12     1 
0130321756   40.67282    -73.54918     0.06     -0.02     0.06     1 
0130321757   40.67235    -73.51192     0.04     -0.01     0.04     1 
0130321758   40.67186    -73.47466    -0.05     -0.03     0.06     1 
0130321759   40.67136    -73.43740    -0.03     -0.00     0.03     1 
0130321760   40.67085    -73.40015     0.05      0.01     0.05     1 
0130321761   40.67033    -73.36289    -0.09     -0.03     0.09     1 
0130321762   40.66980    -73.32564    -0.22      0.11     0.25     1 
0130321810   40.65460    -74.33203    -0.09      0.12     0.15     1 
0130321811   40.65438    -74.29477     0.02      0.04     0.04     1 
0130321812   40.65414    -74.25751     0.09      0.07     0.11     1 
0130321813   40.65390    -74.22025    -0.10     -0.02     0.10     1 
0130321814   40.65364    -74.18300    -0.20      0.10     0.22     1 
0130321815   40.65337    -74.14574    -0.16      0.06     0.17     1 
0130321816   40.65309    -74.10849    -0.15      0.05     0.16     1 
0130321817   40.65280    -74.07123    -0.13     -0.01     0.13     1 
0130321820   40.65184    -73.95947    -0.15     -0.06     0.16     1 
0130321821   40.65150    -73.92221    -0.21     -0.01     0.21     1 
0130321822   40.65115    -73.88496    -0.22      0.08     0.24     1 
0130321823   40.65078    -73.84771    -0.33     -0.03     0.33     1 
0130321824   40.65040    -73.81046    -0.06      0.05     0.08     1 
0130321825   40.65002    -73.77321    -0.13     -0.00     0.13     1 
0130321826   40.64961    -73.73596    -0.15      0.04     0.16     1 
0130321827   40.64920    -73.69871    -0.02     -0.07     0.08     1 
0130321828   40.64877    -73.66146    -0.05     -0.04     0.06     1 
0130321829   40.64834    -73.62422    -0.01     -0.01     0.02     1 
0130321830   40.64789    -73.58697    -0.07      0.04     0.08     1 
0130321831   40.64742    -73.54972    -0.05      0.03     0.06     1 
0130321832   40.64695    -73.51248    -0.07     -0.01     0.07     1 
0130321833   40.64646    -73.47524    -0.13     -0.04     0.14     1 
0130321834   40.64597    -73.43799    -0.13     -0.00     0.13     1 
0130321835   40.64546    -73.40075     0.01     -0.11     0.11     1 
0130321836   40.64493    -73.36351     0.07     -0.03     0.07     1 
0130321837   40.64440    -73.32627     0.02     -0.05     0.06     1 
0130321838   40.64386    -73.28903    -0.03      0.02     0.04     1 
0130321839   40.64330    -73.25180    -0.12     -0.06     0.13     1 
0130321840   40.64273    -73.21456     0.05     -0.16     0.16     1 
0130321885   40.62920    -74.33228     0.11      0.08     0.14     1 
0130321886   40.62898    -74.29504     0.13      0.05     0.14     1 
0130321887   40.62874    -74.25779    -0.13      0.03     0.13     1 
0130321888   40.62850    -74.22055    -0.13      0.02     0.13     1 
0130321889   40.62824    -74.18331    -0.19     -0.00     0.19     1 
0130321890   40.62797    -74.14606    -0.02     -0.04     0.05     1 
0130321891   40.62769    -74.10882     0.10      0.06     0.12     1 
0130321893   40.62709    -74.03434    -0.03     -0.01     0.03     1 
0130321894   40.62677    -73.99710    -0.17      0.05     0.18     1 
0130321895   40.62644    -73.95986    -0.03      0.04     0.05     1 
0130321896   40.62610    -73.92262    -0.12      0.05     0.13     1 
0130321897   40.62575    -73.88538    -0.17      0.00     0.17     1 
0130321898   40.62538    -73.84815    -0.12      0.07     0.14     1 
0130321899   40.62501    -73.81091    -0.11     -0.09     0.15     1 
0130321900   40.62462    -73.77367    -0.07      0.05     0.08     1 
0130321901   40.62421    -73.73644    -0.15     -0.02     0.15     1 
0130321902   40.62380    -73.69920    -0.08      0.04     0.09     1 
0130321903   40.62338    -73.66197    -0.14     -0.02     0.15     1 
0130321904   40.62294    -73.62474    -0.11     -0.02     0.12     1 
0130321905   40.62249    -73.58751    -0.14     -0.05     0.14     1 
0130321906   40.62203    -73.55027    -0.17     -0.04     0.17     1 
0130321907   40.62155    -73.51304    -0.12      0.19     0.22     1 
0130321908   40.62107    -73.47581    -0.09     -0.08     0.12     1 
0130321909   40.62057    -73.43859    -0.05      0.04     0.07     1 
0130321913   40.61846    -73.28968     0.34      0.25     0.42     1 
0130321960   40.60379    -74.33253     0.08     -0.06     0.10     1 
0130321961   40.60357    -74.29530     0.11      0.01     0.11     1 
0130321962   40.60334    -74.25807    -0.16      0.06     0.18     1 
0130321963   40.60309    -74.22084    -0.17     -0.02     0.17     1 
0130321964   40.60284    -74.18362    -0.09     -0.01     0.09     1 
0130321965   40.60257    -74.14639     0.22      0.02     0.22     1 
0130321966   40.60229    -74.10916    -0.01      0.07     0.07     1 
0130321967   40.60199    -74.07193     0.03     -0.02     0.04     1 
0130321968   40.60169    -74.03471     0.07      0.03     0.08     1 
0130321969   40.60137    -73.99748    -0.14     -0.05     0.15     1 
0130321970   40.60104    -73.96026    -0.12      0.02     0.12     1 
0130321971   40.60070    -73.92303    -0.08      0.03     0.09     1 
0130321972   40.60035    -73.88581    -0.06     -0.13     0.15     1 
0130321973   40.59998    -73.84858    -0.03     -0.03     0.04     1 
0130321974   40.59961    -73.81136    -0.12     -0.06     0.14     1 
0130321975   40.59922    -73.77414     0.25     -0.04     0.26     1 
0130321976   40.59882    -73.73692    -0.17      0.06     0.18     1 
0130321977   40.59840    -73.69970    -0.18      0.07     0.19     1 
0130321978   40.59798    -73.66248    -0.10      0.07     0.12     1 
0130321979   40.59754    -73.62526    -0.08      0.05     0.09     1 
0130321980   40.59709    -73.58804    -0.07      0.03     0.08     1 
0130321981   40.59663    -73.55082    -0.02      0.07     0.07     1 
0130321982   40.59616    -73.51361     0.32      0.10     0.34     1 
0130321983   40.59567    -73.47639    -0.15      0.22     0.26     1 
0130322034   40.57860    -74.37000     0.27     -0.01     0.27     1 
0130322035   40.57839    -74.33279     0.10     -0.02     0.10     1 
0130322036   40.57817    -74.29557     0.24     -0.05     0.25     1 
0130322037   40.57794    -74.25835    -0.20     -0.05     0.20     1 
0130322038   40.57769    -74.22114    -0.18     -0.04     0.19     1 
0130322039   40.57744    -74.18393    -0.20     -0.06     0.21     1 
0130322040   40.57717    -74.14671     0.25      0.09     0.27     1 
0130322041   40.57688    -74.10950     0.09     -0.02     0.09     1 
0130322042   40.57659    -74.07228    -0.07     -0.19     0.20     1 
0130322044   40.57597    -73.99786    -0.28     -0.03     0.28     1 
0130322046   40.57530    -73.92344    -0.25     -0.07     0.26     1 
0130322047   40.57495    -73.88623    -0.39      0.16     0.42     1 
0130322109   40.55320    -74.37024     0.20     -0.06     0.21     1 
0130322110   40.55299    -74.33304    -0.07     -0.10     0.12     1 
0130322111   40.55277    -74.29584    -0.04     -0.11     0.12     1 
0130322112   40.55253    -74.25863    -0.12     -0.05     0.13     1 
0130322113   40.55229    -74.22143    -0.02      0.03     0.04     1 
0130322114   40.55203    -74.18423     0.22     -0.06     0.22     1 
0130322115   40.55176    -74.14703     0.04     -0.01     0.04     1 
0130322116   40.55148    -74.10983    -0.19     -0.06     0.20     1 
0130322184   40.52779    -74.37048    -0.01     -0.02     0.02     1 
0130322185   40.52758    -74.33329    -0.27     -0.07     0.28     1 
0130322186   40.52736    -74.29610    -0.02     -0.07     0.08     1 
0130322187   40.52713    -74.25892    -0.04     -0.07     0.08     1 
0130322188   40.52689    -74.22173     0.10     -0.08     0.12     1 
0130322189   40.52663    -74.18454    -0.07     -0.17     0.18     1 
0130322190   40.52636    -74.14736    -0.15      0.16     0.22     1 
0130322259   40.50239    -74.37072    -0.31      0.02     0.31     1 
0130322260   40.50218    -74.33354    -0.10      0.01     0.10     1 
0130322261   40.50196    -74.29637    -0.17      0.09     0.19     1 
0130322262   40.50173    -74.25919    -0.03     -0.05     0.06     1 
0130322263   40.50148    -74.22202    -0.16     -0.13     0.21     1 
0130322334   40.47698    -74.37095    -0.20     -0.08     0.22     1 
0130322335   40.47678    -74.33379    -0.02     -0.16     0.16     1 
0130322337   40.47632    -74.25947    -0.08     -0.21     0.23     1 
0130322408   40.45178    -74.40834    -0.07     -0.05     0.08     1 
0130322409   40.45158    -74.37119    -0.17     -0.05     0.18     1 
0130322410   40.45137    -74.33404     0.02     -0.07     0.07     1 
0130322411   40.45115    -74.29690    -0.01     -0.03     0.04     1 
0130322412   40.45092    -74.25975    -0.03     -0.06     0.07     1 
0130322413   40.45068    -74.22261     0.09     -0.08     0.12     1 
0130322414   40.45042    -74.18546     0.05     -0.01     0.06     1 
0130322415   40.45015    -74.14832    -0.04     -0.01     0.04     1 
0130322416   40.44987    -74.11118     0.03     -0.13     0.14     1 
0130322483   40.42637    -74.40856     0.13      0.02     0.13     1 
0130322484   40.42618    -74.37143     0.01      0.05     0.06     1 
0130322485   40.42597    -74.33429    -0.05     -0.05     0.07     1 
0130322486   40.42575    -74.29716     0.36      0.00     0.36     1 
0130322487   40.42552    -74.26003     0.13     -0.02     0.13     1 
0130322488   40.42527    -74.22290    -0.04     -0.05     0.06     1 
0130322489   40.42502    -74.18577     0.07     -0.00     0.07     1 
0130322490   40.42475    -74.14864     0.14      0.00     0.14     1 
0130322491   40.42447    -74.11151     0.22      0.03     0.22     1 
0130322493   40.42388    -74.03725    -0.01     -0.20     0.20     1 
0130322558   40.40097    -74.40878     0.27      0.02     0.27     1 
0130322559   40.40077    -74.37166    -0.10      0.05     0.11     1 
0130322560   40.40056    -74.33454     0.08     -0.02     0.08     1 
0130322561   40.40035    -74.29743     0.26      0.03     0.26     1 
0130322562   40.40011    -74.26031     0.28     -0.03     0.28     1 
0130322563   40.39987    -74.22319     0.17     -0.02     0.17     1 
0130322564   40.39961    -74.18608     0.13      0.08     0.16     1 
0130322565   40.39935    -74.14896     0.32     -0.06     0.33     1 
0130322566   40.39907    -74.11185     0.30      0.04     0.30     1 
0130322567   40.39878    -74.07473     0.38     -0.04     0.38     1 
0130322568   40.39847    -74.03762     0.23      0.02     0.23     1 
0130322569   40.39816    -74.00050     0.15      0.00     0.15     1 
0130322634   40.37537    -74.37190     0.16      0.00     0.16     1 
0130322635   40.37516    -74.33479     0.30      0.03     0.30     1 
0130322637   40.37471    -74.26059     0.17     -0.11     0.20     1 
0130322638   40.37447    -74.22348     0.38     -0.07     0.39     1 
0130322639   40.37421    -74.18638     0.32     -0.06     0.32     1 
0130322640   40.37394    -74.14928     0.19      0.01     0.19     1 
0130322641   40.37367    -74.11218     0.28     -0.09     0.30     1 
0130322642   40.37337    -74.07508     0.31     -0.01     0.31     1 
0130322643   40.37307    -74.03798    -0.11     -0.04     0.12     1 
0130322644   40.37276    -74.00088     0.08      0.02     0.08     1 
0130322708   40.35016    -74.40923     0.23     -0.02     0.23     1 
0130322710   40.34976    -74.33504     0.32      0.04     0.33     1 
0130322711   40.34954    -74.29795     0.26     -0.03     0.26     1 
0130322713   40.34906    -74.22378     0.42     -0.04     0.42     1 
0130322714   40.34881    -74.18669     0.24      0.08     0.25     1 
0130322715   40.34854    -74.14960     0.27      0.02     0.28     1 
0130322716   40.34826    -74.11251     0.26     -0.01     0.26     1 
0130322717   40.34797    -74.07542    -0.16     -0.14     0.21     1 
0130322718   40.34767    -74.03834     0.16      0.04     0.17     1 
0130322719   40.34736    -74.00125    -0.22     -0.19     0.29     1 
0130322782   40.32494    -74.44652    -0.03     -0.03     0.04     1 
0130322783   40.32475    -74.40945     0.29     -0.06     0.29     1 
0130322784   40.32456    -74.37237     0.25      0.13     0.28     1 
0130322785   40.32435    -74.33529     0.27     -0.11     0.29     1 
0130322786   40.32413    -74.29822     0.26     -0.10     0.28     1 
0130322787   40.32390    -74.26114     0.22     -0.08     0.24     1 
0130322788   40.32366    -74.22407     0.25      0.00     0.25     1 
0130322789   40.32340    -74.18699     0.10      0.05     0.11     1 
0130322790   40.32314    -74.14992    -0.06      0.01     0.06     1 
0130322791   40.32286    -74.11284     0.12     -0.04     0.13     1 
0130322792   40.32257    -74.07577     0.05      0.02     0.05     1 
0130322793   40.32227    -74.03870    -0.04     -0.06     0.07     1 
0130322794   40.32195    -74.00163    -0.03     -0.04     0.05     1 
0130322857   40.29953    -74.44673     0.13      0.03     0.14     1 
0130322858   40.29935    -74.40967     0.18      0.07     0.20     1 
0130322859   40.29915    -74.37260     0.09      0.12     0.16     1 
0130322860   40.29895    -74.33554     0.32      0.05     0.32     1 
0130322861   40.29873    -74.29848     0.20      0.08     0.22     1 
0130322862   40.29850    -74.26142     0.24      0.07     0.26     1 
0130322863   40.29825    -74.22436     0.29      0.01     0.29     1 
0130322864   40.29800    -74.18730     0.15     -0.04     0.15     1 
0130322865   40.29773    -74.15024     0.04     -0.06     0.07     1 
0130322866   40.29746    -74.11318     0.15     -0.07     0.17     1 
0130322867   40.29717    -74.07612     0.17     -0.02     0.17     1 
0130322868   40.29686    -74.03906     0.14     -0.13     0.19     1 
0130322869   40.29655    -74.00200     0.12      0.03     0.13     1 
0130322933   40.27394    -74.40989     0.38      0.01     0.38     1 
0130322934   40.27375    -74.37284     0.24     -0.03     0.24     1 
0130322935   40.27354    -74.33579     0.24     -0.08     0.25     1 
0130322936   40.27332    -74.29874     0.41      0.00     0.41     1 
0130322937   40.27309    -74.26170     0.23     -0.06     0.24     1 
0130322938   40.27285    -74.22465     0.10      0.04     0.11     1 
0130322939   40.27260    -74.18760     0.37     -0.04     0.37     1 
0130322940   40.27233    -74.15055     0.27      0.02     0.27     1 
0130322941   40.27205    -74.11351     0.13      0.05     0.14     1 
0130322942   40.27176    -74.07646     0.18      0.00     0.18     1 
0130322943   40.27146    -74.03942     0.06      0.00     0.06     1 
0130322944   40.27115    -74.00237     0.14      0.01     0.14     1 
0130323007   40.24872    -74.44715     0.24      0.10     0.26     1 
0130323008   40.24854    -74.41011     0.28      0.00     0.28     1 
0130323009   40.24834    -74.37307     0.07     -0.07     0.10     1 
0130323010   40.24814    -74.33604     0.04     -0.07     0.08     1 
0130323011   40.24792    -74.29900    -0.07     -0.11     0.13     1 
0130323012   40.24769    -74.26197     0.33     -0.14     0.36     1 
0130323013   40.24745    -74.22494     0.22      0.02     0.22     1 
0130323014   40.24719    -74.18791     0.16     -0.02     0.16     1 
0130323015   40.24693    -74.15087     0.14     -0.02     0.14     1 
0130323016   40.24665    -74.11384     0.10      0.11     0.15     1 
0130323017   40.24636    -74.07681     0.17     -0.02     0.17     1 
0130323018   40.24606    -74.03978     0.12     -0.02     0.12     1 
0130323019   40.24574    -74.00275     0.11     -0.07     0.13     1 
0130323082   40.22332    -74.44735     0.39      0.06     0.40     1 
0130323083   40.22313    -74.41033     0.35      0.00     0.35     1 
0130323084   40.22294    -74.37331     0.10     -0.10     0.14     1 
0130323085   40.22273    -74.33629     0.17     -0.03     0.17     1 
0130323086   40.22251    -74.29927     0.21     -0.04     0.22     1 
0130323087   40.22228    -74.26225     0.14     -0.06     0.15     1 
0130323088   40.22204    -74.22523     0.08      0.02     0.09     1 
0130323089   40.22179    -74.18821     0.21      0.06     0.22     1 
0130323090   40.22152    -74.15119     0.13     -0.01     0.13     1 
0130323091   40.22125    -74.11417     0.29     -0.01     0.29     1 
0130323092   40.22096    -74.07715     0.07     -0.09     0.11     1 
0130323093   40.22066    -74.04014     0.08     -0.02     0.08     1 
0130323094   40.22034    -74.00312    -0.02     -0.29     0.29     1 
0130323156   40.19808    -74.48457     0.15     -0.03     0.15     1 
0130323157   40.19791    -74.44756     0.24      0.03     0.24     1 
0130323158   40.19773    -74.41055     0.09     -0.00     0.09     1 
0130323159   40.19753    -74.37354     0.24     -0.01     0.24     1 
0130323160   40.19733    -74.33653     0.10     -0.07     0.12     1 
0130323161   40.19711    -74.29953     0.08     -0.06     0.10     1 
0130323162   40.19688    -74.26252     0.30      0.13     0.33     1 
0130323163   40.19664    -74.22552     0.30     -0.03     0.30     1 
0130323164   40.19638    -74.18851     0.17      0.04     0.17     1 
0130323165   40.19612    -74.15151     0.33      0.05     0.33     1 
0130323166   40.19584    -74.11450     0.09      0.02     0.09     1 
0130323167   40.19555    -74.07750     0.34     -0.20     0.39     1 
0130323168   40.19525    -74.04049    -0.15     -0.07     0.17     1 
0130323231   40.17267    -74.48476     0.09     -0.20     0.22     1 
0130323232   40.17251    -74.44776     0.15     -0.06     0.16     1 
0130323233   40.17232    -74.41077     0.21     -0.05     0.21     1 
0130323234   40.17213    -74.37378    -0.03     -0.04     0.05     1 
0130323235   40.17192    -74.33678     0.03     -0.04     0.05     1 
0130323236   40.17170    -74.29979     0.26     -0.01     0.26     1 
0130323237   40.17148    -74.26280     0.29      0.03     0.29     1 
0130323238   40.17123    -74.22580     0.10     -0.07     0.12     1 
0130323239   40.17098    -74.18881     0.18     -0.13     0.22     1 
0130323240   40.17072    -74.15182     0.28     -0.04     0.28     1 
0130323241   40.17044    -74.11483     0.09     -0.30     0.31     1 
0130323242   40.17015    -74.07784     0.03     -0.09     0.09     1 
0130323243   40.16985    -74.04085     0.04     -0.02     0.05     1 
0130323307   40.14710    -74.44797     0.20      0.00     0.20     1 
0130323308   40.14692    -74.41099     0.26      0.01     0.27     1 
0130323309   40.14672    -74.37401     0.28      0.01     0.28     1 
0130323310   40.14652    -74.33703     0.15      0.03     0.15     1 
0130323312   40.14607    -74.26307     0.15     -0.05     0.16     1 
0130323313   40.14583    -74.22609     0.12      0.01     0.12     1 
0130323314   40.14558    -74.18912     0.20     -0.01     0.20     1 
0130323315   40.14531    -74.15214     0.22      0.01     0.22     1 
0130323316   40.14503    -74.11516     0.02     -0.02     0.02     1 
0130323317   40.14475    -74.07819     0.10     -0.07     0.12     1 
0130323318   40.14444    -74.04121     0.03     -0.06     0.06     1 
0130323381   40.12186    -74.48514     0.34      0.03     0.34     1 
0130323382   40.12169    -74.44818     0.00     -0.10     0.10     1 
0130323383   40.12151    -74.41121     0.12     -0.30     0.32     1 
0130323384   40.12132    -74.37424     0.36     -0.01     0.36     1 
0130323385   40.12111    -74.33728     0.17     -0.10     0.20     1 
0130323386   40.12089    -74.30031     0.16     -0.04     0.17     1 
0130323387   40.12067    -74.26335     0.23      0.02     0.23     1 
0130323388   40.12042    -74.22638     0.23     -0.03     0.24     1 
0130323389   40.12017    -74.18942     0.18      0.01     0.18     1 
0130323390   40.11991    -74.15245     0.21     -0.02     0.22     1 
0130323393   40.11904    -74.04157    -0.06     -0.17     0.18     1 
0130323456   40.09646    -74.48533     0.29      0.09     0.31     1 
0130323457   40.09629    -74.44838     0.20     -0.03     0.20     1 
0130323458   40.09611    -74.41143     0.10      0.03     0.10     1 
0130323459   40.09591    -74.37448     0.20      0.13     0.24     1 
0130323461   40.09549    -74.30057     0.27     -0.03     0.27     1 
0130323463   40.09502    -74.22667     0.00      0.12     0.12     1 
0130323464   40.09477    -74.18972     0.13      0.04     0.14     1 
0130323465   40.09450    -74.15277     0.39     -0.12     0.41     1 
0130323466   40.09423    -74.11582     0.15      0.00     0.15     1 
0130323467   40.09394    -74.07887    -0.04     -0.10     0.10     1 
0130323468   40.09364    -74.04192     0.05      0.09     0.10     1 
0130323530   40.07121    -74.52246     0.26     -0.04     0.26     1 
0130323531   40.07105    -74.48552     0.29     -0.03     0.29     1 
0130323532   40.07088    -74.44858     0.21      0.03     0.22     1 
0130323533   40.07070    -74.41165     0.08      0.07     0.10     1 
0130323534   40.07051    -74.37471     0.23      0.05     0.24     1 
0130323535   40.07030    -74.33777    -0.19     -0.04     0.19     1 
0130323536   40.07008    -74.30083     0.14      0.05     0.14     1 
0130323537   40.06985    -74.26389     0.37      0.03     0.37     1 
0130323538   40.06961    -74.22696     0.07      0.05     0.08     1 
0130323539   40.06936    -74.19002    -0.05     -0.00     0.05     1 
0130323540   40.06910    -74.15308    -0.06      0.06     0.08     1 
0130323541   40.06882    -74.11615     0.08      0.03     0.08     1 
0130323542   40.06853    -74.07921    -0.07     -0.07     0.10     1 
0130323543   40.06823    -74.04228    -0.05     -0.03     0.05     1 
0130323605   40.04580    -74.52264     0.23      0.05     0.23     1 
0130323606   40.04564    -74.48572     0.04     -0.02     0.05     1 
0130323607   40.04548    -74.44879     0.14      0.07     0.15     1 
0130323608   40.04529    -74.41187    -0.07      0.05     0.08     1 
0130323609   40.04510    -74.37494     0.01     -0.08     0.08     1 
0130323610   40.04489    -74.33801     0.08     -0.01     0.09     1 
0130323611   40.04468    -74.30109     0.21      0.03     0.21     1 
0130323612   40.04445    -74.26417    -0.09      0.13     0.16     1 
0130323614   40.04396    -74.19032    -0.01      0.01     0.02     1 
0130323615   40.04369    -74.15340     0.08     -0.01     0.08     1 
0130323616   40.04342    -74.11648     0.10      0.07     0.12     1 
0130323617   40.04313    -74.07955     0.00      0.01     0.01     1 
0130323618   40.04283    -74.04264    -0.02      0.01     0.02     1 
0130323680   40.02040    -74.52282    -0.01     -0.01     0.01     1 
0130323681   40.02024    -74.48591    -0.01     -0.00     0.01     1 
0130323682   40.02007    -74.44899     0.06     -0.02     0.07     1 
0130323683   40.01989    -74.41208    -0.05     -0.06     0.08     1 
0130323684   40.01969    -74.37517     0.10      0.01     0.10     1 
0130323685   40.01949    -74.33826    -0.03     -0.03     0.04     1 
0130323686   40.01927    -74.30135     0.07      0.02     0.08     1 
0130323687   40.01904    -74.26444     0.23     -0.32     0.39     1 
0130323688   40.01880    -74.22753     0.19     -0.02     0.20     1 
0130323689   40.01855    -74.19062     0.15     -0.01     0.15     1 
0130323690   40.01829    -74.15371     0.05     -0.02     0.05     1 
0130323691   40.01801    -74.11680    -0.09     -0.01     0.09     1 
0130323692   40.01772    -74.07990    -0.06     -0.04     0.07     1 
0130323755   39.99499    -74.52300    -0.07     -0.10     0.12     1 
0130323756   39.99483    -74.48610     0.00     -0.11     0.11     1 
0130323757   39.99466    -74.44920    -0.01     -0.06     0.06     1 
0130323758   39.99448    -74.41230     0.05     -0.02     0.05     1 
0130323759   39.99429    -74.37540     0.13     -0.04     0.13     1 
0130323760   39.99408    -74.33851    -0.09     -0.07     0.12     1 
0130323761   39.99387    -74.30161    -0.11      0.02     0.11     1 
0130323762   39.99364    -74.26471     0.01      0.03     0.03     1 
0130323763   39.99340    -74.22782     0.15      0.02     0.15     1 
0130323764   39.99315    -74.19092     0.10     -0.02     0.10     1 
0130323765   39.99288    -74.15403    -0.00      0.02     0.02     1 
0130323766   39.99261    -74.11713    -0.01     -0.00     0.01     1 
0130323767   39.99232    -74.08024    -0.06     -0.02     0.06     1 
0130323830   39.96958    -74.52317     0.07     -0.05     0.08     1 
0130323831   39.96943    -74.48629    -0.17     -0.10     0.20     1 
0130323832   39.96925    -74.44940     0.03     -0.05     0.06     1 
0130323833   39.96907    -74.41252    -0.01     -0.02     0.02     1 
0130323834   39.96888    -74.37564     0.07     -0.03     0.08     1 
0130323835   39.96868    -74.33875     0.06     -0.01     0.06     1 
0130323836   39.96846    -74.30187     0.03      0.03     0.05     1 
0130323837   39.96823    -74.26498     0.02     -0.01     0.02     1 
0130323838   39.96799    -74.22810     0.12      0.01     0.12     1 
0130323839   39.96774    -74.19122     0.04     -0.00     0.04     1 
0130323840   39.96748    -74.15434     0.26      0.00     0.26     1 
0130323841   39.96720    -74.11746    -0.06     -0.02     0.07     1 
0130323842   39.96692    -74.08058    -0.03      0.04     0.06     1 
0130323904   39.94432    -74.56022    -0.06     -0.07     0.10     1 
0130323905   39.94418    -74.52335    -0.03     -0.11     0.11     1 
0130323906   39.94402    -74.48648    -0.12     -0.04     0.13     1 
0130323907   39.94385    -74.44961     0.11     -0.05     0.12     1 
0130323908   39.94367    -74.41274     0.02      0.01     0.03     1 
0130323909   39.94347    -74.37587     0.12     -0.04     0.12     1 
0130323910   39.94327    -74.33900     0.10      0.07     0.12     1 
0130323911   39.94306    -74.30213     0.08      0.00     0.08     1 
0130323912   39.94283    -74.26526     0.12      0.04     0.13     1 
0130323913   39.94259    -74.22839     0.06     -0.02     0.06     1 
0130323914   39.94234    -74.19152     0.00     -0.00     0.00     1 
0130323915   39.94207    -74.15465    -0.07     -0.06     0.09     1 
0130323917   39.94151    -74.08092    -0.03      0.01     0.03     1 
0130323979   39.91891    -74.56038     0.14      0.06     0.15     1 
0130323980   39.91877    -74.52353     0.08      0.02     0.08     1 
0130323981   39.91861    -74.48667     0.13      0.01     0.13     1 
0130323982   39.91844    -74.44981    -0.17     -0.02     0.17     1 
0130323983   39.91826    -74.41295     0.10     -0.03     0.10     1 
0130323984   39.91807    -74.37610     0.08     -0.01     0.08     1 
0130323985   39.91786    -74.33924    -0.01     -0.10     0.10     1 
0130323986   39.91765    -74.30238     0.01     -0.02     0.02     1 
0130323987   39.91742    -74.26553     0.10      0.05     0.11     1 
0130323988   39.91718    -74.22867     0.15      0.00     0.15     1 
0130323989   39.91693    -74.19182     0.00      0.01     0.01     1 
0130323990   39.91667    -74.15497     0.24      0.06     0.25     1 
0130323991   39.91639    -74.11811    -0.05      0.02     0.06     1 
0130324054   39.89351    -74.56055    -0.03     -0.17     0.17     1 
0130324055   39.89336    -74.52370     0.03     -0.02     0.03     1 
0130324056   39.89320    -74.48686    -0.07     -0.04     0.08     1 
0130324057   39.89303    -74.45001     0.02      0.04     0.05     1 
0130324058   39.89285    -74.41317     0.12     -0.08     0.15     1 
0130324059   39.89266    -74.37633    -0.00      0.04     0.04     1 
0130324060   39.89246    -74.33948     0.01      0.06     0.06     1 
0130324061   39.89224    -74.30264    -0.06      0.25     0.25     1 
0130324062   39.89202    -74.26580     0.01      0.06     0.06     1 
0130324063   39.89178    -74.22896    -0.02     -0.08     0.08     1 
0130324064   39.89153    -74.19212     0.19     -0.03     0.19     1 
0130324065   39.89126    -74.15528     0.23     -0.04     0.23     1 
0130324129   39.86810    -74.56071     0.08     -0.03     0.08     1 
0130324130   39.86795    -74.52388    -0.00     -0.01     0.01     1 
0130324131   39.86780    -74.48705     0.11      0.02     0.11     1 
0130324133   39.86745    -74.41339     0.18     -0.00     0.18     1 
0130324134   39.86726    -74.37656     0.02     -0.03     0.04     1 
0130324135   39.86705    -74.33973     0.03     -0.08     0.08     1 
0130324136   39.86684    -74.30290     0.31     -0.07     0.32     1 
0130324137   39.86661    -74.26607     0.01     -0.06     0.07     1 
0130324138   39.86637    -74.22924     0.00      0.08     0.08     1 
0130324139   39.86612    -74.19242     0.18     -0.22     0.29     1 
0130324140   39.86586    -74.15559     0.05      0.05     0.07     1 
0130324141   39.86558    -74.11876     0.14     -0.24     0.27     1 
0130324204   39.84269    -74.56087     0.04      0.01     0.04     1 
0130324205   39.84255    -74.52405     0.08      0.00     0.08     1 
0130324206   39.84239    -74.48723     0.03      0.06     0.06     1 
0130324207   39.84222    -74.45042     0.12      0.06     0.14     1 
0130324208   39.84204    -74.41360     0.17      0.10     0.19     1 
0130324209   39.84185    -74.37679     0.11     -0.04     0.11     1 
0130324210   39.84164    -74.33997    -0.00      0.04     0.04     1 
0130324211   39.84143    -74.30316     0.05      0.01     0.05     1 
0130324212   39.84120    -74.26634     0.06     -0.00     0.06     1 
0130324213   39.84096    -74.22953    -0.01      0.00     0.01     1 
0130324214   39.84071    -74.19271     0.07      0.02     0.07     1 
0130324215   39.84045    -74.15590    -0.06     -0.01     0.07     1 
0130324278   39.81742    -74.59784     0.00     -0.05     0.05     1 
0130324279   39.81728    -74.56103     0.01     -0.01     0.02     1 
0130324280   39.81714    -74.52423     0.08      0.05     0.09     1 
0130324281   39.81698    -74.48742     0.17      0.02     0.17     1 
0130324282   39.81681    -74.45062     0.03     -0.18     0.18     1 
0130324283   39.81663    -74.41382     0.02      0.04     0.04     1 
0130324284   39.81644    -74.37702    -0.01      0.01     0.02     1 
0130324285   39.81624    -74.34022     0.09     -0.01     0.09     1 
0130324286   39.81602    -74.30341     0.04      0.05     0.07     1 
0130324287   39.81580    -74.26661     0.08      0.04     0.09     1 
0130324288   39.81556    -74.22981     0.01      0.03     0.03     1 
0130324289   39.81531    -74.19301    -0.06      0.02     0.06     1 
0130324290   39.81505    -74.15621    -0.01     -0.14     0.14     1 
0130324353   39.79201    -74.59798     0.11      0.08     0.14     1 
0130324354   39.79188    -74.56119    -0.10      0.08     0.13     1 
0130324355   39.79173    -74.52440     0.08     -0.03     0.09     1 
0130324356   39.79158    -74.48761     0.07     -0.05     0.08     1 
0130324357   39.79141    -74.45082     0.13      0.02     0.13     1 
0130324358   39.79123    -74.41403     0.04      0.02     0.04     1 
0130324359   39.79104    -74.37725    -0.03     -0.02     0.04     1 
0130324360   39.79083    -74.34046    -0.00      0.01     0.01     1 
0130324361   39.79062    -74.30367    -0.07     -0.17     0.19     1 
0130324362   39.79039    -74.26688     0.10      0.07     0.12     1 
0130324364   39.78990    -74.19331     0.09      0.03     0.10     1 
0130324366   39.78937    -74.11974     0.04      0.13     0.14     1 
0130324428   39.76660    -74.59813     0.04      0.10     0.11     1 
0130324429   39.76647    -74.56135     0.21     -0.06     0.22     1 
0130324430   39.76632    -74.52458    -0.04      0.01     0.05     1 
0130324431   39.76617    -74.48780     0.13      0.06     0.14     1 
0130324432   39.76600    -74.45103     0.06      0.14     0.16     1 
0130324433   39.76582    -74.41425     0.06      0.06     0.09     1 
0130324434   39.76563    -74.37748    -0.00      0.00     0.01     1 
0130324435   39.76543    -74.34070    -0.00      0.06     0.06     1 
0130324436   39.76521    -74.30393     0.21     -0.03     0.22     1 
0130324438   39.76474    -74.23038     0.24     -0.01     0.24     1 
0130324439   39.76450    -74.19360    -0.00      0.02     0.02     1 
0130324441   39.76396    -74.12006     0.13     -0.01     0.13     1 
0130324503   39.74119    -74.59828     0.15      0.09     0.17     1 
0130324504   39.74106    -74.56151     0.07      0.12     0.14     1 
0130324505   39.74092    -74.52475    -0.14     -0.03     0.15     1 
0130324506   39.74076    -74.48799    -0.06      0.02     0.07     1 
0130324507   39.74059    -74.45123     0.09      0.09     0.13     1 
0130324508   39.74041    -74.41447     0.02     -0.01     0.02     1 
0130324509   39.74022    -74.37770     0.28     -0.20     0.35     1 
0130324510   39.74002    -74.34094     0.18      0.06     0.19     1 
0130324511   39.73980    -74.30418     0.15      0.02     0.15     1 
0130324512   39.73958    -74.26742     0.12      0.04     0.12     1 
0130324513   39.73934    -74.23066     0.25      0.06     0.25     1 
0130324514   39.73909    -74.19390    -0.03      0.03     0.04     1 
0130324515   39.73883    -74.15714     0.13      0.11     0.17     1 
0130324516   39.73856    -74.12038     0.03      0.26     0.27     1 
0130324578   39.71578    -74.59843     0.09      0.06     0.11     1 
0130324579   39.71565    -74.56168     0.05      0.01     0.06     1 
0130324580   39.71551    -74.52493     0.06      0.04     0.07     1 
0130324581   39.71535    -74.48818     0.07      0.02     0.07     1 
0130324582   39.71518    -74.45143     0.10      0.10     0.15     1 
0130324583   39.71500    -74.41468    -0.08      0.04     0.09     1 
0130324584   39.71481    -74.37793    -0.16     -0.07     0.18     1 
0130324585   39.71461    -74.34118     0.28      0.17     0.33     1 
0130324586   39.71440    -74.30444     0.08      0.03     0.09     1 
0130324587   39.71417    -74.26769     0.22      0.05     0.22     1 
0130324588   39.71393    -74.23094     0.19      0.12     0.22     1 
0130324589   39.71368    -74.19420     0.04      0.07     0.08     1 
0130324590   39.71342    -74.15745     0.04      0.09     0.10     1 
0130324652   39.69050    -74.63531    -0.01     -0.04     0.05     1 
0130324653   39.69038    -74.59857    -0.12      0.03     0.13     1 
0130324654   39.69024    -74.56184    -0.04     -0.05     0.06     1 
0130324655   39.69010    -74.52510     0.08      0.01     0.08     1 
0130324656   39.68994    -74.48837    -0.12      0.15     0.19     1 
0130324657   39.68978    -74.45163     0.14      0.09     0.16     1 
0130324658   39.68960    -74.41490    -0.01     -0.01     0.01     1 
0130324659   39.68941    -74.37816     0.08      0.08     0.12     1 
0130324660   39.68920    -74.34143    -0.30     -0.15     0.33     1 
0130324662   39.68876    -74.26796     0.21      0.13     0.25     1 
0130324664   39.68828    -74.19449    -0.00      0.05     0.05     1 
0130324732   39.66437    -74.45183     0.14      0.03     0.14     1 
0130324733   39.66419    -74.41511     0.12      0.04     0.13     1 
0130324734   39.66400    -74.37839     0.15      0.02     0.15     1 
0130324735   39.66380    -74.34167    -0.01      0.01     0.01     1 
0130324736   39.66358    -74.30495     0.14      0.02     0.15     1 
0130324737   39.66336    -74.26823     0.05      0.13     0.14     1 
0130324738   39.66312    -74.23151    -0.01      0.06     0.06     1 
0130324739   39.66287    -74.19479     0.04      0.08     0.09     1 
0130324812   39.63795    -74.26849     0.10      0.06     0.12     1 
0130324813   39.63771    -74.23179    -0.20      0.10     0.22     1 
0130324814   39.63746    -74.19508    -0.06      0.05     0.08     1 
----------------------------------------------------------------------
---------------------------------------------------
Total correlated GCPs in Upper Left Quadrant: 552

GCP statistics this quadrant only (in Pixels)
Line residual statistics:
  Mean: 0.034
  Median: 0.026
  Standard Deviation: 0.155

Sample residual statistics:
  Mean: 0.013
  Median: 0.012
  Standard Deviation: 0.080

Quadrant RMSE: 0.178

---------------------------------------------------
Total correlated GCPs in Upper Right Quadrant: 185

GCP statistics this quadrant only (in Pixels)
Line residual statistics:
  Mean: 0.062
  Median: 0.076
  Standard Deviation: 0.129

Sample residual statistics:
  Mean: 0.017
  Median: 0.019
  Standard Deviation: 0.069

Quadrant RMSE: 0.160

---------------------------------------------------
Total correlated GCPs in Lower Left Quadrant: 385

GCP statistics this quadrant only (in Pixels)
Line residual statistics:
  Mean: 0.099
  Median: 0.092
  Standard Deviation: 0.127

Sample residual statistics:
  Mean: -0.006
  Median: 0.000
  Standard Deviation: 0.074

Quadrant RMSE: 0.177

---------------------------------------------------
Total correlated GCPs in Lower Right Quadrant: 0

GCP statistics this quadrant only (in Pixels)
Line residual statistics:
  Mean: 0.000
  Median: 0.000
  Standard Deviation: 0.000

Sample residual statistics:
  Mean: 0.000
  Median: 0.000
  Standard Deviation: 0.000

Quadrant RMSE: 0.000

---------------------------------------------------
---------------------------------------------------
Total correlated GCPs in scene: 1122

GCP statistics entire scene (in Pixels)
Line residual statistics:
  Mean: 0.061
  Median: 0.060
  Standard Deviation: 0.145

Sample residual statistics:
  Mean: 0.007
  Median: 0.008
  Standard Deviation: 0.077

Scene RMSE: 0.175

