Thu. Sep.  1, 2016             LANDSAT 5                 Time: 08:59
                         Image Assessment System
                           GCP Residual Report
----------------------------------------------------------------------------
WOID: L19368917            Path/Row: 013 / 032

L0R Reference Image: L51EDC1010185150100_HDF.162451312
Acquisition Date: Jul 04, 2010

Band Number:  5

GLS date for each WRS-2 path/row used:
Path  Row   Date
013   032   10-20-2000


Point_ID         Latitude  Longitude    Height       Across    Along    Residual  Residual
                                                      Scan      Scan      In y      in x
                                                    Residual  Residual    dir       dir
                   (deg)     (deg)     (meters)     (meters)  (meters)  (meters)  (meters)

0130320001_01   40.899350  -72.547400    -5.607       3.848    -2.259     4.171    -1.582
0130320002_01   40.985966  -74.209579   109.451      -3.464     1.959    -3.741     1.353
0130320004_01   41.050400  -73.531986   -15.842      -1.607     2.055    -1.928     1.757
0130320008_01   40.742508  -74.255819    36.008      -3.338     5.458    -4.205     4.821
0130320010_01   40.471312  -74.278993    -4.971      -4.299    -0.997    -4.069    -1.704
0130320011_01   40.320072  -74.446563    15.000       0.279     1.572     0.012     1.597
0130320012_01   40.704794  -73.791026   -15.364       1.954    -2.748     2.387    -2.381
0130320014_01   41.031222  -73.762948    33.541      -4.033     0.690    -4.090     0.007
0130320015_01   40.849362  -73.315786    24.221      -6.642     3.584    -7.147     2.420
0130320016_01   40.246943  -74.117011    -0.020      -4.598    -0.411    -4.462    -1.178
0130320018_01   40.689480  -74.096283   -23.540       1.704     3.082     1.163     3.323
0130320019_01   40.348265  -74.045041   -22.951      -4.921    -1.270    -4.636    -2.078
0130320020_01   40.017080  -74.100998   -32.000       3.006     0.010     2.961     0.515
0130320021_01   40.830719  -73.926433   -25.000       2.162    -1.223     2.336    -0.844
0130320022_01   40.684149  -73.833291   -20.021       2.260    -0.785     2.359    -0.395
0130320023_01   40.627324  -74.207084   -29.527       3.800    -1.389     3.979    -0.732
0130320024_01   40.707930  -73.860221   -11.161      -1.821    -0.946    -1.636    -1.237
0130320025_01   40.799067  -73.664494    23.537       0.117     0.029     0.111     0.048
0130320026_01   40.761740  -73.733483    20.856       1.003     1.131     0.799     1.282
0130320027_01   40.706608  -73.311220   -27.502      -0.324     1.615    -0.590     1.538
0130320028_01   40.815703  -72.604548   -29.085      -4.068     5.271    -4.894     4.515
0130320029_01   40.857797  -73.395655    36.005       1.697     0.506     1.588     0.783
0130320031_01   40.559868  -74.308164    -2.814      -2.963    -2.427    -2.512    -2.888
0130320032_01   40.761611  -73.377712    17.883      -6.976     4.306    -7.597     3.076
0130320033_01   40.949976  -72.368043    21.203      -3.598     2.386    -3.948     1.749
0130320034_01   40.466811  -74.389095   -32.000       3.947    -4.437     4.637    -3.712
0130320035_01   40.997535  -73.674050    -2.958      -1.404     3.125    -1.906     2.845
0130320036_01   40.888862  -73.901991   -15.490      -3.056    -1.083    -2.830    -1.578
0130320037_01   40.440476  -74.232983   -21.941      -5.311     4.213    -5.942     3.262
0130320038_01   40.672778  -74.004221   -30.000       2.336    -1.624     2.576    -1.210
0130320040_01   41.137758  -73.265178   -27.482       3.069    -3.796     3.660    -3.229
0130320042_01   40.929434  -72.332519   -24.015       0.842    -0.953     0.989    -0.799
0130320044_01   40.028130  -74.336771   -11.875       1.259    -2.549     1.671    -2.301
0130320046_01   40.254409  -74.299644    18.888      -1.675    -2.917    -1.159    -3.156
0130320047_01   40.880966  -73.278311    13.341       0.724     5.318    -0.176     5.363
0130320048_01   40.901465  -72.303373   -28.668       5.303     4.217     4.524     5.048
0130320050_01   39.798738  -74.181290   -31.000       0.287    -1.120     0.473    -1.055
0130320051_01   40.939614  -72.203474   -26.483      -4.923    -1.569    -4.593    -2.373
0130320052_01   39.950177  -74.537004   -11.575       2.768    -3.987     3.401    -3.464
0130320054_01   40.703019  -73.251655   -30.243       3.241    -5.077     4.047    -4.462
0130320055_01   40.651400  -74.099636   -31.000       4.930     0.847     4.718     1.661
0130320059_01   40.839950  -72.474518   -32.035      -3.836     1.409    -4.018     0.746
0130320060_01   40.794862  -74.027647   -29.864      -2.336    -3.281    -1.752    -3.625
0130320061_01   41.083545  -73.462677   -15.734      -4.759    -2.133    -4.334    -2.898
0130320063_01   40.876284  -72.371322   -27.650      -0.062     6.465    -1.144     6.364
0130320066_01   40.928985  -74.139706   -20.218       5.855     1.778     5.474     2.731
0130320067_01   40.063206  -74.055365   -31.609       2.895    -0.509     2.940    -0.014
0130320071_01   40.773303  -73.441769    28.159      -6.401     6.156    -7.341     4.996
0130320073_01   40.943221  -72.577493   -28.992       4.675    -0.817     4.746    -0.023
0130320074_01   40.910900  -74.179838     3.081       2.188     0.410     2.088     0.769
0130320076_01   40.946991  -72.439437   -30.802       6.074    -2.746     6.449    -1.690
0130320077_01   40.950996  -72.171632   -30.218       3.842    -1.488     4.037    -0.823
0130320078_01   40.545627  -74.235682   -14.045       2.476    -1.568     2.704    -1.131
0130320079_01   40.881471  -74.043115   -29.200       0.971     0.417     0.888     0.573
0130320080_01   39.671251  -74.156914   -31.000       4.450     2.117     4.029     2.837
0130320081_01   40.857971  -73.640532   -28.120       1.062     2.851     0.570     2.988
0130320083_01   40.853379  -73.922152   -30.795       4.097    -2.962     4.535    -2.234
0130320085_01   39.891523  -74.273525   -15.133      -1.864     4.581    -2.609     4.201
0130320086_01   40.056895  -74.111730   -31.615       3.656     1.569     3.339     2.161
0130320087_01   40.728748  -73.614036   -10.000       4.788     1.479     4.472     2.260
0130320088_01   40.063315  -74.345224    -3.424      -0.210    -4.357     0.528    -4.329
0130320089_01   39.737284  -74.496768    -4.243      -0.481     4.038    -1.155     3.898
0130320090_01   40.100594  -74.033378   -29.946      -0.133    -3.393     0.441    -3.366
0130320091_01   40.964243  -72.562108   -21.427       3.989    -0.995     4.100    -0.313
0130320092_01   40.783988  -73.900165   -28.172       3.838    -1.535     4.041    -0.871
0130320093_01   40.897519  -72.877234    -6.312      -3.625    -0.379    -3.511    -0.981
0130320094_01   40.768713  -72.739878   -29.624      -0.515     2.255    -0.886     2.137
0130320097_01   40.439273  -74.345128   -24.866      -2.859     0.843    -2.959     0.351
0130320098_01   40.698016  -73.954843   -27.807       0.067    -3.144     0.594    -3.088
0130320099_01   40.019276  -74.452868    22.019      -0.622    -0.674    -0.499    -0.768
0130320101_01   40.629209  -73.748405   -29.343       3.662    -3.824     4.252    -3.156
0130320102_01   40.875895  -72.537230   -18.903      -1.875    -0.080    -1.835    -0.394
0130320103_01   40.822648  -73.960004   -32.000       0.739    -0.834     0.869    -0.699
0130320105_01   40.241116  -74.248640     5.368      -3.607    -0.379    -3.490    -0.979
0130320108_01   40.730650  -72.869760   -29.035      -5.635    -0.376    -5.493    -1.316
0130320109_01   40.669321  -73.349073   -30.091       4.678    -1.971     4.942    -1.159
0130320110_01   40.091202  -74.221786   -21.000      -0.372     4.105    -1.058     3.983
0130320111_01   40.738885  -74.160992   -25.810       3.708     1.946     3.329     2.539
0130320113_01   40.731814  -73.492118    -4.000      -0.622    -0.138    -0.590    -0.240
0130320114_01   40.607318  -74.061930   -16.425      -4.291    -0.303    -4.178    -1.017
0130320115_01   40.917360  -72.568463   -30.156       1.728    -1.039     1.877    -0.736
0130320116_01   40.702132  -73.671759   -17.716      -1.583    -1.414    -1.323    -1.659
0130320117_01   40.776091  -74.078402   -30.000       5.844    -2.549     6.188    -1.535
0130320118_01   39.862333  -74.318378    11.564      -0.933     0.864    -1.064     0.694
0130320119_01   40.563395  -74.225203   -30.000       3.185    -2.334     3.532    -1.767
0130320120_01   40.896528  -72.504059   -30.689      -1.009    -3.357    -0.434    -3.480
0130320121_01   40.680789  -73.435051   -27.000       1.767     0.112     1.723     0.407
0130320122_01   39.777713  -74.115680   -31.000       2.457    -5.417     3.336    -4.925
0130320123_01   39.852418  -74.381952    12.098       0.555    -3.822     1.192    -3.673
0130320126_01   40.842333  -73.666829   -27.616      -4.085     1.146    -4.219     0.445
0130320127_01   39.940846  -74.171874   -31.275      -1.226     0.410    -1.277     0.198
0130320129_01   40.819865  -72.716444   -26.181      -0.665    -1.660    -0.378    -1.748
0130320131_01   40.680451  -73.315076   -30.082       6.081    -3.459     6.574    -2.391
0130320134_01   40.956359  -72.248032   -20.000      -2.453    -1.085    -2.238    -1.481
0130320135_01   40.756389  -73.954640   -26.334      -0.921    -1.931    -0.583    -2.058
0130320138_01   40.768890  -74.282184    68.379      -3.236     2.851    -3.666     2.268
0130320139_01   40.535371  -74.324711    27.678      -4.928     3.642    -5.467     2.764
0130320140_01   40.787891  -74.002503    -7.496       1.675    -2.594     2.086    -2.277
0130320141_01   39.760479  -74.550185    -8.647       0.680     4.451    -0.080     4.501
0130320142_01   40.186610  -74.009252   -30.898       0.556    -5.127     1.412    -4.960
0130320145_01   40.841022  -73.693899   -21.153      -0.502     3.443    -1.071     3.309
0130320147_01   40.693247  -74.129254   -27.591       0.896    -3.069     1.399    -2.875
0130320148_01   40.930916  -73.054675    26.962      -3.689     2.200    -4.005     1.551
0130320150_01   40.915771  -73.406010   -29.813      -0.865    -0.825    -0.714    -0.958
0130320153_01   39.912061  -74.191174   -20.784       0.669     0.919     0.504     1.018
0130320156_01   40.105804  -74.110038   -22.342      -4.030     0.667    -4.084    -0.020
0130320157_01   39.763305  -74.513741    -9.916      -0.776     3.621    -1.376     3.438
0130320158_01   40.790529  -72.937891   -10.194       1.885    -0.206     1.893     0.113
0130320159_01   40.201374  -74.437308    54.059      -5.860    -1.440    -5.531    -2.403
0130320160_01   40.933678  -73.090583     4.604      -2.768     1.225    -2.934     0.744
0130320161_01   40.809960  -72.776533   -20.008      -3.505    -0.968    -3.294    -1.542
0130320162_01   40.900078  -72.383912   -17.865       3.055    -1.522     3.267    -0.988
0130320163_01   40.845585  -74.050038   -30.000       1.088     0.381     1.009     0.558
0130320165_01   40.692493  -74.296142    -3.000      -2.147     4.622    -2.891     4.196
0130320166_01   40.016077  -74.184675   -12.000      -5.236     3.666    -5.778     2.732
0130320167_01   40.916827  -72.727714   -19.271       0.469    -2.194     0.829    -2.085
0130320168_01   39.978490  -74.074451   -31.558       1.198     2.228     0.805     2.397
0130320169_01   39.921786  -74.081534   -32.589      -0.184     3.511    -0.773     3.429
0130320171_01   39.990431  -74.314646    -9.384       4.971    -0.638     5.007     0.208
0130320172_01   40.899444  -73.359390   -31.400       0.625     0.562     0.523     0.658
0130320174_01   40.937192  -73.491733   -31.420       1.302     6.669     0.167     6.792
0130320175_01   40.872765  -72.883009    -0.176      -4.346     2.022    -4.623     1.266
0130320176_01   40.926202  -72.616592   -30.518       4.369    -5.874     5.290    -5.061
0130320177_01   40.664484  -74.187478   -22.741       1.357    -0.561     1.433    -0.326
0130320178_01   40.705311  -73.925254   -25.051       1.086     0.061     1.060     0.242
0130320180_01   40.917522  -72.450905   -33.449       4.059    -0.719     4.123    -0.029
0130320181_01   39.928303  -74.234517   -25.016      -1.401     0.030    -1.385    -0.206
0130320182_01   39.694903  -74.449840     6.929      -0.320     6.012    -1.330     5.871
0130320183_01   39.739425  -74.380511    -6.000      -4.527     3.817    -5.105     2.999
0130320186_01   40.910012  -73.542577   -32.000       2.019    -0.568     2.085    -0.222
0130320187_01   41.078182  -74.142764    72.984      -3.772    -0.328    -3.661    -0.953
0130320188_01   40.865901  -74.198549    87.717      -4.204     5.369    -5.041     4.588
0130320189_01   40.955158  -73.401142   -31.490       4.849     0.577     4.683     1.380
0130320190_01   40.872204  -74.135814   -17.651       4.176    -2.421     4.522    -1.689
0130320191_01   40.907967  -73.509495   -31.552       0.309    -2.812     0.776    -2.720
0130320193_01   40.650922  -73.485425   -31.895       1.992    -2.344     2.357    -1.977
0130320194_01   40.833785  -72.669359   -15.875      -4.363    -3.570    -3.704    -4.251
0130320196_01   40.812603  -74.016361   -29.000       5.124    -4.748     5.847    -3.823
0130320198_01   40.705603  -73.816936   -13.366       1.345    -1.607     1.595    -1.358
0130320199_01   40.977429  -72.471774   -30.925       4.549     0.069     4.474     0.830
0130320202_01   40.807405  -73.022012    -9.880      -2.625    -4.628    -1.813    -5.003
0130320203_01   41.122474  -73.547177    34.697      -3.750     3.321    -4.252     2.647
0130320204_01   40.769089  -74.152081    -0.606       1.115     1.345     0.874     1.512
0130320205_01   39.979539  -74.177731   -18.677       2.436    -2.349     2.797    -1.905
0130320207_01   40.793519  -73.936634   -29.778       1.523    -5.080     2.354    -4.753
0130320208_01   40.601214  -73.571644   -33.444       3.726    -4.911     4.497    -4.216
0130320209_01   40.839389  -74.156879     8.131       1.648     0.958     1.465     1.220
0130320210_01   39.810792  -74.434897     9.651       0.106    -4.607     0.883    -4.522
0130320211_01   40.675652  -73.495869   -26.000      -1.432     2.110    -1.765     1.839
0130320213_01   39.685678  -74.502041   -18.889       3.826     0.933     3.613     1.564
0130320215_01   40.747555  -72.998914   -27.739       6.015    -3.995     6.599    -2.930
0130320217_01   40.885661  -72.344248   -28.139      -1.262     4.204    -1.948     3.934
0130320218_01   40.695822  -74.225091   -13.310       0.375    -0.209     0.405    -0.143
0130320219_01   40.947778  -72.936569    28.548      -5.132     0.013    -5.061    -0.846
0130320222_01   40.725609  -74.194195    -5.529       3.565    -1.472     3.762    -0.854
0130320223_01   40.057509  -74.157801   -23.011      -0.631     1.018    -0.793     0.897
0130320224_01   40.637419  -74.074636   -28.778      -0.103    -3.295     0.453    -3.265
0130320226_01   40.717149  -73.426031   -15.000       5.181    -1.247     5.317    -0.361
0130320227_01   39.679411  -74.330674   -24.707       0.835     2.555     0.392     2.658
0130320228_01   39.810248  -74.203935   -31.493       2.264    -1.384     2.465    -0.982
0130320231_01   39.933407  -74.271678    -2.177      -5.528     0.560    -5.541    -0.379
0130320234_01   40.727253  -73.694350    -4.845      -0.216     0.529    -0.301     0.485
0130320235_01   40.713223  -73.560018   -12.000      -1.067    -1.235    -0.844    -1.396
0130320238_01   40.852851  -73.983022    51.961      -1.787     3.282    -2.311     2.936
0130320239_01   40.908143  -73.234863   -32.000      -5.498     3.399    -5.989     2.430
0130320240_01   40.954851  -72.751360     2.228      -0.397    -2.577     0.040    -2.607
0130320241_01   40.919174  -72.682748   -23.991      -0.817     0.722    -0.926     0.575
0130320242_01   40.813287  -72.956393    -3.018      -1.410     5.831    -2.367     5.512
0130320244_01   39.688325  -74.241723   -30.000      -5.238     1.406    -5.399     0.503
0130320245_01   40.858243  -72.571340   -21.524      -6.792    -1.492    -6.448    -2.610
0130320246_01   39.842550  -74.147108   -33.000       2.616    -2.807     3.052    -2.326
0130320249_01   40.704794  -74.193381   -29.595      -0.336     0.384    -0.394     0.322
0130320250_01   39.769614  -74.416319     0.927      -1.495    -1.876    -1.155    -2.101
0130320251_01   40.868023  -73.011309    -3.641      -1.436     6.838    -2.561     6.501
0130320252_01   39.992080  -74.538829    -3.391       1.018    -4.414     1.748    -4.179
0130320255_01   40.966998  -72.723141    10.382      -0.131    -0.544    -0.038    -0.558
0130320256_01   40.877729  -73.984778   -28.275      -0.863     1.347    -1.076     1.183
0130320258_01   40.724402  -73.116471   -30.610       4.185     2.086     3.776     2.758
