==============================================================================
==============================================================================
Wed. Aug. 31 2016                  LANDSAT 5                       Time: 20:05
                            Image Assessment System
                            GEOMETRIC VERIFY Report
==============================================================================
Order ID: 0501608305276_09031                          Path / Row - 13 / 32
Reference Image: L51EDC1010249150100_HDF.L1G

Color mapping per rank
----------------------
Rank  1 is Green: total residual <= 0.5
Rank  2 is Cyan: 0.5 < total residual <=  1
Rank  3 is Blue:  1 < total residual <=  2
Rank  4 is Yellow:  2 < total residual <=  3
Rank  5 is Red:  3 < total residual

Percentage of residuals by rank
-------------------------------
Rank   1 -- 100.0%
Rank   2 --  0.0%
Rank   3 --  0.0%
Rank   4 --  0.0%
Rank   5 --  0.0%

       GCP    Latitude    Longitude  Sample   Line     Total    Rank
        ID                           Residual Residual Residual
              (Degree)    (Degree)   (Pixel)  (Pixel)  (Pixel)
----------------------------------------------------------------------
0130320092   41.24840    -74.13804    -0.05      0.03     0.06     1 
0130320093   41.24811    -74.10044    -0.05      0.02     0.05     1 
0130320094   41.24781    -74.06285     0.10      0.05     0.11     1 
0130320166   41.22327    -74.17595     0.15     -0.01     0.15     1 
0130320167   41.22299    -74.13837     0.07     -0.05     0.09     1 
0130320168   41.22271    -74.10079     0.22      0.04     0.22     1 
0130320169   41.22241    -74.06322     0.11     -0.03     0.11     1 
0130320170   41.22210    -74.02564     0.20     -0.02     0.20     1 
0130320171   41.22177    -73.98807     0.01      0.04     0.04     1 
0130320173   41.22109    -73.91292    -0.02      0.12     0.12     1 
0130320174   41.22073    -73.87534     0.19     -0.10     0.21     1 
0130320175   41.22035    -73.83777     0.05     -0.07     0.08     1 
0130320177   41.21957    -73.76263     0.03     -0.08     0.09     1 
0130320241   41.19787    -74.17627    -0.01     -0.06     0.06     1 
0130320242   41.19760    -74.13870    -0.05     -0.00     0.05     1 
0130320243   41.19731    -74.10114     0.07     -0.06     0.09     1 
0130320244   41.19701    -74.06358     0.13      0.19     0.23     1 
0130320245   41.19670    -74.02602     0.13      0.04     0.14     1 
0130320246   41.19637    -73.98846     0.13      0.11     0.17     1 
0130320247   41.19604    -73.95090     0.03     -0.04     0.05     1 
0130320249   41.19533    -73.87578     0.03      0.08     0.08     1 
0130320250   41.19496    -73.83822     0.03      0.00     0.03     1 
0130320251   41.19457    -73.80066     0.09      0.05     0.11     1 
0130320252   41.19417    -73.76310     0.10     -0.01     0.10     1 
0130320253   41.19376    -73.72555     0.10      0.03     0.10     1 
0130320254   41.19334    -73.68799     0.09     -0.01     0.09     1 
0130320255   41.19291    -73.65044     0.02      0.04     0.04     1 
0130320256   41.19246    -73.61289     0.04      0.00     0.04     1 
0130320316   41.17247    -74.17658     0.14     -0.07     0.16     1 
0130320317   41.17220    -74.13904     0.12     -0.03     0.12     1 
0130320318   41.17191    -74.10149     0.09      0.00     0.09     1 
0130320319   41.17161    -74.06394     0.23      0.06     0.24     1 
0130320320   41.17130    -74.02639     0.23      0.11     0.26     1 
0130320321   41.17098    -73.98885     0.20      0.03     0.21     1 
0130320322   41.17064    -73.95130     0.06      0.02     0.07     1 
0130320325   41.16956    -73.83867     0.12      0.05     0.13     1 
0130320326   41.16917    -73.80112     0.12     -0.03     0.12     1 
0130320327   41.16878    -73.76358     0.11      0.09     0.14     1 
0130320328   41.16837    -73.72604     0.18      0.00     0.18     1 
0130320329   41.16795    -73.68850     0.00      0.03     0.03     1 
0130320330   41.16751    -73.65096     0.00      0.06     0.06     1 
0130320331   41.16707    -73.61342    -0.02      0.16     0.16     1 
0130320332   41.16661    -73.57588     0.01     -0.01     0.02     1 
0130320333   41.16614    -73.53835    -0.05      0.10     0.12     1 
0130320334   41.16566    -73.50081     0.09      0.00     0.09     1 
0130320335   41.16516    -73.46327     0.08     -0.01     0.08     1 
0130320336   41.16466    -73.42574     0.07      0.02     0.08     1 
0130320391   41.14707    -74.17690     0.14      0.01     0.14     1 
0130320392   41.14680    -74.13937     0.19     -0.04     0.19     1 
0130320393   41.14651    -74.10183     0.16      0.02     0.16     1 
0130320394   41.14621    -74.06430     0.19      0.01     0.19     1 
0130320395   41.14590    -74.02677     0.21      0.05     0.22     1 
0130320396   41.14558    -73.98924     0.13     -0.01     0.13     1 
0130320397   41.14524    -73.95171     0.06      0.04     0.07     1 
0130320398   41.14489    -73.91418     0.10     -0.05     0.12     1 
0130320399   41.14453    -73.87664    -0.14      0.09     0.17     1 
0130320400   41.14416    -73.83912     0.12      0.08     0.14     1 
0130320401   41.14378    -73.80159     0.10      0.08     0.13     1 
0130320402   41.14338    -73.76406     0.04      0.07     0.08     1 
0130320403   41.14297    -73.72653     0.10      0.07     0.12     1 
0130320404   41.14255    -73.68901     0.11      0.04     0.12     1 
0130320405   41.14212    -73.65148     0.12      0.00     0.12     1 
0130320406   41.14167    -73.61396     0.13      0.09     0.15     1 
0130320407   41.14122    -73.57643     0.03      0.03     0.04     1 
0130320408   41.14075    -73.53891     0.19      0.24     0.31     1 
0130320409   41.14026    -73.50139     0.02      0.07     0.07     1 
0130320410   41.13977    -73.46387     0.06      0.09     0.11     1 
0130320411   41.13926    -73.42635    -0.01      0.02     0.02     1 
0130320412   41.13874    -73.38883     0.08      0.03     0.08     1 
0130320413   41.13821    -73.35131     0.02      0.02     0.03     1 
0130320414   41.13767    -73.31379     0.09      0.06     0.10     1 
0130320415   41.13711    -73.27628    -0.12     -0.01     0.12     1 
0130320466   41.12167    -74.17722     0.11      0.06     0.12     1 
0130320467   41.12140    -74.13970    -0.03     -0.04     0.05     1 
0130320468   41.12111    -74.10218     0.21      0.03     0.21     1 
0130320469   41.12081    -74.06466     0.16     -0.06     0.17     1 
0130320470   41.12050    -74.02714     0.14     -0.01     0.14     1 
0130320471   41.12018    -73.98963     0.18      0.05     0.19     1 
0130320472   41.11984    -73.95211     0.04     -0.05     0.07     1 
0130320473   41.11950    -73.91459     0.12     -0.12     0.17     1 
0130320474   41.11914    -73.87708     0.27      0.01     0.27     1 
0130320475   41.11876    -73.83956     0.13      0.01     0.13     1 
0130320476   41.11838    -73.80205     0.15      0.00     0.15     1 
0130320477   41.11798    -73.76454     0.14      0.06     0.15     1 
0130320478   41.11758    -73.72702    -0.00     -0.10     0.10     1 
0130320479   41.11715    -73.68951     0.09     -0.04     0.10     1 
0130320480   41.11672    -73.65200     0.07      0.03     0.07     1 
0130320481   41.11628    -73.61449     0.17      0.04     0.17     1 
0130320482   41.11582    -73.57698     0.04      0.02     0.05     1 
0130320483   41.11535    -73.53947     0.04      0.02     0.04     1 
0130320484   41.11487    -73.50196     0.08      0.10     0.13     1 
0130320485   41.11438    -73.46446     0.10      0.12     0.16     1 
0130320486   41.11387    -73.42695     0.02      0.11     0.11     1 
0130320487   41.11335    -73.38945     0.04     -0.04     0.06     1 
0130320488   41.11282    -73.35195    -0.28     -0.08     0.29     1 
0130320540   41.09653    -74.21504     0.08      0.11     0.14     1 
0130320541   41.09627    -74.17754     0.14      0.09     0.17     1 
0130320542   41.09600    -74.14003     0.08     -0.01     0.08     1 
0130320543   41.09571    -74.10253     0.22     -0.01     0.22     1 
0130320544   41.09541    -74.06502     0.14      0.02     0.14     1 
0130320545   41.09510    -74.02752     0.09     -0.01     0.10     1 
0130320546   41.09478    -73.99002     0.07     -0.06     0.09     1 
0130320547   41.09445    -73.95251    -0.03     -0.02     0.04     1 
0130320548   41.09410    -73.91501     0.02     -0.10     0.10     1 
0130320549   41.09374    -73.87751     0.06     -0.02     0.07     1 
0130320550   41.09337    -73.84001     0.22      0.05     0.22     1 
0130320551   41.09298    -73.80251     0.15      0.06     0.16     1 
0130320553   41.09218    -73.72751    -0.04     -0.03     0.05     1 
0130320554   41.09176    -73.69002     0.15     -0.06     0.16     1 
0130320555   41.09133    -73.65252     0.09      0.06     0.11     1 
0130320556   41.09088    -73.61502     0.11      0.05     0.12     1 
0130320557   41.09043    -73.57753     0.07      0.08     0.11     1 
0130320558   41.08996    -73.54004     0.14      0.04     0.15     1 
0130320559   41.08948    -73.50254     0.15      0.10     0.18     1 
0130320560   41.08898    -73.46505     0.09      0.00     0.09     1 
0130320561   41.08848    -73.42756    -0.02     -0.00     0.02     1 
0130320615   41.07113    -74.21534     0.13     -0.07     0.15     1 
0130320616   41.07087    -74.17785     0.08      0.07     0.11     1 
0130320617   41.07060    -74.14036     0.03     -0.06     0.06     1 
0130320618   41.07031    -74.10287     0.15     -0.01     0.15     1 
0130320619   41.07001    -74.06538     0.20      0.04     0.20     1 
0130320620   41.06970    -74.02789     0.14      0.03     0.14     1 
0130320621   41.06938    -73.99040     0.24      0.04     0.25     1 
0130320624   41.06834    -73.87794    -0.09      0.07     0.12     1 
0130320625   41.06797    -73.84046     0.12     -0.00     0.12     1 
0130320627   41.06719    -73.76549    -0.05      0.00     0.05     1 
0130320628   41.06678    -73.72800    -0.04     -0.03     0.04     1 
0130320629   41.06636    -73.69052     0.08     -0.01     0.08     1 
0130320630   41.06593    -73.65304     0.07      0.01     0.08     1 
0130320631   41.06549    -73.61556     0.13     -0.01     0.13     1 
0130320632   41.06503    -73.57808     0.11     -0.06     0.12     1 
0130320633   41.06456    -73.54060    -0.01      0.03     0.04     1 
0130320634   41.06408    -73.50312    -0.03      0.08     0.08     1 
0130320635   41.06359    -73.46564    -0.16     -0.06     0.18     1 
0130320636   41.06308    -73.42816    -0.20     -0.14     0.25     1 
0130320690   41.04573    -74.21565     0.12      0.01     0.12     1 
0130320691   41.04547    -74.17817     0.14      0.02     0.14     1 
0130320692   41.04520    -74.14069     0.14      0.04     0.15     1 
0130320693   41.04491    -74.10322     0.11      0.07     0.13     1 
0130320694   41.04461    -74.06574     0.02     -0.02     0.03     1 
0130320695   41.04430    -74.02827     0.10     -0.04     0.11     1 
0130320696   41.04398    -73.99079     0.07      0.01     0.07     1 
0130320697   41.04365    -73.95332     0.12     -0.01     0.12     1 
0130320698   41.04330    -73.91585     0.06     -0.10     0.11     1 
0130320700   41.04257    -73.84090     0.04     -0.01     0.04     1 
0130320701   41.04219    -73.80343     0.14      0.06     0.15     1 
0130320702   41.04179    -73.76596     0.02      0.02     0.03     1 
0130320703   41.04139    -73.72849     0.12     -0.01     0.12     1 
0130320704   41.04097    -73.69102     0.07      0.04     0.08     1 
0130320705   41.04053    -73.65356     0.06     -0.03     0.07     1 
0130320706   41.04009    -73.61609     0.12      0.06     0.14     1 
0130320707   41.03963    -73.57862     0.01     -0.02     0.02     1 
0130320708   41.03917    -73.54116    -0.10     -0.03     0.10     1 
0130320735   41.02193    -72.53001    -0.03     -0.04     0.05     1 
0130320736   41.02112    -72.49258    -0.11     -0.11     0.15     1 
0130320737   41.02030    -72.45515    -0.19     -0.12     0.23     1 
0130320739   41.01862    -72.38030     0.00      0.00     0.00     1 
0130320765   41.02033    -74.21595     0.07      0.10     0.12     1 
0130320766   41.02007    -74.17848     0.08      0.08     0.11     1 
0130320767   41.01980    -74.14102     0.13      0.12     0.18     1 
0130320768   41.01951    -74.10356     0.14      0.06     0.15     1 
0130320769   41.01921    -74.06610     0.17      0.02     0.17     1 
0130320770   41.01890    -74.02864     0.10      0.08     0.12     1 
0130320771   41.01858    -73.99118     0.09     -0.09     0.13     1 
0130320772   41.01825    -73.95372     0.09      0.03     0.10     1 
0130320773   41.01790    -73.91626     0.19      0.01     0.19     1 
0130320775   41.01717    -73.84135     0.20      0.02     0.20     1 
0130320776   41.01679    -73.80389     0.12      0.04     0.12     1 
0130320777   41.01640    -73.76644     0.03      0.05     0.06     1 
0130320778   41.01599    -73.72898     0.12      0.01     0.12     1 
0130320779   41.01557    -73.69153     0.05      0.04     0.06     1 
0130320780   41.01514    -73.65407     0.02      0.03     0.04     1 
0130320781   41.01470    -73.61662    -0.25     -0.13     0.28     1 
0130320808   40.99813    -72.60580     0.18      0.08     0.19     1 
0130320810   40.99655    -72.53096    -0.08     -0.06     0.10     1 
0130320814   40.99324    -72.38130    -0.10      0.03     0.11     1 
0130320815   40.99238    -72.34389     0.03     -0.04     0.05     1 
0130320816   40.99152    -72.30648    -0.16     -0.07     0.17     1 
0130320817   40.99064    -72.26907     0.05     -0.05     0.07     1 
0130320818   40.98974    -72.23167    -0.09     -0.09     0.13     1 
0130320840   40.99493    -74.21625     0.11      0.01     0.11     1 
0130320841   40.99467    -74.17880     0.14      0.03     0.14     1 
0130320842   40.99440    -74.14135     0.13      0.04     0.14     1 
0130320843   40.99411    -74.10391     0.11      0.05     0.12     1 
0130320844   40.99381    -74.06646     0.15      0.04     0.15     1 
0130320845   40.99350    -74.02901     0.15      0.00     0.15     1 
0130320846   40.99318    -73.99157     0.06      0.06     0.08     1 
0130320847   40.99285    -73.95412     0.15      0.01     0.15     1 
0130320848   40.99250    -73.91668     0.14     -0.03     0.14     1 
0130320850   40.99178    -73.84179     0.09      0.03     0.10     1 
0130320851   40.99139    -73.80435     0.12      0.02     0.12     1 
0130320852   40.99100    -73.76691     0.12      0.04     0.12     1 
0130320853   40.99059    -73.72947     0.11      0.03     0.11     1 
0130320854   40.99017    -73.69203     0.11      0.02     0.11     1 
0130320856   40.98930    -73.61715    -0.11     -0.10     0.14     1 
0130320877   40.97719    -72.83118     0.29     -0.09     0.30     1 
0130320880   40.97502    -72.71894     0.17      0.17     0.24     1 
0130320883   40.97275    -72.60672    -0.06     -0.01     0.06     1 
0130320884   40.97196    -72.56931    -0.12     -0.02     0.12     1 
0130320889   40.96787    -72.38230    -0.07      0.22     0.23     1 
0130320891   40.96614    -72.30751     0.08     -0.12     0.15     1 
0130320892   40.96526    -72.27012     0.07      0.09     0.11     1 
0130320893   40.96437    -72.23273     0.03     -0.11     0.11     1 
0130320894   40.96346    -72.19534     0.01     -0.02     0.02     1 
0130320895   40.96255    -72.15795    -0.09      0.02     0.09     1 
0130320914   40.96978    -74.25398     0.03      0.04     0.06     1 
0130320915   40.96953    -74.21655     0.04      0.19     0.19     1 
0130320916   40.96927    -74.17912     0.16     -0.00     0.16     1 
0130320917   40.96900    -74.14168     0.08      0.08     0.11     1 
0130320918   40.96871    -74.10425     0.16     -0.01     0.16     1 
0130320919   40.96841    -74.06682     0.16      0.04     0.17     1 
0130320920   40.96811    -74.02939     0.20      0.07     0.21     1 
0130320921   40.96778    -73.99196     0.02      0.07     0.07     1 
0130320922   40.96745    -73.95453     0.18      0.07     0.19     1 
0130320923   40.96710    -73.91710     0.06     -0.10     0.11     1 
0130320924   40.96675    -73.87967     0.08     -0.03     0.08     1 
0130320925   40.96638    -73.84224     0.03     -0.03     0.04     1 
0130320926   40.96599    -73.80481     0.14      0.05     0.15     1 
0130320927   40.96560    -73.76738     0.10      0.06     0.12     1 
0130320928   40.96520    -73.72996     0.12      0.05     0.13     1 
0130320929   40.96478    -73.69253     0.01     -0.04     0.04     1 
0130320937   40.96099    -73.39316     0.23     -0.07     0.24     1 
0130320944   40.95704    -73.13126    -0.08     -0.09     0.12     1 
0130320945   40.95643    -73.09385     0.00     -0.22     0.22     1 
0130320946   40.95581    -73.05644     0.25      0.02     0.25     1 
0130320947   40.95517    -73.01903    -0.07      0.08     0.11     1 
0130320948   40.95452    -72.98163     0.12     -0.02     0.12     1 
0130320949   40.95386    -72.94422     0.11     -0.04     0.12     1 
0130320950   40.95319    -72.90682     0.06     -0.05     0.07     1 
0130320951   40.95250    -72.86941     0.08     -0.11     0.14     1 
0130320952   40.95180    -72.83201     0.08      0.03     0.09     1 
0130320953   40.95109    -72.79461    -0.04     -0.18     0.19     1 
0130320954   40.95037    -72.75721    -0.14      0.18     0.23     1 
0130320955   40.94964    -72.71982     0.09      0.01     0.09     1 
0130320957   40.94813    -72.64503     0.18      0.01     0.18     1 
0130320958   40.94736    -72.60763    -0.01      0.03     0.04     1 
0130320959   40.94658    -72.57024    -0.17     -0.13     0.21     1 
0130320963   40.94333    -72.42069    -0.04     -0.11     0.12     1 
0130320964   40.94249    -72.38331     0.03     -0.05     0.06     1 
0130320965   40.94163    -72.34592    -0.06     -0.02     0.06     1 
0130320966   40.94077    -72.30854     0.05      0.02     0.05     1 
0130320967   40.93989    -72.27116     0.04     -0.11     0.11     1 
0130320989   40.94438    -74.25427     0.16      0.06     0.17     1 
0130320990   40.94413    -74.21685     0.07     -0.03     0.07     1 
0130320991   40.94387    -74.17943     0.07      0.02     0.07     1 
0130320992   40.94360    -74.14201     0.04      0.07     0.08     1 
0130320993   40.94331    -74.10459     0.09      0.11     0.14     1 
0130320994   40.94301    -74.06718     0.14      0.06     0.16     1 
0130320995   40.94270    -74.02976     0.20      0.06     0.21     1 
0130320996   40.94238    -73.99234     0.12      0.07     0.14     1 
0130320997   40.94205    -73.95493     0.14      0.03     0.14     1 
0130320999   40.94135    -73.88009     0.04      0.06     0.07     1 
0130321000   40.94098    -73.84268    -0.02      0.04     0.04     1 
0130321001   40.94060    -73.80527     0.05     -0.04     0.07     1 
0130321002   40.94020    -73.76785     0.07     -0.01     0.07     1 
0130321003   40.93980    -73.73044    -0.12     -0.17     0.21     1 
0130321019   40.93165    -73.13197     0.04      0.02     0.05     1 
0130321021   40.93042    -73.05718     0.05      0.07     0.08     1 
0130321022   40.92978    -73.01979     0.07     -0.01     0.07     1 
0130321023   40.92913    -72.98240     0.14      0.18     0.23     1 
0130321024   40.92847    -72.94501    -0.10     -0.12     0.16     1 
0130321025   40.92780    -72.90762    -0.03     -0.05     0.06     1 
0130321026   40.92712    -72.87023    -0.01     -0.04     0.04     1 
0130321027   40.92642    -72.83284    -0.03     -0.14     0.14     1 
0130321028   40.92571    -72.79546     0.07     -0.03     0.08     1 
0130321029   40.92499    -72.75807    -0.13     -0.14     0.19     1 
0130321030   40.92425    -72.72069    -0.06     -0.03     0.06     1 
0130321031   40.92351    -72.68331     0.01     -0.02     0.02     1 
0130321032   40.92275    -72.64593    -0.11     -0.08     0.14     1 
0130321033   40.92198    -72.60855    -0.02     -0.22     0.22     1 
0130321034   40.92120    -72.57117     0.06      0.23     0.23     1 
0130321038   40.91795    -72.42168    -0.13      0.09     0.15     1 
0130321039   40.91711    -72.38431    -0.02     -0.04     0.04     1 
0130321040   40.91626    -72.34694    -0.07      0.00     0.07     1 
0130321041   40.91539    -72.30957     0.01     -0.00     0.01     1 
0130321064   40.91898    -74.25455     0.14      0.06     0.15     1 
0130321065   40.91873    -74.21715     0.12      0.03     0.12     1 
0130321066   40.91847    -74.17974    -0.08      0.04     0.09     1 
0130321067   40.91819    -74.14234    -0.05     -0.02     0.05     1 
0130321068   40.91791    -74.10494     0.05      0.03     0.06     1 
0130321069   40.91761    -74.06753    -0.05      0.09     0.10     1 
0130321070   40.91730    -74.03013     0.03     -0.03     0.04     1 
0130321071   40.91698    -73.99273     0.07      0.10     0.12     1 
0130321072   40.91665    -73.95533     0.07      0.03     0.08     1 
0130321074   40.91595    -73.88052     0.02      0.12     0.12     1 
0130321075   40.91558    -73.84312    -0.04     -0.01     0.04     1 
0130321076   40.91520    -73.80572    -0.00      0.01     0.01     1 
0130321077   40.91481    -73.76833    -0.17     -0.04     0.17     1 
0130321083   40.91219    -73.54395     0.07     -0.14     0.16     1 
0130321085   40.91122    -73.46917    -0.14      0.05     0.15     1 
0130321086   40.91072    -73.43178     0.05     -0.22     0.23     1 
0130321089   40.90914    -73.31961     0.04      0.06     0.07     1 
0130321090   40.90859    -73.28222     0.22     -0.01     0.22     1 
0130321091   40.90803    -73.24484     0.09     -0.11     0.14     1 
0130321092   40.90745    -73.20745     0.05      0.15     0.16     1 
0130321093   40.90686    -73.17007     0.13     -0.09     0.16     1 
0130321094   40.90626    -73.13269     0.10      0.03     0.10     1 
0130321095   40.90565    -73.09531     0.00     -0.00     0.01     1 
0130321096   40.90503    -73.05793     0.05      0.05     0.07     1 
0130321097   40.90439    -73.02055     0.11     -0.04     0.12     1 
0130321098   40.90375    -72.98317     0.09     -0.16     0.18     1 
0130321099   40.90308    -72.94579    -0.06      0.18     0.19     1 
0130321100   40.90241    -72.90842     0.04     -0.08     0.09     1 
0130321101   40.90173    -72.87104     0.01     -0.02     0.02     1 
0130321102   40.90103    -72.83367     0.01      0.04     0.04     1 
0130321103   40.90032    -72.79630    -0.01     -0.02     0.02     1 
0130321104   40.89960    -72.75893     0.00     -0.06     0.06     1 
0130321105   40.89887    -72.72156     0.14      0.00     0.14     1 
0130321106   40.89813    -72.68420    -0.04      0.01     0.04     1 
0130321107   40.89737    -72.64683    -0.06     -0.04     0.08     1 
0130321108   40.89660    -72.60947    -0.04     -0.06     0.07     1 
0130321109   40.89582    -72.57210    -0.06     -0.11     0.13     1 
0130321110   40.89503    -72.53474     0.01     -0.15     0.15     1 
0130321111   40.89422    -72.49738     0.18     -0.06     0.19     1 
0130321112   40.89340    -72.46002    -0.04     -0.02     0.05     1 
0130321113   40.89258    -72.42266    -0.02     -0.01     0.02     1 
0130321114   40.89173    -72.38531    -0.09     -0.05     0.10     1 
0130321115   40.89088    -72.34795     0.04      0.01     0.04     1 
0130321139   40.89357    -74.25484    -0.07     -0.03     0.07     1 
0130321140   40.89332    -74.21745    -0.09     -0.02     0.09     1 
0130321141   40.89307    -74.18006     0.05      0.01     0.05     1 
0130321142   40.89279    -74.14267    -0.04      0.02     0.04     1 
0130321144   40.89221    -74.06789    -0.08      0.02     0.08     1 
0130321145   40.89191    -74.03050    -0.01     -0.05     0.05     1 
0130321146   40.89158    -73.99311     0.10      0.03     0.11     1 
0130321147   40.89125    -73.95573     0.14      0.10     0.17     1 
0130321149   40.89055    -73.88095     0.05      0.07     0.09     1 
0130321151   40.88980    -73.80618     0.10      0.04     0.11     1 
0130321156   40.88772    -73.61927     0.10      0.04     0.10     1 
0130321157   40.88726    -73.58189     0.13      0.03     0.14     1 
0130321161   40.88533    -73.43238     0.09     -0.01     0.09     1 
0130321162   40.88481    -73.39500     0.12      0.07     0.14     1 
0130321163   40.88428    -73.35763    -0.02      0.08     0.08     1 
0130321164   40.88375    -73.32026     0.07      0.12     0.14     1 
0130321165   40.88320    -73.28288    -0.10      0.10     0.14     1 
0130321166   40.88263    -73.24551     0.10      0.08     0.12     1 
0130321167   40.88206    -73.20814     0.08      0.09     0.13     1 
0130321168   40.88147    -73.17077     0.04      0.04     0.06     1 
0130321169   40.88087    -73.13340     0.00      0.04     0.04     1 
0130321170   40.88026    -73.09604     0.01     -0.08     0.08     1 
0130321171   40.87964    -73.05867     0.10      0.00     0.10     1 
0130321172   40.87900    -73.02130     0.06      0.06     0.09     1 
0130321173   40.87836    -72.98394     0.11      0.01     0.11     1 
0130321174   40.87770    -72.94658     0.13     -0.07     0.15     1 
0130321175   40.87703    -72.90922     0.06      0.00     0.06     1 
0130321176   40.87634    -72.87186     0.04      0.03     0.05     1 
0130321177   40.87565    -72.83450     0.12     -0.04     0.13     1 
0130321178   40.87494    -72.79714    -0.01      0.10     0.10     1 
0130321179   40.87422    -72.75979     0.03     -0.03     0.04     1 
0130321180   40.87349    -72.72243     0.10     -0.09     0.14     1 
0130321181   40.87274    -72.68508     0.16     -0.01     0.16     1 
0130321182   40.87199    -72.64773    -0.10      0.00     0.10     1 
0130321184   40.87044    -72.57303    -0.07     -0.07     0.09     1 
0130321185   40.86965    -72.53568    -0.10      0.04     0.11     1 
0130321186   40.86884    -72.49834    -0.07     -0.11     0.13     1 
0130321189   40.86636    -72.38631     0.10      0.12     0.16     1 
0130321214   40.86817    -74.25513     0.15     -0.02     0.15     1 
0130321215   40.86792    -74.21775     0.05     -0.02     0.05     1 
0130321216   40.86766    -74.18037     0.01      0.02     0.02     1 
0130321217   40.86739    -74.14300    -0.00      0.01     0.01     1 
0130321218   40.86711    -74.10562     0.00      0.01     0.01     1 
0130321219   40.86681    -74.06825    -0.13     -0.03     0.14     1 
0130321220   40.86650    -74.03087    -0.06      0.01     0.06     1 
0130321221   40.86619    -73.99350    -0.11      0.10     0.15     1 
0130321222   40.86585    -73.95612    -0.09     -0.06     0.11     1 
0130321223   40.86551    -73.91875    -0.04     -0.03     0.05     1 
0130321225   40.86478    -73.84401     0.02      0.06     0.07     1 
0130321226   40.86440    -73.80664    -0.21     -0.02     0.21     1 
0130321231   40.86232    -73.61980     0.03      0.07     0.08     1 
0130321232   40.86187    -73.58243     0.14      0.13     0.19     1 
0130321233   40.86140    -73.54507     0.09      0.05     0.10     1 
0130321234   40.86092    -73.50770     0.15      0.05     0.16     1 
0130321235   40.86043    -73.47034     0.11      0.00     0.11     1 
0130321236   40.85993    -73.43298     0.19     -0.05     0.20     1 
0130321237   40.85942    -73.39562    -0.03      0.04     0.05     1 
0130321238   40.85889    -73.35826    -0.01      0.03     0.03     1 
0130321239   40.85835    -73.32090     0.04      0.05     0.07     1 
0130321240   40.85780    -73.28354     0.06      0.07     0.10     1 
0130321241   40.85724    -73.24618     0.04      0.01     0.04     1 
0130321242   40.85667    -73.20883    -0.00      0.03     0.03     1 
0130321244   40.85548    -73.13412    -0.00     -0.07     0.07     1 
0130321245   40.85487    -73.09676     0.09      0.04     0.10     1 
0130321246   40.85425    -73.05941     0.04     -0.01     0.04     1 
0130321248   40.85297    -72.98471     0.14     -0.03     0.14     1 
0130321249   40.85231    -72.94736     0.04      0.01     0.04     1 
0130321251   40.85096    -72.87267    -0.02     -0.03     0.04     1 
0130321253   40.84955    -72.79798     0.07     -0.01     0.07     1 
0130321254   40.84884    -72.76064    -0.05     -0.02     0.06     1 
0130321255   40.84810    -72.72330    -0.00      0.02     0.02     1 
0130321257   40.84660    -72.64863    -0.20     -0.09     0.22     1 
0130321258   40.84584    -72.61129     0.02      0.02     0.03     1 
0130321259   40.84506    -72.57396    -0.12      0.02     0.12     1 
0130321260   40.84427    -72.53662    -0.28      0.10     0.30     1 
0130321288   40.84300    -74.29277     0.14     -0.03     0.14     1 
0130321289   40.84277    -74.25541     0.12      0.09     0.15     1 
0130321290   40.84252    -74.21805     0.11      0.00     0.11     1 
0130321291   40.84226    -74.18068     0.10     -0.04     0.11     1 
0130321292   40.84199    -74.14332     0.02      0.01     0.02     1 
0130321293   40.84171    -74.10596    -0.01     -0.03     0.03     1 
0130321294   40.84141    -74.06860    -0.11     -0.01     0.11     1 
0130321295   40.84110    -74.03124    -0.03      0.03     0.04     1 
0130321296   40.84078    -73.99388     0.03      0.06     0.06     1 
0130321297   40.84045    -73.95652    -0.13     -0.03     0.14     1 
0130321298   40.84011    -73.91917    -0.12     -0.10     0.15     1 
0130321299   40.83975    -73.88181    -0.08     -0.03     0.08     1 
0130321300   40.83939    -73.84445    -0.18      0.01     0.18     1 
0130321304   40.83779    -73.69503    -0.07      0.04     0.08     1 
0130321305   40.83736    -73.65768     0.18     -0.16     0.24     1 
0130321306   40.83692    -73.62032     0.04      0.07     0.08     1 
0130321307   40.83647    -73.58297     0.10      0.04     0.11     1 
0130321308   40.83600    -73.54562     0.10      0.02     0.10     1 
0130321309   40.83553    -73.50827     0.06      0.05     0.08     1 
0130321310   40.83504    -73.47092     0.10      0.04     0.11     1 
0130321311   40.83454    -73.43358     0.09     -0.13     0.16     1 
0130321312   40.83402    -73.39623     0.07     -0.03     0.08     1 
0130321313   40.83350    -73.35888    -0.06      0.05     0.08     1 
0130321314   40.83296    -73.32154    -0.02      0.10     0.11     1 
0130321315   40.83241    -73.28419     0.09      0.07     0.11     1 
0130321316   40.83185    -73.24685    -0.11      0.15     0.19     1 
0130321317   40.83128    -73.20951     0.07      0.08     0.11     1 
0130321318   40.83069    -73.17217    -0.02      0.02     0.03     1 
0130321319   40.83009    -73.13483    -0.05     -0.22     0.22     1 
0130321320   40.82948    -73.09749     0.09     -0.03     0.10     1 
0130321321   40.82886    -73.06015     0.08      0.04     0.09     1 
0130321322   40.82823    -73.02282    -0.06     -0.05     0.08     1 
0130321323   40.82758    -72.98548     0.00     -0.01     0.01     1 
0130321324   40.82692    -72.94815     0.07     -0.15     0.17     1 
0130321325   40.82625    -72.91081     0.03      0.03     0.04     1 
0130321326   40.82557    -72.87348     0.04     -0.02     0.04     1 
0130321327   40.82487    -72.83615     0.01     -0.01     0.02     1 
0130321328   40.82417    -72.79882     0.00      0.05     0.05     1 
0130321329   40.82345    -72.76150    -0.04      0.20     0.21     1 
0130321330   40.82272    -72.72417    -0.02      0.02     0.03     1 
0130321331   40.82198    -72.68685    -0.02      0.02     0.03     1 
0130321332   40.82122    -72.64952     0.04      0.01     0.04     1 
0130321333   40.82046    -72.61220     0.05      0.05     0.07     1 
0130321334   40.81968    -72.57488    -0.03      0.06     0.07     1 
0130321363   40.81760    -74.29304     0.02     -0.04     0.05     1 
0130321364   40.81737    -74.25569     0.15     -0.01     0.15     1 
0130321365   40.81712    -74.21835     0.02      0.03     0.04     1 
0130321366   40.81686    -74.18100     0.12      0.05     0.13     1 
0130321367   40.81659    -74.14365     0.16     -0.07     0.18     1 
0130321368   40.81631    -74.10630    -0.01      0.06     0.06     1 
0130321370   40.81571    -74.03161    -0.11     -0.04     0.12     1 
0130321371   40.81538    -73.99427     0.02     -0.01     0.03     1 
0130321373   40.81471    -73.91958    -0.07     -0.09     0.11     1 
0130321374   40.81435    -73.88223    -0.20     -0.02     0.20     1 
0130321375   40.81399    -73.84489    -0.16     -0.04     0.16     1 
0130321378   40.81281    -73.73287     0.00      0.06     0.06     1 
0130321379   40.81239    -73.69553    -0.04      0.29     0.29     1 
0130321380   40.81197    -73.65819    -0.16     -0.12     0.20     1 
0130321381   40.81153    -73.62085     0.07      0.05     0.09     1 
0130321382   40.81107    -73.58351     0.10      0.03     0.10     1 
0130321383   40.81061    -73.54618     0.12      0.06     0.13     1 
0130321384   40.81013    -73.50884     0.01     -0.03     0.03     1 
0130321385   40.80964    -73.47151    -0.02     -0.06     0.06     1 
0130321386   40.80914    -73.43417     0.03      0.06     0.07     1 
0130321387   40.80863    -73.39684    -0.13      0.25     0.28     1 
0130321388   40.80810    -73.35951     0.07      0.03     0.08     1 
0130321389   40.80757    -73.32218     0.07      0.03     0.07     1 
0130321390   40.80702    -73.28485    -0.04      0.02     0.04     1 
0130321391   40.80646    -73.24752    -0.10     -0.02     0.10     1 
0130321392   40.80589    -73.21019    -0.01      0.02     0.02     1 
0130321393   40.80530    -73.17287    -0.09     -0.01     0.09     1 
0130321394   40.80470    -73.13554    -0.05      0.03     0.06     1 
0130321395   40.80409    -73.09821    -0.04      0.04     0.06     1 
0130321396   40.80347    -73.06089     0.07      0.04     0.08     1 
0130321397   40.80284    -73.02357    -0.02     -0.09     0.09     1 
0130321398   40.80219    -72.98625     0.10     -0.01     0.10     1 
0130321400   40.80087    -72.91161    -0.01      0.05     0.05     1 
0130321401   40.80018    -72.87429     0.06      0.00     0.06     1 
0130321402   40.79949    -72.83698    -0.01     -0.00     0.01     1 
0130321403   40.79878    -72.79966     0.01     -0.04     0.04     1 
0130321404   40.79807    -72.76235    -0.03     -0.01     0.03     1 
0130321405   40.79734    -72.72504    -0.20     -0.12     0.23     1 
0130321406   40.79659    -72.68773    -0.12     -0.01     0.12     1 
0130321407   40.79584    -72.65042     0.15     -0.02     0.15     1 
0130321438   40.79220    -74.29331     0.06     -0.07     0.09     1 
0130321439   40.79197    -74.25598     0.02     -0.08     0.08     1 
0130321440   40.79172    -74.21864     0.10      0.02     0.10     1 
0130321441   40.79146    -74.18131     0.04      0.04     0.05     1 
0130321442   40.79119    -74.14398    -0.03     -0.17     0.18     1 
0130321443   40.79091    -74.10664    -0.12     -0.04     0.13     1 
0130321444   40.79061    -74.06931    -0.21     -0.05     0.22     1 
0130321445   40.79030    -74.03198    -0.11     -0.07     0.13     1 
0130321447   40.78965    -73.95732     0.09     -0.05     0.10     1 
0130321448   40.78931    -73.91999    -0.17     -0.05     0.18     1 
0130321449   40.78896    -73.88266    -0.16     -0.03     0.16     1 
0130321450   40.78859    -73.84533    -0.09     -0.03     0.09     1 
0130321451   40.78821    -73.80800    -0.17      0.06     0.18     1 
0130321452   40.78782    -73.77068    -0.10     -0.24     0.26     1 
0130321453   40.78741    -73.73335    -0.02     -0.01     0.02     1 
0130321454   40.78700    -73.69603     0.07      0.04     0.09     1 
0130321455   40.78657    -73.65870     0.03     -0.01     0.03     1 
0130321456   40.78613    -73.62138    -0.00      0.07     0.07     1 
0130321457   40.78568    -73.58405     0.05      0.04     0.07     1 
0130321458   40.78521    -73.54673    -0.05      0.11     0.12     1 
0130321459   40.78474    -73.50941    -0.02      0.05     0.06     1 
0130321460   40.78425    -73.47209    -0.01      0.02     0.03     1 
0130321461   40.78375    -73.43477    -0.07     -0.05     0.08     1 
0130321462   40.78324    -73.39745     0.03     -0.04     0.05     1 
0130321463   40.78271    -73.36013     0.09      0.01     0.09     1 
0130321464   40.78218    -73.32282    -0.00      0.00     0.00     1 
0130321465   40.78163    -73.28550     0.01     -0.03     0.03     1 
0130321466   40.78106    -73.24819     0.07      0.04     0.08     1 
0130321467   40.78049    -73.21087    -0.11      0.04     0.12     1 
0130321468   40.77991    -73.17356     0.05      0.01     0.05     1 
0130321469   40.77931    -73.13625     0.02     -0.02     0.03     1 
0130321470   40.77870    -73.09894    -0.04      0.07     0.08     1 
0130321471   40.77808    -73.06163    -0.07     -0.03     0.08     1 
0130321472   40.77745    -73.02432     0.00      0.01     0.01     1 
0130321473   40.77680    -72.98702     0.15      0.00     0.15     1 
0130321474   40.77615    -72.94971     0.06     -0.02     0.07     1 
0130321475   40.77548    -72.91241    -0.04     -0.01     0.04     1 
0130321476   40.77480    -72.87510     0.19     -0.04     0.20     1 
0130321477   40.77410    -72.83780     0.21      0.01     0.21     1 
0130321478   40.77340    -72.80050    -0.21     -0.02     0.21     1 
0130321479   40.77268    -72.76320    -0.10      0.09     0.14     1 
0130321513   40.76680    -74.29358    -0.02      0.06     0.06     1 
0130321514   40.76656    -74.25626     0.11     -0.02     0.11     1 
0130321515   40.76632    -74.21894    -0.10     -0.02     0.10     1 
0130321516   40.76606    -74.18162     0.02      0.06     0.07     1 
0130321517   40.76579    -74.14430    -0.01     -0.06     0.06     1 
0130321518   40.76550    -74.10698    -0.14     -0.14     0.20     1 
0130321519   40.76521    -74.06967    -0.10     -0.03     0.11     1 
0130321520   40.76490    -74.03235    -0.15     -0.06     0.16     1 
0130321522   40.76425    -73.95772     0.12     -0.13     0.18     1 
0130321524   40.76355    -73.88308    -0.19      0.04     0.20     1 
0130321525   40.76319    -73.84577    -0.13     -0.17     0.21     1 
0130321526   40.76281    -73.80846    -0.06     -0.07     0.09     1 
0130321527   40.76242    -73.77115    -0.02      0.09     0.09     1 
0130321528   40.76201    -73.73383    -0.01     -0.03     0.03     1 
0130321529   40.76160    -73.69652    -0.05     -0.02     0.05     1 
0130321530   40.76117    -73.65921     0.04      0.03     0.05     1 
0130321531   40.76073    -73.62190    -0.02      0.04     0.05     1 
0130321532   40.76028    -73.58459    -0.02      0.07     0.07     1 
0130321533   40.75982    -73.54728    -0.08      0.02     0.08     1 
0130321534   40.75934    -73.50998    -0.24      0.07     0.25     1 
0130321535   40.75885    -73.47267     0.06      0.04     0.07     1 
0130321536   40.75835    -73.43537    -0.04     -0.04     0.05     1 
0130321537   40.75784    -73.39806    -0.04      0.05     0.06     1 
0130321538   40.75732    -73.36076    -0.04      0.03     0.05     1 
0130321539   40.75678    -73.32346    -0.07      0.06     0.09     1 
0130321540   40.75623    -73.28615     0.13      0.01     0.13     1 
0130321541   40.75567    -73.24885     0.01      0.05     0.05     1 
0130321542   40.75510    -73.21156     0.07      0.13     0.15     1 
0130321543   40.75452    -73.17426     0.05      0.02     0.05     1 
0130321544   40.75392    -73.13696    -0.03      0.05     0.06     1 
0130321545   40.75331    -73.09966     0.03     -0.01     0.03     1 
0130321546   40.75269    -73.06237     0.04     -0.04     0.06     1 
0130321547   40.75206    -73.02508    -0.12     -0.08     0.14     1 
0130321548   40.75142    -72.98778    -0.27     -0.04     0.27     1 
0130321549   40.75076    -72.95049    -0.08      0.02     0.08     1 
0130321551   40.74941    -72.87591    -0.05      0.19     0.20     1 
0130321552   40.74872    -72.83862     0.10      0.09     0.14     1 
0130321588   40.74140    -74.29385     0.09     -0.01     0.09     1 
0130321589   40.74116    -74.25654     0.03      0.08     0.09     1 
0130321590   40.74092    -74.21924     0.07     -0.05     0.08     1 
0130321591   40.74066    -74.18193    -0.02     -0.08     0.08     1 
0130321592   40.74039    -74.14463    -0.09      0.03     0.09     1 
0130321593   40.74010    -74.10732    -0.05     -0.05     0.06     1 
0130321594   40.73981    -74.07002     0.04     -0.02     0.04     1 
0130321595   40.73950    -74.03272    -0.07     -0.01     0.07     1 
0130321596   40.73918    -73.99541     0.10     -0.02     0.10     1 
0130321597   40.73885    -73.95811    -0.16      0.00     0.16     1 
0130321598   40.73851    -73.92081    -0.03     -0.01     0.04     1 
0130321599   40.73816    -73.88351    -0.18     -0.14     0.23     1 
0130321600   40.73779    -73.84621    -0.08     -0.03     0.08     1 
0130321601   40.73741    -73.80891    -0.02     -0.03     0.04     1 
0130321602   40.73702    -73.77161     0.02     -0.03     0.03     1 
0130321603   40.73662    -73.73431    -0.07      0.02     0.08     1 
0130321604   40.73620    -73.69702    -0.09     -0.02     0.09     1 
0130321605   40.73577    -73.65972    -0.06      0.01     0.06     1 
0130321606   40.73533    -73.62243    -0.10     -0.00     0.10     1 
0130321607   40.73488    -73.58513    -0.10      0.02     0.10     1 
0130321608   40.73442    -73.54784    -0.01     -0.02     0.02     1 
0130321609   40.73394    -73.51054     0.03     -0.05     0.06     1 
0130321610   40.73346    -73.47325    -0.01     -0.03     0.03     1 
0130321611   40.73296    -73.43596    -0.05     -0.02     0.05     1 
0130321612   40.73245    -73.39867    -0.04     -0.05     0.06     1 
0130321613   40.73192    -73.36138     0.11     -0.12     0.16     1 
0130321614   40.73139    -73.32409    -0.04      0.00     0.04     1 
0130321615   40.73084    -73.28681    -0.05      0.00     0.05     1 
0130321616   40.73028    -73.24952    -0.01      0.02     0.02     1 
0130321617   40.72971    -73.21224    -0.02     -0.00     0.02     1 
0130321618   40.72913    -73.17495     0.03     -0.02     0.03     1 
0130321619   40.72853    -73.13767    -0.13      0.01     0.14     1 
0130321620   40.72792    -73.10039    -0.08      0.01     0.08     1 
0130321621   40.72730    -73.06311    -0.20     -0.07     0.21     1 
0130321622   40.72667    -73.02583    -0.22     -0.14     0.26     1 
0130321625   40.72470    -72.91399    -0.15     -0.02     0.15     1 
0130321662   40.71621    -74.33141     0.00     -0.02     0.02     1 
0130321663   40.71599    -74.29412    -0.05      0.02     0.05     1 
0130321664   40.71576    -74.25683     0.06     -0.03     0.07     1 
0130321665   40.71551    -74.21953    -0.10     -0.02     0.10     1 
0130321667   40.71498    -74.14495    -0.14      0.03     0.14     1 
0130321668   40.71470    -74.10766    -0.06     -0.09     0.11     1 
0130321669   40.71441    -74.07037    -0.14      0.01     0.14     1 
0130321670   40.71410    -74.03308    -0.00     -0.08     0.08     1 
0130321671   40.71378    -73.99580     0.05     -0.08     0.09     1 
0130321672   40.71345    -73.95851    -0.09     -0.12     0.15     1 
0130321673   40.71311    -73.92122    -0.16      0.04     0.17     1 
0130321674   40.71276    -73.88393    -0.05     -0.01     0.06     1 
0130321675   40.71239    -73.84665    -0.01     -0.02     0.02     1 
0130321676   40.71201    -73.80936    -0.12     -0.07     0.13     1 
0130321678   40.71122    -73.73480    -0.08      0.11     0.13     1 
0130321679   40.71080    -73.69751     0.03      0.01     0.03     1 
0130321680   40.71038    -73.66023    -0.13     -0.03     0.13     1 
0130321681   40.70994    -73.62295    -0.01      0.04     0.04     1 
0130321682   40.70949    -73.58567    -0.06     -0.05     0.08     1 
0130321683   40.70902    -73.54839     0.04     -0.03     0.06     1 
0130321684   40.70855    -73.51111     0.01     -0.05     0.05     1 
0130321685   40.70806    -73.47383     0.01      0.07     0.07     1 
0130321686   40.70756    -73.43655     0.00     -0.04     0.04     1 
0130321687   40.70705    -73.39928    -0.10     -0.05     0.11     1 
0130321688   40.70653    -73.36200    -0.07     -0.07     0.10     1 
0130321689   40.70599    -73.32473    -0.00      0.02     0.02     1 
0130321690   40.70545    -73.28746     0.04     -0.04     0.06     1 
0130321691   40.70489    -73.25019    -0.14     -0.06     0.16     1 
0130321692   40.70432    -73.21291    -0.25     -0.06     0.26     1 
0130321693   40.70373    -73.17565    -0.18      0.07     0.20     1 
0130321694   40.70314    -73.13838    -0.01     -0.21     0.21     1 
0130321698   40.70064    -72.98931     0.25      0.15     0.29     1 
0130321737   40.69081    -74.33167     0.04      0.04     0.06     1 
0130321738   40.69059    -74.29439     0.01      0.05     0.05     1 
0130321739   40.69036    -74.25711     0.11      0.02     0.11     1 
0130321740   40.69011    -74.21983     0.07      0.04     0.08     1 
0130321741   40.68985    -74.18255    -0.04     -0.01     0.05     1 
0130321742   40.68958    -74.14528    -0.07      0.24     0.25     1 
0130321743   40.68930    -74.10800    -0.09      0.03     0.10     1 
0130321744   40.68901    -74.07073    -0.08      0.16     0.18     1 
0130321745   40.68870    -74.03345    -0.19     -0.05     0.20     1 
0130321746   40.68838    -73.99618    -0.11     -0.01     0.11     1 
0130321749   40.68736    -73.88436     0.04      0.05     0.07     1 
0130321750   40.68699    -73.84709    -0.07      0.04     0.08     1 
0130321751   40.68661    -73.80982    -0.03      0.00     0.03     1 
0130321752   40.68622    -73.77255    -0.06      0.04     0.07     1 
0130321753   40.68582    -73.73528    -0.03     -0.03     0.04     1 
0130321754   40.68541    -73.69801    -0.05      0.08     0.09     1 
0130321755   40.68498    -73.66074    -0.01      0.01     0.01     1 
0130321756   40.68454    -73.62347     0.02     -0.01     0.02     1 
0130321757   40.68409    -73.58621    -0.03      0.02     0.03     1 
0130321758   40.68363    -73.54894     0.07      0.08     0.10     1 
0130321759   40.68315    -73.51168     0.10      0.00     0.10     1 
0130321760   40.68267    -73.47441     0.01      0.07     0.07     1 
0130321761   40.68217    -73.43715    -0.06      0.01     0.06     1 
0130321762   40.68166    -73.39989    -0.03     -0.01     0.03     1 
0130321763   40.68113    -73.36263    -0.01     -0.04     0.04     1 
0130321764   40.68060    -73.32537    -0.11     -0.01     0.11     1 
0130321765   40.68005    -73.28811    -0.26     -0.07     0.27     1 
0130321812   40.66541    -74.33192     0.04      0.02     0.05     1 
0130321813   40.66519    -74.29466     0.03      0.00     0.03     1 
0130321814   40.66495    -74.25739     0.05     -0.01     0.05     1 
0130321815   40.66471    -74.22013    -0.05      0.01     0.05     1 
0130321816   40.66445    -74.18287    -0.14     -0.03     0.14     1 
0130321818   40.66390    -74.10834    -0.05      0.06     0.08     1 
0130321819   40.66361    -74.07108    -0.14      0.03     0.14     1 
0130321821   40.66298    -73.99656    -0.04     -0.00     0.04     1 
0130321822   40.66265    -73.95930    -0.00     -0.01     0.01     1 
0130321824   40.66196    -73.88478    -0.18      0.11     0.21     1 
0130321825   40.66159    -73.84753    -0.09      0.05     0.10     1 
0130321826   40.66121    -73.81027    -0.11     -0.09     0.14     1 
0130321827   40.66082    -73.77301    -0.11     -0.01     0.11     1 
0130321828   40.66042    -73.73576    -0.04     -0.02     0.04     1 
0130321829   40.66001    -73.69850    -0.07     -0.09     0.11     1 
0130321830   40.65958    -73.66125    -0.13     -0.01     0.13     1 
0130321831   40.65914    -73.62399    -0.04      0.01     0.04     1 
0130321832   40.65869    -73.58674    -0.05     -0.06     0.08     1 
0130321833   40.65823    -73.54949     0.00      0.03     0.03     1 
0130321834   40.65776    -73.51224    -0.07      0.00     0.07     1 
0130321835   40.65727    -73.47499    -0.07     -0.01     0.07     1 
0130321836   40.65677    -73.43774    -0.06      0.02     0.06     1 
0130321837   40.65626    -73.40049    -0.26     -0.02     0.26     1 
0130321839   40.65521    -73.32600     0.06     -0.08     0.10     1 
0130321840   40.65466    -73.28876    -0.07      0.01     0.07     1 
0130321841   40.65410    -73.25151    -0.01     -0.04     0.04     1 
0130321843   40.65295    -73.17703    -0.13     -0.09     0.15     1 
0130321887   40.64001    -74.33217     0.11      0.10     0.15     1 
0130321888   40.63979    -74.29492     0.12      0.06     0.13     1 
0130321889   40.63955    -74.25767     0.05      0.03     0.06     1 
0130321890   40.63931    -74.22042    -0.09     -0.01     0.09     1 
0130321891   40.63905    -74.18318    -0.13      0.01     0.13     1 
0130321892   40.63878    -74.14593    -0.10     -0.00     0.10     1 
0130321893   40.63850    -74.10868    -0.03      0.09     0.09     1 
0130321895   40.63790    -74.03418     0.10     -0.09     0.14     1 
0130321896   40.63758    -73.99694    -0.14      0.01     0.14     1 
0130321897   40.63725    -73.95969    -0.06     -0.03     0.07     1 
0130321898   40.63691    -73.92245    -0.10      0.01     0.10     1 
0130321899   40.63656    -73.88520    -0.15      0.04     0.15     1 
0130321902   40.63542    -73.77348    -0.09      0.00     0.09     1 
0130321903   40.63502    -73.73623    -0.12     -0.01     0.12     1 
0130321904   40.63461    -73.69899    -0.16      0.02     0.16     1 
0130321905   40.63418    -73.66175    -0.02     -0.03     0.04     1 
0130321906   40.63375    -73.62452    -0.02      0.02     0.03     1 
0130321907   40.63330    -73.58728    -0.04      0.02     0.04     1 
0130321908   40.63283    -73.55004    -0.06     -0.04     0.07     1 
0130321909   40.63236    -73.51280    -0.02      0.03     0.04     1 
0130321910   40.63188    -73.47557    -0.00     -0.05     0.05     1 
0130321911   40.63138    -73.43833    -0.05     -0.08     0.09     1 
0130321912   40.63087    -73.40110    -0.04     -0.07     0.08     1 
0130321915   40.62927    -73.28941     0.21     -0.02     0.21     1 
0130321962   40.61460    -74.33243     0.12      0.01     0.12     1 
0130321963   40.61438    -74.29519     0.02      0.02     0.02     1 
0130321964   40.61415    -74.25795    -0.11     -0.08     0.14     1 
0130321965   40.61390    -74.22072    -0.14     -0.04     0.14     1 
0130321967   40.61338    -74.14625     0.09      0.02     0.09     1 
0130321968   40.61310    -74.10902    -0.06      0.04     0.07     1 
0130321969   40.61280    -74.07178    -0.06      0.11     0.13     1 
0130321970   40.61250    -74.03455     0.01     -0.02     0.02     1 
0130321971   40.61218    -73.99732    -0.09     -0.04     0.10     1 
0130321972   40.61185    -73.96009    -0.12     -0.04     0.13     1 
0130321973   40.61151    -73.92286    -0.01     -0.04     0.04     1 
0130321974   40.61116    -73.88563    -0.12     -0.10     0.15     1 
0130321976   40.61041    -73.81117    -0.12      0.01     0.12     1 
0130321977   40.61003    -73.77394    -0.19     -0.02     0.19     1 
0130321978   40.60962    -73.73671    -0.06     -0.00     0.06     1 
0130321979   40.60921    -73.69949    -0.08     -0.01     0.08     1 
0130321980   40.60878    -73.66226    -0.12      0.07     0.13     1 
0130321981   40.60835    -73.62504    -0.10      0.07     0.12     1 
0130321982   40.60790    -73.58781    -0.09     -0.00     0.09     1 
0130321983   40.60744    -73.55059    -0.11      0.07     0.13     1 
0130321984   40.60696    -73.51337    -0.01     -0.06     0.06     1 
0130321985   40.60648    -73.47615    -0.14      0.11     0.18     1 
0130321986   40.60598    -73.43893     0.08     -0.09     0.12     1 
0130322037   40.58920    -74.33268     0.10     -0.03     0.11     1 
0130322038   40.58898    -74.29546     0.04     -0.03     0.06     1 
0130322039   40.58875    -74.25823    -0.02     -0.08     0.09     1 
0130322040   40.58850    -74.22101    -0.13      0.06     0.14     1 
0130322041   40.58824    -74.18379    -0.10     -0.02     0.10     1 
0130322042   40.58798    -74.14657     0.18      0.03     0.18     1 
0130322043   40.58769    -74.10935     0.14      0.01     0.14     1 
0130322047   40.58645    -73.96048    -0.06     -0.02     0.06     1 
0130322048   40.58611    -73.92327    -0.11     -0.03     0.11     1 
0130322049   40.58576    -73.88605    -0.05      0.03     0.06     1 
0130322051   40.58501    -73.81162     0.02     -0.00     0.02     1 
0130322054   40.58381    -73.69998     0.02      0.01     0.03     1 
0130322056   40.58295    -73.62556    -0.15     -0.07     0.17     1 
0130322111   40.56401    -74.37014     0.13     -0.00     0.13     1 
0130322112   40.56380    -74.33293    -0.02     -0.09     0.09     1 
0130322113   40.56358    -74.29572     0.12     -0.08     0.14     1 
0130322114   40.56334    -74.25852    -0.07     -0.08     0.11     1 
0130322115   40.56310    -74.22131    -0.11     -0.06     0.13     1 
0130322116   40.56284    -74.18410    -0.03     -0.02     0.04     1 
0130322117   40.56257    -74.14690     0.05     -0.03     0.06     1 
0130322118   40.56229    -74.10969    -0.03     -0.01     0.03     1 
0130322186   40.53860    -74.37038    -0.07      0.02     0.07     1 
0130322187   40.53839    -74.33318     0.09     -0.02     0.10     1 
0130322188   40.53817    -74.29599    -0.02     -0.09     0.09     1 
0130322189   40.53794    -74.25880    -0.08     -0.02     0.08     1 
0130322190   40.53770    -74.22160     0.09     -0.09     0.13     1 
0130322191   40.53744    -74.18441     0.13     -0.08     0.15     1 
0130322192   40.53717    -74.14722     0.12     -0.15     0.20     1 
0130322263   40.51277    -74.29626    -0.06     -0.12     0.13     1 
0130322264   40.51254    -74.25907    -0.07     -0.10     0.12     1 
0130322265   40.51229    -74.22190     0.05     -0.04     0.07     1 
0130322266   40.51204    -74.18472     0.09     -0.16     0.18     1 
0130322336   40.48779    -74.37085    -0.16     -0.03     0.17     1 
0130322337   40.48759    -74.33369    -0.04     -0.05     0.07     1 
0130322338   40.48737    -74.29652    -0.07     -0.25     0.26     1 
0130322410   40.46259    -74.40824    -0.05     -0.06     0.08     1 
0130322411   40.46239    -74.37109    -0.13     -0.10     0.16     1 
0130322412   40.46218    -74.33394    -0.01     -0.12     0.12     1 
0130322413   40.46196    -74.29678    -0.04     -0.04     0.06     1 
0130322414   40.46173    -74.25963    -0.03     -0.04     0.05     1 
0130322416   40.46123    -74.18533    -0.07      0.09     0.11     1 
0130322485   40.43718    -74.40846     0.10     -0.10     0.14     1 
0130322486   40.43699    -74.37132     0.05     -0.05     0.07     1 
0130322487   40.43678    -74.33419    -0.03     -0.12     0.12     1 
0130322488   40.43656    -74.29705     0.03     -0.09     0.10     1 
0130322489   40.43633    -74.25991     0.04     -0.05     0.06     1 
0130322490   40.43608    -74.22278     0.00      0.03     0.03     1 
0130322491   40.43583    -74.18564    -0.08     -0.15     0.17     1 
0130322492   40.43556    -74.14850    -0.02     -0.05     0.05     1 
0130322493   40.43528    -74.11137    -0.21     -0.01     0.21     1 
0130322560   40.41178    -74.40869     0.11      0.04     0.12     1 
0130322561   40.41158    -74.37156     0.05     -0.02     0.06     1 
0130322562   40.41137    -74.33444    -0.06     -0.08     0.10     1 
0130322563   40.41116    -74.29731     0.18     -0.02     0.19     1 
0130322564   40.41092    -74.26019     0.11     -0.04     0.12     1 
0130322565   40.41068    -74.22307     0.05     -0.07     0.09     1 
0130322566   40.41042    -74.18595    -0.03     -0.04     0.05     1 
0130322567   40.41016    -74.14882     0.11     -0.02     0.11     1 
0130322568   40.40988    -74.11170     0.11     -0.02     0.11     1 
0130322569   40.40959    -74.07458     0.09     -0.00     0.09     1 
0130322570   40.40928    -74.03746    -0.09     -0.08     0.12     1 
0130322571   40.40897    -74.00034    -0.09     -0.02     0.09     1 
0130322635   40.38637    -74.40891     0.19     -0.01     0.19     1 
0130322636   40.38618    -74.37180    -0.00      0.01     0.01     1 
0130322637   40.38597    -74.33469     0.15     -0.01     0.15     1 
0130322638   40.38575    -74.29758     0.13      0.03     0.14     1 
0130322639   40.38552    -74.26047     0.03     -0.03     0.04     1 
0130322640   40.38528    -74.22336     0.18      0.01     0.18     1 
0130322641   40.38502    -74.18625     0.12     -0.04     0.12     1 
0130322642   40.38475    -74.14914     0.11     -0.06     0.13     1 
0130322643   40.38448    -74.11204     0.12     -0.05     0.13     1 
0130322644   40.38418    -74.07493     0.13     -0.01     0.13     1 
0130322645   40.38388    -74.03782     0.02     -0.06     0.07     1 
0130322646   40.38357    -74.00072    -0.06     -0.03     0.07     1 
0130322710   40.36097    -74.40913     0.03      0.07     0.07     1 
0130322711   40.36077    -74.37203     0.07      0.03     0.08     1 
0130322712   40.36057    -74.33494     0.05     -0.01     0.05     1 
0130322714   40.36012    -74.26075     0.10      0.03     0.11     1 
0130322715   40.35987    -74.22365     0.11     -0.13     0.17     1 
0130322716   40.35962    -74.18656     0.14     -0.08     0.16     1 
0130322717   40.35935    -74.14946     0.13     -0.02     0.14     1 
0130322718   40.35907    -74.11237     0.10     -0.02     0.10     1 
0130322719   40.35878    -74.07528    -0.11     -0.11     0.16     1 
0130322720   40.35848    -74.03818     0.13     -0.02     0.13     1 
0130322721   40.35816    -74.00109     0.01     -0.04     0.04     1 
0130322722   40.35784    -73.96400    -0.19     -0.23     0.30     1 
0130322784   40.33575    -74.44643     0.03     -0.03     0.04     1 
0130322785   40.33556    -74.40935     0.12     -0.01     0.12     1 
0130322786   40.33537    -74.37227     0.16     -0.02     0.16     1 
0130322787   40.33516    -74.33519     0.11     -0.11     0.16     1 
0130322788   40.33494    -74.29811     0.13     -0.09     0.16     1 
0130322789   40.33471    -74.26102     0.15      0.04     0.16     1 
0130322790   40.33447    -74.22394     0.13     -0.11     0.17     1 
0130322791   40.33421    -74.18686     0.12      0.01     0.12     1 
0130322792   40.33395    -74.14978     0.02      0.06     0.06     1 
0130322793   40.33367    -74.11270     0.18      0.02     0.18     1 
0130322794   40.33338    -74.07562     0.01     -0.05     0.05     1 
0130322795   40.33308    -74.03854     0.10     -0.11     0.15     1 
0130322796   40.33276    -74.00147    -0.11     -0.09     0.14     1 
0130322859   40.31034    -74.44664    -0.08     -0.02     0.08     1 
0130322860   40.31016    -74.40957     0.11      0.04     0.12     1 
0130322862   40.30976    -74.33544     0.17     -0.01     0.17     1 
0130322863   40.30954    -74.29837     0.09      0.02     0.09     1 
0130322864   40.30931    -74.26130     0.11      0.01     0.11     1 
0130322865   40.30906    -74.22423     0.04     -0.07     0.08     1 
0130322866   40.30881    -74.18717     0.06     -0.01     0.06     1 
0130322867   40.30854    -74.15010     0.09     -0.02     0.09     1 
0130322868   40.30827    -74.11303    -0.04     -0.02     0.04     1 
0130322869   40.30797    -74.07597     0.14     -0.03     0.14     1 
0130322870   40.30767    -74.03890     0.01     -0.05     0.05     1 
0130322871   40.30736    -74.00184    -0.08     -0.05     0.10     1 
0130322934   40.28494    -74.44685     0.06      0.03     0.07     1 
0130322935   40.28475    -74.40980     0.24      0.08     0.26     1 
0130322936   40.28456    -74.37274     0.17      0.03     0.17     1 
0130322937   40.28435    -74.33568     0.06     -0.01     0.06     1 
0130322939   40.28390    -74.26158     0.04     -0.03     0.05     1 
0130322940   40.28366    -74.22452     0.01      0.00     0.01     1 
0130322941   40.28341    -74.18747    -0.03     -0.02     0.04     1 
0130322942   40.28314    -74.15042     0.11     -0.00     0.11     1 
0130322943   40.28286    -74.11337     0.17     -0.05     0.18     1 
0130322944   40.28257    -74.07632     0.07     -0.11     0.13     1 
0130322945   40.28227    -74.03927     0.01     -0.00     0.01     1 
0130322946   40.28196    -74.00222     0.02      0.04     0.05     1 
0130323009   40.25953    -74.44706     0.13     -0.00     0.13     1 
0130323010   40.25935    -74.41002     0.10      0.02     0.10     1 
0130323011   40.25915    -74.37297    -0.03      0.01     0.03     1 
0130323012   40.25895    -74.33593     0.07     -0.03     0.08     1 
0130323013   40.25873    -74.29889    -0.00     -0.11     0.11     1 
0130323015   40.25826    -74.22481     0.08      0.01     0.08     1 
0130323016   40.25800    -74.18778     0.13      0.00     0.13     1 
0130323017   40.25774    -74.15074     0.07      0.00     0.07     1 
0130323018   40.25746    -74.11370     0.06      0.01     0.06     1 
0130323019   40.25717    -74.07666     0.16     -0.03     0.16     1 
0130323020   40.25687    -74.03963     0.05     -0.00     0.05     1 
0130323021   40.25655    -74.00259     0.05     -0.00     0.05     1 
0130323084   40.23413    -74.44726     0.14      0.01     0.14     1 
0130323085   40.23394    -74.41024     0.25     -0.16     0.30     1 
0130323086   40.23375    -74.37321     0.09     -0.02     0.09     1 
0130323087   40.23354    -74.33618     0.12     -0.11     0.17     1 
0130323088   40.23333    -74.29916     0.03     -0.03     0.05     1 
0130323089   40.23309    -74.26213     0.04     -0.03     0.05     1 
0130323090   40.23285    -74.22510     0.03      0.04     0.05     1 
0130323091   40.23260    -74.18808     0.06     -0.05     0.08     1 
0130323092   40.23233    -74.15105     0.12     -0.06     0.13     1 
0130323093   40.23206    -74.11403     0.08     -0.18     0.20     1 
0130323094   40.23177    -74.07701    -0.02     -0.08     0.08     1 
0130323095   40.23147    -74.03998     0.01     -0.06     0.06     1 
0130323096   40.23115    -74.00296    -0.02     -0.10     0.10     1 
0130323158   40.20889    -74.48448     0.11     -0.02     0.11     1 
0130323159   40.20872    -74.44747     0.10     -0.02     0.10     1 
0130323160   40.20854    -74.41046     0.10     -0.07     0.12     1 
0130323161   40.20834    -74.37344     0.11     -0.01     0.11     1 
0130323162   40.20814    -74.33643    -0.02     -0.03     0.03     1 
0130323163   40.20792    -74.29942     0.12     -0.03     0.12     1 
0130323164   40.20769    -74.26241     0.09     -0.01     0.09     1 
0130323165   40.20745    -74.22539     0.15     -0.01     0.15     1 
0130323166   40.20719    -74.18838     0.09     -0.10     0.13     1 
0130323167   40.20693    -74.15137     0.15      0.01     0.15     1 
0130323168   40.20665    -74.11436     0.01     -0.25     0.25     1 
0130323169   40.20636    -74.07735     0.04     -0.05     0.06     1 
0130323170   40.20606    -74.04034    -0.01     -0.11     0.11     1 
0130323233   40.18349    -74.48468     0.18     -0.03     0.19     1 
0130323234   40.18332    -74.44768     0.14     -0.05     0.15     1 
0130323235   40.18313    -74.41068     0.16      0.03     0.16     1 
0130323236   40.18294    -74.37368     0.03      0.03     0.04     1 
0130323237   40.18273    -74.33668     0.10     -0.08     0.13     1 
0130323238   40.18252    -74.29968     0.14     -0.15     0.20     1 
0130323239   40.18229    -74.26268     0.18      0.02     0.18     1 
0130323241   40.18179    -74.18869     0.19     -0.22     0.29     1 
0130323242   40.18153    -74.15169     0.14     -0.03     0.14     1 
0130323243   40.18125    -74.11469    -0.14     -0.18     0.23     1 
0130323244   40.18096    -74.07770     0.06      0.02     0.07     1 
0130323245   40.18066    -74.04070    -0.05      0.00     0.05     1 
0130323246   40.18035    -74.00370     0.01      0.13     0.13     1 
0130323308   40.15808    -74.48487     0.08      0.00     0.08     1 
0130323309   40.15791    -74.44788     0.23      0.06     0.24     1 
0130323310   40.15773    -74.41090     0.05      0.03     0.06     1 
0130323311   40.15753    -74.37391     0.03     -0.03     0.04     1 
0130323312   40.15733    -74.33692     0.07     -0.01     0.07     1 
0130323313   40.15711    -74.29994     0.11     -0.10     0.15     1 
0130323314   40.15688    -74.26296     0.02     -0.03     0.04     1 
0130323315   40.15664    -74.22597     0.06     -0.04     0.08     1 
0130323316   40.15639    -74.18899     0.12     -0.02     0.12     1 
0130323317   40.15612    -74.15200     0.10     -0.05     0.11     1 
0130323318   40.15584    -74.11502     0.01     -0.06     0.06     1 
0130323319   40.15555    -74.07804     0.10     -0.10     0.14     1 
0130323320   40.15525    -74.04106     0.03     -0.07     0.08     1 
0130323383   40.13267    -74.48506     0.08      0.04     0.08     1 
0130323384   40.13250    -74.44809    -0.10     -0.05     0.11     1 
0130323385   40.13232    -74.41111    -0.10     -0.13     0.16     1 
0130323386   40.13213    -74.37414     0.16     -0.01     0.16     1 
0130323387   40.13192    -74.33717     0.10     -0.05     0.11     1 
0130323389   40.13148    -74.26323     0.17      0.08     0.18     1 
0130323390   40.13123    -74.22626     0.05     -0.12     0.13     1 
0130323391   40.13098    -74.18929     0.09     -0.01     0.09     1 
0130323392   40.13072    -74.15232     0.12     -0.07     0.14     1 
0130323394   40.13015    -74.07838     0.02      0.01     0.03     1 
0130323395   40.12985    -74.04142     0.03     -0.14     0.15     1 
0130323458   40.10727    -74.48525     0.08      0.11     0.13     1 
0130323459   40.10710    -74.44829    -0.03      0.00     0.03     1 
0130323460   40.10692    -74.41133    -0.07     -0.08     0.10     1 
0130323461   40.10672    -74.37438     0.05     -0.04     0.06     1 
0130323462   40.10652    -74.33742     0.11     -0.09     0.14     1 
0130323463   40.10630    -74.30046     0.05     -0.02     0.06     1 
0130323464   40.10607    -74.26350     0.10     -0.06     0.12     1 
0130323465   40.10583    -74.22655     0.13      0.04     0.14     1 
0130323466   40.10558    -74.18959     0.14      0.06     0.16     1 
0130323467   40.10531    -74.15264     0.06      0.01     0.06     1 
0130323468   40.10504    -74.11568     0.11      0.01     0.11     1 
0130323469   40.10475    -74.07873     0.09     -0.16     0.19     1 
0130323470   40.10445    -74.04177    -0.04      0.03     0.05     1 
0130323532   40.08202    -74.52239     0.08      0.02     0.08     1 
0130323533   40.08186    -74.48544     0.04      0.00     0.04     1 
0130323534   40.08169    -74.44850     0.06      0.05     0.08     1 
0130323535   40.08151    -74.41155     0.12      0.01     0.12     1 
0130323536   40.08132    -74.37461     0.14      0.07     0.16     1 
0130323537   40.08111    -74.33767     0.02      0.03     0.03     1 
0130323538   40.08089    -74.30072     0.08      0.08     0.11     1 
0130323540   40.08042    -74.22683    -0.11     -0.00     0.11     1 
0130323541   40.08017    -74.18989    -0.10     -0.02     0.10     1 
0130323542   40.07991    -74.15295     0.01     -0.05     0.05     1 
0130323543   40.07963    -74.11601     0.00     -0.03     0.03     1 
0130323544   40.07934    -74.07907     0.01     -0.05     0.05     1 
0130323545   40.07904    -74.04213    -0.03      0.23     0.23     1 
0130323607   40.05661    -74.52257     0.20     -0.02     0.20     1 
0130323608   40.05646    -74.48564     0.05      0.07     0.08     1 
0130323609   40.05629    -74.44870     0.12      0.01     0.12     1 
0130323610   40.05610    -74.41177    -0.04      0.08     0.09     1 
0130323611   40.05591    -74.37484    -0.03      0.03     0.04     1 
0130323612   40.05571    -74.33791    -0.03     -0.12     0.13     1 
0130323613   40.05549    -74.30098     0.04      0.01     0.04     1 
0130323614   40.05526    -74.26405     0.13     -0.27     0.29     1 
0130323616   40.05477    -74.19019     0.04     -0.05     0.06     1 
0130323617   40.05450    -74.15327    -0.06     -0.09     0.11     1 
0130323618   40.05423    -74.11634    -0.11     -0.01     0.11     1 
0130323619   40.05394    -74.07941    -0.09     -0.05     0.10     1 
0130323620   40.05364    -74.04248    -0.04      0.10     0.11     1 
0130323682   40.03121    -74.52274    -0.02      0.01     0.02     1 
0130323684   40.03088    -74.44891     0.00     -0.04     0.04     1 
0130323685   40.03070    -74.41199     0.04      0.05     0.07     1 
0130323686   40.03050    -74.37507    -0.02     -0.02     0.03     1 
0130323687   40.03030    -74.33816    -0.01     -0.03     0.04     1 
0130323690   40.02961    -74.22741     0.04      0.01     0.04     1 
0130323691   40.02936    -74.19049     0.07      0.01     0.07     1 
0130323692   40.02910    -74.15358    -0.00      0.01     0.01     1 
0130323693   40.02882    -74.11666    -0.05      0.04     0.06     1 
0130323694   40.02854    -74.07975    -0.03     -0.03     0.04     1 
0130323759   40.00547    -74.44911    -0.08      0.02     0.08     1 
0130323761   40.00510    -74.37530    -0.02     -0.03     0.04     1 
0130323762   40.00489    -74.33840     0.00      0.03     0.03     1 
0130323763   40.00468    -74.30150     0.05     -0.02     0.05     1 
0130323764   40.00445    -74.26460    -0.10      0.02     0.10     1 
0130323765   40.00421    -74.22769     0.04     -0.07     0.08     1 
0130323766   40.00396    -74.19079     0.10      0.04     0.11     1 
0130323767   40.00369    -74.15389    -0.00      0.05     0.05     1 
0130323768   40.00342    -74.11699    -0.03      0.01     0.03     1 
0130323769   40.00313    -74.08009    -0.03     -0.06     0.07     1 
0130323832   39.98039    -74.52310    -0.08     -0.09     0.12     1 
0130323833   39.98024    -74.48621    -0.15     -0.05     0.16     1 
0130323834   39.98007    -74.44932    -0.08     -0.14     0.17     1 
0130323835   39.97989    -74.41243    -0.08     -0.03     0.09     1 
0130323836   39.97969    -74.37554    -0.01     -0.12     0.12     1 
0130323837   39.97949    -74.33865    -0.10     -0.07     0.12     1 
0130323838   39.97927    -74.30176    -0.02     -0.06     0.06     1 
0130323839   39.97904    -74.26487    -0.15     -0.02     0.15     1 
0130323840   39.97880    -74.22798     0.02     -0.02     0.03     1 
0130323841   39.97855    -74.19109    -0.03      0.11     0.11     1 
0130323842   39.97829    -74.15421     0.09      0.02     0.10     1 
0130323843   39.97801    -74.11732    -0.02     -0.08     0.08     1 
0130323844   39.97773    -74.08043     0.02      0.06     0.07     1 
0130323906   39.95513    -74.56015    -0.08      0.01     0.08     1 
0130323907   39.95499    -74.52327     0.03     -0.04     0.05     1 
0130323909   39.95466    -74.44952     0.06     -0.04     0.07     1 
0130323910   39.95448    -74.41264    -0.05     -0.08     0.10     1 
0130323912   39.95408    -74.33889     0.05      0.01     0.05     1 
0130323913   39.95387    -74.30202     0.10      0.00     0.10     1 
0130323915   39.95340    -74.22827    -0.02     -0.02     0.03     1 
0130323916   39.95315    -74.19139     0.03     -0.00     0.03     1 
0130323917   39.95288    -74.15452     0.05     -0.01     0.05     1 
0130323918   39.95261    -74.11765    -0.02     -0.04     0.04     1 
0130323919   39.95232    -74.08077    -0.05     -0.05     0.07     1 
0130323981   39.92972    -74.56031    -0.03      0.26     0.26     1 
0130323983   39.92942    -74.48659     0.10     -0.18     0.20     1 
0130323984   39.92925    -74.44972     0.15      0.03     0.15     1 
0130323986   39.92888    -74.37600    -0.03     -0.06     0.06     1 
0130323987   39.92868    -74.33914     0.06      0.01     0.06     1 
0130323988   39.92846    -74.30227    -0.04      0.01     0.04     1 
0130323989   39.92823    -74.26541     0.06      0.09     0.11     1 
0130323990   39.92799    -74.22855     0.04      0.02     0.04     1 
0130323991   39.92774    -74.19169     0.11     -0.19     0.22     1 
0130323992   39.92748    -74.15483     0.05     -0.12     0.13     1 
0130324057   39.90417    -74.52363    -0.03     -0.01     0.04     1 
0130324058   39.90402    -74.48678    -0.11     -0.02     0.11     1 
0130324060   39.90367    -74.41308    -0.02     -0.01     0.02     1 
0130324061   39.90347    -74.37623     0.05      0.06     0.07     1 
0130324062   39.90327    -74.33938    -0.05     -0.07     0.08     1 
0130324063   39.90305    -74.30253     0.01     -0.01     0.02     1 
0130324064   39.90283    -74.26569     0.11     -0.07     0.13     1 
0130324065   39.90259    -74.22884     0.16     -0.07     0.17     1 
0130324066   39.90234    -74.19199    -0.12      0.06     0.13     1 
0130324067   39.90207    -74.15514     0.12     -0.00     0.12     1 
0130324068   39.90180    -74.11830    -0.16     -0.14     0.21     1 
0130324069   39.90151    -74.08145    -0.04      0.30     0.30     1 
0130324135   39.87826    -74.41329    -0.10     -0.09     0.13     1 
0130324136   39.87807    -74.37646    -0.09      0.01     0.09     1 
0130324137   39.87786    -74.33962     0.05     -0.02     0.05     1 
0130324139   39.87742    -74.26596    -0.23      0.17     0.29     1 
0130324140   39.87718    -74.22912    -0.03     -0.03     0.05     1 
0130324141   39.87693    -74.19229     0.19     -0.00     0.19     1 
0130324142   39.87667    -74.15546    -0.00     -0.02     0.02     1 
0130324207   39.85336    -74.52398     0.02      0.06     0.07     1 
0130324209   39.85303    -74.45033    -0.01     -0.04     0.04     1 
0130324210   39.85285    -74.41351     0.04     -0.03     0.05     1 
0130324211   39.85266    -74.37669    -0.10     -0.16     0.19     1 
0130324212   39.85246    -74.33987     0.09      0.01     0.09     1 
0130324213   39.85224    -74.30305    -0.10     -0.03     0.11     1 
0130324214   39.85201    -74.26623     0.01      0.01     0.02     1 
0130324215   39.85178    -74.22941    -0.12      0.04     0.13     1 
0130324216   39.85153    -74.19259     0.07     -0.03     0.07     1 
0130324217   39.85126    -74.15577    -0.04      0.02     0.05     1 
0130324281   39.82810    -74.56096     0.05      0.20     0.20     1 
0130324282   39.82795    -74.52415     0.12      0.04     0.13     1 
0130324283   39.82779    -74.48734     0.01      0.08     0.08     1 
0130324284   39.82762    -74.45054     0.05     -0.06     0.08     1 
0130324285   39.82744    -74.41373     0.09     -0.02     0.09     1 
0130324286   39.82725    -74.37692     0.04      0.02     0.05     1 
0130324287   39.82705    -74.34011     0.05     -0.20     0.21     1 
0130324288   39.82684    -74.30330    -0.07      0.02     0.07     1 
0130324289   39.82661    -74.26650    -0.08     -0.22     0.23     1 
0130324290   39.82637    -74.22969     0.01      0.01     0.01     1 
0130324291   39.82612    -74.19288    -0.05      0.01     0.05     1 
0130324292   39.82586    -74.15608    -0.15     -0.15     0.21     1 
0130324356   39.80269    -74.56112    -0.05      0.09     0.10     1 
0130324357   39.80254    -74.52433    -0.01      0.09     0.09     1 
0130324358   39.80239    -74.48753     0.02     -0.03     0.03     1 
0130324362   39.80164    -74.34035    -0.22     -0.07     0.23     1 
0130324363   39.80143    -74.30356     0.02     -0.01     0.02     1 
0130324364   39.80120    -74.26677     0.03      0.06     0.07     1 
0130324365   39.80096    -74.22997     0.05     -0.01     0.05     1 
0130324366   39.80071    -74.19318    -0.03      0.01     0.03     1 
0130324368   39.80018    -74.11960     0.04      0.02     0.05     1 
0130324430   39.77741    -74.59807     0.08      0.17     0.19     1 
0130324432   39.77714    -74.52450     0.07      0.05     0.08     1 
0130324434   39.77681    -74.45094    -0.12      0.02     0.12     1 
0130324435   39.77663    -74.41416     0.05      0.04     0.06     1 
0130324437   39.77624    -74.34060     0.16     -0.08     0.18     1 
0130324438   39.77602    -74.30382     0.04     -0.09     0.10     1 
0130324439   39.77580    -74.26704    -0.10     -0.05     0.11     1 
0130324441   39.77531    -74.19348     0.00      0.00     0.00     1 
0130324506   39.75187    -74.56145    -0.02     -0.09     0.09     1 
0130324507   39.75173    -74.52468    -0.05      0.04     0.06     1 
0130324509   39.75140    -74.45114    -0.06      0.10     0.12     1 
0130324510   39.75122    -74.41437     0.03      0.11     0.11     1 
0130324513   39.75061    -74.30407     0.02      0.06     0.06     1 
0130324515   39.75015    -74.23054     0.19      0.14     0.24     1 
0130324516   39.74990    -74.19378     0.04      0.09     0.10     1 
0130324581   39.72646    -74.56161    -0.04      0.02     0.05     1 
0130324582   39.72632    -74.52485    -0.03      0.05     0.06     1 
0130324583   39.72616    -74.48810    -0.12      0.15     0.19     1 
0130324584   39.72599    -74.45134     0.03      0.01     0.04     1 
0130324589   39.72498    -74.26757    -0.01      0.02     0.03     1 
0130324591   39.72449    -74.19407    -0.01      0.04     0.05     1 
0130324592   39.72423    -74.15732     0.05      0.03     0.06     1 
0130324654   39.70131    -74.63525    -0.13     -0.02     0.13     1 
0130324655   39.70119    -74.59851    -0.08     -0.05     0.09     1 
0130324656   39.70106    -74.56177    -0.19     -0.07     0.20     1 
0130324657   39.70091    -74.52503     0.04     -0.00     0.04     1 
0130324658   39.70076    -74.48829    -0.03      0.14     0.14     1 
0130324659   39.70059    -74.45154    -0.03      0.19     0.19     1 
0130324660   39.70041    -74.41480    -0.04      0.00     0.04     1 
0130324664   39.69958    -74.26784    -0.00      0.13     0.13     1 
0130324665   39.69934    -74.23110     0.10      0.18     0.21     1 
0130324666   39.69909    -74.19437    -0.00      0.05     0.05     1 
0130324667   39.69883    -74.15763     0.02      0.11     0.11     1 
0130324732   39.67550    -74.52520     0.17      0.14     0.22     1 
0130324733   39.67535    -74.48847    -0.24     -0.10     0.26     1 
0130324734   39.67518    -74.45175    -0.04     -0.03     0.05     1 
0130324735   39.67500    -74.41502     0.03      0.08     0.08     1 
0130324739   39.67417    -74.26811     0.08      0.10     0.13     1 
0130324740   39.67393    -74.23139    -0.00      0.05     0.05     1 
0130324741   39.67368    -74.19466    -0.01     -0.03     0.03     1 
0130324812   39.64920    -74.34180    -0.06      0.07     0.09     1 
0130324813   39.64899    -74.30509     0.09      0.07     0.11     1 
0130324814   39.64876    -74.26838     0.05      0.04     0.07     1 
0130324815   39.64852    -74.23167     0.04      0.02     0.05     1 
0130324816   39.64827    -74.19496     0.03      0.02     0.03     1 
----------------------------------------------------------------------
---------------------------------------------------
Total correlated GCPs in Upper Left Quadrant: 562

GCP statistics this quadrant only (in Pixels)
Line residual statistics:
  Mean: 0.020
  Median: 0.026
  Standard Deviation: 0.100

Sample residual statistics:
  Mean: 0.005
  Median: 0.008
  Standard Deviation: 0.064

Quadrant RMSE: 0.121

---------------------------------------------------
Total correlated GCPs in Upper Right Quadrant: 199

GCP statistics this quadrant only (in Pixels)
Line residual statistics:
  Mean: -0.002
  Median: 0.001
  Standard Deviation: 0.100

Sample residual statistics:
  Mean: -0.009
  Median: -0.007
  Standard Deviation: 0.079

Quadrant RMSE: 0.128

---------------------------------------------------
Total correlated GCPs in Lower Left Quadrant: 349

GCP statistics this quadrant only (in Pixels)
Line residual statistics:
  Mean: 0.031
  Median: 0.037
  Standard Deviation: 0.087

Sample residual statistics:
  Mean: -0.015
  Median: -0.015
  Standard Deviation: 0.075

Quadrant RMSE: 0.120

---------------------------------------------------
Total correlated GCPs in Lower Right Quadrant: 0

GCP statistics this quadrant only (in Pixels)
Line residual statistics:
  Mean: 0.000
  Median: 0.000
  Standard Deviation: 0.000

Sample residual statistics:
  Mean: 0.000
  Median: 0.000
  Standard Deviation: 0.000

Quadrant RMSE: 0.000

---------------------------------------------------
---------------------------------------------------
Total correlated GCPs in scene: 1110

GCP statistics entire scene (in Pixels)
Line residual statistics:
  Mean: 0.020
  Median: 0.026
  Standard Deviation: 0.097

Sample residual statistics:
  Mean: -0.004
  Median: -0.003
  Standard Deviation: 0.071

Scene RMSE: 0.122

