==============================================================================
==============================================================================
Thu. Sep. 22 2016                  LANDSAT 5                       Time: 22:29
                            Image Assessment System
                            GEOMETRIC VERIFY Report
==============================================================================
Order ID: 0501609191976_03678                          Path / Row - 13 / 32
Reference Image: L51XXX1098232150100_HDF.L1G

Color mapping per rank
----------------------
Rank  1 is Green: total residual <= 0.5
Rank  2 is Cyan: 0.5 < total residual <=  1
Rank  3 is Blue:  1 < total residual <=  2
Rank  4 is Yellow:  2 < total residual <=  3
Rank  5 is Red:  3 < total residual

Percentage of residuals by rank
-------------------------------
Rank   1 -- 100.0%
Rank   2 --  0.0%
Rank   3 --  0.0%
Rank   4 --  0.0%
Rank   5 --  0.0%

       GCP    Latitude    Longitude  Sample   Line     Total    Rank
        ID                           Residual Residual Residual
              (Degree)    (Degree)   (Pixel)  (Pixel)  (Pixel)
----------------------------------------------------------------------
0130320015   41.27102    -74.12878    -0.02      0.19     0.19     1 
0130320090   41.24562    -74.12912    -0.18      0.07     0.20     1 
0130320092   41.24504    -74.05466     0.18     -0.11     0.21     1 
0130320094   41.24440    -73.98020    -0.15      0.00     0.15     1 
0130320095   41.24407    -73.94297     0.06     -0.02     0.06     1 
0130320096   41.24372    -73.90574     0.17      0.03     0.17     1 
0130320165   41.22023    -74.12946     0.16     -0.09     0.18     1 
0130320166   41.21994    -74.09224     0.08      0.08     0.11     1 
0130320167   41.21964    -74.05502    -0.02      0.17     0.17     1 
0130320168   41.21933    -74.01781     0.17      0.04     0.18     1 
0130320169   41.21900    -73.98059    -0.06     -0.03     0.06     1 
0130320171   41.21832    -73.90616    -0.07      0.16     0.17     1 
0130320172   41.21796    -73.86895     0.17     -0.14     0.22     1 
0130320173   41.21759    -73.83173    -0.02      0.05     0.06     1 
0130320174   41.21721    -73.79452     0.26     -0.03     0.27     1 
0130320175   41.21681    -73.75731     0.22      0.01     0.22     1 
0130320176   41.21640    -73.72010     0.17     -0.05     0.18     1 
0130320239   41.19510    -74.16700    -0.14     -0.07     0.15     1 
0130320240   41.19483    -74.12980    -0.16      0.12     0.20     1 
0130320242   41.19424    -74.05539     0.35      0.16     0.39     1 
0130320243   41.19393    -74.01819     0.20      0.03     0.20     1 
0130320246   41.19292    -73.90659     0.10      0.05     0.11     1 
0130320247   41.19256    -73.86938    -0.02     -0.01     0.03     1 
0130320248   41.19219    -73.83219     0.10     -0.03     0.10     1 
0130320249   41.19181    -73.79499     0.16      0.02     0.16     1 
0130320250   41.19141    -73.75779     0.17     -0.00     0.17     1 
0130320251   41.19101    -73.72059     0.22      0.07     0.23     1 
0130320252   41.19059    -73.68340     0.24      0.18     0.30     1 
0130320253   41.19016    -73.64620     0.02      0.01     0.03     1 
0130320254   41.18971    -73.60901     0.10     -0.01     0.10     1 
0130320255   41.18926    -73.57182     0.04      0.06     0.07     1 
0130320256   41.18879    -73.53462     0.16     -0.01     0.16     1 
0130320257   41.18831    -73.49743     0.26     -0.06     0.26     1 
0130320314   41.16970    -74.16732     0.17      0.03     0.17     1 
0130320315   41.16943    -74.13013    -0.16      0.23     0.28     1 
0130320316   41.16914    -74.09294     0.29      0.03     0.30     1 
0130320317   41.16884    -74.05575     0.26      0.10     0.28     1 
0130320318   41.16853    -74.01857     0.28      0.05     0.28     1 
0130320319   41.16821    -73.98138     0.19      0.07     0.21     1 
0130320320   41.16787    -73.94419     0.04      0.14     0.14     1 
0130320322   41.16717    -73.86982     0.13      0.16     0.20     1 
0130320323   41.16680    -73.83264     0.25      0.03     0.25     1 
0130320324   41.16641    -73.79545     0.22      0.03     0.22     1 
0130320325   41.16602    -73.75827     0.20      0.09     0.22     1 
0130320326   41.16561    -73.72109     0.35      0.05     0.35     1 
0130320327   41.16519    -73.68391     0.12      0.11     0.16     1 
0130320328   41.16476    -73.64673     0.05     -0.00     0.05     1 
0130320329   41.16432    -73.60954     0.04      0.05     0.06     1 
0130320330   41.16386    -73.57237     0.10      0.02     0.10     1 
0130320331   41.16340    -73.53519     0.07      0.05     0.09     1 
0130320332   41.16292    -73.49801     0.21     -0.01     0.21     1 
0130320333   41.16243    -73.46083     0.18      0.04     0.19     1 
0130320334   41.16192    -73.42366     0.10      0.12     0.15     1 
0130320335   41.16141    -73.38648     0.16      0.07     0.18     1 
0130320336   41.16088    -73.34931     0.09      0.04     0.10     1 
0130320337   41.16034    -73.31214     0.21     -0.04     0.21     1 
0130320389   41.14430    -74.16764     0.12      0.09     0.15     1 
0130320390   41.14403    -74.13047     0.17     -0.04     0.17     1 
0130320392   41.14344    -74.05612     0.30      0.10     0.32     1 
0130320393   41.14313    -74.01895     0.30      0.04     0.31     1 
0130320394   41.14281    -73.98177     0.13     -0.05     0.13     1 
0130320395   41.14247    -73.94460     0.12      0.02     0.12     1 
0130320396   41.14213    -73.90743     0.23     -0.03     0.23     1 
0130320398   41.14140    -73.83309     0.23      0.10     0.25     1 
0130320399   41.14102    -73.79592     0.12      0.05     0.13     1 
0130320400   41.14062    -73.75875     0.11      0.04     0.12     1 
0130320401   41.14021    -73.72158     0.17      0.14     0.22     1 
0130320402   41.13980    -73.68441     0.17      0.02     0.17     1 
0130320403   41.13937    -73.64725     0.17     -0.01     0.17     1 
0130320404   41.13892    -73.61008     0.01      0.02     0.02     1 
0130320405   41.13847    -73.57292     0.12      0.03     0.12     1 
0130320406   41.13800    -73.53575     0.09      0.04     0.10     1 
0130320407   41.13752    -73.49859     0.11      0.11     0.16     1 
0130320408   41.13703    -73.46143     0.16      0.10     0.19     1 
0130320409   41.13653    -73.42427     0.07      0.00     0.07     1 
0130320410   41.13602    -73.38711     0.15      0.07     0.16     1 
0130320411   41.13549    -73.34995     0.05      0.05     0.07     1 
0130320412   41.13495    -73.31279     0.15     -0.02     0.15     1 
0130320413   41.13440    -73.27563    -0.17      0.04     0.17     1 
0130320464   41.11890    -74.16796     0.06      0.05     0.08     1 
0130320465   41.11863    -74.13080     0.03      0.06     0.07     1 
0130320466   41.11834    -74.09364     0.30      0.07     0.30     1 
0130320467   41.11804    -74.05648     0.11      0.02     0.11     1 
0130320468   41.11773    -74.01932     0.23      0.07     0.24     1 
0130320469   41.11741    -73.98216     0.36      0.07     0.36     1 
0130320470   41.11708    -73.94501     0.19      0.03     0.20     1 
0130320471   41.11673    -73.90785     0.18     -0.16     0.24     1 
0130320473   41.11600    -73.83354     0.28     -0.12     0.30     1 
0130320474   41.11562    -73.79638     0.19     -0.01     0.19     1 
0130320475   41.11523    -73.75923     0.20     -0.01     0.20     1 
0130320476   41.11482    -73.72207     0.10      0.04     0.11     1 
0130320477   41.11440    -73.68492     0.15     -0.00     0.15     1 
0130320478   41.11397    -73.64777     0.23     -0.02     0.23     1 
0130320479   41.11353    -73.61062     0.16      0.04     0.16     1 
0130320480   41.11307    -73.57347     0.16      0.05     0.16     1 
0130320481   41.11261    -73.53632     0.14      0.01     0.14     1 
0130320482   41.11213    -73.49917     0.17      0.04     0.17     1 
0130320483   41.11164    -73.46202     0.17      0.08     0.19     1 
0130320484   41.11114    -73.42487     0.02     -0.01     0.03     1 
0130320485   41.11062    -73.38773     0.13     -0.11     0.17     1 
0130320539   41.09350    -74.16828     0.19      0.10     0.22     1 
0130320540   41.09323    -74.13114     0.34      0.08     0.35     1 
0130320542   41.09264    -74.05685     0.15      0.10     0.18     1 
0130320543   41.09233    -74.01970     0.11      0.10     0.15     1 
0130320544   41.09201    -73.98256     0.17      0.11     0.20     1 
0130320545   41.09168    -73.94541     0.01      0.00     0.01     1 
0130320546   41.09133    -73.90827    -0.17     -0.16     0.23     1 
0130320547   41.09097    -73.87113     0.07      0.01     0.07     1 
0130320548   41.09060    -73.83399     0.12      0.09     0.15     1 
0130320549   41.09022    -73.79685     0.20      0.01     0.20     1 
0130320550   41.08983    -73.75971    -0.07     -0.07     0.10     1 
0130320551   41.08942    -73.72257     0.13     -0.01     0.13     1 
0130320552   41.08900    -73.68543     0.22     -0.04     0.23     1 
0130320553   41.08857    -73.64829     0.10      0.05     0.12     1 
0130320554   41.08813    -73.61115     0.13      0.03     0.14     1 
0130320555   41.08768    -73.57402     0.16      0.08     0.18     1 
0130320556   41.08721    -73.53688     0.24      0.02     0.24     1 
0130320557   41.08674    -73.49975     0.20      0.00     0.20     1 
0130320558   41.08625    -73.46261     0.05      0.03     0.06     1 
0130320559   41.08575    -73.42548     0.00     -0.03     0.03     1 
0130320560   41.08523    -73.38835    -0.28     -0.26     0.38     1 
0130320561   41.08471    -73.35122    -0.24     -0.28     0.37     1 
0130320613   41.06836    -74.20574     0.20     -0.01     0.20     1 
0130320614   41.06810    -74.16860     0.26     -0.01     0.26     1 
0130320615   41.06783    -74.13147     0.07      0.04     0.08     1 
0130320616   41.06754    -74.09434     0.32      0.15     0.36     1 
0130320617   41.06724    -74.05721     0.37      0.02     0.37     1 
0130320618   41.06693    -74.02008     0.09      0.01     0.09     1 
0130320619   41.06661    -73.98295     0.18     -0.05     0.19     1 
0130320620   41.06628    -73.94582     0.16      0.06     0.17     1 
0130320621   41.06593    -73.90869    -0.08     -0.15     0.17     1 
0130320622   41.06558    -73.87156     0.02      0.01     0.03     1 
0130320623   41.06521    -73.83444     0.09     -0.04     0.10     1 
0130320624   41.06482    -73.79731     0.21      0.03     0.21     1 
0130320625   41.06443    -73.76018     0.06      0.06     0.09     1 
0130320626   41.06403    -73.72306     0.18      0.06     0.19     1 
0130320627   41.06361    -73.68593     0.12     -0.00     0.12     1 
0130320628   41.06318    -73.64881     0.16     -0.02     0.16     1 
0130320629   41.06274    -73.61169     0.20     -0.01     0.20     1 
0130320630   41.06228    -73.57457     0.15     -0.05     0.16     1 
0130320631   41.06182    -73.53745     0.02     -0.00     0.02     1 
0130320632   41.06134    -73.50033    -0.05      0.03     0.06     1 
0130320633   41.06085    -73.46321    -0.24     -0.09     0.26     1 
0130320634   41.06035    -73.42609    -0.25     -0.17     0.30     1 
0130320689   41.04270    -74.16892     0.30      0.16     0.33     1 
0130320690   41.04243    -74.13181     0.21      0.03     0.21     1 
0130320691   41.04214    -74.09469     0.27      0.10     0.28     1 
0130320692   41.04185    -74.05757     0.15      0.07     0.16     1 
0130320693   41.04154    -74.02046     0.19      0.06     0.20     1 
0130320694   41.04121    -73.98334     0.07     -0.04     0.08     1 
0130320695   41.04088    -73.94622     0.08      0.03     0.09     1 
0130320696   41.04053    -73.90911    -0.03     -0.13     0.13     1 
0130320697   41.04018    -73.87200     0.11     -0.05     0.13     1 
0130320698   41.03981    -73.83488     0.22     -0.08     0.24     1 
0130320699   41.03943    -73.79777     0.11     -0.03     0.11     1 
0130320700   41.03903    -73.76066     0.06     -0.05     0.08     1 
0130320701   41.03863    -73.72355     0.18     -0.00     0.18     1 
0130320702   41.03821    -73.68644     0.19      0.03     0.19     1 
0130320703   41.03778    -73.64933     0.17     -0.01     0.17     1 
0130320704   41.03734    -73.61222     0.22      0.03     0.22     1 
0130320705   41.03689    -73.57511     0.13      0.02     0.13     1 
0130320706   41.03642    -73.53801    -0.10     -0.04     0.11     1 
0130320734   41.01856    -72.49945    -0.06     -0.05     0.08     1 
0130320735   41.01775    -72.46238    -0.23      0.01     0.23     1 
0130320739   41.01439    -72.31411     0.17      0.09     0.19     1 
0130320763   41.01756    -74.20635     0.16      0.13     0.20     1 
0130320764   41.01730    -74.16924     0.14      0.10     0.17     1 
0130320765   41.01703    -74.13214     0.21      0.12     0.24     1 
0130320766   41.01674    -74.09504     0.19      0.09     0.21     1 
0130320767   41.01644    -74.05793     0.13      0.13     0.18     1 
0130320768   41.01614    -74.02083     0.23      0.06     0.24     1 
0130320769   41.01582    -73.98373     0.15      0.06     0.16     1 
0130320770   41.01548    -73.94663     0.07      0.05     0.09     1 
0130320772   41.01478    -73.87243     0.18      0.01     0.18     1 
0130320773   41.01441    -73.83533     0.17      0.01     0.17     1 
0130320774   41.01403    -73.79823     0.14      0.01     0.14     1 
0130320775   41.01364    -73.76114     0.23     -0.04     0.23     1 
0130320776   41.01323    -73.72404     0.14      0.02     0.15     1 
0130320777   41.01282    -73.68694     0.04     -0.03     0.05     1 
0130320778   41.01239    -73.64985    -0.05     -0.10     0.11     1 
0130320779   41.01195    -73.61276    -0.26     -0.13     0.29     1 
0130320780   41.01149    -73.57566    -0.19     -0.26     0.32     1 
0130320805   40.99631    -72.64866     0.02     -0.38     0.38     1 
0130320808   40.99398    -72.53748    -0.09     -0.04     0.10     1 
0130320809   40.99318    -72.50042    -0.25     -0.02     0.25     1 
0130320810   40.99238    -72.46336    -0.36     -0.08     0.37     1 
0130320811   40.99155    -72.42630    -0.00      0.00     0.00     1 
0130320813   40.98987    -72.35219    -0.13     -0.04     0.14     1 
0130320814   40.98902    -72.31514    -0.13      0.03     0.13     1 
0130320815   40.98815    -72.27809    -0.03      0.06     0.06     1 
0130320816   40.98727    -72.24104    -0.04     -0.01     0.04     1 
0130320817   40.98637    -72.20399     0.04     -0.05     0.07     1 
0130320818   40.98547    -72.16695     0.08     -0.09     0.12     1 
0130320819   40.98455    -72.12990    -0.03     -0.10     0.10     1 
0130320838   40.99216    -74.20665     0.08      0.12     0.15     1 
0130320839   40.99190    -74.16956     0.14      0.12     0.18     1 
0130320840   40.99163    -74.13247     0.20      0.05     0.21     1 
0130320841   40.99134    -74.09538     0.10      0.11     0.15     1 
0130320842   40.99104    -74.05830     0.20      0.01     0.20     1 
0130320843   40.99074    -74.02121     0.16     -0.00     0.16     1 
0130320844   40.99041    -73.98412     0.14      0.08     0.16     1 
0130320845   40.99008    -73.94703     0.15      0.10     0.18     1 
0130320847   40.98938    -73.87286     0.18      0.04     0.19     1 
0130320848   40.98901    -73.83578     0.05      0.01     0.05     1 
0130320849   40.98863    -73.79869     0.19     -0.02     0.19     1 
0130320850   40.98824    -73.76161     0.22      0.05     0.23     1 
0130320851   40.98783    -73.72453     0.16     -0.01     0.16     1 
0130320852   40.98742    -73.68745     0.14     -0.01     0.14     1 
0130320853   40.98699    -73.65037    -0.27     -0.20     0.33     1 
0130320854   40.98655    -73.61329    -0.08     -0.19     0.21     1 
0130320881   40.97016    -72.61251     0.10     -0.14     0.17     1 
0130320882   40.96939    -72.57547     0.01      0.01     0.01     1 
0130320883   40.96860    -72.53842    -0.22     -0.09     0.24     1 
0130320888   40.96450    -72.35321     0.01     -0.01     0.01     1 
0130320889   40.96364    -72.31617    -0.06      0.08     0.10     1 
0130320890   40.96277    -72.27913     0.09     -0.05     0.10     1 
0130320891   40.96189    -72.24210     0.03      0.00     0.03     1 
0130320892   40.96100    -72.20507     0.04     -0.03     0.05     1 
0130320893   40.96010    -72.16804     0.16     -0.01     0.16     1 
0130320913   40.96676    -74.20696     0.09      0.27     0.28     1 
0130320914   40.96650    -74.16988     0.21      0.08     0.23     1 
0130320915   40.96623    -74.13281     0.21      0.14     0.25     1 
0130320916   40.96594    -74.09573     0.25      0.07     0.25     1 
0130320917   40.96565    -74.05866     0.11      0.10     0.15     1 
0130320918   40.96534    -74.02158     0.07      0.03     0.08     1 
0130320919   40.96502    -73.98451     0.14      0.07     0.16     1 
0130320920   40.96468    -73.94744     0.26      0.06     0.26     1 
0130320922   40.96398    -73.87330     0.12     -0.03     0.12     1 
0130320923   40.96361    -73.83622     0.10     -0.04     0.11     1 
0130320924   40.96323    -73.79916     0.19     -0.00     0.19     1 
0130320925   40.96284    -73.76209     0.21      0.01     0.21     1 
0130320926   40.96244    -73.72502     0.06     -0.02     0.07     1 
0130320927   40.96202    -73.68795    -0.11     -0.21     0.24     1 
0130320942   40.95435    -73.13205     0.18     -0.15     0.24     1 
0130320943   40.95375    -73.09499     0.06     -0.11     0.12     1 
0130320944   40.95313    -73.05794     0.09      0.14     0.17     1 
0130320945   40.95250    -73.02089     0.20      0.04     0.20     1 
0130320946   40.95186    -72.98385     0.17      0.04     0.18     1 
0130320947   40.95120    -72.94680     0.12      0.02     0.13     1 
0130320948   40.95054    -72.90975     0.21      0.01     0.21     1 
0130320949   40.94986    -72.87271     0.21      0.04     0.21     1 
0130320950   40.94917    -72.83566     0.17      0.03     0.18     1 
0130320951   40.94847    -72.79862     0.06      0.08     0.10     1 
0130320952   40.94775    -72.76158    -0.02     -0.11     0.11     1 
0130320953   40.94703    -72.72454     0.12     -0.04     0.12     1 
0130320955   40.94554    -72.65046     0.08     -0.05     0.10     1 
0130320956   40.94478    -72.61343     0.06     -0.01     0.06     1 
0130320957   40.94401    -72.57640    -0.13     -0.06     0.14     1 
0130320961   40.94080    -72.42827    -0.04     -0.03     0.05     1 
0130320962   40.93997    -72.39125     0.05      0.01     0.05     1 
0130320963   40.93912    -72.35422    -0.15      0.03     0.16     1 
0130320964   40.93827    -72.31720    -0.07      0.06     0.09     1 
0130320965   40.93740    -72.28018    -0.10     -0.03     0.11     1 
0130320966   40.93652    -72.24316    -0.24      0.18     0.30     1 
0130320987   40.94161    -74.24432     0.20      0.03     0.21     1 
0130320988   40.94136    -74.20726     0.19      0.08     0.20     1 
0130320989   40.94110    -74.17020     0.12      0.08     0.14     1 
0130320990   40.94083    -74.13314     0.06      0.10     0.12     1 
0130320991   40.94054    -74.09608     0.15      0.07     0.17     1 
0130320992   40.94024    -74.05902     0.15      0.08     0.17     1 
0130320993   40.93994    -74.02196     0.14      0.02     0.15     1 
0130320994   40.93962    -73.98490     0.20      0.07     0.21     1 
0130320995   40.93928    -73.94784     0.21      0.08     0.23     1 
0130320996   40.93894    -73.91078    -0.11      0.03     0.12     1 
0130320997   40.93858    -73.87373     0.15      0.06     0.16     1 
0130320998   40.93822    -73.83667     0.05      0.03     0.06     1 
0130320999   40.93784    -73.79962     0.08     -0.02     0.08     1 
0130321000   40.93744    -73.76256     0.12     -0.01     0.12     1 
0130321001   40.93704    -73.72551    -0.19     -0.25     0.31     1 
0130321007   40.93437    -73.50320    -0.02      0.33     0.33     1 
0130321010   40.93287    -73.39206    -0.30      0.14     0.33     1 
0130321011   40.93235    -73.35501     0.10      0.04     0.11     1 
0130321017   40.92896    -73.13276     0.14     -0.09     0.17     1 
0130321018   40.92836    -73.09573     0.16      0.01     0.16     1 
0130321019   40.92774    -73.05869     0.09     -0.03     0.09     1 
0130321020   40.92711    -73.02165     0.15      0.07     0.16     1 
0130321021   40.92647    -72.98462     0.18      0.12     0.21     1 
0130321022   40.92582    -72.94758     0.12      0.01     0.12     1 
0130321023   40.92515    -72.91055     0.24      0.01     0.24     1 
0130321024   40.92447    -72.87352     0.09      0.05     0.11     1 
0130321025   40.92378    -72.83649     0.06      0.01     0.06     1 
0130321026   40.92308    -72.79946     0.06     -0.02     0.06     1 
0130321027   40.92237    -72.76244     0.13      0.06     0.15     1 
0130321028   40.92164    -72.72541     0.00     -0.00     0.01     1 
0130321029   40.92091    -72.68839    -0.03      0.02     0.04     1 
0130321030   40.92016    -72.65136    -0.05      0.00     0.05     1 
0130321031   40.91940    -72.61434    -0.15     -0.08     0.17     1 
0130321032   40.91863    -72.57732     0.00      0.36     0.36     1 
0130321033   40.91784    -72.54030     0.02      0.15     0.15     1 
0130321036   40.91542    -72.42926    -0.17      0.03     0.17     1 
0130321037   40.91459    -72.39225    -0.03      0.03     0.04     1 
0130321038   40.91374    -72.35523    -0.08     -0.04     0.09     1 
0130321039   40.91289    -72.31822    -0.09     -0.04     0.10     1 
0130321040   40.91202    -72.28122     0.22     -0.08     0.24     1 
0130321062   40.91621    -74.24461     0.07      0.09     0.11     1 
0130321063   40.91596    -74.20756     0.11      0.09     0.15     1 
0130321064   40.91570    -74.17052    -0.03      0.01     0.03     1 
0130321065   40.91543    -74.13347    -0.01      0.00     0.01     1 
0130321066   40.91514    -74.09642     0.08     -0.03     0.09     1 
0130321067   40.91484    -74.05938     0.08     -0.07     0.10     1 
0130321068   40.91454    -74.02233     0.04     -0.03     0.05     1 
0130321069   40.91422    -73.98529     0.16      0.06     0.17     1 
0130321070   40.91389    -73.94824     0.19      0.03     0.19     1 
0130321072   40.91319    -73.87416     0.05      0.07     0.09     1 
0130321073   40.91282    -73.83712    -0.01      0.00     0.01     1 
0130321074   40.91244    -73.80008     0.13      0.01     0.13     1 
0130321075   40.91205    -73.76304    -0.24     -0.07     0.25     1 
0130321080   40.90991    -73.57784     0.17      0.11     0.20     1 
0130321081   40.90945    -73.54081     0.09     -0.28     0.29     1 
0130321083   40.90849    -73.46674    -0.12     -0.00     0.12     1 
0130321084   40.90799    -73.42971     0.02     -0.14     0.15     1 
0130321086   40.90696    -73.35564     0.06      0.02     0.07     1 
0130321087   40.90642    -73.31861     0.19      0.10     0.21     1 
0130321088   40.90588    -73.28158     0.21      0.03     0.21     1 
0130321089   40.90532    -73.24456     0.11     -0.33     0.34     1 
0130321090   40.90475    -73.20753     0.22      0.08     0.24     1 
0130321091   40.90417    -73.17050     0.15     -0.05     0.15     1 
0130321092   40.90357    -73.13348     0.27      0.00     0.27     1 
0130321093   40.90297    -73.09645     0.12      0.03     0.12     1 
0130321094   40.90235    -73.05943     0.14      0.05     0.15     1 
0130321095   40.90172    -73.02241     0.14     -0.07     0.16     1 
0130321096   40.90108    -72.98539     0.18      0.03     0.18     1 
0130321097   40.90043    -72.94837     0.03     -0.02     0.04     1 
0130321098   40.89976    -72.91135     0.15     -0.04     0.16     1 
0130321099   40.89909    -72.87434     0.10      0.00     0.10     1 
0130321100   40.89840    -72.83732    -0.01      0.00     0.01     1 
0130321101   40.89770    -72.80031     0.06     -0.01     0.06     1 
0130321102   40.89699    -72.76329     0.10      0.03     0.10     1 
0130321103   40.89626    -72.72628     0.11      0.05     0.12     1 
0130321104   40.89553    -72.68927     0.06      0.03     0.07     1 
0130321105   40.89478    -72.65226     0.08      0.03     0.09     1 
0130321106   40.89402    -72.61526     0.07      0.03     0.07     1 
0130321107   40.89325    -72.57825    -0.09     -0.05     0.11     1 
0130321108   40.89246    -72.54125    -0.01      0.05     0.05     1 
0130321109   40.89167    -72.50424     0.08      0.01     0.08     1 
0130321110   40.89086    -72.46724    -0.05      0.03     0.06     1 
0130321111   40.89004    -72.43024    -0.04     -0.02     0.04     1 
0130321112   40.88921    -72.39324    -0.05      0.01     0.05     1 
0130321113   40.88837    -72.35625    -0.06     -0.03     0.07     1 
0130321137   40.89081    -74.24490    -0.06      0.00     0.06     1 
0130321138   40.89056    -74.20787    -0.03      0.08     0.09     1 
0130321139   40.89030    -74.17083     0.02      0.08     0.08     1 
0130321140   40.89003    -74.13380    -0.07      0.17     0.19     1 
0130321141   40.88974    -74.09677     0.03      0.02     0.04     1 
0130321142   40.88945    -74.05974    -0.04     -0.01     0.04     1 
0130321143   40.88914    -74.02271     0.11     -0.09     0.14     1 
0130321144   40.88882    -73.98568    -0.02     -0.00     0.02     1 
0130321145   40.88849    -73.94865     0.18     -0.11     0.21     1 
0130321146   40.88814    -73.91162     0.01     -0.08     0.08     1 
0130321147   40.88779    -73.87459     0.16      0.01     0.16     1 
0130321148   40.88742    -73.83756     0.01     -0.01     0.01     1 
0130321149   40.88704    -73.80053     0.19     -0.01     0.19     1 
0130321154   40.88497    -73.61541     0.20      0.05     0.20     1 
0130321155   40.88452    -73.57839     0.17      0.03     0.17     1 
0130321156   40.88405    -73.54137     0.18     -0.14     0.23     1 
0130321159   40.88260    -73.43031     0.02      0.04     0.05     1 
0130321160   40.88209    -73.39329     0.26      0.01     0.26     1 
0130321161   40.88156    -73.35627     0.24     -0.01     0.24     1 
0130321162   40.88103    -73.31925     0.13      0.00     0.13     1 
0130321163   40.88049    -73.28224     0.18     -0.01     0.18     1 
0130321164   40.87993    -73.24523     0.26     -0.03     0.26     1 
0130321165   40.87936    -73.20821     0.22      0.07     0.23     1 
0130321166   40.87878    -73.17120     0.16     -0.03     0.16     1 
0130321167   40.87818    -73.13419     0.02      0.04     0.05     1 
0130321168   40.87758    -73.09718     0.23     -0.05     0.24     1 
0130321169   40.87696    -73.06017     0.14     -0.00     0.14     1 
0130321170   40.87633    -73.02317     0.11      0.03     0.11     1 
0130321171   40.87569    -72.98616     0.23      0.05     0.24     1 
0130321172   40.87504    -72.94915     0.11      0.06     0.13     1 
0130321173   40.87438    -72.91215     0.23      0.07     0.24     1 
0130321174   40.87370    -72.87515     0.03     -0.02     0.04     1 
0130321175   40.87301    -72.83815     0.12      0.01     0.12     1 
0130321176   40.87231    -72.80115     0.12      0.02     0.12     1 
0130321177   40.87160    -72.76415     0.10      0.01     0.10     1 
0130321178   40.87088    -72.72715     0.12     -0.03     0.12     1 
0130321179   40.87014    -72.69015     0.09     -0.02     0.09     1 
0130321180   40.86940    -72.65316    -0.05     -0.04     0.07     1 
0130321181   40.86864    -72.61617     0.04     -0.03     0.05     1 
0130321182   40.86787    -72.57918     0.01      0.02     0.02     1 
0130321183   40.86708    -72.54218    -0.02      0.05     0.06     1 
0130321184   40.86629    -72.50520    -0.09      0.07     0.11     1 
0130321186   40.86466    -72.43122     0.13      0.01     0.14     1 
0130321187   40.86383    -72.39424    -0.06     -0.09     0.11     1 
0130321212   40.86540    -74.24519     0.22     -0.04     0.22     1 
0130321213   40.86516    -74.20817     0.06      0.06     0.08     1 
0130321214   40.86490    -74.17115     0.07      0.04     0.08     1 
0130321215   40.86462    -74.13413    -0.09      0.01     0.09     1 
0130321216   40.86434    -74.09711    -0.03     -0.01     0.04     1 
0130321217   40.86404    -74.06010    -0.08      0.09     0.12     1 
0130321218   40.86374    -74.02308    -0.06      0.07     0.09     1 
0130321219   40.86342    -73.98606    -0.02      0.00     0.02     1 
0130321221   40.86274    -73.91203    -0.04     -0.01     0.04     1 
0130321222   40.86239    -73.87502     0.06      0.01     0.06     1 
0130321223   40.86202    -73.83801    -0.03     -0.03     0.04     1 
0130321224   40.86164    -73.80099    -0.18     -0.29     0.34     1 
0130321225   40.86125    -73.76398    -0.09     -0.33     0.34     1 
0130321229   40.85957    -73.61594     0.09      0.07     0.12     1 
0130321230   40.85912    -73.57893     0.25      0.08     0.26     1 
0130321231   40.85866    -73.54192     0.16      0.02     0.16     1 
0130321232   40.85818    -73.50492     0.31      0.05     0.31     1 
0130321233   40.85770    -73.46791     0.14      0.00     0.14     1 
0130321234   40.85720    -73.43091     0.32      0.03     0.33     1 
0130321235   40.85669    -73.39390     0.06      0.06     0.09     1 
0130321236   40.85617    -73.35690     0.23      0.07     0.24     1 
0130321237   40.85564    -73.31990     0.09      0.08     0.12     1 
0130321238   40.85509    -73.28290     0.08      0.07     0.11     1 
0130321239   40.85453    -73.24590     0.19     -0.01     0.19     1 
0130321240   40.85397    -73.20890     0.06      0.07     0.09     1 
0130321241   40.85339    -73.17190     0.07      0.01     0.07     1 
0130321242   40.85279    -73.13490     0.08      0.03     0.09     1 
0130321243   40.85219    -73.09791     0.19     -0.01     0.19     1 
0130321244   40.85157    -73.06091     0.13      0.02     0.13     1 
0130321245   40.85095    -73.02392     0.05     -0.02     0.05     1 
0130321246   40.85030    -72.98693     0.08     -0.02     0.08     1 
0130321247   40.84965    -72.94994     0.16      0.10     0.19     1 
0130321248   40.84899    -72.91295     0.14     -0.00     0.14     1 
0130321249   40.84831    -72.87596     0.15      0.01     0.15     1 
0130321250   40.84763    -72.83897     0.12      0.05     0.13     1 
0130321251   40.84693    -72.80199     0.20      0.02     0.21     1 
0130321252   40.84622    -72.76500     0.18      0.09     0.20     1 
0130321253   40.84549    -72.72802     0.09      0.12     0.15     1 
0130321254   40.84476    -72.69104     0.10     -0.00     0.10     1 
0130321255   40.84401    -72.65406    -0.11     -0.09     0.14     1 
0130321256   40.84325    -72.61708    -0.05     -0.00     0.05     1 
0130321257   40.84249    -72.58010    -0.06      0.02     0.07     1 
0130321258   40.84170    -72.54312    -0.28     -0.15     0.32     1 
0130321259   40.84091    -72.50615    -0.10     -0.03     0.11     1 
0130321260   40.84010    -72.46918    -0.16      0.09     0.19     1 
0130321286   40.84024    -74.28248     0.19      0.06     0.20     1 
0130321287   40.84000    -74.24548     0.19     -0.00     0.19     1 
0130321288   40.83975    -74.20847     0.20     -0.03     0.20     1 
0130321289   40.83949    -74.17147     0.17      0.03     0.17     1 
0130321290   40.83922    -74.13446    -0.03      0.01     0.03     1 
0130321291   40.83894    -74.09746    -0.04     -0.08     0.09     1 
0130321292   40.83864    -74.06046    -0.08      0.04     0.09     1 
0130321293   40.83834    -74.02345    -0.14     -0.00     0.14     1 
0130321294   40.83802    -73.98645     0.05     -0.03     0.06     1 
0130321296   40.83734    -73.91245    -0.01     -0.04     0.04     1 
0130321297   40.83699    -73.87545     0.01     -0.02     0.02     1 
0130321298   40.83662    -73.83845    -0.07     -0.03     0.07     1 
0130321301   40.83545    -73.72746    -0.36      0.08     0.37     1 
0130321302   40.83504    -73.69046     0.00      0.09     0.09     1 
0130321303   40.83461    -73.65346     0.15     -0.05     0.16     1 
0130321304   40.83417    -73.61647     0.14      0.03     0.14     1 
0130321305   40.83372    -73.57947     0.17     -0.03     0.17     1 
0130321306   40.83326    -73.54248     0.20     -0.04     0.20     1 
0130321307   40.83279    -73.50549     0.13      0.01     0.13     1 
0130321308   40.83230    -73.46850     0.19     -0.03     0.19     1 
0130321309   40.83181    -73.43151     0.02     -0.00     0.02     1 
0130321310   40.83130    -73.39451     0.19     -0.01     0.20     1 
0130321311   40.83078    -73.35753     0.09      0.15     0.18     1 
0130321312   40.83024    -73.32054     0.15      0.05     0.15     1 
0130321313   40.82970    -73.28355     0.15      0.02     0.15     1 
0130321314   40.82914    -73.24657     0.02      0.08     0.08     1 
0130321315   40.82858    -73.20958     0.11      0.03     0.12     1 
0130321316   40.82800    -73.17260     0.09      0.01     0.09     1 
0130321317   40.82740    -73.13562     0.03     -0.11     0.11     1 
0130321318   40.82680    -73.09863     0.07      0.04     0.08     1 
0130321319   40.82618    -73.06165     0.15     -0.01     0.15     1 
0130321320   40.82556    -73.02467     0.09      0.01     0.09     1 
0130321321   40.82492    -72.98770     0.03      0.01     0.03     1 
0130321322   40.82427    -72.95072     0.23     -0.05     0.23     1 
0130321323   40.82360    -72.91374     0.04      0.06     0.07     1 
0130321324   40.82293    -72.87677     0.14     -0.01     0.14     1 
0130321325   40.82224    -72.83980     0.15      0.02     0.15     1 
0130321326   40.82154    -72.80282     0.15      0.03     0.15     1 
0130321327   40.82083    -72.76585     0.16      0.06     0.17     1 
0130321328   40.82011    -72.72889     0.01      0.01     0.01     1 
0130321329   40.81938    -72.69192     0.08      0.08     0.11     1 
0130321330   40.81863    -72.65495     0.05      0.01     0.05     1 
0130321331   40.81787    -72.61799    -0.06      0.04     0.07     1 
0130321332   40.81710    -72.58102     0.24      0.05     0.24     1 
0130321361   40.81484    -74.28276     0.22      0.09     0.24     1 
0130321362   40.81460    -74.24577     0.34      0.09     0.35     1 
0130321363   40.81435    -74.20877    -0.02      0.05     0.05     1 
0130321364   40.81409    -74.17178     0.13      0.05     0.14     1 
0130321365   40.81382    -74.13479     0.03      0.00     0.03     1 
0130321366   40.81354    -74.09780    -0.15     -0.03     0.15     1 
0130321367   40.81324    -74.06081    -0.19      0.08     0.20     1 
0130321368   40.81294    -74.02383    -0.13     -0.04     0.14     1 
0130321370   40.81229    -73.94985     0.02     -0.15     0.15     1 
0130321371   40.81194    -73.91286    -0.03     -0.07     0.07     1 
0130321372   40.81159    -73.87588    -0.21     -0.10     0.23     1 
0130321373   40.81122    -73.83889    -0.27     -0.10     0.29     1 
0130321374   40.81085    -73.80191    -0.32     -0.16     0.36     1 
0130321376   40.81005    -73.72794     0.13     -0.13     0.19     1 
0130321377   40.80964    -73.69096     0.14      0.02     0.14     1 
0130321378   40.80921    -73.65398    -0.08     -0.10     0.13     1 
0130321379   40.80878    -73.61700     0.17     -0.03     0.18     1 
0130321380   40.80833    -73.58002     0.27      0.08     0.28     1 
0130321381   40.80787    -73.54304     0.17      0.01     0.17     1 
0130321382   40.80739    -73.50606     0.00     -0.01     0.01     1 
0130321383   40.80691    -73.46908    -0.02      0.00     0.02     1 
0130321384   40.80641    -73.43210     0.16      0.04     0.17     1 
0130321385   40.80590    -73.39513     0.13     -0.01     0.13     1 
0130321386   40.80538    -73.35815     0.17      0.04     0.17     1 
0130321387   40.80485    -73.32118     0.09      0.05     0.11     1 
0130321388   40.80431    -73.28421     0.06     -0.05     0.07     1 
0130321389   40.80375    -73.24724    -0.04      0.00     0.04     1 
0130321390   40.80318    -73.21026     0.03     -0.03     0.04     1 
0130321391   40.80260    -73.17329    -0.01      0.02     0.03     1 
0130321392   40.80201    -73.13633     0.04     -0.00     0.04     1 
0130321393   40.80141    -73.09936     0.16      0.06     0.17     1 
0130321394   40.80079    -73.06239     0.16      0.04     0.16     1 
0130321395   40.80017    -73.02543     0.12      0.03     0.12     1 
0130321396   40.79953    -72.98846     0.17      0.06     0.18     1 
0130321397   40.79888    -72.95150     0.09      0.04     0.10     1 
0130321398   40.79822    -72.91454     0.18      0.04     0.18     1 
0130321399   40.79754    -72.87758     0.07      0.02     0.07     1 
0130321400   40.79686    -72.84062     0.03      0.07     0.07     1 
0130321401   40.79616    -72.80366     0.12     -0.04     0.13     1 
0130321402   40.79545    -72.76671    -0.01      0.01     0.01     1 
0130321403   40.79473    -72.72975    -0.28     -0.08     0.29     1 
0130321404   40.79399    -72.69280    -0.07     -0.00     0.07     1 
0130321405   40.79325    -72.65584    -0.11      0.06     0.12     1 
0130321436   40.78943    -74.28303     0.18      0.09     0.20     1 
0130321437   40.78920    -74.24605     0.20     -0.05     0.21     1 
0130321438   40.78895    -74.20907     0.14      0.05     0.15     1 
0130321439   40.78869    -74.17210     0.15      0.03     0.15     1 
0130321440   40.78842    -74.13512     0.06     -0.03     0.07     1 
0130321441   40.78814    -74.09815    -0.11     -0.00     0.11     1 
0130321442   40.78784    -74.06117    -0.14     -0.01     0.14     1 
0130321443   40.78754    -74.02420    -0.03     -0.01     0.03     1 
0130321444   40.78722    -73.98722    -0.01     -0.10     0.10     1 
0130321445   40.78689    -73.95025     0.09     -0.08     0.12     1 
0130321446   40.78654    -73.91328    -0.11     -0.03     0.11     1 
0130321447   40.78619    -73.87631    -0.12     -0.06     0.14     1 
0130321448   40.78583    -73.83934    -0.07     -0.05     0.09     1 
0130321449   40.78545    -73.80236    -0.03     -0.11     0.11     1 
0130321451   40.78466    -73.72843     0.02     -0.02     0.03     1 
0130321452   40.78424    -73.69146     0.25     -0.06     0.26     1 
0130321453   40.78382    -73.65449     0.05      0.06     0.08     1 
0130321454   40.78338    -73.61752     0.11      0.02     0.12     1 
0130321455   40.78293    -73.58056     0.17     -0.02     0.17     1 
0130321456   40.78247    -73.54359    -0.03      0.03     0.05     1 
0130321457   40.78200    -73.50663    -0.01      0.01     0.01     1 
0130321458   40.78151    -73.46966     0.04      0.03     0.06     1 
0130321459   40.78102    -73.43270    -0.01      0.03     0.03     1 
0130321460   40.78051    -73.39574     0.02      0.18     0.18     1 
0130321461   40.77999    -73.35878     0.20     -0.03     0.20     1 
0130321462   40.77946    -73.32182     0.11      0.01     0.11     1 
0130321463   40.77891    -73.28486    -0.04      0.02     0.05     1 
0130321464   40.77836    -73.24790     0.06      0.04     0.07     1 
0130321465   40.77779    -73.21095    -0.10      0.03     0.11     1 
0130321466   40.77721    -73.17399     0.20      0.02     0.20     1 
0130321467   40.77662    -73.13704     0.08     -0.02     0.08     1 
0130321468   40.77602    -73.10008     0.00     -0.01     0.01     1 
0130321469   40.77540    -73.06313     0.04     -0.02     0.04     1 
0130321470   40.77478    -73.02618    -0.02      0.00     0.02     1 
0130321471   40.77414    -72.98923     0.06     -0.01     0.06     1 
0130321472   40.77349    -72.95228     0.09      0.02     0.10     1 
0130321473   40.77283    -72.91533     0.09      0.02     0.10     1 
0130321474   40.77215    -72.87839     0.03      0.00     0.03     1 
0130321475   40.77147    -72.84144     0.27      0.04     0.27     1 
0130321476   40.77077    -72.80450    -0.08      0.05     0.09     1 
0130321477   40.77006    -72.76756     0.13      0.16     0.21     1 
0130321478   40.76934    -72.73062     0.06     -0.15     0.17     1 
0130321511   40.76403    -74.28330     0.02      0.04     0.05     1 
0130321512   40.76380    -74.24634     0.02      0.01     0.02     1 
0130321513   40.76355    -74.20938     0.03      0.02     0.03     1 
0130321514   40.76329    -74.17241    -0.02     -0.01     0.03     1 
0130321515   40.76302    -74.13545    -0.07     -0.02     0.07     1 
0130321516   40.76274    -74.09849    -0.10     -0.08     0.12     1 
0130321517   40.76244    -74.06153    -0.17      0.06     0.18     1 
0130321518   40.76214    -74.02457    -0.15      0.01     0.15     1 
0130321519   40.76182    -73.98761     0.17     -0.16     0.23     1 
0130321520   40.76149    -73.95065     0.02     -0.13     0.14     1 
0130321521   40.76114    -73.91369    -0.13      0.03     0.14     1 
0130321522   40.76079    -73.87673    -0.13      0.00     0.13     1 
0130321523   40.76043    -73.83978    -0.15     -0.07     0.17     1 
0130321524   40.76005    -73.80282     0.02     -0.04     0.05     1 
0130321525   40.75966    -73.76587    -0.02     -0.07     0.07     1 
0130321526   40.75926    -73.72891     0.05     -0.11     0.12     1 
0130321527   40.75885    -73.69195    -0.04     -0.01     0.04     1 
0130321528   40.75842    -73.65500     0.04      0.01     0.04     1 
0130321529   40.75798    -73.61805     0.03      0.01     0.03     1 
0130321530   40.75753    -73.58110    -0.00     -0.01     0.01     1 
0130321531   40.75708    -73.54415    -0.06      0.01     0.06     1 
0130321532   40.75660    -73.50719    -0.08     -0.00     0.08     1 
0130321533   40.75612    -73.47025     0.10     -0.00     0.10     1 
0130321534   40.75562    -73.43330     0.01      0.00     0.01     1 
0130321535   40.75512    -73.39635    -0.00      0.01     0.01     1 
0130321536   40.75460    -73.35940     0.03      0.00     0.03     1 
0130321537   40.75406    -73.32246     0.00     -0.02     0.02     1 
0130321538   40.75352    -73.28551     0.08      0.06     0.10     1 
0130321539   40.75297    -73.24857     0.12      0.05     0.13     1 
0130321540   40.75240    -73.21163     0.17      0.03     0.18     1 
0130321541   40.75182    -73.17469     0.19      0.01     0.19     1 
0130321542   40.75123    -73.13774     0.07     -0.03     0.07     1 
0130321543   40.75063    -73.10081     0.08      0.03     0.08     1 
0130321544   40.75001    -73.06387     0.06     -0.06     0.08     1 
0130321545   40.74939    -73.02693    -0.04     -0.07     0.08     1 
0130321546   40.74875    -72.98999    -0.09     -0.06     0.11     1 
0130321547   40.74810    -72.95306    -0.10     -0.00     0.10     1 
0130321549   40.74677    -72.87919    -0.01      0.04     0.04     1 
0130321550   40.74608    -72.84226    -0.10     -0.03     0.10     1 
0130321586   40.73863    -74.28358     0.14     -0.01     0.14     1 
0130321587   40.73839    -74.24663     0.01      0.05     0.05     1 
0130321588   40.73815    -74.20968     0.09     -0.00     0.09     1 
0130321589   40.73789    -74.17273    -0.03     -0.01     0.03     1 
0130321590   40.73762    -74.13578    -0.14      0.02     0.15     1 
0130321591   40.73734    -74.09883    -0.07     -0.00     0.07     1 
0130321592   40.73704    -74.06189    -0.06      0.01     0.06     1 
0130321594   40.73642    -73.98799     0.05     -0.01     0.05     1 
0130321595   40.73609    -73.95105    -0.16     -0.07     0.18     1 
0130321596   40.73575    -73.91411    -0.06     -0.03     0.07     1 
0130321597   40.73539    -73.87716    -0.06      0.01     0.06     1 
0130321598   40.73503    -73.84022    -0.02     -0.04     0.05     1 
0130321599   40.73465    -73.80328     0.05     -0.04     0.06     1 
0130321600   40.73426    -73.76633     0.21      0.07     0.22     1 
0130321601   40.73386    -73.72939     0.00      0.02     0.02     1 
0130321602   40.73345    -73.69245     0.03     -0.06     0.06     1 
0130321603   40.73302    -73.65551     0.04     -0.02     0.05     1 
0130321604   40.73259    -73.61857    -0.06     -0.00     0.06     1 
0130321605   40.73214    -73.58164     0.04      0.00     0.04     1 
0130321606   40.73168    -73.54470     0.02      0.01     0.03     1 
0130321607   40.73121    -73.50776    -0.00      0.01     0.01     1 
0130321608   40.73072    -73.47083     0.01      0.02     0.02     1 
0130321609   40.73023    -73.43389    -0.04      0.02     0.05     1 
0130321610   40.72972    -73.39696    -0.11      0.03     0.12     1 
0130321611   40.72920    -73.36003     0.14     -0.01     0.14     1 
0130321612   40.72867    -73.32310     0.05     -0.00     0.05     1 
0130321613   40.72813    -73.28616     0.01     -0.05     0.06     1 
0130321614   40.72757    -73.24924     0.02     -0.01     0.02     1 
0130321615   40.72701    -73.21231     0.04      0.03     0.05     1 
0130321616   40.72643    -73.17538     0.11     -0.00     0.11     1 
0130321617   40.72584    -73.13845    -0.08      0.03     0.08     1 
0130321618   40.72524    -73.10153    -0.06     -0.00     0.06     1 
0130321619   40.72463    -73.06460    -0.21     -0.06     0.22     1 
0130321660   40.71345    -74.32078     0.14      0.18     0.23     1 
0130321661   40.71323    -74.28385     0.05      0.06     0.08     1 
0130321662   40.71299    -74.24691    -0.05      0.04     0.06     1 
0130321663   40.71275    -74.20998     0.04     -0.02     0.04     1 
0130321664   40.71249    -74.17304    -0.18     -0.05     0.18     1 
0130321665   40.71222    -74.13611    -0.15     -0.02     0.15     1 
0130321666   40.71193    -74.09918    -0.12     -0.07     0.14     1 
0130321667   40.71164    -74.06224    -0.15     -0.07     0.16     1 
0130321668   40.71133    -74.02531    -0.07     -0.17     0.18     1 
0130321669   40.71102    -73.98838    -0.03     -0.09     0.09     1 
0130321670   40.71069    -73.95145     0.02     -0.05     0.06     1 
0130321671   40.71034    -73.91452    -0.07     -0.04     0.08     1 
0130321672   40.70999    -73.87759    -0.02     -0.04     0.05     1 
0130321673   40.70963    -73.84066    -0.02      0.03     0.03     1 
0130321674   40.70925    -73.80373    -0.09     -0.01     0.09     1 
0130321675   40.70886    -73.76680    -0.04      0.03     0.05     1 
0130321676   40.70846    -73.72988    -0.11      0.02     0.11     1 
0130321677   40.70805    -73.69295     0.06     -0.00     0.06     1 
0130321678   40.70763    -73.65602    -0.01     -0.03     0.03     1 
0130321679   40.70719    -73.61910     0.00     -0.03     0.03     1 
0130321680   40.70674    -73.58218     0.10     -0.00     0.10     1 
0130321681   40.70628    -73.54525     0.05     -0.08     0.09     1 
0130321682   40.70581    -73.50833     0.07     -0.02     0.07     1 
0130321683   40.70533    -73.47141     0.09     -0.01     0.09     1 
0130321684   40.70483    -73.43449     0.02      0.04     0.05     1 
0130321685   40.70433    -73.39757    -0.03      0.04     0.05     1 
0130321686   40.70381    -73.36065    -0.05      0.03     0.06     1 
0130321687   40.70328    -73.32373     0.03      0.00     0.03     1 
0130321688   40.70273    -73.28682     0.04     -0.03     0.05     1 
0130321689   40.70218    -73.24990    -0.16     -0.04     0.17     1 
0130321690   40.70162    -73.21299    -0.11     -0.07     0.13     1 
0130321691   40.70104    -73.17607    -0.04     -0.07     0.08     1 
0130321692   40.70045    -73.13916    -0.17     -0.03     0.18     1 
0130321735   40.68805    -74.32104     0.02     -0.01     0.02     1 
0130321736   40.68782    -74.28412     0.18     -0.01     0.18     1 
0130321737   40.68759    -74.24720     0.15     -0.02     0.15     1 
0130321738   40.68734    -74.21028    -0.02      0.01     0.03     1 
0130321739   40.68709    -74.17336    -0.14      0.02     0.14     1 
0130321740   40.68682    -74.13644    -0.10     -0.01     0.10     1 
0130321741   40.68653    -74.09952    -0.05     -0.05     0.07     1 
0130321742   40.68624    -74.06260    -0.11      0.03     0.12     1 
0130321743   40.68593    -74.02568    -0.18     -0.01     0.18     1 
0130321744   40.68562    -73.98876    -0.02     -0.06     0.06     1 
0130321745   40.68529    -73.95185    -0.05     -0.01     0.05     1 
0130321746   40.68494    -73.91493    -0.06     -0.05     0.08     1 
0130321747   40.68459    -73.87802     0.05     -0.01     0.05     1 
0130321748   40.68423    -73.84110     0.05      0.04     0.06     1 
0130321749   40.68385    -73.80419     0.10     -0.04     0.10     1 
0130321750   40.68346    -73.76727     0.15     -0.08     0.16     1 
0130321751   40.68306    -73.73036    -0.01     -0.02     0.02     1 
0130321752   40.68265    -73.69345     0.00      0.02     0.02     1 
0130321753   40.68223    -73.65653     0.10     -0.08     0.13     1 
0130321754   40.68179    -73.61962     0.09     -0.00     0.09     1 
0130321755   40.68135    -73.58271     0.07     -0.01     0.07     1 
0130321756   40.68089    -73.54581     0.14     -0.01     0.14     1 
0130321757   40.68041    -73.50890     0.06     -0.01     0.06     1 
0130321758   40.67993    -73.47199     0.02     -0.02     0.03     1 
0130321759   40.67944    -73.43508    -0.00     -0.02     0.02     1 
0130321760   40.67893    -73.39818    -0.01      0.04     0.04     1 
0130321761   40.67841    -73.36127    -0.05     -0.03     0.06     1 
0130321762   40.67788    -73.32437    -0.08     -0.01     0.08     1 
0130321763   40.67734    -73.28747    -0.10      0.03     0.10     1 
0130321810   40.66264    -74.32130     0.11      0.10     0.14     1 
0130321811   40.66242    -74.28439     0.06      0.06     0.09     1 
0130321812   40.66219    -74.24748     0.16      0.04     0.17     1 
0130321813   40.66194    -74.21058    -0.11     -0.01     0.11     1 
0130321814   40.66168    -74.17367    -0.10     -0.00     0.10     1 
0130321816   40.66113    -74.09986    -0.14      0.05     0.15     1 
0130321817   40.66084    -74.06296    -0.07      0.03     0.07     1 
0130321818   40.66053    -74.02605    -0.13      0.07     0.15     1 
0130321819   40.66022    -73.98915    -0.04      0.01     0.04     1 
0130321820   40.65989    -73.95225    -0.04     -0.02     0.05     1 
0130321821   40.65955    -73.91534    -0.03     -0.05     0.06     1 
0130321822   40.65919    -73.87844    -0.08      0.02     0.08     1 
0130321823   40.65883    -73.84154    -0.13     -0.01     0.13     1 
0130321824   40.65845    -73.80464    -0.09     -0.01     0.09     1 
0130321825   40.65806    -73.76774    -0.05     -0.01     0.05     1 
0130321826   40.65767    -73.73084    -0.01     -0.04     0.04     1 
0130321827   40.65725    -73.69394    -0.02      0.03     0.04     1 
0130321828   40.65683    -73.65704    -0.02     -0.02     0.03     1 
0130321829   40.65640    -73.62015     0.06      0.01     0.06     1 
0130321830   40.65595    -73.58325     0.00      0.02     0.02     1 
0130321831   40.65549    -73.54636     0.00      0.06     0.06     1 
0130321832   40.65502    -73.50946    -0.02      0.02     0.03     1 
0130321833   40.65454    -73.47257    -0.11      0.01     0.11     1 
0130321834   40.65404    -73.43568    -0.05     -0.00     0.05     1 
0130321835   40.65354    -73.39879    -0.12     -0.06     0.14     1 
0130321837   40.65249    -73.32501    -0.15     -0.06     0.17     1 
0130321838   40.65195    -73.28812    -0.11      0.01     0.11     1 
0130321839   40.65140    -73.25123    -0.04     -0.03     0.05     1 
0130321840   40.65083    -73.21434    -0.27      0.01     0.27     1 
0130321841   40.65026    -73.17746    -0.21     -0.18     0.28     1 
0130321885   40.63724    -74.32156     0.04      0.06     0.07     1 
0130321886   40.63702    -74.28466     0.09      0.04     0.10     1 
0130321887   40.63679    -74.24777     0.02     -0.01     0.02     1 
0130321888   40.63654    -74.21088    -0.09     -0.06     0.11     1 
0130321889   40.63628    -74.17399    -0.19     -0.03     0.19     1 
0130321890   40.63601    -74.13709    -0.05      0.04     0.07     1 
0130321891   40.63573    -74.10020     0.10      0.01     0.10     1 
0130321893   40.63513    -74.02642    -0.03      0.00     0.03     1 
0130321894   40.63481    -73.98953    -0.09      0.00     0.09     1 
0130321895   40.63449    -73.95264    -0.13      0.00     0.13     1 
0130321896   40.63414    -73.91575    -0.11     -0.02     0.11     1 
0130321897   40.63379    -73.87887    -0.16     -0.05     0.17     1 
0130321898   40.63343    -73.84198    -0.14     -0.00     0.14     1 
0130321899   40.63305    -73.80509    -0.04     -0.14     0.14     1 
0130321900   40.63267    -73.76821    -0.08     -0.07     0.11     1 
0130321901   40.63227    -73.73132    -0.11     -0.03     0.11     1 
0130321902   40.63186    -73.69444     0.03      0.00     0.03     1 
0130321903   40.63143    -73.65755    -0.08      0.01     0.08     1 
0130321904   40.63100    -73.62067    -0.09      0.02     0.09     1 
0130321905   40.63055    -73.58379    -0.06      0.04     0.07     1 
0130321906   40.63009    -73.54691    -0.09     -0.02     0.09     1 
0130321907   40.62962    -73.51003    -0.13     -0.08     0.15     1 
0130321908   40.62914    -73.47315    -0.08     -0.02     0.09     1 
0130321909   40.62865    -73.43627    -0.08     -0.03     0.09     1 
0130321910   40.62814    -73.39939    -0.06     -0.07     0.09     1 
0130321960   40.61184    -74.32181     0.07     -0.03     0.08     1 
0130321961   40.61162    -74.28493     0.01     -0.06     0.07     1 
0130321962   40.61138    -74.24805    -0.12     -0.01     0.12     1 
0130321963   40.61114    -74.21118    -0.17     -0.01     0.17     1 
0130321964   40.61088    -74.17430    -0.00     -0.04     0.04     1 
0130321965   40.61061    -74.13742     0.14     -0.03     0.15     1 
0130321966   40.61033    -74.10054    -0.01     -0.01     0.02     1 
0130321967   40.61004    -74.06367     0.01      0.06     0.06     1 
0130321968   40.60973    -74.02679     0.04      0.04     0.06     1 
0130321969   40.60941    -73.98991    -0.04     -0.04     0.06     1 
0130321970   40.60909    -73.95304    -0.00     -0.03     0.03     1 
0130321971   40.60874    -73.91616    -0.13     -0.02     0.13     1 
0130321972   40.60839    -73.87929    -0.13     -0.10     0.17     1 
0130321973   40.60803    -73.84242    -0.21     -0.09     0.23     1 
0130321974   40.60765    -73.80554    -0.12     -0.10     0.16     1 
0130321975   40.60727    -73.76867    -0.12     -0.01     0.12     1 
0130321976   40.60687    -73.73180    -0.01     -0.03     0.03     1 
0130321977   40.60646    -73.69493    -0.03     -0.01     0.03     1 
0130321978   40.60603    -73.65806    -0.13      0.02     0.13     1 
0130321979   40.60560    -73.62119    -0.09      0.00     0.09     1 
0130321980   40.60515    -73.58433    -0.10     -0.08     0.13     1 
0130321981   40.60470    -73.54746    -0.07     -0.01     0.07     1 
0130321982   40.60423    -73.51059    -0.07     -0.04     0.08     1 
0130321983   40.60375    -73.47373     0.01      0.04     0.05     1 
0130322034   40.58665    -74.35894     0.18      0.04     0.18     1 
0130322035   40.58644    -74.32207     0.17     -0.04     0.17     1 
0130322036   40.58621    -74.28521     0.01     -0.03     0.03     1 
0130322037   40.58598    -74.24834    -0.19     -0.07     0.21     1 
0130322038   40.58573    -74.21147    -0.17      0.01     0.17     1 
0130322039   40.58548    -74.17461    -0.16     -0.03     0.16     1 
0130322040   40.58521    -74.13775     0.35      0.02     0.35     1 
0130322041   40.58493    -74.10088     0.05     -0.08     0.10     1 
0130322042   40.58463    -74.06402    -0.18     -0.04     0.19     1 
0130322044   40.58401    -73.99030    -0.11     -0.12     0.16     1 
0130322045   40.58368    -73.95343    -0.06     -0.05     0.08     1 
0130322046   40.58334    -73.91657    -0.10     -0.08     0.13     1 
0130322047   40.58299    -73.87971    -0.07     -0.02     0.07     1 
0130322048   40.58263    -73.84286     0.09      0.06     0.11     1 
0130322049   40.58225    -73.80600     0.07     -0.02     0.07     1 
0130322051   40.58147    -73.73228    -0.12      0.02     0.12     1 
0130322052   40.58106    -73.69543    -0.22      0.03     0.22     1 
0130322055   40.57976    -73.58486    -0.10     -0.11     0.15     1 
0130322109   40.56124    -74.35918     0.16     -0.04     0.16     1 
0130322110   40.56103    -74.32233     0.03     -0.02     0.03     1 
0130322111   40.56081    -74.28548     0.04     -0.02     0.04     1 
0130322112   40.56058    -74.24862    -0.08     -0.01     0.08     1 
0130322113   40.56033    -74.21177    -0.10     -0.06     0.11     1 
0130322114   40.56007    -74.17492    -0.04     -0.06     0.07     1 
0130322115   40.55980    -74.13807     0.15     -0.01     0.15     1 
0130322116   40.55952    -74.10122    -0.04     -0.10     0.11     1 
0130322121   40.55794    -73.91698    -0.23     -0.06     0.23     1 
0130322184   40.53584    -74.35942     0.07     -0.07     0.10     1 
0130322185   40.53563    -74.32258     0.04     -0.13     0.13     1 
0130322186   40.53541    -74.28575     0.02     -0.12     0.12     1 
0130322187   40.53517    -74.24891    -0.07     -0.02     0.07     1 
0130322188   40.53493    -74.21207     0.12     -0.10     0.15     1 
0130322189   40.53467    -74.17523     0.19     -0.09     0.21     1 
0130322190   40.53440    -74.13840    -0.09     -0.07     0.12     1 
0130322259   40.51044    -74.35966    -0.07     -0.05     0.08     1 
0130322260   40.51023    -74.32284    -0.19     -0.07     0.20     1 
0130322261   40.51000    -74.28602    -0.13     -0.07     0.15     1 
0130322262   40.50977    -74.24919    -0.08     -0.05     0.09     1 
0130322263   40.50952    -74.21237    -0.07     -0.12     0.14     1 
0130322333   40.48523    -74.39672    -0.19      0.08     0.21     1 
0130322334   40.48503    -74.35990    -0.24     -0.01     0.24     1 
0130322335   40.48482    -74.32309    -0.02     -0.15     0.15     1 
0130322336   40.48460    -74.28628    -0.07     -0.03     0.07     1 
0130322408   40.45983    -74.39694    -0.03     -0.01     0.03     1 
0130322409   40.45963    -74.36015    -0.05     -0.07     0.09     1 
0130322410   40.45942    -74.32335     0.09     -0.05     0.10     1 
0130322411   40.45920    -74.28655     0.02     -0.15     0.16     1 
0130322412   40.45896    -74.24976    -0.14     -0.10     0.17     1 
0130322413   40.45872    -74.21296    -0.00      0.00     0.00     1 
0130322414   40.45846    -74.17617    -0.15     -0.16     0.22     1 
0130322415   40.45820    -74.13937    -0.13     -0.18     0.22     1 
0130322417   40.45762    -74.06579    -0.00      0.00     0.00     1 
0130322483   40.43442    -74.39717     0.14     -0.01     0.14     1 
0130322484   40.43422    -74.36039     0.12      0.04     0.12     1 
0130322485   40.43401    -74.32360     0.00      0.04     0.04     1 
0130322486   40.43379    -74.28682    -0.02     -0.03     0.04     1 
0130322487   40.43356    -74.25004     0.12      0.05     0.13     1 
0130322488   40.43332    -74.21326    -0.11     -0.07     0.13     1 
0130322489   40.43306    -74.17648     0.08     -0.05     0.09     1 
0130322490   40.43279    -74.13970     0.09     -0.13     0.16     1 
0130322491   40.43251    -74.10292    -0.08     -0.07     0.10     1 
0130322558   40.40902    -74.39740     0.20      0.01     0.20     1 
0130322559   40.40882    -74.36063    -0.03     -0.05     0.06     1 
0130322560   40.40861    -74.32386     0.09      0.01     0.09     1 
0130322561   40.40839    -74.28709     0.16      0.00     0.16     1 
0130322562   40.40816    -74.25032     0.13     -0.12     0.17     1 
0130322563   40.40791    -74.21355     0.04     -0.05     0.07     1 
0130322564   40.40766    -74.17679     0.20     -0.04     0.20     1 
0130322565   40.40739    -74.14002     0.16      0.01     0.16     1 
0130322566   40.40711    -74.10325     0.23      0.09     0.25     1 
0130322567   40.40682    -74.06649     0.25      0.01     0.26     1 
0130322568   40.40652    -74.02972     0.11      0.07     0.13     1 
0130322569   40.40620    -73.99296    -0.09     -0.15     0.18     1 
0130322633   40.38361    -74.39762     0.09      0.10     0.13     1 
0130322634   40.38341    -74.36087     0.22     -0.02     0.22     1 
0130322635   40.38321    -74.32411     0.16     -0.03     0.16     1 
0130322636   40.38298    -74.28736     0.12     -0.11     0.17     1 
0130322637   40.38275    -74.25060     0.23     -0.04     0.24     1 
0130322638   40.38251    -74.21385     0.33     -0.05     0.33     1 
0130322639   40.38225    -74.17710     0.16     -0.04     0.16     1 
0130322640   40.38199    -74.14034     0.33     -0.07     0.33     1 
0130322641   40.38171    -74.10359     0.23     -0.07     0.24     1 
0130322642   40.38142    -74.06684     0.25     -0.03     0.26     1 
0130322643   40.38111    -74.03009    -0.00     -0.15     0.15     1 
0130322644   40.38080    -73.99334    -0.14     -0.07     0.15     1 
0130322708   40.35821    -74.39785     0.22      0.03     0.22     1 
0130322709   40.35801    -74.36111     0.36     -0.08     0.36     1 
0130322710   40.35780    -74.32437     0.26      0.07     0.27     1 
0130322711   40.35758    -74.28763     0.20      0.03     0.20     1 
0130322712   40.35735    -74.25088     0.22      0.08     0.23     1 
0130322714   40.35685    -74.17740     0.19     -0.06     0.20     1 
0130322715   40.35658    -74.14067     0.16     -0.02     0.16     1 
0130322716   40.35630    -74.10393     0.28     -0.09     0.29     1 
0130322717   40.35601    -74.06719    -0.15     -0.12     0.19     1 
0130322718   40.35571    -74.03045     0.21     -0.07     0.22     1 
0130322719   40.35540    -73.99371    -0.08     -0.09     0.12     1 
0130322782   40.33299    -74.43480     0.30     -0.02     0.30     1 
0130322783   40.33280    -74.39808     0.11     -0.01     0.11     1 
0130322784   40.33261    -74.36135     0.14     -0.07     0.16     1 
0130322785   40.33240    -74.32462     0.27     -0.03     0.27     1 
0130322786   40.33218    -74.28789     0.31     -0.05     0.31     1 
0130322787   40.33194    -74.25117     0.10      0.03     0.10     1 
0130322788   40.33170    -74.21444     0.28     -0.08     0.29     1 
0130322789   40.33145    -74.17771     0.17      0.00     0.17     1 
0130322790   40.33118    -74.14099     0.09      0.02     0.09     1 
0130322791   40.33090    -74.10426     0.07     -0.03     0.08     1 
0130322792   40.33061    -74.06754     0.08     -0.03     0.08     1 
0130322793   40.33031    -74.03082    -0.05     -0.12     0.13     1 
0130322794   40.32999    -73.99409    -0.09     -0.08     0.11     1 
0130322857   40.30758    -74.43502     0.09      0.06     0.11     1 
0130322858   40.30740    -74.39830     0.17     -0.01     0.17     1 
0130322859   40.30720    -74.36159     0.17      0.00     0.17     1 
0130322860   40.30699    -74.32487     0.25     -0.02     0.25     1 
0130322861   40.30677    -74.28816     0.15     -0.07     0.16     1 
0130322862   40.30654    -74.25145     0.23      0.00     0.23     1 
0130322863   40.30630    -74.21473     0.13     -0.07     0.15     1 
0130322864   40.30604    -74.17802     0.18     -0.05     0.19     1 
0130322865   40.30578    -74.14131    -0.00     -0.12     0.12     1 
0130322866   40.30550    -74.10460     0.12     -0.06     0.14     1 
0130322867   40.30521    -74.06789     0.14      0.00     0.14     1 
0130322868   40.30491    -74.03118     0.04     -0.07     0.08     1 
0130322869   40.30459    -73.99447    -0.01     -0.04     0.04     1 
0130322932   40.28218    -74.43523     0.33      0.01     0.33     1 
0130322933   40.28199    -74.39853     0.26      0.02     0.26     1 
0130322934   40.28180    -74.36182     0.21      0.02     0.21     1 
0130322935   40.28159    -74.32512     0.15     -0.09     0.18     1 
0130322936   40.28137    -74.28843     0.11     -0.01     0.11     1 
0130322937   40.28114    -74.25173     0.12      0.07     0.14     1 
0130322938   40.28089    -74.21503     0.09     -0.04     0.09     1 
0130322939   40.28064    -74.17833     0.19     -0.01     0.19     1 
0130322940   40.28037    -74.14163     0.29     -0.09     0.30     1 
0130322941   40.28010    -74.10493     0.19     -0.09     0.21     1 
0130322942   40.27981    -74.06824     0.06     -0.08     0.10     1 
0130322943   40.27950    -74.03154     0.20     -0.07     0.21     1 
0130322944   40.27919    -73.99484     0.04     -0.10     0.11     1 
0130323007   40.25677    -74.43544     0.17     -0.02     0.17     1 
0130323008   40.25659    -74.39875     0.15      0.05     0.15     1 
0130323009   40.25639    -74.36206     0.15     -0.12     0.19     1 
0130323010   40.25618    -74.32538     0.05      0.01     0.05     1 
0130323011   40.25596    -74.28869    -0.05     -0.07     0.09     1 
0130323012   40.25573    -74.25201     0.01      0.10     0.10     1 
0130323014   40.25523    -74.17864     0.20      0.03     0.20     1 
0130323015   40.25497    -74.14195     0.11     -0.04     0.12     1 
0130323016   40.25469    -74.10527     0.13     -0.00     0.13     1 
0130323017   40.25440    -74.06859     0.16      0.01     0.16     1 
0130323018   40.25410    -74.03190     0.16      0.02     0.16     1 
0130323019   40.25379    -73.99522     0.05     -0.14     0.15     1 
0130323082   40.23137    -74.43565     0.17     -0.06     0.18     1 
0130323083   40.23118    -74.39898     0.11     -0.04     0.12     1 
0130323084   40.23099    -74.36230     0.21     -0.02     0.21     1 
0130323085   40.23078    -74.32563    -0.01     -0.01     0.02     1 
0130323086   40.23056    -74.28896     0.10     -0.02     0.10     1 
0130323087   40.23033    -74.25229     0.12     -0.09     0.15     1 
0130323088   40.23009    -74.21561     0.17      0.02     0.17     1 
0130323089   40.22983    -74.17894     0.12     -0.05     0.13     1 
0130323090   40.22957    -74.14227     0.09     -0.09     0.13     1 
0130323091   40.22929    -74.10560     0.12     -0.04     0.13     1 
0130323092   40.22900    -74.06893     0.16     -0.09     0.18     1 
0130323093   40.22870    -74.03226     0.10     -0.10     0.14     1 
0130323156   40.20614    -74.47252     0.02     -0.05     0.06     1 
0130323157   40.20596    -74.43586     0.11      0.06     0.13     1 
0130323158   40.20578    -74.39920     0.13     -0.09     0.16     1 
0130323159   40.20558    -74.36254     0.17     -0.13     0.21     1 
0130323160   40.20537    -74.32588     0.08     -0.15     0.17     1 
0130323161   40.20515    -74.28922     0.34      0.03     0.34     1 
0130323162   40.20492    -74.25257     0.15     -0.04     0.15     1 
0130323163   40.20468    -74.21591     0.21     -0.09     0.23     1 
0130323164   40.20443    -74.17925     0.14     -0.05     0.15     1 
0130323165   40.20416    -74.14259     0.16     -0.05     0.17     1 
0130323166   40.20388    -74.10594     0.12     -0.10     0.15     1 
0130323167   40.20359    -74.06928     0.12     -0.04     0.13     1 
0130323168   40.20329    -74.03263     0.00     -0.06     0.06     1 
0130323231   40.18073    -74.47272     0.09      0.02     0.09     1 
0130323232   40.18056    -74.43607     0.22      0.03     0.22     1 
0130323233   40.18037    -74.39942     0.21      0.00     0.21     1 
0130323234   40.18018    -74.36278     0.07     -0.08     0.10     1 
0130323235   40.17997    -74.32613     0.10     -0.07     0.12     1 
0130323236   40.17975    -74.28949     0.15     -0.06     0.17     1 
0130323237   40.17952    -74.25284     0.21      0.02     0.21     1 
0130323238   40.17928    -74.21620    -0.14     -0.11     0.18     1 
0130323239   40.17902    -74.17956     0.18     -0.07     0.19     1 
0130323240   40.17876    -74.14291     0.12     -0.02     0.12     1 
0130323241   40.17848    -74.10627     0.08     -0.06     0.10     1 
0130323242   40.17819    -74.06963     0.17     -0.06     0.18     1 
0130323243   40.17789    -74.03299    -0.03     -0.06     0.06     1 
0130323306   40.15532    -74.47291     0.15      0.05     0.16     1 
0130323307   40.15515    -74.43628     0.21     -0.04     0.21     1 
0130323308   40.15497    -74.39965     0.05     -0.10     0.11     1 
0130323309   40.15477    -74.36302     0.04     -0.01     0.04     1 
0130323310   40.15456    -74.32638     0.07     -0.01     0.07     1 
0130323311   40.15434    -74.28975     0.20     -0.04     0.20     1 
0130323312   40.15411    -74.25312     0.10     -0.09     0.13     1 
0130323313   40.15387    -74.21649     0.14     -0.07     0.15     1 
0130323314   40.15362    -74.17986     0.02      0.06     0.07     1 
0130323315   40.15335    -74.14323     0.20     -0.05     0.21     1 
0130323316   40.15308    -74.10660     0.03     -0.06     0.07     1 
0130323317   40.15279    -74.06997     0.15     -0.02     0.15     1 
0130323318   40.15249    -74.03335    -0.04     -0.14     0.15     1 
0130323381   40.12992    -74.47311     0.25      0.01     0.25     1 
0130323382   40.12974    -74.43649     0.01     -0.04     0.04     1 
0130323384   40.12937    -74.36325     0.24      0.11     0.26     1 
0130323385   40.12916    -74.32663     0.11     -0.06     0.13     1 
0130323386   40.12894    -74.29002     0.11      0.05     0.12     1 
0130323387   40.12871    -74.25340     0.25      0.11     0.27     1 
0130323388   40.12847    -74.21678     0.14     -0.04     0.14     1 
0130323389   40.12821    -74.18017     0.12     -0.03     0.12     1 
0130323390   40.12795    -74.14355     0.23     -0.00     0.23     1 
0130323391   40.12767    -74.10694     0.02     -0.02     0.03     1 
0130323392   40.12738    -74.07032     0.16     -0.10     0.19     1 
0130323393   40.12709    -74.03371     0.04     -0.02     0.04     1 
0130323456   40.10451    -74.47330     0.26      0.02     0.26     1 
0130323457   40.10434    -74.43670    -0.03     -0.05     0.06     1 
0130323458   40.10415    -74.40009     0.05     -0.03     0.06     1 
0130323459   40.10396    -74.36349     0.24     -0.02     0.24     1 
0130323460   40.10375    -74.32689     0.13      0.01     0.13     1 
0130323462   40.10330    -74.25368     0.21      0.01     0.21     1 
0130323463   40.10306    -74.21707     0.11     -0.04     0.11     1 
0130323464   40.10281    -74.18047     0.18     -0.02     0.18     1 
0130323465   40.10254    -74.14387     0.15     -0.01     0.15     1 
0130323466   40.10227    -74.10727     0.10     -0.04     0.11     1 
0130323467   40.10198    -74.07067     0.08     -0.13     0.15     1 
0130323468   40.10168    -74.03407    -0.04     -0.11     0.11     1 
0130323530   40.07927    -74.51009     0.19     -0.13     0.23     1 
0130323531   40.07910    -74.47350     0.21     -0.00     0.21     1 
0130323532   40.07893    -74.43691     0.07     -0.03     0.08     1 
0130323533   40.07875    -74.40032     0.08     -0.04     0.09     1 
0130323534   40.07856    -74.36373     0.22      0.01     0.22     1 
0130323535   40.07835    -74.32714    -0.09     -0.09     0.12     1 
0130323536   40.07813    -74.29055     0.17     -0.03     0.18     1 
0130323537   40.07790    -74.25396     0.27      0.01     0.27     1 
0130323538   40.07766    -74.21737     0.09     -0.06     0.11     1 
0130323539   40.07740    -74.18078    -0.10     -0.04     0.10     1 
0130323540   40.07714    -74.14419     0.06     -0.01     0.07     1 
0130323541   40.07686    -74.10760     0.06     -0.08     0.10     1 
0130323542   40.07658    -74.07101     0.15      0.04     0.16     1 
0130323543   40.07628    -74.03443    -0.07     -0.06     0.10     1 
0130323605   40.05386    -74.51028     0.22      0.08     0.23     1 
0130323606   40.05370    -74.47370     0.14     -0.01     0.14     1 
0130323607   40.05353    -74.43712    -0.02      0.07     0.08     1 
0130323608   40.05334    -74.40054    -0.06      0.00     0.06     1 
0130323609   40.05315    -74.36396     0.03      0.01     0.03     1 
0130323610   40.05294    -74.32739    -0.07     -0.02     0.07     1 
0130323611   40.05272    -74.29081     0.06     -0.06     0.09     1 
0130323613   40.05225    -74.21766     0.15      0.02     0.15     1 
0130323614   40.05200    -74.18108    -0.07     -0.01     0.08     1 
0130323615   40.05174    -74.14451     0.00     -0.09     0.09     1 
0130323616   40.05146    -74.10793    -0.15      0.05     0.16     1 
0130323617   40.05117    -74.07136    -0.06     -0.09     0.11     1 
0130323680   40.02845    -74.51046     0.02      0.02     0.02     1 
0130323681   40.02829    -74.47389    -0.07     -0.05     0.09     1 
0130323682   40.02812    -74.43733     0.04      0.04     0.06     1 
0130323683   40.02794    -74.40076     0.02     -0.02     0.03     1 
0130323684   40.02774    -74.36420    -0.03     -0.04     0.05     1 
0130323685   40.02754    -74.32764    -0.03     -0.01     0.04     1 
0130323686   40.02732    -74.29107     0.01      0.03     0.03     1 
0130323687   40.02709    -74.25451     0.00      0.06     0.06     1 
0130323688   40.02685    -74.21795     0.25      0.04     0.25     1 
0130323689   40.02660    -74.18139     0.10      0.04     0.11     1 
0130323690   40.02633    -74.14482    -0.01      0.02     0.03     1 
0130323691   40.02606    -74.10826    -0.06      0.04     0.07     1 
0130323692   40.02577    -74.07170    -0.12     -0.06     0.13     1 
0130323755   40.00305    -74.51064     0.06     -0.05     0.07     1 
0130323756   40.00289    -74.47409    -0.03     -0.08     0.08     1 
0130323757   40.00272    -74.43754     0.01     -0.10     0.10     1 
0130323758   40.00253    -74.40099     0.04     -0.03     0.06     1 
0130323759   40.00234    -74.36444     0.04     -0.05     0.06     1 
0130323760   40.00213    -74.32788    -0.09     -0.11     0.14     1 
0130323761   40.00191    -74.29134     0.15     -0.01     0.15     1 
0130323762   40.00168    -74.25479     0.02      0.04     0.05     1 
0130323763   40.00144    -74.21824     0.22      0.05     0.22     1 
0130323764   40.00119    -74.18169     0.31     -0.05     0.31     1 
0130323765   40.00093    -74.14514    -0.05      0.02     0.05     1 
0130323766   40.00065    -74.10859    -0.05      0.03     0.06     1 
0130323767   40.00037    -74.07205    -0.06     -0.06     0.08     1 
0130323829   39.97779    -74.54736    -0.16      0.18     0.24     1 
0130323830   39.97764    -74.51082    -0.05     -0.11     0.12     1 
0130323831   39.97748    -74.47428    -0.11     -0.09     0.14     1 
0130323832   39.97731    -74.43774    -0.01     -0.06     0.06     1 
0130323833   39.97713    -74.40121     0.04      0.01     0.05     1 
0130323834   39.97693    -74.36467     0.03     -0.08     0.08     1 
0130323835   39.97673    -74.32813     0.07      0.00     0.07     1 
0130323836   39.97651    -74.29160    -0.03      0.05     0.06     1 
0130323837   39.97628    -74.25506    -0.06     -0.02     0.07     1 
0130323838   39.97604    -74.21853     0.16     -0.08     0.18     1 
0130323839   39.97579    -74.18199     0.05     -0.14     0.15     1 
0130323840   39.97552    -74.14546     0.15      0.03     0.15     1 
0130323841   39.97525    -74.10892    -0.02     -0.11     0.11     1 
0130323842   39.97496    -74.07239    -0.07     -0.13     0.15     1 
0130323904   39.95238    -74.54752    -0.07     -0.04     0.08     1 
0130323905   39.95223    -74.51100     0.04     -0.01     0.04     1 
0130323906   39.95207    -74.47448     0.13     -0.02     0.13     1 
0130323907   39.95190    -74.43795     0.02      0.14     0.14     1 
0130323908   39.95172    -74.40143     0.05     -0.05     0.08     1 
0130323909   39.95152    -74.36490     0.05     -0.03     0.06     1 
0130323910   39.95132    -74.32838     0.01     -0.15     0.15     1 
0130323911   39.95110    -74.29186     0.03     -0.07     0.08     1 
0130323912   39.95087    -74.25534     0.04     -0.01     0.04     1 
0130323913   39.95063    -74.21882     0.04      0.00     0.04     1 
0130323914   39.95038    -74.18229     0.03     -0.01     0.03     1 
0130323916   39.94984    -74.10925    -0.05     -0.07     0.08     1 
0130323917   39.94956    -74.07273    -0.04     -0.14     0.15     1 
0130323979   39.92697    -74.54769     0.13      0.06     0.14     1 
0130323980   39.92683    -74.51118     0.06     -0.22     0.23     1 
0130323981   39.92667    -74.47467     0.11     -0.05     0.12     1 
0130323982   39.92650    -74.43816     0.04     -0.07     0.08     1 
0130323983   39.92631    -74.40165     0.07     -0.09     0.11     1 
0130323984   39.92612    -74.36514    -0.02     -0.07     0.07     1 
0130323985   39.92591    -74.32863    -0.12      0.03     0.12     1 
0130323986   39.92569    -74.29212    -0.07     -0.08     0.10     1 
0130323987   39.92547    -74.25561     0.00      0.01     0.01     1 
0130323988   39.92523    -74.21910     0.08     -0.04     0.09     1 
0130323990   39.92471    -74.14609     0.08     -0.02     0.08     1 
0130323991   39.92444    -74.10958    -0.06     -0.00     0.06     1 
0130324054   39.90157    -74.54786    -0.07     -0.06     0.10     1 
0130324055   39.90142    -74.51136    -0.01     -0.00     0.01     1 
0130324056   39.90126    -74.47486     0.04     -0.09     0.10     1 
0130324057   39.90109    -74.43837     0.14     -0.00     0.14     1 
0130324058   39.90091    -74.40187     0.11      0.04     0.12     1 
0130324059   39.90071    -74.36538     0.03     -0.00     0.03     1 
0130324060   39.90051    -74.32888     0.03      0.01     0.03     1 
0130324061   39.90029    -74.29238     0.09      0.05     0.10     1 
0130324062   39.90006    -74.25589     0.22     -0.00     0.22     1 
0130324063   39.89982    -74.21939     0.07     -0.04     0.08     1 
0130324065   39.89931    -74.14641     0.02     -0.03     0.04     1 
0130324129   39.87616    -74.54803     0.03     -0.08     0.08     1 
0130324130   39.87601    -74.51154     0.04     -0.00     0.04     1 
0130324131   39.87585    -74.47506     0.01     -0.08     0.08     1 
0130324132   39.87568    -74.43858     0.09     -0.05     0.11     1 
0130324133   39.87550    -74.40209    -0.07     -0.15     0.17     1 
0130324134   39.87530    -74.36561    -0.04     -0.04     0.06     1 
0130324135   39.87510    -74.32913     0.05     -0.03     0.06     1 
0130324136   39.87488    -74.29264    -0.01      0.14     0.14     1 
0130324137   39.87465    -74.25616    -0.07     -0.02     0.07     1 
0130324138   39.87441    -74.21968    -0.05      0.01     0.05     1 
0130324140   39.87390    -74.14672    -0.04     -0.06     0.08     1 
0130324204   39.85075    -74.54819    -0.02     -0.04     0.05     1 
0130324205   39.85060    -74.51172     0.05     -0.02     0.05     1 
0130324206   39.85045    -74.47525     0.09      0.02     0.09     1 
0130324207   39.85027    -74.43878     0.14      0.03     0.14     1 
0130324208   39.85009    -74.40231     0.09     -0.02     0.09     1 
0130324209   39.84990    -74.36584    -0.00     -0.09     0.09     1 
0130324210   39.84969    -74.32937     0.11     -0.05     0.12     1 
0130324211   39.84948    -74.29291    -0.01     -0.04     0.04     1 
0130324212   39.84925    -74.25644    -0.01     -0.06     0.06     1 
0130324213   39.84901    -74.21997     0.02     -0.01     0.02     1 
0130324214   39.84876    -74.18350     0.21      0.04     0.21     1 
0130324215   39.84850    -74.14704    -0.06     -0.03     0.06     1 
0130324217   39.84794    -74.07410    -0.00      0.00     0.00     1 
0130324278   39.82548    -74.58482     0.07     -0.04     0.08     1 
0130324279   39.82534    -74.54836     0.03      0.03     0.04     1 
0130324280   39.82520    -74.51190     0.01      0.03     0.03     1 
0130324281   39.82504    -74.47545     0.11      0.03     0.11     1 
0130324282   39.82487    -74.43899     0.01      0.04     0.05     1 
0130324283   39.82469    -74.40253     0.15     -0.01     0.15     1 
0130324284   39.82449    -74.36608     0.10     -0.02     0.10     1 
0130324285   39.82429    -74.32962     0.04     -0.01     0.04     1 
0130324286   39.82407    -74.29317    -0.00     -0.05     0.05     1 
0130324287   39.82384    -74.25671     0.03     -0.07     0.07     1 
0130324288   39.82360    -74.22026     0.00     -0.03     0.03     1 
0130324289   39.82335    -74.18380    -0.05     -0.03     0.06     1 
0130324353   39.80007    -74.58497     0.06      0.11     0.13     1 
0130324354   39.79994    -74.54853     0.00     -0.01     0.01     1 
0130324355   39.79979    -74.51208     0.11     -0.00     0.11     1 
0130324356   39.79963    -74.47564     0.03     -0.04     0.05     1 
0130324357   39.79946    -74.43919     0.03     -0.05     0.05     1 
0130324358   39.79928    -74.40275    -0.13      0.07     0.15     1 
0130324359   39.79908    -74.36631    -0.00      0.11     0.11     1 
0130324360   39.79888    -74.32987     0.06      0.01     0.06     1 
0130324361   39.79866    -74.29343     0.22      0.21     0.31     1 
0130324362   39.79844    -74.25698     0.05     -0.04     0.06     1 
0130324363   39.79820    -74.22054     0.10      0.01     0.10     1 
0130324364   39.79795    -74.18410    -0.04      0.02     0.04     1 
0130324366   39.79741    -74.11122     0.00     -0.03     0.03     1 
0130324428   39.77466    -74.58512     0.13      0.09     0.16     1 
0130324429   39.77453    -74.54869    -0.14     -0.00     0.14     1 
0130324430   39.77438    -74.51226    -0.21     -0.11     0.24     1 
0130324431   39.77422    -74.47583    -0.02      0.01     0.02     1 
0130324432   39.77405    -74.43940     0.02      0.06     0.06     1 
0130324433   39.77387    -74.40297     0.06     -0.02     0.07     1 
0130324434   39.77368    -74.36654     0.08     -0.09     0.12     1 
0130324435   39.77347    -74.33011     0.03     -0.04     0.05     1 
0130324436   39.77326    -74.29369     0.01     -0.07     0.07     1 
0130324438   39.77279    -74.22083     0.16     -0.02     0.16     1 
0130324439   39.77254    -74.18440    -0.03     -0.00     0.03     1 
0130324440   39.77228    -74.14798     0.01      0.05     0.05     1 
0130324441   39.77201    -74.11155    -0.05      0.20     0.20     1 
0130324503   39.74926    -74.58527     0.20     -0.01     0.20     1 
0130324504   39.74912    -74.54886    -0.12      0.04     0.13     1 
0130324505   39.74897    -74.51244     0.10     -0.01     0.10     1 
0130324506   39.74882    -74.47602     0.28      0.14     0.31     1 
0130324507   39.74865    -74.43961    -0.01      0.09     0.09     1 
0130324508   39.74846    -74.40319     0.04      0.05     0.06     1 
0130324509   39.74827    -74.36678     0.17     -0.00     0.17     1 
0130324510   39.74807    -74.33036     0.07      0.02     0.08     1 
0130324511   39.74785    -74.29394     0.20      0.04     0.20     1 
0130324512   39.74762    -74.25753     0.30      0.06     0.31     1 
0130324513   39.74739    -74.22112     0.16      0.08     0.17     1 
0130324514   39.74713    -74.18470     0.02      0.08     0.08     1 
0130324515   39.74687    -74.14829    -0.00     -0.03     0.03     1 
0130324516   39.74660    -74.11188    -0.26     -0.16     0.31     1 
0130324578   39.72385    -74.58543     0.03      0.03     0.04     1 
0130324579   39.72371    -74.54902     0.04     -0.03     0.05     1 
0130324580   39.72357    -74.51262     0.02      0.04     0.04     1 
0130324581   39.72341    -74.47622     0.11      0.11     0.16     1 
0130324582   39.72324    -74.43981     0.08      0.04     0.09     1 
0130324583   39.72306    -74.40341     0.14     -0.03     0.15     1 
0130324584   39.72286    -74.36701    -0.16      0.05     0.17     1 
0130324585   39.72266    -74.33061     0.01      0.11     0.11     1 
0130324586   39.72244    -74.29420     0.09      0.09     0.12     1 
0130324588   39.72198    -74.22140     0.15      0.16     0.22     1 
0130324589   39.72173    -74.18500     0.03      0.06     0.07     1 
0130324590   39.72147    -74.14860    -0.06      0.03     0.07     1 
0130324652   39.69857    -74.62197     0.13      0.06     0.15     1 
0130324654   39.69830    -74.54919     0.00      0.05     0.05     1 
0130324655   39.69816    -74.51280     0.07      0.06     0.09     1 
0130324656   39.69800    -74.47641    -0.05     -0.12     0.13     1 
0130324657   39.69783    -74.44002     0.00      0.04     0.04     1 
0130324658   39.69765    -74.40363     0.01      0.00     0.01     1 
0130324659   39.69746    -74.36724     0.07      0.02     0.07     1 
0130324660   39.69725    -74.33085     0.02     -0.02     0.03     1 
0130324661   39.69704    -74.29446     0.08     -0.01     0.08     1 
0130324662   39.69681    -74.25808     0.06     -0.00     0.06     1 
0130324663   39.69657    -74.22169     0.20      0.13     0.24     1 
0130324664   39.69632    -74.18530    -0.00      0.01     0.01     1 
0130324665   39.69606    -74.14891    -0.03      0.14     0.14     1 
0130324729   39.67290    -74.54935     0.14      0.05     0.15     1 
0130324730   39.67275    -74.51298    -0.01      0.04     0.04     1 
0130324733   39.67224    -74.40385     0.12     -0.00     0.12     1 
0130324734   39.67205    -74.36747     0.09      0.02     0.09     1 
0130324735   39.67184    -74.33110    -0.04      0.01     0.04     1 
0130324736   39.67163    -74.29472     0.24     -0.13     0.27     1 
0130324737   39.67140    -74.25835     0.09      0.01     0.09     1 
0130324738   39.67117    -74.22197    -0.04      0.07     0.07     1 
0130324739   39.67092    -74.18560    -0.08     -0.22     0.24     1 
0130324810   39.64644    -74.33134     0.05      0.08     0.09     1 
0130324811   39.64622    -74.29498     0.10      0.08     0.13     1 
0130324813   39.64576    -74.22226    -0.01      0.02     0.02     1 
0130324814   39.64551    -74.18590    -0.07      0.02     0.08     1 
----------------------------------------------------------------------
---------------------------------------------------
Total correlated GCPs in Upper Left Quadrant: 623

GCP statistics this quadrant only (in Pixels)
Line residual statistics:
  Mean: 0.047
  Median: 0.050
  Standard Deviation: 0.132

Sample residual statistics:
  Mean: 0.001
  Median: 0.001
  Standard Deviation: 0.073

Quadrant RMSE: 0.158

---------------------------------------------------
Total correlated GCPs in Upper Right Quadrant: 195

GCP statistics this quadrant only (in Pixels)
Line residual statistics:
  Mean: 0.040
  Median: 0.061
  Standard Deviation: 0.120

Sample residual statistics:
  Mean: 0.002
  Median: 0.007
  Standard Deviation: 0.067

Quadrant RMSE: 0.144

---------------------------------------------------
Total correlated GCPs in Lower Left Quadrant: 390

GCP statistics this quadrant only (in Pixels)
Line residual statistics:
  Mean: 0.075
  Median: 0.073
  Standard Deviation: 0.107

Sample residual statistics:
  Mean: -0.019
  Median: -0.019
  Standard Deviation: 0.065

Quadrant RMSE: 0.147

---------------------------------------------------
Total correlated GCPs in Lower Right Quadrant: 0

GCP statistics this quadrant only (in Pixels)
Line residual statistics:
  Mean: 0.000
  Median: 0.000
  Standard Deviation: 0.000

Sample residual statistics:
  Mean: 0.000
  Median: 0.000
  Standard Deviation: 0.000

Quadrant RMSE: 0.000

---------------------------------------------------
---------------------------------------------------
Total correlated GCPs in scene: 1208

GCP statistics entire scene (in Pixels)
Line residual statistics:
  Mean: 0.055
  Median: 0.058
  Standard Deviation: 0.123

Sample residual statistics:
  Mean: -0.005
  Median: -0.003
  Standard Deviation: 0.070

Scene RMSE: 0.152

