Sun. Sep. 18, 2016             LANDSAT 5                 Time: 12:57
                         Image Assessment System
                           GCP Residual Report
----------------------------------------------------------------------------
WOID: L19804772            Path/Row: 013 / 032

L0R Reference Image: L51XXX1000238150100_HDF.162621755
Acquisition Date: Aug 25, 2000

Band Number:  5

GLS date for each WRS-2 path/row used:
Path  Row   Date
013   032   10-20-2000


Point_ID         Latitude  Longitude    Height       Across    Along    Residual  Residual
                                                      Scan      Scan      In y      in x
                                                    Residual  Residual    dir       dir
                   (deg)     (deg)     (meters)     (meters)  (meters)  (meters)  (meters)

0130320001_01   40.899350  -72.547400    -5.607      -0.210    -0.074    -0.195    -0.108
0130320002_01   40.985966  -74.209579   109.451      -5.389     3.698    -5.933     2.737
0130320003_01   40.797198  -72.637571   -32.354       2.085    -0.378     2.119    -0.020
0130320004_01   41.050400  -73.531986   -15.842      -0.749     0.771    -0.868     0.634
0130320005_01   40.837345  -73.132134    -7.643      -3.757    -2.282    -3.318    -2.883
0130320006_01   40.577940  -74.178956   -28.593       2.902    -2.535     3.288    -2.008
0130320007_01   41.024323  -74.206980    78.507      -4.726     5.416    -5.569     4.541
0130320008_01   40.742508  -74.255819    36.008      -1.588     2.403    -1.971     2.100
0130320010_01   40.471312  -74.278993    -4.971      -1.427     0.876    -1.554     0.622
0130320011_01   40.320072  -74.446563    15.000       0.224    -0.239     0.261    -0.198
0130320012_01   40.704794  -73.791026   -15.364       4.169    -2.582     4.544    -1.841
0130320014_01   41.031222  -73.762948    33.541      -2.049     0.783    -2.150     0.427
0130320015_01   40.849362  -73.315786    24.221      -4.082     2.401    -4.427     1.678
0130320016_01   40.246943  -74.117011    -0.020      -1.124    -2.365    -0.706    -2.521
0130320018_01   40.689480  -74.096283   -23.540       3.660     0.082     3.592     0.698
0130320019_01   40.348265  -74.045041   -22.951      -1.936     1.071    -2.089     0.728
0130320020_01   40.017080  -74.100998   -32.000       3.295    -1.671     3.530    -1.088
0130320021_01   40.830719  -73.926433   -25.000       1.299    -2.021     1.621    -1.773
0130320022_01   40.684149  -73.833291   -20.021       2.658    -2.412     3.027    -1.928
0130320023_01   40.627324  -74.207084   -29.527       2.342     1.624     2.034     1.995
0130320024_01   40.707930  -73.860221   -11.161       1.806    -3.068     2.298    -2.719
0130320025_01   40.799067  -73.664494    23.537       0.302    -0.866     0.444    -0.802
0130320026_01   40.761740  -73.733483    20.856      -0.232    -2.133     0.131    -2.141
0130320027_01   40.706608  -73.311220   -27.502       0.496    -1.746     0.783    -1.637
0130320028_01   40.815703  -72.604548   -29.085       1.444     1.491     1.172     1.714
0130320029_01   40.857797  -73.395655    36.005       0.422    -0.608     0.519    -0.528
0130320030_01   40.813219  -72.576184   -27.298       1.076     0.835     0.920     1.005
0130320031_01   40.559868  -74.308164    -2.814      -1.885     0.616    -1.961     0.289
0130320032_01   40.761611  -73.377712    17.883      -4.227     1.783    -4.466     1.043
0130320033_01   40.949976  -72.368043    21.203       1.408     0.629     1.282     0.857
0130320034_01   40.466811  -74.389095   -32.000       0.593    -2.126     0.945    -1.995
0130320035_01   40.997535  -73.674050    -2.958       0.919     2.321     0.514     2.442
0130320036_01   40.888862  -73.901991   -15.490       1.692    -2.968     2.169    -2.639
0130320037_01   40.440476  -74.232983   -21.941      -2.988    -0.747    -2.817    -1.241
0130320038_01   40.672778  -74.004221   -30.000       3.248     0.489     3.118     1.029
0130320040_01   41.137758  -73.265178   -27.482      -0.163    -0.112    -0.142    -0.138
0130320041_01   40.663038  -73.913156   -23.863       1.038    -2.273     1.407    -2.065
0130320042_01   40.929434  -72.332519   -24.015       2.785    -0.092     2.761     0.379
0130320043_01   40.929749  -72.231324   -27.177       0.096    -3.736     0.724    -3.667
0130320044_01   40.028130  -74.336771   -11.875       1.406    -1.422     1.627    -1.162
0130320046_01   40.254409  -74.299644    18.888      -0.782    -2.291    -0.382    -2.389
0130320047_01   40.880966  -73.278311    13.341      -3.001     2.597    -3.395     2.053
0130320049_01   40.862059  -72.411392   -29.885      -0.445    -4.734     0.360    -4.742
0130320050_01   39.798738  -74.181290   -31.000      -1.087    -1.573    -0.804    -1.734
0130320052_01   39.950177  -74.537004   -11.575       1.399     0.546     1.286     0.775
0130320054_01   40.703019  -73.251655   -30.243       4.492    -2.940     4.923    -2.139
0130320055_01   40.651400  -74.099636   -31.000       4.338     0.080     4.261     0.811
0130320056_01   40.852614  -73.157330     5.136      -2.383     0.985    -2.514     0.569
0130320057_01   40.998905  -72.453120   -30.825       6.944     0.729     6.723     1.891
0130320059_01   40.839950  -72.474518   -32.035       0.576    -1.445     0.812    -1.327
0130320060_01   40.794862  -74.027647   -29.864       0.977    -2.324     1.356    -2.125
0130320061_01   41.083545  -73.462677   -15.734      -3.195     1.437    -3.391     0.878
0130320062_01   39.673538  -74.297501    -5.740      -3.330    -0.951    -3.118    -1.503
0130320063_01   40.876284  -72.371322   -27.650       3.132    -4.336     3.818    -3.745
0130320065_01   40.809518  -72.824205   -22.039      -3.216     2.204    -3.541     1.630
0130320066_01   40.928985  -74.139706   -20.218       1.591    -0.014     1.570     0.254
0130320067_01   40.063206  -74.055365   -31.609       3.401    -0.623     3.456    -0.037
0130320068_01   40.753076  -72.797619   -29.124      -0.027     2.410    -0.434     2.371
0130320071_01   40.773303  -73.441769    28.159      -3.199     1.001    -3.321     0.446
0130320072_01   40.647365  -74.003179    17.815       2.623     0.455     2.508     0.891
0130320073_01   40.943221  -72.577493   -28.992       3.131    -3.960     3.754    -3.375
0130320074_01   40.910900  -74.179838     3.081       0.223     0.979     0.055     1.002
0130320076_01   40.946991  -72.439437   -30.802       3.154     1.168     2.912     1.684
0130320077_01   40.950996  -72.171632   -30.218       3.079    -3.045     3.548    -2.483
0130320078_01   40.545627  -74.235682   -14.045       2.662    -2.091     2.977    -1.610
0130320079_01   40.881471  -74.043115   -29.200       0.582     1.120     0.384     1.201
0130320080_01   39.671251  -74.156914   -31.000       5.903     3.522     5.216     4.473
0130320081_01   40.857971  -73.640532   -28.120       2.504     1.766     2.170     2.162
0130320083_01   40.853379  -73.922152   -30.795       0.431    -1.421     0.664    -1.328
0130320085_01   39.891523  -74.273525   -15.133      -2.714    -5.017    -1.821    -5.403
0130320086_01   40.056895  -74.111730   -31.615       0.955    -0.404     1.010    -0.236
0130320087_01   40.728748  -73.614036   -10.000       3.266    -1.940     3.546    -1.361
0130320088_01   40.063315  -74.345224    -3.424       0.117     0.990    -0.053     0.995
0130320089_01   39.737284  -74.496768    -4.243      -2.626     1.226    -2.795     0.763
0130320090_01   40.100594  -74.033378   -29.946       0.189    -2.129     0.548    -2.066
0130320091_01   40.964243  -72.562108   -21.427       1.867     0.577     1.743     0.884
0130320092_01   40.783988  -73.900165   -28.172       4.551    -1.029     4.659    -0.247
0130320093_01   40.897519  -72.877234    -6.312      -4.960     1.443    -5.132     0.585
0130320094_01   40.768713  -72.739878   -29.624      -3.980    -5.257    -3.036    -5.854
0130320095_01   40.575041  -73.575036   -32.953      -0.541     0.629    -0.640     0.529
0130320097_01   40.439273  -74.345128   -24.866      -1.034     0.873    -1.167     0.686
0130320098_01   40.698016  -73.954843   -27.807      -0.401    -2.483     0.025    -2.514
0130320099_01   40.019276  -74.452868    22.019      -1.891     0.712    -1.983     0.381
0130320100_01   40.993042  -74.038294   -10.698      -3.906     1.612    -4.121     0.932
0130320101_01   40.629209  -73.748405   -29.343       2.949    -3.205     3.448    -2.661
0130320102_01   40.875895  -72.537230   -18.903      -0.284    -0.136    -0.258    -0.182
0130320103_01   40.822648  -73.960004   -32.000       1.747    -3.226     2.266    -2.885
0130320104_01   40.655550  -73.407608   -31.619       2.769    -1.579     2.996    -1.088
0130320105_01   40.241116  -74.248640     5.368      -1.968    -1.816    -1.631    -2.122
0130320106_01   39.761465  -74.266488     5.734      -2.816     0.398    -2.842    -0.086
0130320107_01   39.758370  -74.095966   -33.773      -2.292     3.513    -2.855     3.072
0130320108_01   40.730650  -72.869760   -29.035      -1.715     2.763    -2.157     2.434
0130320109_01   40.669321  -73.349073   -30.091       4.078    -3.015     4.528    -2.283
0130320110_01   40.091202  -74.221786   -21.000       0.656    -0.316     0.700    -0.200
0130320111_01   40.738885  -74.160992   -25.810       2.151    -0.323     2.175     0.044
0130320112_01   39.739329  -74.115471   -31.350      -0.440     1.253    -0.646     1.160
0130320113_01   40.731814  -73.492118    -4.000      -1.064     1.873    -1.365     1.667
0130320114_01   40.607318  -74.061930   -16.425      -0.789     5.022    -1.627     4.815
0130320115_01   40.917360  -72.568463   -30.156       2.433     2.041     2.055     2.423
0130320116_01   40.702132  -73.671759   -17.716       0.381    -1.144     0.569    -1.063
0130320117_01   40.776091  -74.078402   -30.000       2.688    -1.724     2.940    -1.246
0130320119_01   40.563395  -74.225203   -30.000       2.052    -0.890     2.172    -0.531
0130320120_01   40.896528  -72.504059   -30.689      -2.694    -1.203    -2.452    -1.641
0130320121_01   40.680789  -73.435051   -27.000       0.649    -1.172     0.837    -1.045
0130320122_01   39.777713  -74.115680   -31.000      -4.363    -0.691    -4.181    -1.421
0130320123_01   39.852418  -74.381952    12.098      -3.264    -0.853    -3.070    -1.394
0130320126_01   40.842333  -73.666829   -27.616      -6.576    -5.007    -5.635    -6.043
0130320127_01   39.940846  -74.171874   -31.275      -1.018    -1.850    -0.689    -1.996
0130320128_01   41.014471  -72.560613   -29.827      -0.651     2.538    -1.069     2.392
0130320129_01   40.819865  -72.716444   -26.181      -0.753     0.430    -0.815     0.297
0130320130_01   40.853632  -72.900702     9.669      -4.439     0.094    -4.391    -0.656
0130320131_01   40.680451  -73.315076   -30.082       2.449    -0.970     2.578    -0.543
0130320132_01   40.661770  -73.865621   -31.124       2.817    -1.681     3.060    -1.181
0130320133_01   39.928397  -74.499233    -2.226      -3.923    -0.660    -3.752    -1.315
0130320134_01   40.956359  -72.248032   -20.000       0.989    -1.232     1.182    -1.048
0130320135_01   40.756389  -73.954640   -26.334      -0.326    -3.902     0.338    -3.900
0130320136_01   40.975263  -72.339585    47.525      -4.245    -1.086    -4.001    -1.787
0130320137_01   40.719578  -73.948467   -28.586       2.007    -2.239     2.356    -1.868
0130320138_01   40.768890  -74.282184    68.379      -0.857     1.331    -1.069     1.167
0130320139_01   40.535371  -74.324711    27.678      -1.670     1.741    -1.940     1.433
0130320140_01   40.787891  -74.002503    -7.496       2.915    -0.692     2.989    -0.190
0130320141_01   39.760479  -74.550185    -8.647      -2.765     2.804    -3.201     2.293
0130320142_01   40.186610  -74.009252   -30.898       3.846     0.522     3.701     1.165
0130320143_01   40.739764  -73.586449    -4.148       1.396    -0.427     1.448    -0.185
0130320144_01   40.567967  -74.109615   -28.000       0.176    -4.183     0.881    -4.092
0130320145_01   40.841022  -73.693899   -21.153       0.052     1.544    -0.210     1.531
0130320147_01   40.693247  -74.129254   -27.591       4.099     2.386     3.635     3.042
0130320148_01   40.930916  -73.054675    26.962      -4.686     3.035    -5.130     2.201
0130320149_01   39.721836  -74.125495   -32.323       1.067     2.606     0.608     2.748
0130320150_01   40.915771  -73.406010   -29.813      -5.275    -0.203    -5.164    -1.090
0130320152_01   40.771222  -74.044699   -28.277       3.684    -2.849     4.111    -2.186
0130320153_01   39.912061  -74.191174   -20.784      -0.693    -2.551    -0.249    -2.631
0130320154_01   40.742899  -72.830997   -31.486       5.382     6.996     4.124     7.805
0130320155_01   40.839914  -73.898529    -9.132       0.040    -0.284     0.088    -0.273
0130320156_01   40.105804  -74.110038   -22.342      -4.187    -5.508    -3.191    -6.136
0130320157_01   39.763305  -74.513741    -9.916      -0.088     3.091    -0.613     3.030
0130320158_01   40.790529  -72.937891   -10.194      -4.361     2.937    -4.794     2.158
0130320160_01   40.933678  -73.090583     4.604      -5.321     1.504    -5.498     0.585
0130320161_01   40.809960  -72.776533   -20.008      -2.707     0.968    -2.832     0.497
0130320162_01   40.900078  -72.383912   -17.865       1.489    -1.523     1.725    -1.250
0130320163_01   40.845585  -74.050038   -30.000       1.731    -0.568     1.802    -0.268
0130320164_01   40.899689  -74.090223   -19.733      -1.217     1.597    -1.469     1.369
0130320165_01   40.692493  -74.296142    -3.000      -1.361     4.467    -2.096     4.172
0130320166_01   40.016077  -74.184675   -12.000      -4.775    -0.122    -4.684    -0.930
0130320167_01   40.916827  -72.727714   -19.271       0.462     0.945     0.296     1.010
0130320168_01   39.978490  -74.074451   -31.558       1.609    -0.180     1.616     0.096
0130320169_01   39.921786  -74.081534   -32.589      -0.292     1.865    -0.604     1.788
0130320170_01   40.424301  -73.991981   -33.000       1.474    -0.217     1.489     0.035
0130320171_01   39.990431  -74.314646    -9.384       2.878    -1.009     3.007    -0.507
0130320172_01   40.899444  -73.359390   -31.400      -0.433    -0.878    -0.279    -0.939
0130320174_01   40.937192  -73.491733   -31.420      -1.040     3.162    -1.558     2.941
0130320175_01   40.872765  -72.883009    -0.176      -3.316     0.562    -3.363    -0.006
0130320176_01   40.926202  -72.616592   -30.518       4.026    -3.115     4.494    -2.391
0130320177_01   40.664484  -74.187478   -22.741       1.797    -0.456     1.848    -0.146
0130320178_01   40.705311  -73.925254   -25.051       1.515    -1.132     1.684    -0.859
0130320180_01   40.917522  -72.450905   -33.449       4.170     0.644     4.003     1.339
0130320181_01   39.928303  -74.234517   -25.016      -0.242    -2.296     0.152    -2.303
0130320183_01   39.739425  -74.380511    -6.000      -0.890     3.694    -1.506     3.488
0130320185_01   39.701100  -74.135905   -31.000       2.223     4.870     1.362     5.176
0130320186_01   40.910012  -73.542577   -32.000      -3.300    -4.797    -2.443    -5.284
0130320187_01   41.078182  -74.142764    72.984      -1.281     3.421    -1.838     3.156
0130320188_01   40.865901  -74.198549    87.717      -1.476     4.049    -2.137     3.741
0130320190_01   40.872204  -74.135814   -17.651       1.742    -0.318     1.770    -0.020
0130320192_01   39.654049  -74.170411   -31.072       5.009     4.669     4.140     5.451
0130320193_01   40.650922  -73.485425   -31.895       4.337    -0.514     4.361     0.226
0130320194_01   40.833785  -72.669359   -15.875      -3.934     2.046    -4.223     1.352
0130320195_01   39.780236  -74.379795     2.529      -1.493     5.624    -2.427     5.287
0130320196_01   40.812603  -74.016361   -29.000       2.321    -2.937     2.783    -2.503
0130320198_01   40.705603  -73.816936   -13.366       2.518    -0.763     2.610    -0.327
0130320199_01   40.977429  -72.471774   -30.925       1.306     4.291     0.565     4.451
0130320200_01   40.747370  -74.103318   -30.000       4.571    -0.528     4.593     0.250
0130320201_01   40.052140  -74.283781    -5.601      -3.565    -1.733    -3.218    -2.312
0130320202_01   40.807405  -73.022012    -9.880      -2.848     0.079    -2.820    -0.403
0130320203_01   41.122474  -73.547177    34.697      -0.518     1.659    -0.790     1.548
0130320204_01   40.769089  -74.152081    -0.606       0.844     1.740     0.538     1.857
0130320205_01   39.979539  -74.177731   -18.677      -2.089    -1.835    -1.746    -2.162
0130320207_01   40.793519  -73.936634   -29.778      -0.794    -1.559    -0.519    -1.670
0130320208_01   40.601214  -73.571644   -33.444       3.691    -0.792     3.772    -0.157
0130320209_01   40.839389  -74.156879     8.131       0.525     1.112     0.329     1.184
0130320210_01   39.810792  -74.434897     9.651      -0.949    -2.797    -0.459    -2.916
0130320211_01   40.675652  -73.495869   -26.000      -1.098    -0.776    -0.951    -0.950
0130320212_01   40.849862  -72.702959   -12.009      -2.215     1.272    -2.398     0.880
0130320213_01   39.685678  -74.502041   -18.889       1.292     2.338     0.875     2.523
0130320214_01   41.144736  -74.152980   131.884      -5.279     2.938    -5.695     2.007
0130320215_01   40.747555  -72.998914   -27.739       3.673    -2.641     4.066    -1.983
0130320217_01   40.885661  -72.344248   -28.139       1.109    -1.583     1.360    -1.373
0130320218_01   40.695822  -74.225091   -13.310       0.860     2.867     0.363     2.970
0130320219_01   40.947778  -72.936569    28.548      -5.052     0.842    -5.121    -0.023
0130320220_01   40.475355  -74.321773   -29.128      -1.896    -5.743    -0.896    -5.978
0130320222_01   40.725609  -74.194195    -5.529       1.064    -1.279     1.264    -1.081
0130320223_01   40.057509  -74.157801   -23.011      -2.525    -1.343    -2.260    -1.751
0130320224_01   40.637419  -74.074636   -28.778       0.795    -3.638     1.398    -3.450
0130320225_01   40.612418  -73.415371   -30.753      -1.713     1.212    -1.893     0.905
0130320226_01   40.717149  -73.426031   -15.000       2.991     0.362     2.887     0.861
0130320227_01   39.679411  -74.330674   -24.707      -1.191     0.133    -1.196    -0.071
0130320228_01   39.810248  -74.203935   -31.493      -1.143    -2.391    -0.720    -2.550
0130320229_01   40.991586  -72.603182   -24.030      -2.113     3.425    -2.660     3.020
0130320230_01   40.939272  -72.701288   -17.136       0.296    -1.069     0.472    -1.004
0130320233_01   40.641718  -73.167401   -29.004      -1.863     3.565    -2.439     3.199
0130320234_01   40.727253  -73.694350    -4.845       0.235    -2.163     0.597    -2.091
0130320235_01   40.713223  -73.560018   -12.000      -1.863    -0.830    -1.696    -1.133
0130320237_01   40.632061  -73.332610   -31.613       1.637     6.862     0.454     7.039
0130320238_01   40.852851  -73.983022    51.961      -0.592     2.282    -0.969     2.149
0130320239_01   40.908143  -73.234863   -32.000      -1.887    -0.212    -1.824    -0.527
0130320240_01   40.954851  -72.751360     2.228      -0.227    -0.925    -0.068    -0.950
0130320241_01   40.919174  -72.682748   -23.991       0.098    -0.431     0.169    -0.408
0130320242_01   40.813287  -72.956393    -3.018      -0.556     1.906    -0.870     1.785
0130320243_01   39.781308  -74.554253    -7.748       0.572     3.777    -0.079     3.818
0130320244_01   39.688325  -74.241723   -30.000      -3.223     0.706    -3.295     0.149
0130320245_01   40.858243  -72.571340   -21.524      -1.618     1.338    -1.821     1.045
0130320246_01   39.842550  -74.147108   -33.000       3.327    -4.163     3.985    -3.537
0130320248_01   40.759794  -72.767545   -29.822       0.592     0.983     0.417     1.069
0130320249_01   40.704794  -74.193381   -29.595       1.894     0.688     1.750     0.997
0130320250_01   39.769614  -74.416319     0.927       5.862     0.861     5.628     1.843
0130320251_01   40.868023  -73.011309    -3.641      -4.284     2.483    -4.641     1.725
0130320252_01   39.992080  -74.538829    -3.391       0.800     0.917     0.633     1.039
0130320253_01   40.929059  -72.902591     2.891      -6.353     1.817    -6.568     0.719
0130320254_01   41.011227  -72.317448   -31.556       6.149    -0.139     6.086     0.901
0130320255_01   40.966998  -72.723141    10.382      -4.271     1.737    -4.502     0.992
0130320256_01   40.877729  -73.984778   -28.275       1.877     0.964     1.687     1.266
