==============================================================================
==============================================================================
 Sep. 24 2016                  LANDSAT 5                       Time: 11:21
                            Image Assessment System
                            GEOMETRIC VERIFY Report
==============================================================================
Order ID: 0501609191976_03231                          Path / Row - 13 / 32
Reference Image: L51XXX1098248150100_HDF.L1G

Color mapping per rank
----------------------
Rank  1 is Green: total residual <= 0.5
Rank  2 is Cyan: 0.5 < total residual <=  1
Rank  3 is Blue:  1 < total residual <=  2
Rank  4 is Yellow:  2 < total residual <=  3
Rank  5 is Red:  3 < total residual

Percentage of residuals by rank
-------------------------------
Rank   1 -- 100.0%
Rank   2 --  0.0%
Rank   3 --  0.0%
Rank   4 --  0.0%
Rank   5 --  0.0%

       GCP    Latitude    Longitude  Sample   Line     Total    Rank
        ID                           Residual Residual Residual
              (Degree)    (Degree)   (Pixel)  (Pixel)  (Pixel)
----------------------------------------------------------------------
0130320095   41.24957    -73.95362    -0.05     -0.03     0.06     1 
0130320173   41.22310    -73.84237     0.04     -0.04     0.05     1 
0130320175   41.22233    -73.76794    -0.04     -0.05     0.06     1 
0130320176   41.22192    -73.73073     0.21     -0.14     0.26     1 
0130320243   41.19942    -74.02884     0.18      0.14     0.23     1 
0130320245   41.19877    -73.95443     0.06     -0.07     0.09     1 
0130320247   41.19807    -73.88002     0.01      0.05     0.05     1 
0130320251   41.19653    -73.73122     0.14      0.06     0.15     1 
0130320252   41.19611    -73.69402     0.15      0.08     0.17     1 
0130320256   41.19433    -73.54523     0.20     -0.02     0.20     1 
0130320322   41.17267    -73.88046    -0.04      0.13     0.14     1 
0130320328   41.17029    -73.65734     0.14     -0.06     0.15     1 
0130320329   41.16985    -73.62016     0.20     -0.05     0.21     1 
0130320331   41.16894    -73.54579    -0.06     -0.04     0.07     1 
0130320332   41.16846    -73.50861     0.20      0.04     0.20     1 
0130320333   41.16797    -73.47143     0.14      0.01     0.14     1 
0130320334   41.16747    -73.43425     0.19      0.01     0.20     1 
0130320335   41.16696    -73.39708     0.17      0.00     0.17     1 
0130320336   41.16644    -73.35990     0.11     -0.02     0.12     1 
0130320394   41.14831    -73.99241     0.13      0.02     0.13     1 
0130320395   41.14798    -73.95524     0.16      0.17     0.23     1 
0130320397   41.14728    -73.88089    -0.03      0.12     0.12     1 
0130320398   41.14691    -73.84372     0.32      0.02     0.32     1 
0130320401   41.14574    -73.73220     0.21      0.08     0.22     1 
0130320402   41.14532    -73.69503     0.23      0.06     0.24     1 
0130320403   41.14489    -73.65786     0.06      0.11     0.12     1 
0130320404   41.14446    -73.62069    -0.27      0.05     0.27     1 
0130320405   41.14400    -73.58352     0.09      0.07     0.11     1 
0130320406   41.14354    -73.54635     0.17      0.05     0.18     1 
0130320407   41.14307    -73.50919     0.12      0.09     0.15     1 
0130320408   41.14258    -73.47202     0.14      0.01     0.14     1 
0130320409   41.14208    -73.43486     0.10      0.04     0.11     1 
0130320410   41.14157    -73.39769     0.22      0.05     0.23     1 
0130320411   41.14105    -73.36053     0.05      0.01     0.05     1 
0130320412   41.14051    -73.32337     0.20      0.01     0.20     1 
0130320413   41.13996    -73.28621     0.08     -0.03     0.09     1 
0130320415   41.13883    -73.21189    -0.24     -0.13     0.27     1 
0130320467   41.12353    -74.06713     0.23      0.00     0.23     1 
0130320469   41.12291    -73.99280     0.25      0.18     0.31     1 
0130320470   41.12258    -73.95564     0.19      0.00     0.19     1 
0130320471   41.12224    -73.91848     0.33     -0.03     0.33     1 
0130320473   41.12151    -73.84416     0.26      0.01     0.26     1 
0130320476   41.12034    -73.73269     0.05     -0.07     0.08     1 
0130320480   41.11861    -73.58407     0.02      0.05     0.05     1 
0130320481   41.11815    -73.54691     0.04      0.08     0.09     1 
0130320482   41.11767    -73.50976     0.16      0.05     0.17     1 
0130320483   41.11718    -73.47261     0.21      0.11     0.23     1 
0130320484   41.11669    -73.43546     0.16      0.10     0.18     1 
0130320485   41.11618    -73.39831     0.09      0.09     0.13     1 
0130320486   41.11565    -73.36116    -0.07      0.09     0.11     1 
0130320487   41.11512    -73.32402    -0.33      0.01     0.34     1 
0130320544   41.09751    -73.99319     0.07      0.11     0.13     1 
0130320545   41.09718    -73.95604     0.04      0.05     0.06     1 
0130320547   41.09648    -73.88175     0.33     -0.10     0.34     1 
0130320548   41.09611    -73.84461     0.28      0.08     0.29     1 
0130320549   41.09574    -73.80746     0.16      0.02     0.16     1 
0130320550   41.09535    -73.77032     0.11     -0.00     0.11     1 
0130320551   41.09494    -73.73318     0.34      0.05     0.34     1 
0130320552   41.09453    -73.69603     0.20      0.01     0.20     1 
0130320553   41.09410    -73.65889     0.21      0.02     0.21     1 
0130320554   41.09367    -73.62175     0.14      0.02     0.15     1 
0130320555   41.09322    -73.58461     0.15      0.05     0.16     1 
0130320556   41.09275    -73.54748     0.26      0.08     0.28     1 
0130320557   41.09228    -73.51034     0.09      0.10     0.14     1 
0130320558   41.09179    -73.47320     0.15      0.03     0.15     1 
0130320559   41.09129    -73.43606     0.15      0.01     0.15     1 
0130320560   41.09078    -73.39893    -0.22     -0.18     0.28     1 
0130320619   41.07211    -73.99358     0.30      0.06     0.30     1 
0130320623   41.07072    -73.84505     0.09     -0.06     0.11     1 
0130320624   41.07034    -73.80792     0.02     -0.01     0.03     1 
0130320625   41.06995    -73.77079     0.03      0.04     0.05     1 
0130320626   41.06955    -73.73366     0.10      0.03     0.10     1 
0130320627   41.06913    -73.69654     0.15      0.04     0.15     1 
0130320628   41.06871    -73.65941     0.23      0.06     0.23     1 
0130320629   41.06827    -73.62228     0.21      0.05     0.21     1 
0130320630   41.06782    -73.58516     0.13      0.02     0.13     1 
0130320631   41.06736    -73.54803     0.10      0.04     0.11     1 
0130320632   41.06688    -73.51091     0.03      0.07     0.08     1 
0130320633   41.06640    -73.47379    -0.01      0.00     0.01     1 
0130320634   41.06590    -73.43667    -0.26     -0.05     0.26     1 
0130320635   41.06539    -73.39955    -0.24     -0.07     0.25     1 
0130320689   41.04818    -74.17956     0.11      0.16     0.20     1 
0130320694   41.04671    -73.99396     0.16      0.01     0.16     1 
0130320699   41.04494    -73.80838     0.15      0.02     0.15     1 
0130320700   41.04455    -73.77126     0.10      0.03     0.11     1 
0130320701   41.04415    -73.73415     0.20     -0.00     0.20     1 
0130320702   41.04374    -73.69704     0.12      0.02     0.12     1 
0130320703   41.04331    -73.65993     0.15      0.03     0.15     1 
0130320704   41.04287    -73.62281     0.15      0.06     0.16     1 
0130320705   41.04242    -73.58570     0.04      0.05     0.07     1 
0130320706   41.04196    -73.54859     0.01      0.02     0.02     1 
0130320707   41.04149    -73.51148    -0.27     -0.12     0.30     1 
0130320734   41.02420    -72.50995     0.11     -0.03     0.12     1 
0130320735   41.02339    -72.47287     0.00     -0.03     0.03     1 
0130320767   41.02194    -74.06856     0.20      0.10     0.22     1 
0130320768   41.02163    -74.03145     0.25     -0.07     0.26     1 
0130320769   41.02131    -73.99435     0.15     -0.18     0.23     1 
0130320771   41.02064    -73.92014     0.26     -0.00     0.26     1 
0130320773   41.01992    -73.84594     0.23     -0.03     0.23     1 
0130320774   41.01955    -73.80884     0.13      0.01     0.13     1 
0130320775   41.01915    -73.77174     0.10      0.03     0.10     1 
0130320776   41.01875    -73.73464     0.12      0.05     0.13     1 
0130320777   41.01834    -73.69754     0.07     -0.04     0.08     1 
0130320778   41.01792    -73.66044     0.14      0.02     0.15     1 
0130320779   41.01748    -73.62334    -0.11     -0.09     0.14     1 
0130320780   41.01703    -73.58625    -0.26     -0.05     0.26     1 
0130320808   40.99961    -72.54797    -0.12     -0.04     0.13     1 
0130320809   40.99882    -72.51090     0.03     -0.04     0.05     1 
0130320810   40.99801    -72.47384    -0.28     -0.14     0.32     1 
0130320813   40.99552    -72.36267    -0.10     -0.05     0.11     1 
0130320814   40.99466    -72.32561    -0.08     -0.03     0.09     1 
0130320815   40.99380    -72.28856    -0.08     -0.04     0.09     1 
0130320816   40.99292    -72.25150    -0.09     -0.13     0.16     1 
0130320817   40.99203    -72.21445    -0.06     -0.07     0.10     1 
0130320818   40.99113    -72.17740    -0.01     -0.13     0.13     1 
0130320840   40.99711    -74.14310     0.15      0.10     0.18     1 
0130320841   40.99683    -74.10601     0.20      0.10     0.23     1 
0130320842   40.99654    -74.06892     0.22      0.05     0.23     1 
0130320844   40.99591    -73.99474     0.27      0.05     0.27     1 
0130320845   40.99558    -73.95765     0.18      0.02     0.18     1 
0130320848   40.99452    -73.84638     0.10      0.07     0.12     1 
0130320849   40.99415    -73.80930     0.15      0.13     0.20     1 
0130320850   40.99376    -73.77221     0.16     -0.03     0.16     1 
0130320851   40.99336    -73.73512     0.12      0.01     0.12     1 
0130320852   40.99294    -73.69804     0.17      0.04     0.18     1 
0130320853   40.99252    -73.66095    -0.13     -0.15     0.20     1 
0130320854   40.99208    -73.62387     0.20     -0.09     0.22     1 
0130320879   40.97729    -72.69711     0.29     -0.13     0.31     1 
0130320880   40.97654    -72.66006     0.25      0.02     0.25     1 
0130320881   40.97578    -72.62301     0.14      0.04     0.15     1 
0130320882   40.97501    -72.58596     0.04     -0.03     0.05     1 
0130320883   40.97423    -72.54891    -0.00      0.01     0.01     1 
0130320885   40.97263    -72.47481     0.08      0.26     0.27     1 
0130320888   40.97014    -72.36368     0.04     -0.01     0.04     1 
0130320889   40.96929    -72.32663     0.10      0.10     0.14     1 
0130320890   40.96842    -72.28960    -0.24      0.03     0.24     1 
0130320891   40.96755    -72.25256    -0.01     -0.07     0.07     1 
0130320892   40.96666    -72.21552     0.05      0.08     0.09     1 
0130320893   40.96576    -72.17849    -0.03     -0.04     0.05     1 
0130320912   40.97248    -74.25467    -0.08      0.03     0.09     1 
0130320915   40.97171    -74.14343     0.15      0.04     0.16     1 
0130320916   40.97143    -74.10635     0.21      0.03     0.21     1 
0130320917   40.97114    -74.06928     0.14      0.00     0.14     1 
0130320918   40.97083    -74.03220     0.21      0.07     0.22     1 
0130320919   40.97051    -73.99512     0.06      0.06     0.08     1 
0130320920   40.97019    -73.95805     0.17      0.08     0.19     1 
0130320921   40.96984    -73.92097     0.06     -0.01     0.06     1 
0130320923   40.96913    -73.84682     0.24      0.07     0.25     1 
0130320924   40.96875    -73.80975     0.19      0.03     0.19     1 
0130320925   40.96836    -73.77268     0.12     -0.02     0.12     1 
0130320926   40.96796    -73.73561     0.08      0.05     0.09     1 
0130320927   40.96755    -73.69854     0.10      0.02     0.10     1 
0130320943   40.95933    -73.10553    -0.16     -0.08     0.18     1 
0130320945   40.95808    -73.03142     0.06      0.01     0.06     1 
0130320947   40.95679    -72.95732     0.21      0.01     0.21     1 
0130320949   40.95546    -72.88322     0.26     -0.02     0.27     1 
0130320950   40.95477    -72.84617     0.13      0.03     0.14     1 
0130320951   40.95407    -72.80913     0.22      0.02     0.22     1 
0130320952   40.95336    -72.77208     0.04      0.03     0.05     1 
0130320953   40.95264    -72.73504     0.00      0.12     0.12     1 
0130320954   40.95191    -72.69800     0.17      0.07     0.19     1 
0130320955   40.95116    -72.66096     0.08     -0.07     0.10     1 
0130320956   40.95040    -72.62392    -0.06     -0.00     0.06     1 
0130320957   40.94963    -72.58688     0.06     -0.09     0.11     1 
0130320961   40.94644    -72.43874    -0.10      0.07     0.12     1 
0130320962   40.94561    -72.40171    -0.07      0.02     0.08     1 
0130320963   40.94477    -72.36469     0.20      0.02     0.20     1 
0130320964   40.94391    -72.32766    -0.19     -0.07     0.20     1 
0130320965   40.94305    -72.29063    -0.06     -0.08     0.10     1 
0130320966   40.94217    -72.25361    -0.00      0.10     0.10     1 
0130320967   40.94128    -72.21659    -0.02     -0.08     0.08     1 
0130320988   40.94684    -74.21789     0.08     -0.02     0.09     1 
0130320990   40.94631    -74.14376     0.02      0.05     0.05     1 
0130320991   40.94603    -74.10670     0.10      0.12     0.16     1 
0130320992   40.94574    -74.06963     0.14      0.13     0.20     1 
0130320993   40.94543    -74.03257     0.20      0.05     0.21     1 
0130320994   40.94511    -73.99551     0.14      0.08     0.15     1 
0130320995   40.94479    -73.95845     0.18      0.03     0.19     1 
0130320997   40.94409    -73.88433     0.10      0.06     0.11     1 
0130320998   40.94373    -73.84727     0.04      0.11     0.12     1 
0130320999   40.94335    -73.81021     0.09      0.01     0.09     1 
0130321000   40.94296    -73.77315     0.12      0.02     0.12     1 
0130321001   40.94256    -73.73609    -0.01     -0.08     0.08     1 
0130321002   40.94215    -73.69904    -0.27     -0.10     0.29     1 
0130321017   40.93454    -73.14330     0.07      0.15     0.16     1 
0130321018   40.93394    -73.10625     0.20      0.01     0.20     1 
0130321020   40.93270    -73.03217     0.12     -0.02     0.13     1 
0130321021   40.93206    -72.99514     0.16      0.04     0.17     1 
0130321022   40.93141    -72.95810     0.18      0.00     0.18     1 
0130321023   40.93075    -72.92106     0.16     -0.05     0.17     1 
0130321024   40.93007    -72.88403     0.23      0.09     0.25     1 
0130321025   40.92939    -72.84700    -0.02     -0.04     0.05     1 
0130321026   40.92869    -72.80997     0.17      0.02     0.17     1 
0130321027   40.92798    -72.77294     0.08     -0.01     0.08     1 
0130321028   40.92726    -72.73591    -0.05     -0.12     0.13     1 
0130321029   40.92652    -72.69888     0.01     -0.06     0.06     1 
0130321030   40.92578    -72.66185    -0.02      0.03     0.03     1 
0130321031   40.92502    -72.62483    -0.13     -0.03     0.14     1 
0130321036   40.92106    -72.43973    -0.15      0.03     0.16     1 
0130321037   40.92023    -72.40271     0.03      0.00     0.03     1 
0130321038   40.91939    -72.36570    -0.05     -0.07     0.08     1 
0130321039   40.91854    -72.32868    -0.09     -0.06     0.11     1 
0130321040   40.91767    -72.29167    -0.08     -0.20     0.21     1 
0130321062   40.92168    -74.25524     0.32     -0.00     0.32     1 
0130321063   40.92144    -74.21819     0.17      0.23     0.29     1 
0130321066   40.92063    -74.10704     0.12      0.03     0.12     1 
0130321067   40.92034    -74.06999     0.06      0.02     0.07     1 
0130321068   40.92003    -74.03294     0.09      0.01     0.09     1 
0130321069   40.91971    -73.99589     0.12      0.04     0.12     1 
0130321070   40.91939    -73.95884     0.12      0.04     0.13     1 
0130321072   40.91869    -73.88475     0.01      0.07     0.07     1 
0130321073   40.91833    -73.84771     0.04     -0.00     0.04     1 
0130321075   40.91757    -73.77362     0.00      0.10     0.10     1 
0130321076   40.91716    -73.73658    -0.18     -0.21     0.27     1 
0130321080   40.91545    -73.58841     0.14      0.26     0.29     1 
0130321082   40.91452    -73.51434     0.15     -0.24     0.29     1 
0130321083   40.91403    -73.47730    -0.14      0.15     0.20     1 
0130321084   40.91354    -73.44026     0.02     -0.29     0.29     1 
0130321086   40.91251    -73.36619     0.27      0.12     0.30     1 
0130321087   40.91198    -73.32916     0.16      0.07     0.17     1 
0130321088   40.91144    -73.29213     0.29      0.01     0.29     1 
0130321089   40.91088    -73.25509     0.23      0.07     0.24     1 
0130321091   40.90974    -73.18103     0.12     -0.09     0.15     1 
0130321092   40.90915    -73.14401     0.17     -0.04     0.17     1 
0130321093   40.90855    -73.10698     0.23      0.01     0.23     1 
0130321095   40.90731    -73.03293     0.15     -0.02     0.15     1 
0130321096   40.90667    -72.99590     0.09      0.01     0.09     1 
0130321097   40.90602    -72.95888     0.08      0.03     0.09     1 
0130321098   40.90536    -72.92186    -0.20     -0.27     0.33     1 
0130321100   40.90400    -72.84782     0.01     -0.03     0.03     1 
0130321101   40.90330    -72.81080    -0.03      0.09     0.10     1 
0130321102   40.90259    -72.77379     0.08     -0.01     0.08     1 
0130321103   40.90187    -72.73677     0.03     -0.03     0.04     1 
0130321104   40.90114    -72.69976     0.03     -0.09     0.09     1 
0130321105   40.90040    -72.66275     0.02     -0.02     0.03     1 
0130321106   40.89964    -72.62574     0.00      0.03     0.03     1 
0130321107   40.89887    -72.58873    -0.01     -0.02     0.02     1 
0130321108   40.89809    -72.55172    -0.06      0.05     0.08     1 
0130321109   40.89730    -72.51471     0.06      0.03     0.07     1 
0130321110   40.89650    -72.47771     0.02     -0.03     0.04     1 
0130321111   40.89568    -72.44070    -0.06     -0.01     0.06     1 
0130321112   40.89485    -72.40370     0.00      0.05     0.05     1 
0130321113   40.89401    -72.36670    -0.10     -0.00     0.10     1 
0130321114   40.89316    -72.32970     0.02     -0.13     0.14     1 
0130321137   40.89628    -74.25552    -0.00      0.00     0.00     1 
0130321139   40.89578    -74.18145     0.15      0.08     0.17     1 
0130321140   40.89551    -74.14441    -0.00      0.05     0.05     1 
0130321141   40.89523    -74.10738     0.04     -0.03     0.05     1 
0130321142   40.89494    -74.07034     0.03      0.05     0.06     1 
0130321143   40.89463    -74.03331     0.07     -0.03     0.08     1 
0130321144   40.89431    -73.99628     0.18      0.05     0.18     1 
0130321145   40.89399    -73.95924     0.19      0.03     0.19     1 
0130321147   40.89330    -73.88518     0.17      0.02     0.17     1 
0130321148   40.89293    -73.84815     0.04     -0.00     0.04     1 
0130321149   40.89256    -73.81112     0.07     -0.12     0.14     1 
0130321154   40.89050    -73.62598     0.19      0.01     0.19     1 
0130321155   40.89005    -73.58895     0.21      0.04     0.21     1 
0130321156   40.88959    -73.55193     0.23     -0.24     0.34     1 
0130321157   40.88912    -73.51490    -0.13      0.06     0.14     1 
0130321159   40.88814    -73.44086     0.23      0.11     0.26     1 
0130321160   40.88764    -73.40384     0.14      0.13     0.19     1 
0130321161   40.88712    -73.36682     0.10     -0.02     0.10     1 
0130321162   40.88659    -73.32980     0.16      0.08     0.18     1 
0130321163   40.88605    -73.29278     0.15      0.07     0.16     1 
0130321164   40.88549    -73.25576     0.14      0.05     0.15     1 
0130321165   40.88493    -73.21874     0.25      0.01     0.25     1 
0130321166   40.88435    -73.18173     0.17      0.03     0.17     1 
0130321167   40.88376    -73.14472     0.10      0.00     0.10     1 
0130321168   40.88316    -73.10770     0.23     -0.03     0.24     1 
0130321170   40.88192    -73.03368     0.11      0.05     0.12     1 
0130321171   40.88128    -72.99667     0.20      0.09     0.22     1 
0130321172   40.88063    -72.95966     0.22     -0.00     0.22     1 
0130321173   40.87997    -72.92266     0.02     -0.09     0.09     1 
0130321175   40.87861    -72.84865     0.09      0.02     0.10     1 
0130321177   40.87721    -72.77464     0.19     -0.09     0.21     1 
0130321178   40.87649    -72.73764    -0.04     -0.04     0.06     1 
0130321179   40.87576    -72.70064     0.09      0.06     0.11     1 
0130321180   40.87501    -72.66364     0.02      0.00     0.02     1 
0130321181   40.87426    -72.62664    -0.03      0.04     0.05     1 
0130321182   40.87349    -72.58965     0.05      0.03     0.05     1 
0130321183   40.87271    -72.55266    -0.05     -0.02     0.06     1 
0130321184   40.87192    -72.51566     0.03      0.02     0.03     1 
0130321186   40.87030    -72.44168    -0.15     -0.05     0.16     1 
0130321187   40.86947    -72.40470    -0.32     -0.07     0.33     1 
0130321212   40.87088    -74.25581     0.20      0.07     0.22     1 
0130321213   40.87063    -74.21878     0.18      0.04     0.19     1 
0130321215   40.87011    -74.14474    -0.02     -0.02     0.03     1 
0130321216   40.86983    -74.10772    -0.04      0.09     0.10     1 
0130321217   40.86953    -74.07070     0.02      0.04     0.05     1 
0130321218   40.86923    -74.03368    -0.02      0.04     0.04     1 
0130321219   40.86892    -73.99666    -0.07      0.03     0.08     1 
0130321220   40.86859    -73.95964     0.03     -0.02     0.04     1 
0130321221   40.86825    -73.92262    -0.01     -0.00     0.01     1 
0130321222   40.86790    -73.88561     0.05      0.09     0.10     1 
0130321223   40.86753    -73.84859     0.02      0.03     0.04     1 
0130321229   40.86510    -73.62650     0.06     -0.02     0.06     1 
0130321230   40.86465    -73.58949     0.20      0.03     0.20     1 
0130321231   40.86420    -73.55248     0.23     -0.03     0.23     1 
0130321232   40.86373    -73.51547     0.23      0.07     0.24     1 
0130321233   40.86324    -73.47846     0.20     -0.10     0.23     1 
0130321234   40.86275    -73.44145     0.15      0.03     0.16     1 
0130321235   40.86224    -73.40445     0.08      0.09     0.12     1 
0130321236   40.86172    -73.36744     0.07      0.04     0.08     1 
0130321237   40.86120    -73.33043     0.14      0.00     0.14     1 
0130321238   40.86065    -73.29343     0.10      0.11     0.15     1 
0130321239   40.86010    -73.25643     0.15     -0.00     0.15     1 
0130321240   40.85953    -73.21943     0.16      0.02     0.16     1 
0130321242   40.85837    -73.14543     0.11      0.05     0.12     1 
0130321244   40.85715    -73.07143     0.15      0.02     0.15     1 
0130321245   40.85653    -73.03443     0.21     -0.08     0.22     1 
0130321246   40.85589    -72.99744     0.13      0.01     0.13     1 
0130321252   40.85182    -72.77549     0.22      0.03     0.22     1 
0130321253   40.85110    -72.73850     0.14      0.05     0.15     1 
0130321254   40.85037    -72.70152     0.09     -0.03     0.09     1 
0130321256   40.84887    -72.62755    -0.12     -0.02     0.12     1 
0130321257   40.84811    -72.59057     0.08      0.05     0.10     1 
0130321258   40.84733    -72.55359    -0.17     -0.11     0.20     1 
0130321259   40.84654    -72.51661    -0.23     -0.07     0.24     1 
0130321287   40.84548    -74.25609     0.15      0.11     0.19     1 
0130321288   40.84523    -74.21908     0.13     -0.02     0.14     1 
0130321289   40.84498    -74.18207     0.17     -0.06     0.18     1 
0130321291   40.84443    -74.10806     0.00     -0.00     0.00     1 
0130321292   40.84414    -74.07105    -0.02      0.04     0.05     1 
0130321293   40.84383    -74.03405     0.03      0.05     0.05     1 
0130321294   40.84351    -73.99704    -0.04      0.03     0.05     1 
0130321296   40.84285    -73.92303     0.01     -0.03     0.03     1 
0130321297   40.84250    -73.88603     0.01      0.01     0.01     1 
0130321298   40.84213    -73.84903    -0.04      0.01     0.04     1 
0130321300   40.84137    -73.77502    -0.32     -0.13     0.34     1 
0130321302   40.84056    -73.70103    -0.04      0.07     0.09     1 
0130321303   40.84014    -73.66403     0.26     -0.10     0.28     1 
0130321304   40.83970    -73.62703     0.13      0.04     0.13     1 
0130321305   40.83926    -73.59003     0.15      0.02     0.15     1 
0130321306   40.83880    -73.55303     0.25      0.03     0.25     1 
0130321307   40.83833    -73.51604     0.18      0.01     0.18     1 
0130321308   40.83785    -73.47904     0.22     -0.00     0.22     1 
0130321309   40.83735    -73.44205     0.21      0.00     0.21     1 
0130321310   40.83685    -73.40506     0.08     -0.02     0.08     1 
0130321311   40.83633    -73.36806     0.18      0.11     0.21     1 
0130321312   40.83580    -73.33107     0.10      0.02     0.10     1 
0130321313   40.83526    -73.29408     0.06     -0.00     0.06     1 
0130321314   40.83471    -73.25709     0.12      0.09     0.15     1 
0130321315   40.83414    -73.22011     0.09      0.03     0.09     1 
0130321316   40.83357    -73.18312     0.15      0.08     0.17     1 
0130321317   40.83298    -73.14613     0.11      0.03     0.11     1 
0130321318   40.83238    -73.10915     0.09      0.03     0.09     1 
0130321319   40.83176    -73.07216     0.17      0.06     0.18     1 
0130321320   40.83114    -73.03518     0.09     -0.00     0.09     1 
0130321321   40.83050    -72.99820     0.09     -0.01     0.09     1 
0130321322   40.82986    -72.96122     0.13      0.02     0.13     1 
0130321324   40.82852    -72.88726     0.20     -0.01     0.20     1 
0130321325   40.82784    -72.85029     0.20      0.03     0.20     1 
0130321327   40.82644    -72.77634     0.06      0.00     0.06     1 
0130321328   40.82572    -72.73937     0.11      0.06     0.13     1 
0130321329   40.82499    -72.70239     0.16      0.04     0.17     1 
0130321330   40.82425    -72.66542     0.12     -0.05     0.13     1 
0130321331   40.82349    -72.62846     0.08     -0.02     0.08     1 
0130321332   40.82273    -72.59149    -0.08     -0.08     0.11     1 
0130321333   40.82195    -72.55452     0.09     -0.04     0.10     1 
0130321361   40.82031    -74.29337     0.08     -0.04     0.09     1 
0130321362   40.82008    -74.25638     0.22      0.02     0.22     1 
0130321363   40.81983    -74.21938     0.03      0.01     0.03     1 
0130321364   40.81957    -74.18239     0.15      0.05     0.16     1 
0130321366   40.81903    -74.10840     0.09      0.01     0.09     1 
0130321367   40.81873    -74.07141    -0.10      0.06     0.12     1 
0130321368   40.81843    -74.03442    -0.07     -0.04     0.08     1 
0130321369   40.81811    -73.99743     0.02     -0.01     0.02     1 
0130321371   40.81745    -73.92345     0.00     -0.01     0.01     1 
0130321372   40.81710    -73.88646    -0.07     -0.04     0.08     1 
0130321373   40.81673    -73.84947    -0.08     -0.06     0.10     1 
0130321375   40.81597    -73.77549    -0.17      0.31     0.35     1 
0130321376   40.81557    -73.73851     0.12     -0.01     0.12     1 
0130321378   40.81474    -73.66454     0.03     -0.02     0.03     1 
0130321379   40.81431    -73.62755     0.16      0.04     0.17     1 
0130321380   40.81386    -73.59057     0.26      0.04     0.26     1 
0130321381   40.81340    -73.55358     0.18      0.04     0.19     1 
0130321382   40.81293    -73.51660     0.10      0.02     0.10     1 
0130321383   40.81245    -73.47962     0.06      0.01     0.06     1 
0130321384   40.81196    -73.44264     0.20      0.05     0.21     1 
0130321385   40.81145    -73.40566     0.19      0.01     0.19     1 
0130321386   40.81094    -73.36869     0.18      0.08     0.20     1 
0130321387   40.81041    -73.33171     0.18     -0.01     0.18     1 
0130321388   40.80987    -73.29473     0.13     -0.05     0.14     1 
0130321389   40.80931    -73.25776    -0.04      0.06     0.07     1 
0130321390   40.80875    -73.22078    -0.01      0.05     0.05     1 
0130321391   40.80817    -73.18381     0.02     -0.02     0.02     1 
0130321392   40.80759    -73.14684     0.19     -0.03     0.19     1 
0130321393   40.80699    -73.10987     0.16      0.00     0.16     1 
0130321394   40.80638    -73.07290     0.12      0.03     0.12     1 
0130321396   40.80512    -72.99896     0.07     -0.01     0.08     1 
0130321399   40.80314    -72.88807     0.11      0.05     0.12     1 
0130321401   40.80176    -72.81415     0.11      0.04     0.12     1 
0130321402   40.80105    -72.77719     0.07      0.04     0.08     1 
0130321403   40.80034    -72.74023    -0.10     -0.06     0.12     1 
0130321404   40.79961    -72.70327    -0.15     -0.04     0.16     1 
0130321405   40.79886    -72.66631    -0.16     -0.04     0.16     1 
0130321406   40.79811    -72.62936    -0.26      0.17     0.31     1 
0130321436   40.79490    -74.29364     0.14      0.07     0.16     1 
0130321437   40.79467    -74.25666     0.07     -0.03     0.08     1 
0130321438   40.79443    -74.21968     0.13      0.02     0.13     1 
0130321439   40.79417    -74.18270     0.10      0.00     0.10     1 
0130321440   40.79391    -74.14572    -0.01     -0.05     0.05     1 
0130321441   40.79362    -74.10874     0.03      0.06     0.07     1 
0130321442   40.79333    -74.07176    -0.12     -0.07     0.14     1 
0130321443   40.79303    -74.03478    -0.03     -0.02     0.04     1 
0130321445   40.79239    -73.96083     0.13     -0.07     0.15     1 
0130321446   40.79205    -73.92386    -0.04     -0.01     0.04     1 
0130321447   40.79170    -73.88688    -0.19      0.01     0.19     1 
0130321448   40.79134    -73.84991     0.00      0.06     0.06     1 
0130321449   40.79096    -73.81293    -0.04      0.00     0.04     1 
0130321450   40.79057    -73.77596    -0.06     -0.17     0.18     1 
0130321451   40.79018    -73.73899    -0.00      0.06     0.06     1 
0130321452   40.78977    -73.70202     0.05      0.04     0.06     1 
0130321453   40.78934    -73.66505    -0.04      0.02     0.05     1 
0130321454   40.78891    -73.62807     0.07      0.00     0.07     1 
0130321455   40.78847    -73.59110     0.15      0.01     0.15     1 
0130321456   40.78801    -73.55414     0.07      0.01     0.07     1 
0130321458   40.78706    -73.48020     0.08      0.01     0.08     1 
0130321459   40.78657    -73.44324     0.12      0.08     0.14     1 
0130321460   40.78606    -73.40627    -0.02      0.16     0.16     1 
0130321461   40.78554    -73.36931     0.08      0.06     0.09     1 
0130321462   40.78502    -73.33235     0.13      0.06     0.14     1 
0130321463   40.78448    -73.29538     0.04      0.02     0.05     1 
0130321464   40.78392    -73.25842     0.06      0.02     0.07     1 
0130321465   40.78336    -73.22146     0.07     -0.01     0.07     1 
0130321467   40.78220    -73.14755     0.14     -0.05     0.15     1 
0130321468   40.78160    -73.11059    -0.01      0.02     0.02     1 
0130321469   40.78099    -73.07363     0.07     -0.05     0.09     1 
0130321470   40.78036    -73.03668     0.05      0.05     0.07     1 
0130321471   40.77973    -72.99973     0.05      0.15     0.16     1 
0130321474   40.77775    -72.88887    -0.01     -0.02     0.02     1 
0130321476   40.77638    -72.81498    -0.11     -0.01     0.11     1 
0130321477   40.77567    -72.77803    -0.15      0.08     0.17     1 
0130321478   40.77495    -72.74109    -0.28     -0.14     0.31     1 
0130321479   40.77422    -72.70414     0.02     -0.10     0.10     1 
0130321511   40.76950    -74.29391     0.09      0.12     0.15     1 
0130321512   40.76927    -74.25694     0.06     -0.01     0.06     1 
0130321513   40.76903    -74.21998     0.03      0.00     0.03     1 
0130321514   40.76877    -74.18301     0.07      0.05     0.09     1 
0130321515   40.76850    -74.14605    -0.02     -0.03     0.03     1 
0130321517   40.76793    -74.07212    -0.11     -0.00     0.11     1 
0130321518   40.76763    -74.03515    -0.01     -0.03     0.03     1 
0130321520   40.76699    -73.96123     0.10     -0.16     0.19     1 
0130321521   40.76665    -73.92427    -0.04     -0.08     0.09     1 
0130321522   40.76630    -73.88730    -0.07      0.04     0.08     1 
0130321523   40.76594    -73.85034    -0.14     -0.09     0.16     1 
0130321524   40.76556    -73.81338     0.01     -0.00     0.01     1 
0130321525   40.76518    -73.77643     0.03      0.04     0.05     1 
0130321526   40.76478    -73.73947     0.03     -0.03     0.05     1 
0130321527   40.76437    -73.70251     0.04     -0.05     0.06     1 
0130321528   40.76395    -73.66555     0.08      0.12     0.15     1 
0130321529   40.76351    -73.62860     0.12     -0.01     0.12     1 
0130321530   40.76307    -73.59164     0.02      0.02     0.02     1 
0130321531   40.76261    -73.55469    -0.08      0.04     0.09     1 
0130321532   40.76214    -73.51773    -0.02      0.01     0.02     1 
0130321533   40.76166    -73.48078    -0.00     -0.00     0.01     1 
0130321534   40.76117    -73.44383     0.05      0.03     0.06     1 
0130321535   40.76067    -73.40688     0.01      0.06     0.06     1 
0130321536   40.76015    -73.36993     0.07     -0.02     0.07     1 
0130321537   40.75962    -73.33298     0.03      0.03     0.05     1 
0130321538   40.75908    -73.29603     0.05      0.05     0.07     1 
0130321539   40.75853    -73.25908     0.07      0.02     0.08     1 
0130321540   40.75797    -73.22214     0.15      0.08     0.17     1 
0130321542   40.75680    -73.14825     0.13      0.06     0.14     1 
0130321543   40.75621    -73.11131     0.14     -0.04     0.14     1 
0130321544   40.75559    -73.07437     0.12      0.02     0.12     1 
0130321545   40.75497    -73.03743     0.13     -0.03     0.13     1 
0130321546   40.75434    -73.00049    -0.03      0.01     0.03     1 
0130321548   40.75303    -72.92661    -0.05     -0.29     0.29     1 
0130321586   40.74410    -74.29418     0.11      0.04     0.12     1 
0130321587   40.74387    -74.25723     0.04      0.09     0.10     1 
0130321588   40.74363    -74.22027     0.16      0.06     0.17     1 
0130321589   40.74337    -74.18332    -0.00      0.04     0.04     1 
0130321590   40.74310    -74.14637    -0.03      0.11     0.11     1 
0130321591   40.74282    -74.10942    -0.09      0.04     0.10     1 
0130321592   40.74253    -74.07247    -0.03      0.04     0.05     1 
0130321593   40.74223    -74.03552    -0.01      0.14     0.15     1 
0130321594   40.74191    -73.99857     0.01      0.02     0.02     1 
0130321596   40.74125    -73.92467    -0.00     -0.00     0.00     1 
0130321597   40.74090    -73.88773    -0.08      0.03     0.09     1 
0130321598   40.74054    -73.85078     0.03     -0.04     0.05     1 
0130321599   40.74016    -73.81384    -0.03     -0.01     0.03     1 
0130321600   40.73978    -73.77689     0.09      0.00     0.09     1 
0130321601   40.73938    -73.73995     0.07     -0.02     0.07     1 
0130321603   40.73855    -73.66606    -0.05     -0.03     0.06     1 
0130321604   40.73812    -73.62912    -0.01     -0.05     0.05     1 
0130321605   40.73767    -73.59218     0.02      0.02     0.03     1 
0130321606   40.73722    -73.55524    -0.02      0.04     0.04     1 
0130321607   40.73675    -73.51830     0.05      0.02     0.05     1 
0130321608   40.73627    -73.48136     0.11      0.01     0.11     1 
0130321609   40.73577    -73.44442     0.18      0.06     0.19     1 
0130321610   40.73527    -73.40748     0.07      0.07     0.10     1 
0130321611   40.73476    -73.37055     0.06      0.02     0.06     1 
0130321612   40.73423    -73.33361     0.09     -0.01     0.09     1 
0130321613   40.73369    -73.29668     0.10     -0.00     0.10     1 
0130321614   40.73314    -73.25975     0.06     -0.01     0.06     1 
0130321615   40.73257    -73.22282     0.03     -0.01     0.03     1 
0130321616   40.73200    -73.18588     0.10      0.01     0.10     1 
0130321617   40.73141    -73.14896    -0.14      0.01     0.15     1 
0130321618   40.73081    -73.11203     0.01      0.09     0.09     1 
0130321619   40.73020    -73.07510    -0.04     -0.00     0.04     1 
0130321620   40.72958    -73.03817    -0.17     -0.13     0.21     1 
0130321660   40.71892    -74.33138     0.03     -0.06     0.07     1 
0130321661   40.71870    -74.29444     0.04      0.02     0.05     1 
0130321662   40.71847    -74.25751     0.02     -0.02     0.03     1 
0130321663   40.71822    -74.22057    -0.00      0.03     0.03     1 
0130321664   40.71797    -74.18363    -0.06     -0.04     0.07     1 
0130321665   40.71770    -74.14669    -0.10      0.02     0.10     1 
0130321666   40.71742    -74.10976     0.02     -0.18     0.18     1 
0130321668   40.71683    -74.03589    -0.08     -0.04     0.09     1 
0130321669   40.71651    -73.99895     0.10     -0.05     0.11     1 
0130321670   40.71619    -73.96202     0.02      0.09     0.09     1 
0130321671   40.71585    -73.92508    -0.05      0.03     0.06     1 
0130321672   40.71550    -73.88815    -0.03      0.06     0.07     1 
0130321673   40.71514    -73.85122     0.03      0.02     0.04     1 
0130321674   40.71476    -73.81429    -0.02     -0.00     0.02     1 
0130321675   40.71438    -73.77736     0.02     -0.05     0.05     1 
0130321676   40.71398    -73.74043     0.06     -0.03     0.06     1 
0130321677   40.71357    -73.70350     0.01     -0.04     0.04     1 
0130321678   40.71315    -73.66657     0.05     -0.04     0.07     1 
0130321679   40.71272    -73.62964     0.01     -0.03     0.03     1 
0130321680   40.71227    -73.59271    -0.01     -0.05     0.05     1 
0130321681   40.71182    -73.55579    -0.02     -0.05     0.05     1 
0130321682   40.71135    -73.51886     0.08     -0.07     0.10     1 
0130321683   40.71087    -73.48194     0.05      0.01     0.05     1 
0130321684   40.71038    -73.44501     0.06     -0.04     0.07     1 
0130321685   40.70988    -73.40809     0.02      0.00     0.02     1 
0130321686   40.70936    -73.37117    -0.02      0.04     0.05     1 
0130321687   40.70883    -73.33425     0.09     -0.00     0.09     1 
0130321688   40.70830    -73.29733     0.11      0.04     0.12     1 
0130321689   40.70775    -73.26041     0.02     -0.00     0.02     1 
0130321690   40.70718    -73.22349    -0.09     -0.05     0.10     1 
0130321691   40.70661    -73.18658     0.01      0.00     0.02     1 
0130321692   40.70602    -73.14966    -0.05     -0.04     0.07     1 
0130321735   40.69351    -74.33164     0.15      0.07     0.17     1 
0130321736   40.69329    -74.29471     0.07      0.01     0.07     1 
0130321737   40.69306    -74.25779     0.11      0.03     0.11     1 
0130321738   40.69282    -74.22087    -0.00      0.09     0.09     1 
0130321739   40.69257    -74.18394    -0.06      0.02     0.06     1 
0130321740   40.69230    -74.14702    -0.21      0.05     0.21     1 
0130321742   40.69173    -74.07317     0.04      0.06     0.07     1 
0130321743   40.69143    -74.03625    -0.15      0.04     0.16     1 
0130321744   40.69111    -73.99933    -0.07     -0.02     0.07     1 
0130321745   40.69079    -73.96241     0.07      0.00     0.07     1 
0130321746   40.69045    -73.92549    -0.03     -0.02     0.04     1 
0130321747   40.69010    -73.88857     0.10      0.00     0.10     1 
0130321748   40.68974    -73.85165     0.08      0.03     0.08     1 
0130321749   40.68937    -73.81474    -0.05      0.11     0.13     1 
0130321750   40.68898    -73.77782     0.11      0.03     0.11     1 
0130321751   40.68858    -73.74090     0.04      0.05     0.07     1 
0130321752   40.68818    -73.70399     0.03      0.04     0.05     1 
0130321753   40.68776    -73.66707     0.04      0.02     0.04     1 
0130321754   40.68732    -73.63016    -0.05      0.03     0.05     1 
0130321755   40.68688    -73.59325     0.05      0.02     0.05     1 
0130321756   40.68642    -73.55634     0.16      0.03     0.17     1 
0130321757   40.68595    -73.51942     0.09     -0.02     0.09     1 
0130321758   40.68548    -73.48251     0.11     -0.02     0.11     1 
0130321759   40.68498    -73.44560     0.04     -0.05     0.06     1 
0130321760   40.68448    -73.40869     0.05     -0.01     0.05     1 
0130321761   40.68397    -73.37179     0.06     -0.03     0.06     1 
0130321762   40.68344    -73.33488    -0.01     -0.01     0.01     1 
0130321763   40.68290    -73.29797    -0.14      0.02     0.14     1 
0130321770   40.67880    -73.03966    -0.16      0.17     0.23     1 
0130321810   40.66811    -74.33189     0.10      0.07     0.12     1 
0130321811   40.66789    -74.29498     0.12      0.00     0.12     1 
0130321812   40.66766    -74.25807     0.02     -0.01     0.02     1 
0130321813   40.66742    -74.22116     0.00      0.00     0.01     1 
0130321814   40.66716    -74.18425    -0.03      0.01     0.03     1 
0130321815   40.66690    -74.14734    -0.18      0.10     0.21     1 
0130321816   40.66662    -74.11043    -0.10      0.02     0.10     1 
0130321817   40.66633    -74.07353    -0.08      0.01     0.08     1 
0130321819   40.66571    -73.99971    -0.04      0.01     0.04     1 
0130321820   40.66539    -73.96281     0.06      0.00     0.06     1 
0130321821   40.66505    -73.92590     0.01     -0.01     0.02     1 
0130321822   40.66470    -73.88899     0.00     -0.05     0.05     1 
0130321823   40.66434    -73.85209    -0.06     -0.03     0.07     1 
0130321824   40.66397    -73.81519    -0.07      0.00     0.07     1 
0130321825   40.66358    -73.77828    -0.07      0.00     0.07     1 
0130321826   40.66318    -73.74138     0.01     -0.02     0.02     1 
0130321827   40.66278    -73.70448    -0.00     -0.03     0.03     1 
0130321828   40.66236    -73.66758     0.06     -0.03     0.07     1 
0130321829   40.66192    -73.63068     0.07      0.03     0.08     1 
0130321830   40.66148    -73.59378     0.04      0.01     0.04     1 
0130321831   40.66103    -73.55688     0.08      0.03     0.08     1 
0130321832   40.66056    -73.51999     0.02      0.04     0.04     1 
0130321833   40.66008    -73.48309    -0.01      0.08     0.08     1 
0130321834   40.65959    -73.44619     0.02      0.03     0.04     1 
0130321835   40.65909    -73.40930    -0.10      0.02     0.10     1 
0130321836   40.65857    -73.37241    -0.04     -0.03     0.05     1 
0130321837   40.65805    -73.33551     0.08      0.02     0.08     1 
0130321838   40.65751    -73.29862    -0.17      0.02     0.17     1 
0130321839   40.65696    -73.26173     0.01     -0.08     0.08     1 
0130321840   40.65640    -73.22484     0.05     -0.19     0.19     1 
0130321841   40.65583    -73.18795     0.06     -0.07     0.09     1 
0130321842   40.65524    -73.15106    -0.02     -0.26     0.26     1 
0130321885   40.64271    -74.33214     0.05      0.05     0.07     1 
0130321886   40.64249    -74.29525     0.07      0.07     0.10     1 
0130321887   40.64226    -74.25835     0.10      0.05     0.11     1 
0130321888   40.64202    -74.22146    -0.04      0.01     0.04     1 
0130321889   40.64176    -74.18456    -0.06     -0.03     0.07     1 
0130321890   40.64149    -74.14767    -0.08     -0.01     0.08     1 
0130321891   40.64122    -74.11077     0.01      0.00     0.01     1 
0130321892   40.64093    -74.07388    -0.06     -0.06     0.09     1 
0130321894   40.64031    -74.00009    -0.05      0.00     0.05     1 
0130321895   40.63999    -73.96320    -0.02      0.03     0.03     1 
0130321896   40.63965    -73.92631     0.01     -0.01     0.02     1 
0130321897   40.63930    -73.88942    -0.02      0.04     0.05     1 
0130321898   40.63894    -73.85253    -0.14      0.01     0.14     1 
0130321900   40.63818    -73.77875     0.02     -0.07     0.07     1 
0130321901   40.63779    -73.74186    -0.10     -0.06     0.11     1 
0130321902   40.63738    -73.70497     0.08     -0.07     0.11     1 
0130321903   40.63696    -73.66809    -0.08     -0.00     0.08     1 
0130321904   40.63653    -73.63120     0.04     -0.02     0.04     1 
0130321905   40.63608    -73.59431    -0.01     -0.03     0.03     1 
0130321906   40.63563    -73.55743    -0.06      0.01     0.06     1 
0130321907   40.63516    -73.52055    -0.02     -0.00     0.03     1 
0130321908   40.63468    -73.48366     0.02     -0.01     0.02     1 
0130321909   40.63419    -73.44678    -0.08     -0.02     0.08     1 
0130321910   40.63369    -73.40990    -0.00      0.00     0.00     1 
0130321911   40.63318    -73.37302    -0.25     -0.15     0.29     1 
0130321913   40.63211    -73.29927    -0.06      0.14     0.15     1 
0130321914   40.63157    -73.26239    -0.06     -0.02     0.06     1 
0130321960   40.61731    -74.33240     0.10      0.03     0.11     1 
0130321961   40.61709    -74.29552     0.04      0.05     0.07     1 
0130321962   40.61686    -74.25863    -0.04      0.03     0.05     1 
0130321963   40.61661    -74.22175    -0.10     -0.00     0.10     1 
0130321964   40.61636    -74.18487    -0.09     -0.08     0.13     1 
0130321965   40.61609    -74.14799     0.00     -0.01     0.01     1 
0130321966   40.61581    -74.11111    -0.01      0.07     0.07     1 
0130321968   40.61522    -74.03735     0.08      0.01     0.08     1 
0130321969   40.61491    -74.00047    -0.06     -0.09     0.11     1 
0130321970   40.61458    -73.96359     0.01     -0.03     0.03     1 
0130321971   40.61425    -73.92671     0.02     -0.05     0.05     1 
0130321972   40.61390    -73.88984    -0.16     -0.06     0.17     1 
0130321973   40.61354    -73.85296    -0.05     -0.11     0.12     1 
0130321974   40.61317    -73.81609    -0.23     -0.16     0.29     1 
0130321975   40.61278    -73.77921    -0.09     -0.03     0.10     1 
0130321976   40.61239    -73.74234     0.06     -0.00     0.06     1 
0130321977   40.61198    -73.70546    -0.01     -0.04     0.04     1 
0130321978   40.61156    -73.66859    -0.02     -0.02     0.03     1 
0130321979   40.61113    -73.63172    -0.12      0.03     0.12     1 
0130321980   40.61069    -73.59485    -0.02      0.02     0.03     1 
0130321981   40.61023    -73.55798    -0.06      0.02     0.06     1 
0130321982   40.60977    -73.52111    -0.05     -0.02     0.05     1 
0130321983   40.60929    -73.48424     0.01     -0.00     0.01     1 
0130321984   40.60880    -73.44737     0.21     -0.10     0.23     1 
0130321985   40.60830    -73.41050    -0.02     -0.07     0.07     1 
0130322034   40.59211    -74.36952     0.07     -0.04     0.08     1 
0130322035   40.59190    -74.33265     0.13      0.01     0.13     1 
0130322036   40.59168    -74.29578     0.02     -0.02     0.03     1 
0130322037   40.59145    -74.25891    -0.02     -0.09     0.09     1 
0130322038   40.59121    -74.22205    -0.11     -0.04     0.12     1 
0130322039   40.59096    -74.18518     0.13     -0.05     0.14     1 
0130322040   40.59069    -74.14831     0.17     -0.02     0.17     1 
0130322041   40.59041    -74.11145     0.15      0.03     0.15     1 
0130322042   40.59012    -74.07458    -0.05     -0.02     0.06     1 
0130322044   40.58951    -74.00085     0.00     -0.01     0.01     1 
0130322045   40.58918    -73.96398     0.07      0.00     0.07     1 
0130322046   40.58885    -73.92712    -0.02      0.03     0.04     1 
0130322047   40.58850    -73.89026    -0.03     -0.03     0.04     1 
0130322048   40.58814    -73.85340    -0.10      0.00     0.10     1 
0130322049   40.58777    -73.81653     0.01     -0.05     0.05     1 
0130322051   40.58699    -73.74281    -0.15      0.07     0.16     1 
0130322053   40.58616    -73.66909    -0.09      0.02     0.09     1 
0130322054   40.58573    -73.63224    -0.13      0.00     0.13     1 
0130322056   40.58484    -73.55852    -0.15     -0.06     0.16     1 
0130322109   40.56671    -74.36976     0.13     -0.01     0.13     1 
0130322110   40.56650    -74.33290    -0.00     -0.04     0.04     1 
0130322111   40.56628    -74.29605    -0.00     -0.02     0.02     1 
0130322112   40.56605    -74.25919    -0.01     -0.08     0.08     1 
0130322113   40.56581    -74.22234    -0.14     -0.11     0.18     1 
0130322114   40.56555    -74.18549    -0.04      0.00     0.04     1 
0130322115   40.56529    -74.14863     0.05     -0.05     0.08     1 
0130322116   40.56501    -74.11178    -0.03     -0.13     0.14     1 
0130322119   40.56411    -74.00123     0.09     -0.06     0.10     1 
0130322122   40.56310    -73.89068    -0.08      0.00     0.08     1 
0130322184   40.54130    -74.37000    -0.02     -0.05     0.05     1 
0130322185   40.54110    -74.33316     0.09     -0.04     0.10     1 
0130322186   40.54088    -74.29632    -0.03     -0.08     0.09     1 
0130322187   40.54065    -74.25947    -0.10     -0.01     0.10     1 
0130322188   40.54040    -74.22263     0.06      0.00     0.06     1 
0130322189   40.54015    -74.18579     0.20     -0.13     0.24     1 
0130322190   40.53989    -74.14896     0.02     -0.14     0.14     1 
0130322191   40.53961    -74.11212     0.07      0.02     0.07     1 
0130322259   40.51590    -74.37023    -0.01     -0.09     0.09     1 
0130322260   40.51569    -74.33341    -0.11     -0.04     0.12     1 
0130322261   40.51547    -74.29658    -0.07      0.01     0.07     1 
0130322262   40.51524    -74.25975    -0.10     -0.07     0.12     1 
0130322263   40.51500    -74.22293     0.02     -0.09     0.09     1 
0130322264   40.51475    -74.18610    -0.04     -0.12     0.12     1 
0130322334   40.49050    -74.37047    -0.14      0.02     0.14     1 
0130322335   40.49029    -74.33366    -0.14     -0.05     0.15     1 
0130322336   40.49007    -74.29685    -0.07     -0.04     0.08     1 
0130322408   40.46529    -74.40751    -0.01     -0.13     0.13     1 
0130322409   40.46509    -74.37071    -0.13     -0.06     0.15     1 
0130322410   40.46489    -74.33391     0.14      0.00     0.14     1 
0130322411   40.46467    -74.29711     0.12     -0.04     0.12     1 
0130322412   40.46444    -74.26031    -0.07     -0.05     0.08     1 
0130322414   40.46394    -74.18672    -0.17     -0.09     0.20     1 
0130322483   40.43988    -74.40773     0.10     -0.00     0.10     1 
0130322484   40.43969    -74.37095     0.13      0.04     0.14     1 
0130322485   40.43948    -74.33416    -0.02     -0.05     0.05     1 
0130322486   40.43926    -74.29738     0.06     -0.07     0.09     1 
0130322487   40.43903    -74.26059     0.08     -0.03     0.09     1 
0130322488   40.43879    -74.22381     0.02     -0.03     0.04     1 
0130322489   40.43854    -74.18702     0.00     -0.05     0.05     1 
0130322490   40.43827    -74.15024     0.02     -0.09     0.09     1 
0130322491   40.43800    -74.11346    -0.07      0.00     0.07     1 
0130322492   40.43771    -74.07667    -0.11     -0.20     0.23     1 
0130322494   40.43710    -74.00311    -0.08     -0.11     0.14     1 
0130322558   40.41448    -74.40796     0.06     -0.04     0.07     1 
0130322559   40.41428    -74.37118     0.02     -0.07     0.07     1 
0130322560   40.41408    -74.33441    -0.12     -0.02     0.12     1 
0130322561   40.41386    -74.29764     0.15     -0.02     0.16     1 
0130322562   40.41363    -74.26087     0.19     -0.04     0.19     1 
0130322563   40.41339    -74.22410     0.06     -0.02     0.06     1 
0130322564   40.41314    -74.18733     0.07     -0.00     0.07     1 
0130322565   40.41287    -74.15056     0.09     -0.08     0.12     1 
0130322566   40.41260    -74.11379     0.19      0.02     0.19     1 
0130322567   40.41231    -74.07702     0.18      0.03     0.18     1 
0130322568   40.41201    -74.04025     0.02     -0.02     0.03     1 
0130322569   40.41170    -74.00348    -0.03     -0.13     0.14     1 
0130322633   40.38907    -74.40818     0.21      0.00     0.21     1 
0130322634   40.38888    -74.37142     0.00     -0.01     0.01     1 
0130322635   40.38867    -74.33466     0.18      0.00     0.18     1 
0130322636   40.38846    -74.29790     0.13     -0.06     0.14     1 
0130322637   40.38823    -74.26115     0.16     -0.10     0.19     1 
0130322638   40.38799    -74.22439     0.27     -0.05     0.27     1 
0130322639   40.38773    -74.18763     0.21     -0.01     0.21     1 
0130322640   40.38747    -74.15088     0.28     -0.06     0.29     1 
0130322641   40.38719    -74.11412     0.19      0.01     0.19     1 
0130322642   40.38691    -74.07737     0.22     -0.05     0.23     1 
0130322643   40.38661    -74.04061     0.20     -0.04     0.21     1 
0130322644   40.38630    -74.00386    -0.04     -0.04     0.05     1 
0130322645   40.38597    -73.96711    -0.07      0.12     0.14     1 
0130322708   40.36367    -74.40840     0.07      0.05     0.08     1 
0130322709   40.36347    -74.37166     0.21      0.06     0.22     1 
0130322710   40.36327    -74.33491     0.27      0.04     0.28     1 
0130322711   40.36305    -74.29817     0.14     -0.05     0.15     1 
0130322712   40.36282    -74.26142     0.17     -0.01     0.17     1 
0130322713   40.36258    -74.22468     0.19     -0.04     0.20     1 
0130322714   40.36233    -74.18794     0.20     -0.07     0.21     1 
0130322715   40.36207    -74.15120     0.19     -0.03     0.19     1 
0130322716   40.36179    -74.11445     0.18     -0.01     0.18     1 
0130322717   40.36150    -74.07771     0.04     -0.07     0.08     1 
0130322718   40.36120    -74.04097     0.12     -0.04     0.13     1 
0130322719   40.36089    -74.00423     0.15     -0.00     0.15     1 
0130322720   40.36057    -73.96749    -0.07      0.26     0.27     1 
0130322782   40.33845    -74.44535     0.04     -0.15     0.15     1 
0130322783   40.33826    -74.40862     0.15     -0.09     0.17     1 
0130322784   40.33807    -74.37189     0.13     -0.00     0.13     1 
0130322785   40.33786    -74.33516     0.13     -0.11     0.17     1 
0130322786   40.33765    -74.29843     0.17     -0.06     0.18     1 
0130322787   40.33742    -74.26170     0.12      0.03     0.13     1 
0130322788   40.33718    -74.22497     0.17     -0.08     0.19     1 
0130322789   40.33693    -74.18824     0.20     -0.02     0.20     1 
0130322790   40.33666    -74.15151     0.15     -0.03     0.16     1 
0130322791   40.33639    -74.11479     0.23      0.04     0.24     1 
0130322792   40.33610    -74.07806     0.04     -0.03     0.05     1 
0130322793   40.33580    -74.04133     0.13     -0.07     0.15     1 
0130322794   40.33549    -74.00460    -0.11     -0.04     0.11     1 
0130322857   40.31304    -74.44556    -0.11     -0.03     0.11     1 
0130322858   40.31286    -74.40884     0.17     -0.02     0.18     1 
0130322859   40.31267    -74.37213     0.08     -0.11     0.14     1 
0130322860   40.31246    -74.33541     0.19     -0.04     0.20     1 
0130322861   40.31224    -74.29869     0.21     -0.07     0.22     1 
0130322862   40.31201    -74.26198     0.13     -0.02     0.14     1 
0130322863   40.31177    -74.22526     0.03     -0.03     0.04     1 
0130322864   40.31152    -74.18855     0.14     -0.05     0.15     1 
0130322865   40.31126    -74.15183     0.10     -0.08     0.13     1 
0130322866   40.31098    -74.11512     0.05     -0.02     0.05     1 
0130322867   40.31070    -74.07840     0.21     -0.04     0.22     1 
0130322868   40.31040    -74.04169     0.07     -0.06     0.10     1 
0130322869   40.31009    -74.00498     0.01     -0.07     0.07     1 
0130322932   40.28764    -74.44577     0.11     -0.10     0.15     1 
0130322933   40.28745    -74.40906     0.28     -0.01     0.28     1 
0130322934   40.28726    -74.37236     0.22     -0.04     0.22     1 
0130322935   40.28706    -74.33566     0.13      0.01     0.13     1 
0130322936   40.28684    -74.29896     0.04     -0.01     0.04     1 
0130322937   40.28661    -74.26225     0.12     -0.01     0.12     1 
0130322938   40.28637    -74.22555     0.12     -0.06     0.14     1 
0130322939   40.28612    -74.18885     0.15     -0.01     0.15     1 
0130322940   40.28586    -74.15215     0.19     -0.05     0.19     1 
0130322941   40.28558    -74.11545     0.23     -0.04     0.24     1 
0130322942   40.28529    -74.07875     0.19     -0.06     0.20     1 
0130322943   40.28500    -74.04205     0.13     -0.03     0.13     1 
0130322944   40.28469    -74.00535     0.08     -0.05     0.09     1 
0130323007   40.26223    -74.44598     0.19     -0.00     0.19     1 
0130323008   40.26205    -74.40929     0.05     -0.01     0.05     1 
0130323009   40.26185    -74.37260     0.09     -0.04     0.10     1 
0130323010   40.26165    -74.33591     0.02     -0.03     0.04     1 
0130323011   40.26143    -74.29922     0.05     -0.08     0.09     1 
0130323012   40.26121    -74.26253     0.04      0.05     0.06     1 
0130323013   40.26097    -74.22584     0.31      0.03     0.31     1 
0130323014   40.26071    -74.18915     0.25     -0.03     0.26     1 
0130323015   40.26045    -74.15247     0.11     -0.07     0.13     1 
0130323016   40.26018    -74.11578     0.13      0.10     0.16     1 
0130323017   40.25989    -74.07909     0.12     -0.05     0.13     1 
0130323018   40.25959    -74.04241     0.07     -0.00     0.07     1 
0130323019   40.25928    -74.00572     0.14     -0.06     0.15     1 
0130323082   40.23682    -74.44618     0.17     -0.02     0.17     1 
0130323083   40.23664    -74.40951     0.14      0.00     0.14     1 
0130323084   40.23645    -74.37283     0.20     -0.09     0.22     1 
0130323085   40.23624    -74.33616     0.13     -0.01     0.13     1 
0130323086   40.23603    -74.29948     0.09     -0.04     0.10     1 
0130323087   40.23580    -74.26281     0.12     -0.07     0.14     1 
0130323088   40.23556    -74.22613     0.09     -0.08     0.12     1 
0130323089   40.23531    -74.18946     0.08     -0.09     0.12     1 
0130323090   40.23505    -74.15278     0.13     -0.09     0.16     1 
0130323091   40.23477    -74.11611     0.07     -0.14     0.15     1 
0130323092   40.23449    -74.07944     0.06     -0.08     0.10     1 
0130323093   40.23419    -74.04277     0.08     -0.06     0.09     1 
0130323094   40.23388    -74.00610    -0.03     -0.32     0.33     1 
0130323156   40.21159    -74.48305     0.09      0.02     0.09     1 
0130323157   40.21142    -74.44639     0.25      0.01     0.25     1 
0130323158   40.21124    -74.40973     0.01     -0.17     0.17     1 
0130323159   40.21104    -74.37307     0.19     -0.02     0.19     1 
0130323160   40.21084    -74.33640     0.16     -0.03     0.16     1 
0130323161   40.21063    -74.29974     0.21     -0.03     0.22     1 
0130323162   40.21040    -74.26308     0.12     -0.05     0.13     1 
0130323163   40.21016    -74.22642     0.22     -0.02     0.22     1 
0130323164   40.20991    -74.18976     0.13      0.01     0.13     1 
0130323165   40.20964    -74.15310     0.22     -0.03     0.23     1 
0130323166   40.20937    -74.11644     0.13     -0.03     0.13     1 
0130323167   40.20909    -74.07978     0.12     -0.08     0.14     1 
0130323168   40.20879    -74.04312     0.10     -0.09     0.13     1 
0130323231   40.18618    -74.48325     0.19     -0.01     0.19     1 
0130323232   40.18601    -74.44660     0.12     -0.11     0.16     1 
0130323233   40.18583    -74.40995     0.16     -0.11     0.20     1 
0130323234   40.18564    -74.37330     0.08      0.03     0.08     1 
0130323235   40.18543    -74.33665     0.11     -0.08     0.13     1 
0130323236   40.18522    -74.30000     0.08     -0.07     0.10     1 
0130323237   40.18499    -74.26336     0.17     -0.04     0.17     1 
0130323238   40.18475    -74.22671    -0.08     -0.07     0.11     1 
0130323239   40.18450    -74.19006     0.13     -0.12     0.18     1 
0130323240   40.18424    -74.15342     0.24     -0.01     0.24     1 
0130323241   40.18397    -74.11677     0.16     -0.10     0.19     1 
0130323242   40.18368    -74.08012     0.09     -0.09     0.13     1 
0130323243   40.18338    -74.04348    -0.05     -0.07     0.08     1 
0130323244   40.18308    -74.00684     0.03     -0.28     0.28     1 
0130323306   40.16078    -74.48344     0.10     -0.09     0.14     1 
0130323307   40.16061    -74.44680     0.13     -0.01     0.13     1 
0130323308   40.16043    -74.41017     0.13     -0.03     0.13     1 
0130323309   40.16023    -74.37353     0.04     -0.05     0.07     1 
0130323310   40.16003    -74.33690     0.08      0.03     0.08     1 
0130323311   40.15982    -74.30026     0.12     -0.09     0.15     1 
0130323312   40.15959    -74.26363     0.10     -0.08     0.13     1 
0130323313   40.15935    -74.22700     0.11     -0.07     0.13     1 
0130323314   40.15910    -74.19036     0.18     -0.06     0.19     1 
0130323315   40.15884    -74.15373     0.18     -0.06     0.19     1 
0130323316   40.15856    -74.11710     0.06     -0.11     0.13     1 
0130323317   40.15828    -74.08047     0.11     -0.09     0.15     1 
0130323318   40.15798    -74.04384     0.08     -0.11     0.14     1 
0130323381   40.13537    -74.48363     0.12     -0.01     0.12     1 
0130323382   40.13520    -74.44701    -0.09      0.02     0.09     1 
0130323384   40.13483    -74.37377     0.29      0.06     0.29     1 
0130323385   40.13462    -74.33715     0.18     -0.05     0.19     1 
0130323386   40.13441    -74.30052     0.13      0.03     0.13     1 
0130323387   40.13418    -74.26390     0.31      0.10     0.33     1 
0130323388   40.13394    -74.22728     0.12     -0.05     0.13     1 
0130323389   40.13369    -74.19067     0.14      0.00     0.14     1 
0130323390   40.13343    -74.15405     0.14      0.05     0.15     1 
0130323391   40.13316    -74.11743     0.13      0.02     0.13     1 
0130323392   40.13287    -74.08081     0.13     -0.09     0.15     1 
0130323393   40.13258    -74.04419     0.06     -0.06     0.09     1 
0130323456   40.10997    -74.48382     0.15      0.02     0.16     1 
0130323457   40.10980    -74.44721     0.00      0.07     0.07     1 
0130323458   40.10961    -74.41061     0.02     -0.03     0.03     1 
0130323459   40.10942    -74.37400     0.22     -0.04     0.22     1 
0130323460   40.10922    -74.33739     0.16     -0.08     0.18     1 
0130323461   40.10900    -74.30079     0.11     -0.01     0.11     1 
0130323462   40.10878    -74.26418     0.17     -0.04     0.18     1 
0130323463   40.10854    -74.22757     0.13     -0.02     0.13     1 
0130323464   40.10829    -74.19097     0.18     -0.03     0.19     1 
0130323465   40.10803    -74.15436     0.20      0.02     0.20     1 
0130323466   40.10775    -74.11776     0.23     -0.03     0.23     1 
0130323467   40.10747    -74.08115     0.14     -0.08     0.16     1 
0130323468   40.10717    -74.04455    -0.04     -0.07     0.09     1 
0130323530   40.08472    -74.52061     0.04     -0.01     0.04     1 
0130323531   40.08456    -74.48402     0.15      0.03     0.15     1 
0130323532   40.08439    -74.44742     0.08      0.01     0.08     1 
0130323533   40.08421    -74.41083     0.08     -0.05     0.09     1 
0130323534   40.08402    -74.37423     0.24     -0.02     0.24     1 
0130323535   40.08381    -74.33764     0.02     -0.04     0.05     1 
0130323536   40.08360    -74.30105     0.16      0.04     0.16     1 
0130323537   40.08337    -74.26445     0.14     -0.10     0.17     1 
0130323538   40.08313    -74.22786     0.04     -0.01     0.04     1 
0130323539   40.08288    -74.19127     0.08     -0.07     0.10     1 
0130323540   40.08262    -74.15468     0.15     -0.04     0.15     1 
0130323541   40.08235    -74.11808     0.11     -0.04     0.11     1 
0130323542   40.08207    -74.08149     0.05     -0.06     0.08     1 
0130323543   40.08177    -74.04490     0.04     -0.10     0.10     1 
0130323605   40.05931    -74.52079     0.17      0.10     0.19     1 
0130323606   40.05915    -74.48421     0.07      0.14     0.15     1 
0130323607   40.05898    -74.44763     0.04      0.04     0.06     1 
0130323608   40.05880    -74.41105     0.02      0.03     0.03     1 
0130323609   40.05861    -74.37447     0.08      0.02     0.09     1 
0130323610   40.05841    -74.33788     0.07      0.21     0.22     1 
0130323611   40.05819    -74.30130     0.07      0.05     0.08     1 
0130323612   40.05797    -74.26473     0.17     -0.09     0.19     1 
0130323614   40.05748    -74.19157    -0.04      0.01     0.04     1 
0130323615   40.05722    -74.15499     0.06     -0.02     0.06     1 
0130323616   40.05695    -74.11841    -0.04     -0.01     0.04     1 
0130323617   40.05666    -74.08184    -0.06      0.01     0.06     1 
0130323618   40.05637    -74.04526     0.01      0.03     0.03     1 
0130323680   40.03390    -74.52097    -0.01     -0.02     0.02     1 
0130323681   40.03375    -74.48440     0.03      0.10     0.10     1 
0130323682   40.03358    -74.44783     0.00      0.02     0.02     1 
0130323683   40.03340    -74.41126     0.03     -0.01     0.03     1 
0130323684   40.03321    -74.37470    -0.00     -0.07     0.07     1 
0130323685   40.03300    -74.33813    -0.04     -0.03     0.05     1 
0130323686   40.03279    -74.30156     0.08     -0.05     0.09     1 
0130323687   40.03256    -74.26500     0.02     -0.13     0.13     1 
0130323688   40.03232    -74.22843     0.19      0.01     0.19     1 
0130323689   40.03207    -74.19187     0.06      0.03     0.07     1 
0130323690   40.03181    -74.15530     0.07     -0.01     0.07     1 
0130323691   40.03154    -74.11874    -0.00     -0.01     0.01     1 
0130323692   40.03126    -74.08218    -0.00      0.00     0.00     1 
0130323693   40.03096    -74.04561    -0.11      0.03     0.12     1 
0130323755   40.00850    -74.52114     0.10     -0.10     0.14     1 
0130323756   40.00834    -74.48459    -0.14      0.03     0.15     1 
0130323757   40.00817    -74.44804    -0.01     -0.02     0.02     1 
0130323758   40.00799    -74.41148     0.06     -0.01     0.06     1 
0130323759   40.00780    -74.37493     0.01     -0.01     0.01     1 
0130323760   40.00760    -74.33838     0.04      0.09     0.10     1 
0130323761   40.00738    -74.30182     0.12     -0.07     0.14     1 
0130323762   40.00716    -74.26527     0.09     -0.03     0.09     1 
0130323763   40.00692    -74.22872     0.16     -0.03     0.16     1 
0130323764   40.00667    -74.19217     0.18     -0.05     0.19     1 
0130323765   40.00641    -74.15562     0.03     -0.04     0.05     1 
0130323766   40.00614    -74.11907    -0.01     -0.01     0.01     1 
0130323767   40.00585    -74.08252     0.00     -0.07     0.07     1 
0130323830   39.98309    -74.52132    -0.07     -0.02     0.08     1 
0130323831   39.98293    -74.48478    -0.11     -0.03     0.12     1 
0130323832   39.98276    -74.44824    -0.03      0.06     0.07     1 
0130323833   39.98259    -74.41170    -0.00     -0.01     0.01     1 
0130323834   39.98239    -74.37516     0.03     -0.08     0.08     1 
0130323835   39.98219    -74.33862     0.01     -0.00     0.01     1 
0130323836   39.98198    -74.30208     0.01      0.04     0.04     1 
0130323837   39.98175    -74.26554    -0.03     -0.02     0.04     1 
0130323838   39.98151    -74.22901     0.10      0.03     0.11     1 
0130323839   39.98127    -74.19247     0.12      0.01     0.12     1 
0130323840   39.98100    -74.15593     0.24      0.02     0.24     1 
0130323841   39.98073    -74.11939    -0.02     -0.03     0.04     1 
0130323842   39.98045    -74.08286    -0.06     -0.00     0.06     1 
0130323904   39.95783    -74.55803     0.03     -0.04     0.05     1 
0130323905   39.95768    -74.52150     0.04     -0.04     0.06     1 
0130323906   39.95753    -74.48497    -0.19     -0.08     0.21     1 
0130323907   39.95736    -74.44845     0.08      0.02     0.08     1 
0130323908   39.95718    -74.41192     0.07     -0.01     0.07     1 
0130323909   39.95699    -74.37539     0.07     -0.07     0.10     1 
0130323910   39.95678    -74.33887     0.03     -0.04     0.05     1 
0130323911   39.95657    -74.30234     0.08      0.01     0.08     1 
0130323912   39.95634    -74.26582     0.02      0.01     0.03     1 
0130323913   39.95611    -74.22929     0.06      0.02     0.06     1 
0130323914   39.95586    -74.19277     0.01      0.00     0.01     1 
0130323915   39.95560    -74.15624     0.05      0.04     0.06     1 
0130323916   39.95533    -74.11972     0.00     -0.02     0.02     1 
0130323917   39.95504    -74.08320    -0.01     -0.04     0.04     1 
0130323979   39.93242    -74.55819     0.08      0.02     0.09     1 
0130323980   39.93227    -74.52168     0.04     -0.07     0.09     1 
0130323981   39.93212    -74.48516     0.04     -0.04     0.06     1 
0130323982   39.93195    -74.44865     0.06     -0.07     0.10     1 
0130323983   39.93177    -74.41214     0.09     -0.03     0.10     1 
0130323984   39.93158    -74.37562     0.01     -0.00     0.01     1 
0130323985   39.93138    -74.33911     0.16      0.20     0.26     1 
0130323986   39.93117    -74.30260    -0.02     -0.01     0.02     1 
0130323987   39.93094    -74.26609     0.06      0.03     0.07     1 
0130323988   39.93070    -74.22957     0.08     -0.04     0.09     1 
0130323990   39.93019    -74.15655    -0.02     -0.02     0.02     1 
0130323991   39.92992    -74.12004     0.01     -0.04     0.04     1 
0130324054   39.90701    -74.55835    -0.00     -0.06     0.06     1 
0130324055   39.90687    -74.52185     0.07     -0.04     0.08     1 
0130324056   39.90671    -74.48535     0.07     -0.02     0.07     1 
0130324057   39.90654    -74.44885     0.04     -0.05     0.06     1 
0130324058   39.90637    -74.41235     0.11     -0.00     0.11     1 
0130324059   39.90617    -74.37585     0.07     -0.01     0.07     1 
0130324060   39.90597    -74.33935    -0.04     -0.04     0.06     1 
0130324061   39.90576    -74.30286     0.11     -0.06     0.13     1 
0130324062   39.90553    -74.26636     0.20     -0.07     0.21     1 
0130324063   39.90530    -74.22986     0.08      0.00     0.08     1 
0130324064   39.90505    -74.19336    -0.12     -0.04     0.13     1 
0130324065   39.90479    -74.15687     0.16     -0.06     0.17     1 
0130324066   39.90452    -74.12037    -0.09     -0.11     0.14     1 
0130324129   39.88161    -74.55852     0.02      0.03     0.04     1 
0130324130   39.88146    -74.52203     0.12      0.04     0.12     1 
0130324131   39.88130    -74.48554     0.05     -0.03     0.06     1 
0130324132   39.88114    -74.44906     0.07      0.02     0.07     1 
0130324133   39.88096    -74.41257     0.13      0.17     0.21     1 
0130324134   39.88077    -74.37608    -0.06     -0.10     0.11     1 
0130324135   39.88057    -74.33960     0.05     -0.09     0.10     1 
0130324136   39.88035    -74.30311     0.01     -0.07     0.08     1 
0130324137   39.88013    -74.26663     0.27      0.05     0.28     1 
0130324138   39.87989    -74.23014     0.00     -0.10     0.10     1 
0130324139   39.87964    -74.19366     0.18     -0.03     0.18     1 
0130324140   39.87938    -74.15718     0.13      0.07     0.14     1 
0130324141   39.87911    -74.12069    -0.26     -0.16     0.31     1 
0130324204   39.85620    -74.55868     0.04      0.01     0.04     1 
0130324205   39.85605    -74.52220     0.01     -0.09     0.09     1 
0130324206   39.85590    -74.48573     0.09     -0.00     0.09     1 
0130324208   39.85555    -74.41279     0.07     -0.03     0.08     1 
0130324209   39.85536    -74.37631    -0.00     -0.06     0.06     1 
0130324210   39.85516    -74.33984     0.13      0.00     0.13     1 
0130324211   39.85495    -74.30337    -0.04     -0.01     0.04     1 
0130324212   39.85472    -74.26690    -0.02     -0.09     0.10     1 
0130324213   39.85448    -74.23043     0.01      0.01     0.02     1 
0130324214   39.85424    -74.19396     0.16     -0.06     0.17     1 
0130324215   39.85398    -74.15749     0.03      0.00     0.03     1 
0130324216   39.85371    -74.12102     0.01     -0.05     0.05     1 
0130324278   39.83092    -74.59530    -0.07      0.02     0.07     1 
0130324279   39.83079    -74.55884     0.11      0.08     0.14     1 
0130324280   39.83065    -74.52238     0.07      0.01     0.07     1 
0130324281   39.83049    -74.48592    -0.03      0.05     0.06     1 
0130324282   39.83032    -74.44946     0.05     -0.01     0.05     1 
0130324283   39.83014    -74.41300     0.14     -0.01     0.14     1 
0130324284   39.82995    -74.37654     0.18     -0.00     0.18     1 
0130324285   39.82975    -74.34009     0.08      0.11     0.13     1 
0130324286   39.82954    -74.30363     0.05     -0.03     0.06     1 
0130324287   39.82932    -74.26717     0.11      0.07     0.13     1 
0130324288   39.82908    -74.23071     0.01      0.03     0.03     1 
0130324289   39.82883    -74.19425     0.01      0.01     0.01     1 
0130324290   39.82857    -74.15780    -0.06     -0.10     0.11     1 
0130324353   39.80552    -74.59545     0.05      0.03     0.06     1 
0130324354   39.80538    -74.55900     0.01     -0.04     0.04     1 
0130324355   39.80524    -74.52256     0.07      0.05     0.09     1 
0130324356   39.80508    -74.48611     0.03     -0.01     0.03     1 
0130324357   39.80492    -74.44966     0.17      0.11     0.20     1 
0130324358   39.80474    -74.41322     0.06     -0.01     0.06     1 
0130324359   39.80455    -74.37677    -0.11      0.09     0.14     1 
0130324360   39.80435    -74.34033     0.05     -0.03     0.06     1 
0130324361   39.80413    -74.30388     0.17      0.08     0.19     1 
0130324362   39.80391    -74.26744     0.07      0.05     0.09     1 
0130324363   39.80367    -74.23099     0.14      0.04     0.15     1 
0130324364   39.80343    -74.19455     0.08      0.02     0.08     1 
0130324366   39.80290    -74.12167     0.05     -0.04     0.07     1 
0130324428   39.78011    -74.59560     0.17      0.11     0.20     1 
0130324429   39.77998    -74.55917    -0.01      0.05     0.06     1 
0130324430   39.77983    -74.52273    -0.02     -0.07     0.07     1 
0130324431   39.77968    -74.48630     0.04      0.11     0.12     1 
0130324432   39.77951    -74.44987     0.01      0.03     0.03     1 
0130324433   39.77933    -74.41344     0.03      0.02     0.04     1 
0130324434   39.77914    -74.37700     0.09      0.00     0.09     1 
0130324435   39.77894    -74.34057     0.18      0.03     0.18     1 
0130324436   39.77873    -74.30414     0.08      0.01     0.08     1 
0130324438   39.77827    -74.23128     0.16      0.07     0.18     1 
0130324439   39.77802    -74.19485     0.09      0.03     0.09     1 
0130324441   39.77749    -74.12199     0.04      0.10     0.10     1 
0130324504   39.75457    -74.55933     0.11      0.13     0.17     1 
0130324505   39.75442    -74.52291     0.07      0.08     0.11     1 
0130324506   39.75427    -74.48649     0.15      0.06     0.16     1 
0130324507   39.75410    -74.45007     0.17      0.13     0.21     1 
0130324508   39.75392    -74.41365     0.11      0.07     0.13     1 
0130324509   39.75373    -74.37723     0.12      0.02     0.12     1 
0130324510   39.75353    -74.34081     0.11      0.07     0.13     1 
0130324511   39.75332    -74.30439     0.27      0.10     0.29     1 
0130324512   39.75310    -74.26798     0.14      0.18     0.22     1 
0130324513   39.75286    -74.23156     0.24      0.04     0.24     1 
0130324514   39.75261    -74.19514     0.04      0.07     0.08     1 
0130324516   39.75209    -74.12231     0.03      0.03     0.04     1 
0130324578   39.72929    -74.59590     0.18      0.05     0.19     1 
0130324579   39.72916    -74.55949     0.08      0.08     0.12     1 
0130324580   39.72901    -74.52308    -0.07      0.04     0.08     1 
0130324581   39.72886    -74.48668     0.01      0.08     0.08     1 
0130324582   39.72869    -74.45027     0.04     -0.12     0.12     1 
0130324583   39.72852    -74.41387     0.06      0.10     0.12     1 
0130324584   39.72833    -74.37746     0.27     -0.04     0.27     1 
0130324585   39.72812    -74.34105     0.17      0.09     0.19     1 
0130324586   39.72791    -74.30465     0.15      0.01     0.15     1 
0130324587   39.72769    -74.26825     0.21      0.09     0.23     1 
0130324588   39.72745    -74.23184     0.25      0.04     0.25     1 
0130324589   39.72721    -74.19544     0.08      0.07     0.11     1 
0130324590   39.72695    -74.15904     0.10     -0.06     0.12     1 
0130324591   39.72668    -74.12263    -0.02      0.01     0.02     1 
0130324652   39.70400    -74.63244     0.08      0.08     0.11     1 
0130324653   39.70388    -74.59605     0.16      0.08     0.18     1 
0130324654   39.70375    -74.55965     0.02      0.03     0.03     1 
0130324655   39.70361    -74.52326     0.05     -0.00     0.05     1 
0130324656   39.70345    -74.48686    -0.00      0.04     0.04     1 
0130324658   39.70311    -74.41408     0.02      0.10     0.10     1 
0130324659   39.70292    -74.37769     0.04      0.05     0.07     1 
0130324660   39.70272    -74.34130    -0.00     -0.00     0.00     1 
0130324661   39.70251    -74.30491     0.06      0.01     0.06     1 
0130324662   39.70228    -74.26851     0.07      0.14     0.16     1 
0130324663   39.70205    -74.23212     0.31      0.14     0.34     1 
0130324664   39.70180    -74.19573     0.09      0.06     0.11     1 
0130324665   39.70154    -74.15935     0.08      0.04     0.09     1 
0130324729   39.67834    -74.55981     0.08      0.01     0.08     1 
0130324730   39.67820    -74.52343    -0.00      0.08     0.08     1 
0130324731   39.67804    -74.48705     0.05      0.12     0.13     1 
0130324733   39.67770    -74.41429     0.20      0.15     0.25     1 
0130324734   39.67751    -74.37792     0.11      0.08     0.14     1 
0130324735   39.67731    -74.34154    -0.01      0.02     0.02     1 
0130324736   39.67710    -74.30516     0.22     -0.12     0.25     1 
0130324737   39.67688    -74.26878     0.19      0.10     0.21     1 
0130324738   39.67664    -74.23241     0.04      0.06     0.07     1 
0130324739   39.67639    -74.19603     0.01      0.01     0.01     1 
0130324809   39.65210    -74.37814     0.08     -0.01     0.08     1 
0130324810   39.65190    -74.34178     0.09      0.06     0.10     1 
0130324811   39.65169    -74.30541     0.17      0.02     0.17     1 
0130324812   39.65147    -74.26905     0.05      0.05     0.07     1 
0130324813   39.65123    -74.23269     0.05      0.04     0.06     1 
0130324814   39.65099    -74.19632     0.06      0.08     0.10     1 
0130324889   39.62558    -74.19662    -0.09      0.04     0.10     1 
----------------------------------------------------------------------
---------------------------------------------------
Total correlated GCPs in Upper Left Quadrant: 530

GCP statistics this quadrant only (in Pixels)
Line residual statistics:
  Mean: 0.051
  Median: 0.052
  Standard Deviation: 0.114

Sample residual statistics:
  Mean: 0.008
  Median: 0.011
  Standard Deviation: 0.066

Quadrant RMSE: 0.141

---------------------------------------------------
Total correlated GCPs in Upper Right Quadrant: 167

GCP statistics this quadrant only (in Pixels)
Line residual statistics:
  Mean: 0.031
  Median: 0.040
  Standard Deviation: 0.122

Sample residual statistics:
  Mean: -0.011
  Median: -0.008
  Standard Deviation: 0.075

Quadrant RMSE: 0.147

---------------------------------------------------
Total correlated GCPs in Lower Left Quadrant: 406

GCP statistics this quadrant only (in Pixels)
Line residual statistics:
  Mean: 0.085
  Median: 0.080
  Standard Deviation: 0.089

Sample residual statistics:
  Mean: -0.011
  Median: -0.014
  Standard Deviation: 0.066

Quadrant RMSE: 0.140

---------------------------------------------------
Total correlated GCPs in Lower Right Quadrant: 0

GCP statistics this quadrant only (in Pixels)
Line residual statistics:
  Mean: 0.000
  Median: 0.000
  Standard Deviation: 0.000

Sample residual statistics:
  Mean: 0.000
  Median: 0.000
  Standard Deviation: 0.000

Quadrant RMSE: 0.000

---------------------------------------------------
---------------------------------------------------
Total correlated GCPs in scene: 1103

GCP statistics entire scene (in Pixels)
Line residual statistics:
  Mean: 0.061
  Median: 0.066
  Standard Deviation: 0.109

Sample residual statistics:
  Mean: -0.002
  Median: 0.000
  Standard Deviation: 0.068

Scene RMSE: 0.142

