==============================================================================
==============================================================================
 Sep. 17 2016                  LANDSAT 5                       Time: 13:16
                            Image Assessment System
                            GEOMETRIC VERIFY Report
==============================================================================
Order ID: 0501609161483_05721                          Path / Row - 13 / 32
Reference Image: L51LGS1001256150100_HDF.L1G

Color mapping per rank
----------------------
Rank  1 is Green: total residual <= 0.5
Rank  2 is Cyan: 0.5 < total residual <=  1
Rank  3 is Blue:  1 < total residual <=  2
Rank  4 is Yellow:  2 < total residual <=  3
Rank  5 is Red:  3 < total residual

Percentage of residuals by rank
-------------------------------
Rank   1 -- 100.0%
Rank   2 --  0.0%
Rank   3 --  0.0%
Rank   4 --  0.0%
Rank   5 --  0.0%

       GCP    Latitude    Longitude  Sample   Line     Total    Rank
        ID                           Residual Residual Residual
              (Degree)    (Degree)   (Pixel)  (Pixel)  (Pixel)
----------------------------------------------------------------------
0130320093   41.26650    -74.10234    -0.01      0.11     0.11     1 
0130320094   41.26620    -74.06546     0.08     -0.01     0.08     1 
0130320167   41.24111    -74.13956    -0.06      0.12     0.13     1 
0130320168   41.24083    -74.10269    -0.11      0.17     0.20     1 
0130320170   41.24023    -74.02895     0.22      0.08     0.23     1 
0130320171   41.23991    -73.99208     0.07      0.15     0.17     1 
0130320172   41.23958    -73.95521    -0.08      0.08     0.12     1 
0130320173   41.23924    -73.91834     0.13      0.08     0.15     1 
0130320174   41.23889    -73.88147    -0.00      0.12     0.12     1 
0130320175   41.23853    -73.84461    -0.11      0.03     0.11     1 
0130320242   41.21544    -74.13990     0.15     -0.02     0.15     1 
0130320243   41.21516    -74.10304     0.15      0.06     0.16     1 
0130320244   41.21487    -74.06619    -0.07      0.09     0.11     1 
0130320245   41.21456    -74.02933     0.17      0.08     0.19     1 
0130320246   41.21424    -73.99247     0.09      0.11     0.14     1 
0130320247   41.21392    -73.95562     0.07      0.01     0.07     1 
0130320249   41.21322    -73.88191     0.14      0.11     0.17     1 
0130320250   41.21286    -73.84506     0.08      0.04     0.09     1 
0130320251   41.21249    -73.80821     0.18      0.03     0.19     1 
0130320252   41.21210    -73.77135     0.11      0.02     0.11     1 
0130320253   41.21170    -73.73450     0.08      0.01     0.08     1 
0130320254   41.21129    -73.69765     0.21      0.02     0.21     1 
0130320255   41.21086    -73.66080     0.17     -0.04     0.17     1 
0130320316   41.19004    -74.17708    -0.02      0.01     0.02     1 
0130320317   41.18977    -74.14024     0.04     -0.01     0.04     1 
0130320319   41.18920    -74.06655     0.15      0.16     0.22     1 
0130320320   41.18889    -74.02971     0.15      0.13     0.20     1 
0130320321   41.18858    -73.99287    -0.00      0.11     0.11     1 
0130320322   41.18825    -73.95603    -0.00      0.05     0.05     1 
0130320324   41.18756    -73.88235    -0.11      0.06     0.13     1 
0130320325   41.18719    -73.84551     0.10      0.04     0.11     1 
0130320326   41.18682    -73.80867     0.17      0.05     0.17     1 
0130320327   41.18643    -73.77183     0.08      0.06     0.10     1 
0130320328   41.18603    -73.73500     0.12      0.10     0.16     1 
0130320329   41.18562    -73.69816     0.16      0.06     0.17     1 
0130320330   41.18520    -73.66133     0.00      0.03     0.03     1 
0130320331   41.18476    -73.62449     0.04      0.02     0.05     1 
0130320332   41.18432    -73.58766    -0.03      0.08     0.09     1 
0130320333   41.18386    -73.55083     0.04      0.01     0.05     1 
0130320334   41.18339    -73.51400     0.09      0.10     0.14     1 
0130320335   41.18291    -73.47717     0.07      0.02     0.07     1 
0130320336   41.18242    -73.44034     0.07     -0.06     0.09     1 
0130320391   41.16437    -74.17740     0.07      0.02     0.07     1 
0130320392   41.16410    -74.14057    -0.13     -0.00     0.13     1 
0130320393   41.16382    -74.10374     0.02      0.12     0.12     1 
0130320396   41.16291    -73.99326     0.11      0.10     0.15     1 
0130320397   41.16258    -73.95644     0.07      0.09     0.11     1 
0130320399   41.16189    -73.88278    -0.25      0.07     0.26     1 
0130320400   41.16153    -73.84596     0.13      0.04     0.14     1 
0130320401   41.16115    -73.80914     0.04      0.06     0.07     1 
0130320402   41.16076    -73.77232     0.06      0.07     0.10     1 
0130320403   41.16037    -73.73549     0.10      0.03     0.11     1 
0130320404   41.15996    -73.69867     0.11      0.06     0.13     1 
0130320405   41.15953    -73.66185     0.03      0.04     0.05     1 
0130320406   41.15910    -73.62503     0.08      0.14     0.17     1 
0130320407   41.15865    -73.58821     0.08      0.04     0.09     1 
0130320408   41.15820    -73.55139     0.08      0.02     0.08     1 
0130320409   41.15773    -73.51458     0.14      0.07     0.16     1 
0130320410   41.15725    -73.47776     0.18      0.08     0.20     1 
0130320411   41.15675    -73.44094     0.13      0.05     0.14     1 
0130320412   41.15625    -73.40413     0.13      0.07     0.15     1 
0130320413   41.15573    -73.36732     0.08      0.10     0.13     1 
0130320414   41.15521    -73.33050     0.17      0.04     0.18     1 
0130320415   41.15467    -73.29369     0.13      0.05     0.14     1 
0130320416   41.15412    -73.25688     0.15     -0.01     0.15     1 
0130320466   41.13870    -74.17772     0.03      0.08     0.08     1 
0130320467   41.13843    -74.14091    -0.02      0.16     0.17     1 
0130320468   41.13815    -74.10409     0.21      0.12     0.24     1 
0130320469   41.13786    -74.06728     0.17      0.07     0.19     1 
0130320470   41.13755    -74.03047     0.16      0.07     0.18     1 
0130320471   41.13724    -73.99365     0.10      0.09     0.14     1 
0130320473   41.13657    -73.92003     0.07      0.10     0.12     1 
0130320475   41.13586    -73.84641     0.22      0.09     0.23     1 
0130320476   41.13548    -73.80960     0.09      0.05     0.10     1 
0130320477   41.13510    -73.77279     0.09      0.06     0.11     1 
0130320478   41.13470    -73.73599     0.09      0.02     0.09     1 
0130320479   41.13429    -73.69918     0.12      0.02     0.12     1 
0130320480   41.13387    -73.66237     0.07      0.04     0.08     1 
0130320481   41.13343    -73.62557     0.12      0.08     0.14     1 
0130320482   41.13299    -73.58876     0.04      0.02     0.05     1 
0130320483   41.13253    -73.55196     0.08      0.13     0.15     1 
0130320484   41.13206    -73.51516     0.07      0.09     0.11     1 
0130320485   41.13158    -73.47835     0.11      0.05     0.12     1 
0130320486   41.13109    -73.44155     0.10      0.09     0.13     1 
0130320487   41.13059    -73.40475     0.08      0.09     0.12     1 
0130320488   41.13007    -73.36795     0.07      0.05     0.09     1 
0130320489   41.12955    -73.33115     0.10      0.11     0.15     1 
0130320490   41.12901    -73.29436    -0.04      0.03     0.05     1 
0130320491   41.12846    -73.25756    -0.16     -0.03     0.16     1 
0130320541   41.11303    -74.17804     0.02      0.04     0.04     1 
0130320542   41.11276    -74.14124     0.06      0.05     0.08     1 
0130320543   41.11248    -74.10444     0.10      0.05     0.11     1 
0130320544   41.11219    -74.06764     0.09      0.01     0.09     1 
0130320545   41.11189    -74.03084     0.09     -0.02     0.10     1 
0130320546   41.11157    -73.99405     0.20      0.04     0.20     1 
0130320547   41.11124    -73.95725    -0.01      0.06     0.07     1 
0130320548   41.11090    -73.92045     0.17     -0.01     0.17     1 
0130320550   41.11019    -73.84686     0.13     -0.01     0.13     1 
0130320551   41.10982    -73.81007     0.19      0.06     0.20     1 
0130320552   41.10943    -73.77327     0.12      0.04     0.12     1 
0130320553   41.10903    -73.73648    -0.04      0.08     0.09     1 
0130320554   41.10862    -73.69969     0.08      0.06     0.10     1 
0130320555   41.10820    -73.66289     0.09      0.05     0.10     1 
0130320556   41.10777    -73.62610     0.22      0.11     0.24     1 
0130320557   41.10732    -73.58931     0.05      0.06     0.08     1 
0130320558   41.10687    -73.55252     0.04      0.06     0.07     1 
0130320559   41.10640    -73.51573     0.13      0.03     0.13     1 
0130320560   41.10592    -73.47895     0.16      0.04     0.16     1 
0130320561   41.10543    -73.44216     0.08      0.01     0.08     1 
0130320562   41.10493    -73.40537    -0.06      0.02     0.07     1 
0130320563   41.10441    -73.36859    -0.17     -0.07     0.18     1 
0130320615   41.08761    -74.21515    -0.06      0.07     0.10     1 
0130320616   41.08736    -74.17836     0.11      0.10     0.15     1 
0130320617   41.08709    -74.14158     0.01      0.10     0.10     1 
0130320618   41.08681    -74.10479     0.17      0.04     0.18     1 
0130320619   41.08652    -74.06801     0.18      0.04     0.19     1 
0130320620   41.08622    -74.03122     0.15      0.02     0.15     1 
0130320621   41.08590    -73.99444     0.11      0.01     0.11     1 
0130320622   41.08557    -73.95766     0.04      0.04     0.06     1 
0130320623   41.08523    -73.92087     0.02     -0.00     0.02     1 
0130320624   41.08488    -73.88409    -0.17     -0.09     0.20     1 
0130320625   41.08452    -73.84731     0.09      0.04     0.09     1 
0130320626   41.08415    -73.81053     0.10      0.01     0.10     1 
0130320627   41.08376    -73.77375     0.08      0.00     0.08     1 
0130320628   41.08337    -73.73697    -0.15      0.02     0.15     1 
0130320629   41.08296    -73.70019     0.14      0.03     0.14     1 
0130320630   41.08254    -73.66341     0.05      0.06     0.08     1 
0130320631   41.08210    -73.62664     0.13      0.05     0.14     1 
0130320632   41.08166    -73.58986     0.04      0.04     0.06     1 
0130320633   41.08120    -73.55309     0.08      0.09     0.12     1 
0130320634   41.08073    -73.51631     0.04      0.14     0.14     1 
0130320635   41.08026    -73.47954     0.08      0.11     0.14     1 
0130320636   41.07977    -73.44277     0.09      0.11     0.14     1 
0130320637   41.07926    -73.40599    -0.09      0.03     0.09     1 
0130320638   41.07875    -73.36922    -0.04     -0.05     0.06     1 
0130320690   41.06195    -74.21545     0.12      0.01     0.12     1 
0130320691   41.06169    -74.17868     0.19      0.07     0.20     1 
0130320692   41.06142    -74.14191     0.08      0.02     0.08     1 
0130320693   41.06114    -74.10514     0.13      0.09     0.16     1 
0130320694   41.06085    -74.06837     0.13      0.05     0.14     1 
0130320695   41.06055    -74.03160     0.06      0.06     0.08     1 
0130320696   41.06023    -73.99483     0.17      0.11     0.20     1 
0130320697   41.05991    -73.95806     0.09      0.06     0.11     1 
0130320700   41.05885    -73.84776     0.07      0.01     0.07     1 
0130320701   41.05848    -73.81099     0.02      0.02     0.03     1 
0130320702   41.05810    -73.77423     0.11     -0.01     0.11     1 
0130320703   41.05770    -73.73746     0.14      0.03     0.15     1 
0130320704   41.05729    -73.70070     0.05      0.01     0.05     1 
0130320705   41.05687    -73.66393     0.09      0.02     0.09     1 
0130320706   41.05644    -73.62717     0.10      0.03     0.11     1 
0130320707   41.05599    -73.59041     0.07      0.01     0.07     1 
0130320708   41.05554    -73.55365     0.06      0.03     0.07     1 
0130320709   41.05507    -73.51689     0.04      0.06     0.08     1 
0130320710   41.05459    -73.48013    -0.06     -0.01     0.06     1 
0130320711   41.05410    -73.44337    -0.25      0.05     0.25     1 
0130320712   41.05360    -73.40661    -0.23     -0.04     0.24     1 
0130320737   41.03723    -72.48804    -0.06     -0.02     0.06     1 
0130320738   41.03642    -72.45132    -0.09     -0.14     0.17     1 
0130320765   41.03627    -74.21576     0.09      0.08     0.12     1 
0130320766   41.03602    -74.17900     0.11      0.10     0.15     1 
0130320767   41.03575    -74.14224     0.15      0.08     0.17     1 
0130320768   41.03547    -74.10549     0.08      0.06     0.10     1 
0130320769   41.03518    -74.06873     0.16      0.10     0.19     1 
0130320770   41.03488    -74.03198     0.09      0.04     0.10     1 
0130320771   41.03456    -73.99522     0.14      0.02     0.14     1 
0130320772   41.03424    -73.95847     0.12      0.05     0.13     1 
0130320773   41.03390    -73.92171     0.03     -0.01     0.03     1 
0130320774   41.03355    -73.88496    -0.03      0.04     0.05     1 
0130320775   41.03319    -73.84820     0.07     -0.02     0.07     1 
0130320776   41.03281    -73.81145     0.11      0.01     0.11     1 
0130320777   41.03243    -73.77470     0.02     -0.00     0.02     1 
0130320778   41.03203    -73.73795     0.06      0.01     0.06     1 
0130320779   41.03162    -73.70120     0.06     -0.05     0.08     1 
0130320780   41.03120    -73.66445     0.02      0.05     0.05     1 
0130320781   41.03077    -73.62771     0.02      0.03     0.04     1 
0130320782   41.03033    -73.59096    -0.02      0.02     0.03     1 
0130320783   41.02987    -73.55421    -0.04     -0.03     0.05     1 
0130320784   41.02941    -73.51747    -0.05     -0.23     0.23     1 
0130320810   41.01316    -72.56244    -0.02      0.04     0.05     1 
0130320811   41.01238    -72.52573    -0.01     -0.00     0.01     1 
0130320812   41.01158    -72.48902     0.03      0.07     0.07     1 
0130320813   41.01078    -72.45231    -0.14     -0.05     0.14     1 
0130320816   41.00829    -72.34218    -0.06     -0.10     0.12     1 
0130320817   41.00744    -72.30548    -0.18     -0.12     0.21     1 
0130320818   41.00657    -72.26877    -0.06     -0.07     0.09     1 
0130320840   41.01060    -74.21606     0.09      0.09     0.12     1 
0130320841   41.01035    -74.17932     0.10      0.12     0.16     1 
0130320842   41.01008    -74.14258     0.09      0.08     0.12     1 
0130320843   41.00980    -74.10583     0.10      0.07     0.12     1 
0130320844   41.00951    -74.06909     0.18      0.05     0.19     1 
0130320845   41.00921    -74.03235     0.09      0.04     0.10     1 
0130320846   41.00889    -73.99561    -0.02      0.03     0.04     1 
0130320847   41.00857    -73.95887     0.11      0.03     0.11     1 
0130320848   41.00823    -73.92213     0.13      0.01     0.13     1 
0130320850   41.00752    -73.84865     0.09     -0.00     0.09     1 
0130320851   41.00715    -73.81191     0.09     -0.01     0.09     1 
0130320852   41.00676    -73.77518     0.07     -0.02     0.08     1 
0130320853   41.00636    -73.73844     0.10      0.00     0.10     1 
0130320854   41.00596    -73.70171     0.03      0.02     0.04     1 
0130320855   41.00554    -73.66497     0.00     -0.02     0.02     1 
0130320856   41.00511    -73.62824    -0.15     -0.09     0.17     1 
0130320857   41.00466    -73.59150    -0.25     -0.03     0.25     1 
0130320884   40.98828    -72.60009     0.07     -0.03     0.08     1 
0130320885   40.98751    -72.56339     0.09      0.05     0.10     1 
0130320886   40.98673    -72.52669    -0.13     -0.02     0.14     1 
0130320891   40.98264    -72.34321     0.08      0.03     0.08     1 
0130320892   40.98179    -72.30652    -0.00     -0.07     0.07     1 
0130320893   40.98093    -72.26983    -0.00     -0.01     0.01     1 
0130320894   40.98005    -72.23314     0.02     -0.10     0.10     1 
0130320895   40.97916    -72.19646     0.02     -0.04     0.04     1 
0130320896   40.97827    -72.15977     0.04     -0.08     0.09     1 
0130320897   40.97736    -72.12309    -0.22     -0.06     0.23     1 
0130320915   40.98493    -74.21637     0.02      0.10     0.10     1 
0130320916   40.98468    -74.17964     0.12      0.03     0.12     1 
0130320917   40.98441    -74.14291     0.17      0.07     0.18     1 
0130320918   40.98413    -74.10618     0.16     -0.01     0.16     1 
0130320919   40.98384    -74.06945     0.13     -0.00     0.13     1 
0130320920   40.98354    -74.03273     0.12      0.03     0.13     1 
0130320921   40.98322    -73.99600     0.01      0.03     0.04     1 
0130320922   40.98290    -73.95927     0.08      0.02     0.08     1 
0130320923   40.98256    -73.92255     0.12      0.04     0.13     1 
0130320925   40.98185    -73.84910     0.12     -0.01     0.12     1 
0130320926   40.98148    -73.81238     0.10      0.03     0.10     1 
0130320927   40.98109    -73.77565     0.11      0.01     0.11     1 
0130320928   40.98070    -73.73893     0.06      0.05     0.08     1 
0130320929   40.98029    -73.70221     0.10      0.01     0.10     1 
0130320930   40.97987    -73.66549    -0.09     -0.11     0.14     1 
0130320931   40.97944    -73.62877    -0.09     -0.09     0.13     1 
0130320945   40.97218    -73.11479     0.03     -0.04     0.05     1 
0130320946   40.97157    -73.07808     0.02     -0.01     0.02     1 
0130320947   40.97095    -73.04138     0.10     -0.01     0.10     1 
0130320954   40.96630    -72.78448     0.20      0.10     0.22     1 
0130320955   40.96559    -72.74779     0.23     -0.04     0.23     1 
0130320956   40.96487    -72.71109     0.19      0.00     0.19     1 
0130320957   40.96413    -72.67440     0.01      0.03     0.04     1 
0130320958   40.96339    -72.63771     0.07     -0.03     0.07     1 
0130320959   40.96263    -72.60102     0.06     -0.02     0.07     1 
0130320960   40.96186    -72.56433     0.04     -0.00     0.04     1 
0130320965   40.95784    -72.38092    -0.05     -0.06     0.08     1 
0130320966   40.95700    -72.34424    -0.09     -0.12     0.15     1 
0130320967   40.95614    -72.30756    -0.02     -0.04     0.05     1 
0130320968   40.95528    -72.27089     0.10     -0.11     0.15     1 
0130320969   40.95441    -72.23421    -0.01     -0.06     0.06     1 
0130320970   40.95352    -72.19754    -0.05     -0.12     0.13     1 
0130320989   40.95950    -74.25339     0.06      0.07     0.09     1 
0130320990   40.95926    -74.21667     0.07      0.14     0.16     1 
0130320991   40.95900    -74.17996     0.15      0.07     0.16     1 
0130320992   40.95874    -74.14324     0.04      0.07     0.08     1 
0130320993   40.95846    -74.10653     0.13      0.09     0.16     1 
0130320994   40.95817    -74.06981    -0.01      0.10     0.10     1 
0130320995   40.95787    -74.03310     0.07      0.09     0.11     1 
0130320996   40.95755    -73.99639     0.12      0.06     0.14     1 
0130320997   40.95723    -73.95968     0.13      0.06     0.14     1 
0130320999   40.95654    -73.88626    -0.03      0.02     0.04     1 
0130321000   40.95618    -73.84955     0.03      0.02     0.04     1 
0130321001   40.95581    -73.81284     0.03      0.02     0.04     1 
0130321002   40.95542    -73.77613     0.10      0.02     0.10     1 
0130321003   40.95503    -73.73942    -0.01     -0.00     0.01     1 
0130321004   40.95462    -73.70271    -0.04     -0.06     0.08     1 
0130321010   40.95193    -73.48249     0.10      0.04     0.11     1 
0130321012   40.95094    -73.40909     0.06      0.17     0.18     1 
0130321020   40.94652    -73.11552     0.00      0.03     0.03     1 
0130321021   40.94591    -73.07883     0.06      0.07     0.10     1 
0130321022   40.94530    -73.04214     0.11      0.00     0.11     1 
0130321023   40.94467    -73.00545     0.22     -0.03     0.22     1 
0130321024   40.94403    -72.96876     0.10      0.02     0.10     1 
0130321025   40.94337    -72.93207     0.08      0.00     0.08     1 
0130321026   40.94271    -72.89539     0.12     -0.10     0.16     1 
0130321027   40.94203    -72.85870     0.03     -0.04     0.05     1 
0130321028   40.94135    -72.82202     0.07     -0.04     0.08     1 
0130321029   40.94065    -72.78534     0.18     -0.13     0.22     1 
0130321030   40.93994    -72.74866     0.04     -0.04     0.06     1 
0130321031   40.93921    -72.71198     0.11     -0.04     0.12     1 
0130321032   40.93848    -72.67530    -0.01     -0.04     0.05     1 
0130321033   40.93773    -72.63863     0.00     -0.02     0.02     1 
0130321034   40.93698    -72.60195    -0.14      0.01     0.14     1 
0130321035   40.93621    -72.56528    -0.23      0.00     0.23     1 
0130321039   40.93302    -72.41860     0.01     -0.06     0.06     1 
0130321040   40.93219    -72.38193     0.02     -0.03     0.04     1 
0130321042   40.93050    -72.30861     0.03     -0.05     0.06     1 
0130321044   40.92876    -72.23528    -0.19      0.15     0.24     1 
0130321064   40.93383    -74.25368     0.12      0.04     0.12     1 
0130321065   40.93359    -74.21697     0.10      0.08     0.12     1 
0130321066   40.93333    -74.18027     0.06      0.01     0.06     1 
0130321067   40.93307    -74.14357    -0.09      0.01     0.09     1 
0130321068   40.93279    -74.10687     0.06      0.04     0.07     1 
0130321069   40.93250    -74.07017     0.06      0.05     0.08     1 
0130321070   40.93220    -74.03347     0.10      0.04     0.11     1 
0130321071   40.93188    -73.99678     0.09      0.07     0.11     1 
0130321072   40.93156    -73.96008     0.06      0.10     0.11     1 
0130321074   40.93087    -73.88669     0.05      0.05     0.07     1 
0130321075   40.93051    -73.84999    -0.04      0.04     0.06     1 
0130321076   40.93014    -73.81329     0.05     -0.01     0.05     1 
0130321077   40.92976    -73.77660     0.05      0.00     0.05     1 
0130321078   40.92936    -73.73991    -0.06     -0.07     0.09     1 
0130321079   40.92896    -73.70322    -0.25      0.05     0.25     1 
0130321085   40.92627    -73.48307     0.05      0.13     0.14     1 
0130321086   40.92578    -73.44639    -0.06     -0.01     0.06     1 
0130321087   40.92528    -73.40970    -0.16      0.07     0.17     1 
0130321088   40.92477    -73.37301    -0.08     -0.07     0.10     1 
0130321089   40.92424    -73.33633     0.20     -0.02     0.20     1 
0130321094   40.92145    -73.15292    -0.03     -0.01     0.03     1 
0130321095   40.92086    -73.11625     0.11      0.04     0.12     1 
0130321096   40.92025    -73.07957     0.11     -0.02     0.11     1 
0130321097   40.91964    -73.04289     0.07     -0.00     0.07     1 
0130321098   40.91901    -73.00622     0.06      0.02     0.07     1 
0130321099   40.91837    -72.96954     0.03      0.01     0.03     1 
0130321100   40.91772    -72.93287     0.07      0.00     0.07     1 
0130321101   40.91705    -72.89620     0.08     -0.04     0.09     1 
0130321102   40.91638    -72.85953    -0.08     -0.06     0.10     1 
0130321103   40.91569    -72.82286     0.05     -0.02     0.06     1 
0130321104   40.91499    -72.78620     0.02     -0.06     0.06     1 
0130321105   40.91428    -72.74953     0.07      0.01     0.07     1 
0130321106   40.91356    -72.71286    -0.02     -0.05     0.05     1 
0130321107   40.91283    -72.67620    -0.03     -0.03     0.04     1 
0130321108   40.91208    -72.63954    -0.07     -0.02     0.07     1 
0130321109   40.91133    -72.60288     0.04     -0.05     0.06     1 
0130321110   40.91056    -72.56622    -0.03     -0.02     0.04     1 
0130321111   40.90978    -72.52956    -0.00     -0.00     0.00     1 
0130321113   40.90818    -72.45625    -0.03      0.01     0.03     1 
0130321114   40.90737    -72.41960     0.13     -0.02     0.13     1 
0130321115   40.90654    -72.38295    -0.02     -0.02     0.03     1 
0130321116   40.90570    -72.34629    -0.03      0.02     0.03     1 
0130321117   40.90485    -72.30965    -0.15      0.02     0.15     1 
0130321139   40.90816    -74.25396     0.04      0.04     0.06     1 
0130321140   40.90792    -74.21728     0.07      0.03     0.07     1 
0130321141   40.90766    -74.18059    -0.03      0.01     0.03     1 
0130321142   40.90740    -74.14391    -0.02     -0.04     0.05     1 
0130321143   40.90712    -74.10722     0.01     -0.04     0.04     1 
0130321144   40.90683    -74.07053    -0.01     -0.00     0.01     1 
0130321145   40.90653    -74.03385    -0.04     -0.04     0.05     1 
0130321146   40.90621    -73.99716     0.06      0.02     0.07     1 
0130321147   40.90589    -73.96048     0.06      0.01     0.06     1 
0130321149   40.90520    -73.88712     0.12      0.01     0.12     1 
0130321150   40.90484    -73.85044     0.01      0.07     0.07     1 
0130321151   40.90447    -73.81375     0.03     -0.01     0.03     1 
0130321152   40.90409    -73.77707    -0.00     -0.06     0.06     1 
0130321156   40.90244    -73.63036     0.11      0.08     0.14     1 
0130321157   40.90200    -73.59368     0.10      0.06     0.11     1 
0130321158   40.90155    -73.55701    -0.02     -0.09     0.09     1 
0130321159   40.90108    -73.52034    -0.11     -0.02     0.11     1 
0130321161   40.90012    -73.44699     0.04     -0.01     0.04     1 
0130321162   40.89962    -73.41032     0.10      0.10     0.15     1 
0130321163   40.89910    -73.37364     0.04      0.05     0.06     1 
0130321164   40.89858    -73.33697     0.10      0.01     0.10     1 
0130321165   40.89805    -73.30030     0.15      0.04     0.16     1 
0130321166   40.89750    -73.26364     0.11      0.05     0.12     1 
0130321167   40.89694    -73.22697     0.08      0.02     0.09     1 
0130321168   40.89637    -73.19030     0.17      0.07     0.19     1 
0130321169   40.89579    -73.15364     0.18     -0.01     0.18     1 
0130321170   40.89520    -73.11697     0.11      0.00     0.11     1 
0130321171   40.89459    -73.08031     0.07      0.00     0.07     1 
0130321172   40.89398    -73.04365     0.08      0.03     0.09     1 
0130321173   40.89335    -73.00699     0.08     -0.00     0.08     1 
0130321174   40.89271    -72.97033     0.07      0.05     0.08     1 
0130321175   40.89206    -72.93367     0.06     -0.01     0.06     1 
0130321176   40.89140    -72.89701     0.13      0.02     0.13     1 
0130321177   40.89072    -72.86036     0.07     -0.03     0.07     1 
0130321178   40.89004    -72.82371     0.01      0.03     0.03     1 
0130321179   40.88934    -72.78705    -0.00     -0.06     0.06     1 
0130321180   40.88863    -72.75040     0.11     -0.04     0.12     1 
0130321181   40.88791    -72.71375    -0.05      0.00     0.05     1 
0130321182   40.88717    -72.67710    -0.03     -0.03     0.04     1 
0130321183   40.88643    -72.64045    -0.05     -0.08     0.10     1 
0130321184   40.88567    -72.60380    -0.14     -0.03     0.15     1 
0130321185   40.88491    -72.56716    -0.06     -0.06     0.09     1 
0130321186   40.88413    -72.53052    -0.02     -0.05     0.05     1 
0130321187   40.88334    -72.49387    -0.04     -0.06     0.07     1 
0130321188   40.88253    -72.45723    -0.03     -0.11     0.12     1 
0130321189   40.88172    -72.42059    -0.03     -0.09     0.10     1 
0130321190   40.88089    -72.38396    -0.05     -0.06     0.08     1 
0130321191   40.88006    -72.34732    -0.01      0.01     0.01     1 
0130321214   40.88249    -74.25425    -0.03      0.08     0.08     1 
0130321215   40.88225    -74.21758    -0.04      0.04     0.06     1 
0130321216   40.88199    -74.18091     0.03      0.02     0.04     1 
0130321217   40.88173    -74.14423    -0.05      0.10     0.11     1 
0130321218   40.88145    -74.10756     0.01      0.04     0.04     1 
0130321219   40.88116    -74.07089    -0.04      0.02     0.04     1 
0130321220   40.88086    -74.03422    -0.03      0.00     0.03     1 
0130321221   40.88054    -73.99755    -0.03     -0.04     0.05     1 
0130321222   40.88022    -73.96088     0.07     -0.02     0.07     1 
0130321223   40.87988    -73.92422    -0.06     -0.01     0.06     1 
0130321224   40.87953    -73.88755     0.03      0.10     0.10     1 
0130321225   40.87918    -73.85088     0.01     -0.06     0.06     1 
0130321226   40.87880    -73.81421     0.04     -0.00     0.04     1 
0130321227   40.87842    -73.77755    -0.17     -0.10     0.20     1 
0130321228   40.87803    -73.74088    -0.16     -0.02     0.16     1 
0130321231   40.87677    -73.63089     0.09      0.02     0.09     1 
0130321232   40.87633    -73.59423     0.12      0.07     0.14     1 
0130321233   40.87588    -73.55757     0.08      0.04     0.09     1 
0130321234   40.87541    -73.52091     0.18     -0.00     0.18     1 
0130321236   40.87445    -73.44759     0.14      0.07     0.16     1 
0130321237   40.87395    -73.41093     0.06      0.07     0.10     1 
0130321238   40.87344    -73.37427     0.06      0.08     0.10     1 
0130321239   40.87292    -73.33762     0.04      0.02     0.04     1 
0130321240   40.87239    -73.30096     0.04      0.05     0.06     1 
0130321241   40.87184    -73.26431     0.09      0.03     0.10     1 
0130321242   40.87128    -73.22765     0.10      0.00     0.10     1 
0130321243   40.87071    -73.19100     0.06      0.00     0.06     1 
0130321244   40.87013    -73.15435     0.17     -0.01     0.17     1 
0130321245   40.86954    -73.11770     0.03      0.02     0.03     1 
0130321246   40.86894    -73.08105     0.08      0.03     0.09     1 
0130321247   40.86832    -73.04441     0.09      0.01     0.10     1 
0130321248   40.86769    -73.00776     0.08      0.04     0.09     1 
0130321249   40.86705    -72.97111     0.19      0.01     0.19     1 
0130321250   40.86640    -72.93447     0.18     -0.03     0.18     1 
0130321251   40.86574    -72.89783     0.10     -0.00     0.10     1 
0130321252   40.86507    -72.86119     0.14      0.01     0.14     1 
0130321253   40.86438    -72.82455     0.05     -0.10     0.12     1 
0130321254   40.86368    -72.78791     0.05     -0.10     0.11     1 
0130321255   40.86297    -72.75127    -0.01     -0.09     0.10     1 
0130321256   40.86225    -72.71463     0.05     -0.09     0.10     1 
0130321257   40.86152    -72.67800    -0.11      0.11     0.16     1 
0130321258   40.86078    -72.64136    -0.05     -0.04     0.07     1 
0130321259   40.86002    -72.60473    -0.02     -0.04     0.04     1 
0130321260   40.85926    -72.56810     0.02     -0.03     0.04     1 
0130321261   40.85848    -72.53147    -0.08     -0.01     0.08     1 
0130321264   40.85607    -72.42159    -0.02     -0.13     0.13     1 
0130321289   40.85682    -74.25454     0.08      0.08     0.11     1 
0130321290   40.85657    -74.21788     0.09      0.04     0.10     1 
0130321291   40.85632    -74.18122     0.05      0.04     0.06     1 
0130321292   40.85605    -74.14457    -0.01      0.07     0.07     1 
0130321293   40.85578    -74.10791    -0.03      0.03     0.05     1 
0130321294   40.85549    -74.07125    -0.08      0.03     0.09     1 
0130321295   40.85519    -74.03460    -0.03      0.02     0.04     1 
0130321296   40.85487    -73.99794    -0.01      0.01     0.01     1 
0130321297   40.85455    -73.96129    -0.01      0.06     0.06     1 
0130321298   40.85421    -73.92463    -0.01     -0.01     0.02     1 
0130321299   40.85387    -73.88798    -0.02      0.02     0.02     1 
0130321300   40.85351    -73.85132    -0.02      0.04     0.04     1 
0130321301   40.85314    -73.81467    -0.09     -0.01     0.09     1 
0130321302   40.85275    -73.77802    -0.13     -0.16     0.20     1 
0130321304   40.85195    -73.70472     0.10     -0.00     0.10     1 
0130321306   40.85111    -73.63142     0.02      0.01     0.02     1 
0130321307   40.85067    -73.59477     0.07      0.00     0.07     1 
0130321308   40.85021    -73.55812     0.08      0.01     0.08     1 
0130321309   40.84975    -73.52148     0.07      0.03     0.07     1 
0130321310   40.84927    -73.48483     0.09      0.07     0.12     1 
0130321311   40.84879    -73.44819     0.08      0.16     0.17     1 
0130321312   40.84829    -73.41154     0.10      0.03     0.11     1 
0130321313   40.84778    -73.37490     0.14      0.04     0.14     1 
0130321314   40.84726    -73.33826     0.12      0.07     0.14     1 
0130321315   40.84672    -73.30162     0.08      0.06     0.10     1 
0130321316   40.84618    -73.26498     0.08      0.04     0.09     1 
0130321317   40.84562    -73.22834    -0.02      0.03     0.04     1 
0130321318   40.84505    -73.19170     0.07     -0.02     0.07     1 
0130321319   40.84447    -73.15506     0.09     -0.04     0.10     1 
0130321320   40.84388    -73.11843     0.13      0.03     0.13     1 
0130321321   40.84327    -73.08179     0.13      0.03     0.13     1 
0130321322   40.84266    -73.04516     0.10      0.01     0.10     1 
0130321323   40.84203    -73.00853     0.10      0.02     0.10     1 
0130321324   40.84139    -72.97190     0.15      0.02     0.15     1 
0130321325   40.84074    -72.93527     0.10      0.01     0.10     1 
0130321326   40.84008    -72.89864     0.10     -0.02     0.10     1 
0130321327   40.83941    -72.86201     0.05      0.03     0.06     1 
0130321328   40.83872    -72.82538     0.11     -0.06     0.12     1 
0130321329   40.83803    -72.78876     0.10      0.01     0.10     1 
0130321330   40.83732    -72.75214     0.08     -0.01     0.08     1 
0130321331   40.83660    -72.71551     0.04      0.06     0.07     1 
0130321332   40.83587    -72.67889     0.08     -0.01     0.08     1 
0130321333   40.83513    -72.64227    -0.01     -0.04     0.05     1 
0130321334   40.83437    -72.60565     0.06     -0.06     0.09     1 
0130321335   40.83360    -72.56904    -0.11     -0.06     0.12     1 
0130321363   40.83138    -74.29147     0.09     -0.00     0.09     1 
0130321364   40.83114    -74.25483     0.05     -0.06     0.07     1 
0130321365   40.83090    -74.21818     0.03      0.01     0.03     1 
0130321366   40.83065    -74.18154     0.06      0.00     0.06     1 
0130321367   40.83038    -74.14490    -0.03      0.03     0.04     1 
0130321368   40.83011    -74.10825    -0.03      0.04     0.05     1 
0130321369   40.82982    -74.07161    -0.07     -0.01     0.07     1 
0130321370   40.82952    -74.03497    -0.07      0.03     0.07     1 
0130321371   40.82920    -73.99833     0.01      0.03     0.03     1 
0130321372   40.82888    -73.96169    -0.12     -0.01     0.12     1 
0130321373   40.82854    -73.92504    -0.04     -0.01     0.04     1 
0130321374   40.82820    -73.88841    -0.05     -0.05     0.07     1 
0130321375   40.82784    -73.85177    -0.13     -0.07     0.15     1 
0130321376   40.82747    -73.81513    -0.03     -0.20     0.20     1 
0130321380   40.82587    -73.66858    -0.02     -0.06     0.07     1 
0130321381   40.82544    -73.63195     0.10     -0.00     0.10     1 
0130321382   40.82500    -73.59531     0.11      0.00     0.11     1 
0130321383   40.82455    -73.55868     0.16     -0.06     0.17     1 
0130321384   40.82408    -73.52205     0.11     -0.02     0.12     1 
0130321385   40.82361    -73.48542     0.08     -0.03     0.09     1 
0130321386   40.82312    -73.44879     0.09     -0.01     0.09     1 
0130321387   40.82262    -73.41216     0.04      0.01     0.04     1 
0130321388   40.82211    -73.37553     0.09      0.04     0.09     1 
0130321389   40.82159    -73.33890     0.12      0.04     0.13     1 
0130321390   40.82106    -73.30227     0.07      0.06     0.09     1 
0130321391   40.82051    -73.26565     0.01      0.03     0.03     1 
0130321392   40.81996    -73.22902     0.09      0.03     0.09     1 
0130321393   40.81939    -73.19240     0.06      0.07     0.10     1 
0130321394   40.81881    -73.15578     0.07      0.04     0.08     1 
0130321395   40.81822    -73.11915     0.12      0.09     0.15     1 
0130321396   40.81762    -73.08253     0.11      0.02     0.11     1 
0130321397   40.81700    -73.04591     0.01      0.16     0.16     1 
0130321398   40.81637    -73.00930     0.08      0.00     0.08     1 
0130321399   40.81574    -72.97268     0.06      0.03     0.06     1 
0130321400   40.81509    -72.93606     0.03     -0.01     0.03     1 
0130321401   40.81443    -72.89945     0.14      0.03     0.15     1 
0130321402   40.81375    -72.86284     0.12     -0.03     0.12     1 
0130321403   40.81307    -72.82622    -0.01     -0.05     0.05     1 
0130321404   40.81237    -72.78961     0.10      0.02     0.10     1 
0130321405   40.81166    -72.75300     0.10     -0.03     0.10     1 
0130321406   40.81095    -72.71639    -0.03      0.01     0.03     1 
0130321407   40.81022    -72.67979     0.02      0.00     0.02     1 
0130321408   40.80947    -72.64318     0.02      0.01     0.02     1 
0130321438   40.80570    -74.29175     0.06      0.01     0.06     1 
0130321439   40.80547    -74.25512     0.04      0.01     0.04     1 
0130321440   40.80523    -74.21849    -0.00      0.05     0.05     1 
0130321441   40.80498    -74.18185     0.05      0.01     0.05     1 
0130321442   40.80471    -74.14522     0.02     -0.03     0.04     1 
0130321443   40.80443    -74.10860    -0.10     -0.05     0.11     1 
0130321444   40.80414    -74.07197    -0.10     -0.02     0.10     1 
0130321445   40.80385    -74.03534    -0.12     -0.05     0.13     1 
0130321446   40.80353    -73.99871    -0.06      0.00     0.06     1 
0130321447   40.80321    -73.96209     0.01     -0.08     0.08     1 
0130321448   40.80287    -73.92546    -0.07     -0.01     0.07     1 
0130321449   40.80253    -73.88883    -0.12     -0.04     0.13     1 
0130321450   40.80217    -73.85221    -0.19     -0.07     0.20     1 
0130321452   40.80142    -73.77896    -0.08     -0.03     0.08     1 
0130321453   40.80102    -73.74234    -0.01      0.07     0.07     1 
0130321454   40.80062    -73.70572     0.04      0.01     0.04     1 
0130321455   40.80020    -73.66909    -0.02      0.00     0.02     1 
0130321456   40.79977    -73.63247     0.01      0.00     0.01     1 
0130321457   40.79933    -73.59585     0.12      0.03     0.13     1 
0130321458   40.79888    -73.55924     0.11      0.09     0.14     1 
0130321459   40.79842    -73.52262    -0.01      0.08     0.08     1 
0130321460   40.79794    -73.48600     0.02      0.03     0.03     1 
0130321461   40.79746    -73.44938    -0.02      0.09     0.09     1 
0130321462   40.79696    -73.41277     0.01      0.02     0.02     1 
0130321463   40.79645    -73.37615     0.11     -0.05     0.12     1 
0130321464   40.79593    -73.33954     0.04     -0.00     0.04     1 
0130321465   40.79540    -73.30293     0.06     -0.00     0.06     1 
0130321466   40.79485    -73.26632     0.04      0.02     0.05     1 
0130321467   40.79429    -73.22970     0.09     -0.02     0.09     1 
0130321468   40.79373    -73.19309     0.01      0.01     0.01     1 
0130321469   40.79315    -73.15649     0.04     -0.04     0.06     1 
0130321470   40.79256    -73.11988    -0.03      0.01     0.03     1 
0130321471   40.79196    -73.08327     0.05     -0.01     0.05     1 
0130321472   40.79134    -73.04667     0.08      0.04     0.09     1 
0130321473   40.79071    -73.01006     0.01      0.02     0.02     1 
0130321474   40.79008    -72.97346     0.07     -0.00     0.07     1 
0130321475   40.78943    -72.93686     0.05      0.06     0.08     1 
0130321476   40.78877    -72.90026     0.02      0.03     0.03     1 
0130321477   40.78810    -72.86366     0.14      0.01     0.14     1 
0130321478   40.78741    -72.82706    -0.05      0.03     0.06     1 
0130321479   40.78672    -72.79046    -0.01      0.00     0.01     1 
0130321480   40.78601    -72.75387    -0.07     -0.05     0.08     1 
0130321481   40.78529    -72.71727    -0.17     -0.07     0.18     1 
0130321482   40.78456    -72.68068     0.12     -0.06     0.14     1 
0130321513   40.78003    -74.29202     0.08      0.08     0.11     1 
0130321514   40.77980    -74.25540     0.13      0.01     0.13     1 
0130321515   40.77956    -74.21879     0.01      0.08     0.08     1 
0130321516   40.77931    -74.18217    -0.01      0.06     0.06     1 
0130321517   40.77904    -74.14556    -0.02     -0.02     0.03     1 
0130321518   40.77876    -74.10894    -0.17     -0.09     0.20     1 
0130321519   40.77847    -74.07233    -0.10     -0.02     0.10     1 
0130321520   40.77817    -74.03571    -0.06     -0.01     0.06     1 
0130321521   40.77786    -73.99910    -0.04     -0.12     0.13     1 
0130321522   40.77754    -73.96249     0.09     -0.05     0.10     1 
0130321523   40.77720    -73.92587    -0.06     -0.07     0.10     1 
0130321524   40.77686    -73.88926    -0.16     -0.06     0.17     1 
0130321525   40.77650    -73.85265    -0.13     -0.09     0.16     1 
0130321526   40.77613    -73.81604    -0.01     -0.02     0.02     1 
0130321527   40.77575    -73.77943     0.01     -0.01     0.02     1 
0130321528   40.77535    -73.74282    -0.03      0.02     0.04     1 
0130321529   40.77495    -73.70621     0.08      0.01     0.08     1 
0130321530   40.77453    -73.66961    -0.01      0.01     0.02     1 
0130321531   40.77411    -73.63300     0.04      0.00     0.04     1 
0130321532   40.77367    -73.59640     0.11      0.02     0.11     1 
0130321533   40.77322    -73.55979    -0.02      0.02     0.03     1 
0130321534   40.77275    -73.52319    -0.07     -0.00     0.07     1 
0130321535   40.77228    -73.48658     0.04      0.01     0.04     1 
0130321536   40.77179    -73.44998     0.12      0.07     0.14     1 
0130321537   40.77130    -73.41338    -0.07     -0.01     0.08     1 
0130321538   40.77079    -73.37678     0.07      0.01     0.07     1 
0130321539   40.77027    -73.34018     0.05      0.06     0.08     1 
0130321540   40.76973    -73.30358    -0.07      0.12     0.14     1 
0130321541   40.76919    -73.26698     0.03      0.06     0.07     1 
0130321542   40.76863    -73.23039     0.08      0.02     0.08     1 
0130321543   40.76807    -73.19379     0.06     -0.01     0.06     1 
0130321544   40.76749    -73.15720     0.08      0.02     0.08     1 
0130321545   40.76690    -73.12060     0.09     -0.03     0.10     1 
0130321546   40.76629    -73.08401     0.04      0.01     0.04     1 
0130321547   40.76568    -73.04742     0.03     -0.06     0.07     1 
0130321548   40.76506    -73.01083     0.03     -0.07     0.07     1 
0130321549   40.76442    -72.97424     0.04     -0.05     0.06     1 
0130321550   40.76377    -72.93765     0.09     -0.01     0.09     1 
0130321551   40.76311    -72.90107    -0.03      0.03     0.04     1 
0130321552   40.76244    -72.86448     0.04      0.01     0.04     1 
0130321553   40.76176    -72.82790     0.04     -0.03     0.05     1 
0130321554   40.76106    -72.79131     0.11     -0.06     0.13     1 
0130321555   40.76036    -72.75473    -0.07     -0.06     0.09     1 
0130321588   40.75436    -74.29229     0.11      0.08     0.14     1 
0130321589   40.75413    -74.25569     0.09      0.09     0.13     1 
0130321590   40.75389    -74.21909     0.03      0.04     0.05     1 
0130321591   40.75363    -74.18248    -0.01      0.01     0.01     1 
0130321592   40.75337    -74.14588    -0.03     -0.00     0.03     1 
0130321593   40.75309    -74.10928    -0.14      0.06     0.15     1 
0130321594   40.75280    -74.07268    -0.12     -0.02     0.12     1 
0130321595   40.75250    -74.03608    -0.06      0.00     0.06     1 
0130321596   40.75219    -73.99948     0.02     -0.03     0.03     1 
0130321597   40.75187    -73.96288     0.05     -0.10     0.12     1 
0130321598   40.75153    -73.92629    -0.09     -0.06     0.11     1 
0130321599   40.75119    -73.88969    -0.11     -0.06     0.12     1 
0130321600   40.75083    -73.85309    -0.01     -0.02     0.02     1 
0130321601   40.75046    -73.81650    -0.05     -0.06     0.08     1 
0130321602   40.75008    -73.77990    -0.03     -0.01     0.03     1 
0130321603   40.74969    -73.74331     0.03     -0.03     0.04     1 
0130321604   40.74928    -73.70671    -0.03     -0.07     0.08     1 
0130321605   40.74887    -73.67012    -0.06     -0.04     0.07     1 
0130321606   40.74844    -73.63353    -0.07     -0.04     0.08     1 
0130321607   40.74800    -73.59694    -0.06     -0.04     0.07     1 
0130321608   40.74755    -73.56034    -0.02     -0.01     0.02     1 
0130321609   40.74709    -73.52375     0.00      0.00     0.01     1 
0130321610   40.74661    -73.48717     0.01     -0.02     0.02     1 
0130321611   40.74613    -73.45058     0.12      0.03     0.12     1 
0130321612   40.74563    -73.41399    -0.04      0.03     0.05     1 
0130321613   40.74512    -73.37740     0.00      0.01     0.01     1 
0130321614   40.74460    -73.34082     0.09     -0.01     0.09     1 
0130321615   40.74407    -73.30423     0.09     -0.03     0.10     1 
0130321616   40.74353    -73.26765     0.07      0.02     0.07     1 
0130321617   40.74297    -73.23107     0.08      0.01     0.08     1 
0130321618   40.74240    -73.19449     0.11      0.03     0.11     1 
0130321619   40.74183    -73.15790     0.01     -0.00     0.01     1 
0130321620   40.74124    -73.12132     0.01      0.08     0.08     1 
0130321621   40.74063    -73.08475     0.06      0.02     0.07     1 
0130321622   40.74002    -73.04817     0.08      0.01     0.08     1 
0130321623   40.73940    -73.01159    -0.13     -0.05     0.14     1 
0130321625   40.73811    -72.93845    -0.08     -0.11     0.13     1 
0130321626   40.73745    -72.90187    -0.10     -0.07     0.12     1 
0130321627   40.73678    -72.86530     0.00      0.07     0.07     1 
0130321662   40.72890    -74.32915     0.05      0.02     0.05     1 
0130321663   40.72869    -74.29256     0.07     -0.00     0.07     1 
0130321664   40.72846    -74.25598     0.02      0.02     0.03     1 
0130321665   40.72821    -74.21939    -0.04     -0.04     0.06     1 
0130321666   40.72796    -74.18280    -0.06     -0.04     0.07     1 
0130321667   40.72770    -74.14621    -0.10     -0.03     0.10     1 
0130321668   40.72742    -74.10962    -0.08     -0.02     0.08     1 
0130321669   40.72713    -74.07304     0.00     -0.04     0.04     1 
0130321670   40.72683    -74.03645    -0.06      0.01     0.06     1 
0130321671   40.72652    -73.99987    -0.02     -0.03     0.04     1 
0130321672   40.72620    -73.96328     0.01     -0.02     0.02     1 
0130321673   40.72586    -73.92670    -0.07      0.04     0.08     1 
0130321674   40.72552    -73.89012    -0.02     -0.00     0.02     1 
0130321675   40.72516    -73.85353     0.02     -0.05     0.06     1 
0130321676   40.72479    -73.81695     0.02     -0.01     0.02     1 
0130321677   40.72441    -73.78037    -0.03      0.01     0.03     1 
0130321678   40.72402    -73.74379    -0.02     -0.01     0.03     1 
0130321679   40.72361    -73.70721    -0.03      0.02     0.04     1 
0130321680   40.72320    -73.67063    -0.01     -0.01     0.02     1 
0130321681   40.72277    -73.63405    -0.01     -0.03     0.03     1 
0130321682   40.72233    -73.59747    -0.07     -0.01     0.07     1 
0130321683   40.72188    -73.56090     0.00     -0.01     0.01     1 
0130321684   40.72142    -73.52432    -0.01     -0.00     0.01     1 
0130321685   40.72095    -73.48775    -0.03     -0.01     0.03     1 
0130321686   40.72046    -73.45117     0.02      0.01     0.02     1 
0130321687   40.71997    -73.41460    -0.08      0.02     0.08     1 
0130321688   40.71946    -73.37803     0.01      0.02     0.02     1 
0130321689   40.71894    -73.34145     0.05     -0.03     0.06     1 
0130321690   40.71841    -73.30488     0.03     -0.01     0.03     1 
0130321691   40.71786    -73.26832     0.08      0.02     0.08     1 
0130321692   40.71731    -73.23175    -0.05      0.02     0.06     1 
0130321693   40.71674    -73.19518     0.04      0.01     0.04     1 
0130321694   40.71616    -73.15861     0.09      0.05     0.10     1 
0130321695   40.71558    -73.12205    -0.16     -0.06     0.17     1 
0130321696   40.71497    -73.08548    -0.13     -0.03     0.14     1 
0130321737   40.70323    -74.32941     0.08      0.07     0.11     1 
0130321738   40.70301    -74.29283     0.03      0.03     0.04     1 
0130321739   40.70278    -74.25626     0.00      0.02     0.02     1 
0130321740   40.70254    -74.21969    -0.05      0.07     0.08     1 
0130321741   40.70229    -74.18311    -0.10     -0.07     0.12     1 
0130321742   40.70202    -74.14654    -0.15      0.01     0.15     1 
0130321744   40.70146    -74.07340    -0.07      0.04     0.08     1 
0130321745   40.70116    -74.03682    -0.10     -0.07     0.12     1 
0130321746   40.70085    -74.00025    -0.05     -0.04     0.07     1 
0130321747   40.70053    -73.96368    -0.05     -0.07     0.09     1 
0130321748   40.70019    -73.92711    -0.06     -0.00     0.06     1 
0130321749   40.69985    -73.89054    -0.05      0.01     0.05     1 
0130321750   40.69949    -73.85397    -0.00     -0.03     0.03     1 
0130321751   40.69912    -73.81740    -0.11     -0.01     0.11     1 
0130321752   40.69874    -73.78084    -0.06     -0.01     0.06     1 
0130321753   40.69835    -73.74427    -0.00     -0.01     0.01     1 
0130321754   40.69795    -73.70771     0.06      0.01     0.06     1 
0130321755   40.69753    -73.67114     0.02      0.05     0.05     1 
0130321756   40.69710    -73.63458     0.06      0.08     0.10     1 
0130321757   40.69667    -73.59801     0.06      0.02     0.06     1 
0130321758   40.69622    -73.56145     0.10      0.05     0.11     1 
0130321759   40.69575    -73.52489     0.06     -0.01     0.06     1 
0130321760   40.69528    -73.48833     0.07     -0.01     0.07     1 
0130321761   40.69480    -73.45177     0.07      0.02     0.07     1 
0130321762   40.69430    -73.41521     0.05     -0.00     0.05     1 
0130321763   40.69379    -73.37865     0.02      0.01     0.03     1 
0130321764   40.69327    -73.34209    -0.01     -0.01     0.02     1 
0130321765   40.69274    -73.30554    -0.03      0.01     0.03     1 
0130321766   40.69220    -73.26898    -0.06      0.06     0.09     1 
0130321769   40.69050    -73.15932    -0.17     -0.01     0.17     1 
0130321812   40.67756    -74.32967     0.03      0.02     0.03     1 
0130321813   40.67734    -74.29311     0.03      0.05     0.06     1 
0130321814   40.67711    -74.25655     0.05      0.02     0.05     1 
0130321815   40.67687    -74.21999     0.04      0.03     0.05     1 
0130321816   40.67662    -74.18343    -0.08      0.06     0.10     1 
0130321818   40.67608    -74.11031    -0.06      0.05     0.08     1 
0130321819   40.67579    -74.07375    -0.18      0.00     0.18     1 
0130321821   40.67518    -74.00064    -0.08      0.01     0.08     1 
0130321822   40.67486    -73.96408    -0.03     -0.02     0.03     1 
0130321823   40.67452    -73.92752    -0.05     -0.03     0.06     1 
0130321824   40.67418    -73.89097    -0.05     -0.02     0.06     1 
0130321825   40.67382    -73.85441    -0.08     -0.04     0.09     1 
0130321826   40.67345    -73.81786    -0.12     -0.09     0.15     1 
0130321827   40.67307    -73.78131    -0.05     -0.05     0.07     1 
0130321828   40.67268    -73.74475    -0.06      0.04     0.07     1 
0130321829   40.67228    -73.70820    -0.00     -0.05     0.05     1 
0130321830   40.67186    -73.67165     0.06      0.00     0.06     1 
0130321831   40.67144    -73.63510     0.06     -0.02     0.06     1 
0130321832   40.67100    -73.59855     0.03      0.04     0.05     1 
0130321833   40.67055    -73.56200     0.07     -0.01     0.08     1 
0130321834   40.67009    -73.52545     0.03      0.04     0.05     1 
0130321835   40.66962    -73.48891     0.01      0.06     0.06     1 
0130321836   40.66913    -73.45236    -0.00      0.01     0.01     1 
0130321837   40.66864    -73.41581     0.06      0.02     0.07     1 
0130321838   40.66813    -73.37927     0.01      0.01     0.01     1 
0130321839   40.66761    -73.34273    -0.14     -0.07     0.15     1 
0130321842   40.66598    -73.23310    -0.00     -0.08     0.08     1 
0130321843   40.66542    -73.19656    -0.09     -0.06     0.11     1 
0130321887   40.65189    -74.32993     0.01      0.07     0.07     1 
0130321888   40.65167    -74.29338     0.03      0.05     0.06     1 
0130321889   40.65144    -74.25683     0.07      0.03     0.08     1 
0130321890   40.65120    -74.22029    -0.05     -0.01     0.05     1 
0130321891   40.65094    -74.18374    -0.15     -0.01     0.16     1 
0130321892   40.65068    -74.14719    -0.09     -0.01     0.09     1 
0130321893   40.65040    -74.11065    -0.11      0.03     0.11     1 
0130321894   40.65012    -74.07411    -0.16      0.04     0.17     1 
0130321895   40.64982    -74.03756    -0.09     -0.08     0.12     1 
0130321896   40.64951    -74.00102     0.01     -0.01     0.01     1 
0130321897   40.64919    -73.96448    -0.05     -0.03     0.06     1 
0130321898   40.64885    -73.92793    -0.07      0.01     0.07     1 
0130321899   40.64851    -73.89139    -0.10      0.03     0.11     1 
0130321900   40.64815    -73.85485     0.06      0.08     0.10     1 
0130321901   40.64778    -73.81831    -0.01     -0.03     0.03     1 
0130321902   40.64740    -73.78177    -0.11      0.01     0.11     1 
0130321903   40.64701    -73.74523    -0.14     -0.03     0.14     1 
0130321904   40.64661    -73.70870    -0.01      0.00     0.01     1 
0130321905   40.64619    -73.67216    -0.00     -0.08     0.08     1 
0130321906   40.64577    -73.63562     0.03     -0.02     0.04     1 
0130321907   40.64533    -73.59909    -0.02     -0.02     0.03     1 
0130321908   40.64488    -73.56255    -0.05     -0.01     0.05     1 
0130321909   40.64442    -73.52602    -0.07     -0.04     0.08     1 
0130321910   40.64395    -73.48949    -0.07     -0.03     0.08     1 
0130321911   40.64346    -73.45295    -0.16      0.05     0.17     1 
0130321912   40.64297    -73.41642    -0.04      0.01     0.04     1 
0130321913   40.64246    -73.37989    -0.12      0.05     0.13     1 
0130321914   40.64194    -73.34336    -0.05      0.01     0.05     1 
0130321915   40.64142    -73.30683     0.06      0.07     0.09     1 
0130321916   40.64087    -73.27031    -0.00     -0.01     0.01     1 
0130321918   40.63976    -73.19725     0.08     -0.12     0.14     1 
0130321962   40.62621    -74.33018     0.08      0.06     0.10     1 
0130321963   40.62599    -74.29365     0.06      0.05     0.08     1 
0130321964   40.62577    -74.25712    -0.06      0.03     0.07     1 
0130321965   40.62552    -74.22058    -0.08      0.02     0.08     1 
0130321966   40.62527    -74.18405    -0.07     -0.04     0.09     1 
0130321967   40.62501    -74.14752    -0.02     -0.01     0.03     1 
0130321968   40.62473    -74.11099     0.04      0.01     0.04     1 
0130321969   40.62445    -74.07446    -0.02     -0.04     0.04     1 
0130321970   40.62415    -74.03793    -0.02     -0.02     0.03     1 
0130321971   40.62384    -74.00140    -0.11      0.01     0.11     1 
0130321972   40.62351    -73.96487    -0.06      0.01     0.06     1 
0130321973   40.62318    -73.92834    -0.05      0.04     0.07     1 
0130321974   40.62284    -73.89182    -0.05      0.13     0.14     1 
0130321975   40.62248    -73.85529    -0.05     -0.09     0.11     1 
0130321976   40.62211    -73.81876    -0.18      0.08     0.20     1 
0130321977   40.62173    -73.78224    -0.04     -0.04     0.05     1 
0130321978   40.62134    -73.74572    -0.13     -0.02     0.13     1 
0130321979   40.62094    -73.70919     0.02      0.08     0.08     1 
0130321980   40.62053    -73.67267    -0.03      0.01     0.03     1 
0130321981   40.62010    -73.63614    -0.06      0.01     0.06     1 
0130321982   40.61966    -73.59962    -0.10     -0.00     0.10     1 
0130321983   40.61921    -73.56310    -0.03      0.02     0.04     1 
0130321984   40.61876    -73.52658    -0.11     -0.03     0.11     1 
0130321985   40.61828    -73.49006    -0.08     -0.10     0.13     1 
0130321986   40.61780    -73.45355    -0.06     -0.03     0.07     1 
0130321987   40.61731    -73.41703    -0.07     -0.08     0.10     1 
0130322036   40.60074    -74.36696     0.05      0.03     0.05     1 
0130322037   40.60054    -74.33044     0.07     -0.01     0.07     1 
0130322038   40.60032    -74.29392     0.05     -0.03     0.06     1 
0130322039   40.60009    -74.25740    -0.08     -0.01     0.08     1 
0130322040   40.59985    -74.22088    -0.11     -0.04     0.12     1 
0130322041   40.59960    -74.18436    -0.06     -0.02     0.06     1 
0130322042   40.59934    -74.14785     0.09     -0.02     0.09     1 
0130322043   40.59906    -74.11133     0.11     -0.01     0.11     1 
0130322044   40.59877    -74.07481     0.01     -0.08     0.08     1 
0130322045   40.59848    -74.03830    -0.11     -0.11     0.15     1 
0130322047   40.59784    -73.96527    -0.06      0.00     0.06     1 
0130322048   40.59751    -73.92875    -0.03      0.01     0.04     1 
0130322049   40.59717    -73.89224    -0.19      0.02     0.19     1 
0130322050   40.59681    -73.85573    -0.13      0.07     0.15     1 
0130322051   40.59644    -73.81922    -0.06      0.00     0.07     1 
0130322052   40.59606    -73.78270     0.14     -0.08     0.16     1 
0130322053   40.59567    -73.74620     0.03     -0.05     0.06     1 
0130322054   40.59527    -73.70968    -0.05      0.07     0.08     1 
0130322055   40.59486    -73.67318    -0.08      0.03     0.09     1 
0130322056   40.59443    -73.63667    -0.09      0.04     0.10     1 
0130322058   40.59355    -73.56365    -0.02      0.10     0.10     1 
0130322059   40.59309    -73.52715    -0.03      0.15     0.15     1 
0130322111   40.57507    -74.36720     0.13      0.04     0.13     1 
0130322112   40.57487    -74.33069     0.06      0.00     0.06     1 
0130322113   40.57465    -74.29419     0.05     -0.02     0.05     1 
0130322114   40.57442    -74.25768    -0.08     -0.04     0.09     1 
0130322115   40.57418    -74.22118    -0.11      0.01     0.11     1 
0130322116   40.57393    -74.18468    -0.18     -0.00     0.18     1 
0130322117   40.57366    -74.14817     0.09      0.02     0.09     1 
0130322118   40.57339    -74.11167     0.01     -0.03     0.03     1 
0130322119   40.57310    -74.07517    -0.02     -0.01     0.02     1 
0130322121   40.57249    -74.00217     0.05     -0.12     0.12     1 
0130322123   40.57184    -73.92916    -0.09      0.10     0.13     1 
0130322124   40.57150    -73.89266    -0.14     -0.19     0.24     1 
0130322186   40.54940    -74.36744     0.09     -0.06     0.11     1 
0130322187   40.54919    -74.33095     0.01     -0.09     0.09     1 
0130322188   40.54897    -74.29446    -0.06     -0.08     0.10     1 
0130322189   40.54875    -74.25797    -0.09     -0.04     0.10     1 
0130322190   40.54850    -74.22148    -0.06     -0.09     0.11     1 
0130322191   40.54825    -74.18499     0.03     -0.04     0.05     1 
0130322192   40.54799    -74.14850     0.09     -0.02     0.09     1 
0130322261   40.52372    -74.36768    -0.01     -0.10     0.10     1 
0130322262   40.52352    -74.33120    -0.07     -0.07     0.10     1 
0130322263   40.52330    -74.29473    -0.05     -0.05     0.07     1 
0130322264   40.52307    -74.25825    -0.02     -0.03     0.04     1 
0130322265   40.52283    -74.22177     0.09     -0.07     0.11     1 
0130322266   40.52258    -74.18530     0.06     -0.10     0.12     1 
0130322336   40.49805    -74.36792    -0.10     -0.02     0.11     1 
0130322337   40.49784    -74.33146    -0.11      0.05     0.12     1 
0130322338   40.49763    -74.29500    -0.15     -0.08     0.17     1 
0130322339   40.49740    -74.25853     0.08     -0.12     0.14     1 
0130322340   40.49716    -74.22207     0.08      0.02     0.09     1 
0130322410   40.47257    -74.40461    -0.03      0.02     0.03     1 
0130322411   40.47237    -74.36816    -0.11     -0.05     0.12     1 
0130322412   40.47217    -74.33172     0.03      0.00     0.03     1 
0130322413   40.47195    -74.29527     0.01     -0.02     0.02     1 
0130322485   40.44689    -74.40484    -0.02     -0.09     0.09     1 
0130322486   40.44670    -74.36840    -0.05     -0.04     0.07     1 
0130322487   40.44649    -74.33197     0.04     -0.08     0.08     1 
0130322488   40.44628    -74.29553    -0.05     -0.07     0.08     1 
0130322489   40.44605    -74.25910     0.02     -0.10     0.10     1 
0130322490   40.44581    -74.22266    -0.08     -0.05     0.10     1 
0130322491   40.44556    -74.18623    -0.13     -0.20     0.24     1 
0130322492   40.44530    -74.14980    -0.12     -0.11     0.16     1 
0130322493   40.44503    -74.11336    -0.18     -0.02     0.18     1 
0130322496   40.44414    -74.00407     0.08     -0.14     0.16     1 
0130322560   40.42122    -74.40507     0.02     -0.01     0.02     1 
0130322561   40.42103    -74.36865    -0.05     -0.01     0.05     1 
0130322562   40.42082    -74.33222    -0.09     -0.22     0.23     1 
0130322563   40.42061    -74.29580     0.16     -0.05     0.17     1 
0130322564   40.42038    -74.25938     0.11     -0.05     0.12     1 
0130322565   40.42014    -74.22296    -0.02     -0.05     0.05     1 
0130322566   40.41989    -74.18654     0.02     -0.01     0.02     1 
0130322567   40.41963    -74.15012     0.04     -0.08     0.09     1 
0130322568   40.41935    -74.11370     0.17     -0.06     0.18     1 
0130322569   40.41907    -74.07728     0.05     -0.10     0.11     1 
0130322570   40.41877    -74.04086    -0.16     -0.09     0.18     1 
0130322635   40.39554    -74.40529     0.17     -0.01     0.17     1 
0130322636   40.39535    -74.36889    -0.01      0.07     0.08     1 
0130322637   40.39515    -74.33248     0.07     -0.06     0.09     1 
0130322638   40.39493    -74.29607     0.13     -0.01     0.13     1 
0130322639   40.39470    -74.25966     0.17     -0.01     0.17     1 
0130322640   40.39446    -74.22325     0.11     -0.02     0.11     1 
0130322641   40.39421    -74.18685     0.14      0.06     0.15     1 
0130322642   40.39395    -74.15044     0.20     -0.05     0.20     1 
0130322643   40.39368    -74.11404     0.12     -0.00     0.12     1 
0130322644   40.39339    -74.07763     0.14     -0.04     0.14     1 
0130322645   40.39310    -74.04123     0.16     -0.08     0.17     1 
0130322646   40.39279    -74.00482    -0.00     -0.02     0.02     1 
0130322647   40.39247    -73.96842    -0.03     -0.02     0.04     1 
0130322710   40.36987    -74.40552     0.04     -0.00     0.04     1 
0130322711   40.36968    -74.36912     0.06     -0.00     0.06     1 
0130322712   40.36947    -74.33273     0.15      0.02     0.15     1 
0130322713   40.36926    -74.29634     0.10     -0.04     0.11     1 
0130322714   40.36903    -74.25994     0.11     -0.04     0.12     1 
0130322715   40.36879    -74.22355     0.22     -0.04     0.23     1 
0130322716   40.36854    -74.18716     0.17     -0.04     0.17     1 
0130322717   40.36828    -74.15076     0.10     -0.06     0.12     1 
0130322718   40.36801    -74.11437     0.12     -0.05     0.13     1 
0130322719   40.36772    -74.07798     0.11     -0.05     0.12     1 
0130322720   40.36743    -74.04159    -0.05     -0.08     0.09     1 
0130322721   40.36712    -74.00520     0.10     -0.01     0.10     1 
0130322722   40.36680    -73.96881    -0.15      0.18     0.23     1 
0130322784   40.34437    -74.44213    -0.03      0.09     0.09     1 
0130322785   40.34419    -74.40574     0.04     -0.07     0.08     1 
0130322786   40.34400    -74.36936     0.18     -0.04     0.19     1 
0130322787   40.34380    -74.33298     0.16     -0.07     0.18     1 
0130322788   40.34358    -74.29660     0.15     -0.04     0.16     1 
0130322789   40.34336    -74.26022     0.18     -0.04     0.18     1 
0130322790   40.34312    -74.22384     0.19     -0.05     0.19     1 
0130322791   40.34287    -74.18747     0.12     -0.01     0.12     1 
0130322792   40.34261    -74.15109     0.08     -0.05     0.09     1 
0130322793   40.34233    -74.11471     0.15      0.04     0.15     1 
0130322794   40.34205    -74.07833     0.02     -0.06     0.07     1 
0130322795   40.34175    -74.04195     0.08     -0.08     0.12     1 
0130322796   40.34145    -74.00558    -0.12     -0.06     0.13     1 
0130322797   40.34113    -73.96920    -0.03      0.06     0.06     1 
0130322859   40.31870    -74.44234    -0.02     -0.01     0.02     1 
0130322861   40.31833    -74.36960     0.16     -0.02     0.16     1 
0130322862   40.31812    -74.33324     0.18      0.01     0.18     1 
0130322863   40.31791    -74.29687     0.14     -0.03     0.14     1 
0130322864   40.31768    -74.26050     0.12     -0.01     0.12     1 
0130322865   40.31744    -74.22414     0.08     -0.01     0.08     1 
0130322866   40.31719    -74.18777     0.13     -0.03     0.14     1 
0130322867   40.31693    -74.15141     0.10      0.01     0.10     1 
0130322868   40.31666    -74.11504     0.05     -0.04     0.07     1 
0130322869   40.31638    -74.07868     0.13     -0.08     0.15     1 
0130322870   40.31608    -74.04232    -0.03     -0.05     0.05     1 
0130322871   40.31577    -74.00595    -0.02     -0.07     0.07     1 
0130322934   40.29303    -74.44255     0.21      0.00     0.21     1 
0130322935   40.29284    -74.40619     0.15      0.04     0.15     1 
0130322936   40.29265    -74.36984     0.16      0.03     0.16     1 
0130322937   40.29245    -74.33349     0.13      0.07     0.15     1 
0130322938   40.29223    -74.29714     0.10     -0.03     0.11     1 
0130322939   40.29201    -74.26078     0.15      0.04     0.15     1 
0130322940   40.29177    -74.22443     0.16     -0.00     0.16     1 
0130322941   40.29152    -74.18808     0.09      0.01     0.09     1 
0130322942   40.29126    -74.15173     0.06     -0.02     0.06     1 
0130322943   40.29099    -74.11538     0.13     -0.05     0.14     1 
0130322944   40.29070    -74.07903     0.09     -0.05     0.11     1 
0130322945   40.29041    -74.04268     0.06     -0.07     0.09     1 
0130322946   40.29010    -74.00633     0.09     -0.06     0.11     1 
0130323009   40.26735    -74.44276     0.17      0.01     0.17     1 
0130323010   40.26717    -74.40642     0.10     -0.06     0.12     1 
0130323011   40.26698    -74.37008     0.06     -0.11     0.12     1 
0130323012   40.26677    -74.33374    -0.06      0.05     0.08     1 
0130323013   40.26656    -74.29740     0.08     -0.09     0.12     1 
0130323014   40.26633    -74.26106     0.09     -0.02     0.09     1 
0130323015   40.26609    -74.22473     0.16     -0.03     0.16     1 
0130323017   40.26558    -74.15205     0.09     -0.06     0.11     1 
0130323018   40.26531    -74.11571     0.07     -0.02     0.08     1 
0130323019   40.26503    -74.07938     0.17     -0.08     0.19     1 
0130323020   40.26473    -74.04304     0.02     -0.01     0.02     1 
0130323021   40.26443    -74.00671     0.11     -0.04     0.12     1 
0130323084   40.24167    -74.44297     0.12     -0.05     0.13     1 
0130323085   40.24149    -74.40664     0.15      0.07     0.17     1 
0130323086   40.24130    -74.37032     0.15     -0.09     0.17     1 
0130323087   40.24110    -74.33399     0.08      0.03     0.09     1 
0130323088   40.24088    -74.29767     0.02     -0.06     0.07     1 
0130323089   40.24066    -74.26134     0.09     -0.09     0.13     1 
0130323091   40.24017    -74.18869     0.04     -0.11     0.12     1 
0130323092   40.23991    -74.15237     0.01     -0.11     0.11     1 
0130323093   40.23964    -74.11605    -0.01     -0.15     0.15     1 
0130323094   40.23936    -74.07972     0.02     -0.08     0.08     1 
0130323095   40.23906    -74.04340    -0.00     -0.05     0.05     1 
0130323096   40.23875    -74.00708    -0.03      0.01     0.03     1 
0130323158   40.21617    -74.47949     0.13     -0.10     0.16     1 
0130323159   40.21600    -74.44318     0.17     -0.06     0.18     1 
0130323160   40.21582    -74.40687     0.13     -0.09     0.16     1 
0130323161   40.21563    -74.37055     0.07     -0.02     0.07     1 
0130323162   40.21542    -74.33424     0.22     -0.01     0.22     1 
0130323163   40.21521    -74.29793     0.12     -0.03     0.12     1 
0130323164   40.21498    -74.26162     0.08     -0.07     0.11     1 
0130323165   40.21475    -74.22531     0.07     -0.01     0.07     1 
0130323166   40.21450    -74.18900     0.07     -0.03     0.08     1 
0130323167   40.21424    -74.15269     0.12     -0.04     0.13     1 
0130323168   40.21397    -74.11638     0.06     -0.06     0.09     1 
0130323169   40.21368    -74.08007     0.11      0.05     0.12     1 
0130323170   40.21339    -74.04376     0.00     -0.19     0.19     1 
0130323171   40.21308    -74.00746    -0.04      0.04     0.06     1 
0130323233   40.19049    -74.47969     0.09     -0.08     0.12     1 
0130323234   40.19032    -74.44339     0.12     -0.13     0.18     1 
0130323235   40.19014    -74.40709     0.14     -0.11     0.17     1 
0130323236   40.18995    -74.37079     0.03     -0.04     0.05     1 
0130323237   40.18975    -74.33450     0.14     -0.04     0.15     1 
0130323238   40.18953    -74.29820     0.09     -0.03     0.10     1 
0130323239   40.18931    -74.26190     0.26     -0.01     0.26     1 
0130323240   40.18907    -74.22560     0.16      0.01     0.16     1 
0130323241   40.18882    -74.18931     0.12     -0.07     0.13     1 
0130323242   40.18856    -74.15301     0.15     -0.02     0.15     1 
0130323243   40.18829    -74.11671     0.06     -0.09     0.10     1 
0130323244   40.18801    -74.08042     0.03     -0.05     0.06     1 
0130323245   40.18771    -74.04412    -0.07     -0.03     0.07     1 
0130323246   40.18741    -74.00783    -0.02      0.11     0.11     1 
0130323308   40.16481    -74.47988     0.10     -0.09     0.14     1 
0130323309   40.16465    -74.44360     0.09      0.01     0.09     1 
0130323310   40.16447    -74.40731     0.08     -0.03     0.09     1 
0130323311   40.16428    -74.37103     0.01     -0.04     0.04     1 
0130323312   40.16407    -74.33474     0.06     -0.02     0.07     1 
0130323313   40.16386    -74.29846     0.14     -0.12     0.18     1 
0130323314   40.16363    -74.26218     0.11     -0.08     0.13     1 
0130323315   40.16340    -74.22589     0.03     -0.06     0.07     1 
0130323316   40.16315    -74.18961     0.12     -0.07     0.14     1 
0130323317   40.16289    -74.15333     0.13     -0.07     0.15     1 
0130323318   40.16262    -74.11705     0.03     -0.10     0.11     1 
0130323319   40.16233    -74.08077     0.08     -0.11     0.14     1 
0130323320   40.16204    -74.04448     0.01     -0.10     0.11     1 
0130323383   40.13914    -74.48008     0.15     -0.02     0.16     1 
0130323384   40.13897    -74.44381    -0.04     -0.03     0.05     1 
0130323385   40.13879    -74.40754     0.03     -0.06     0.07     1 
0130323386   40.13860    -74.37127     0.17     -0.04     0.18     1 
0130323387   40.13840    -74.33500     0.17     -0.08     0.18     1 
0130323388   40.13818    -74.29873     0.04     -0.05     0.06     1 
0130323389   40.13796    -74.26246     0.18     -0.05     0.19     1 
0130323390   40.13772    -74.22619     0.09     -0.06     0.11     1 
0130323391   40.13747    -74.18992     0.05     -0.05     0.07     1 
0130323392   40.13721    -74.15365     0.09     -0.08     0.12     1 
0130323393   40.13694    -74.11738     0.10     -0.06     0.12     1 
0130323394   40.13666    -74.08111     0.02     -0.10     0.10     1 
0130323395   40.13637    -74.04484     0.03     -0.04     0.05     1 
0130323458   40.11346    -74.48028     0.16      0.02     0.16     1 
0130323459   40.11329    -74.44402     0.09      0.03     0.10     1 
0130323460   40.11311    -74.40776     0.03     -0.04     0.05     1 
0130323461   40.11292    -74.37150     0.17      0.02     0.17     1 
0130323462   40.11272    -74.33525     0.15     -0.06     0.16     1 
0130323463   40.11251    -74.29899     0.08     -0.03     0.09     1 
0130323464   40.11228    -74.26273     0.15     -0.06     0.16     1 
0130323465   40.11205    -74.22648     0.09     -0.02     0.09     1 
0130323466   40.11180    -74.19022     0.11     -0.08     0.13     1 
0130323467   40.11154    -74.15397     0.10     -0.06     0.12     1 
0130323468   40.11127    -74.11771     0.10     -0.07     0.12     1 
0130323469   40.11099    -74.08146     0.00     -0.15     0.15     1 
0130323470   40.11069    -74.04520    -0.06     -0.11     0.12     1 
0130323532   40.08794    -74.51672     0.02      0.08     0.09     1 
0130323533   40.08779    -74.48047     0.12     -0.06     0.14     1 
0130323534   40.08762    -74.44423     0.07     -0.01     0.07     1 
0130323535   40.08744    -74.40798     0.04     -0.06     0.07     1 
0130323536   40.08725    -74.37174     0.13      0.05     0.14     1 
0130323537   40.08705    -74.33550     0.02     -0.02     0.03     1 
0130323538   40.08683    -74.29925     0.11     -0.05     0.12     1 
0130323539   40.08661    -74.26301     0.25     -0.07     0.26     1 
0130323540   40.08637    -74.22677    -0.07      0.08     0.10     1 
0130323541   40.08612    -74.19053     0.09     -0.06     0.10     1 
0130323542   40.08586    -74.15428     0.08     -0.04     0.09     1 
0130323543   40.08559    -74.11804     0.03     -0.04     0.05     1 
0130323544   40.08531    -74.08180    -0.06     -0.07     0.09     1 
0130323545   40.08502    -74.04556     0.03     -0.03     0.04     1 
0130323607   40.06227    -74.51690     0.13     -0.02     0.13     1 
0130323608   40.06211    -74.48067     0.13      0.02     0.13     1 
0130323609   40.06194    -74.44444     0.04      0.00     0.04     1 
0130323610   40.06176    -74.40821     0.01      0.03     0.03     1 
0130323611   40.06157    -74.37198     0.02     -0.06     0.06     1 
0130323612   40.06137    -74.33575    -0.08     -0.09     0.12     1 
0130323613   40.06116    -74.29952     0.08     -0.05     0.10     1 
0130323614   40.06093    -74.26329     0.08     -0.04     0.09     1 
0130323615   40.06070    -74.22706     0.01     -0.03     0.03     1 
0130323616   40.06045    -74.19083    -0.01     -0.06     0.06     1 
0130323617   40.06019    -74.15460     0.04     -0.07     0.08     1 
0130323618   40.05992    -74.11837    -0.05     -0.02     0.05     1 
0130323619   40.05964    -74.08215    -0.08     -0.09     0.12     1 
0130323620   40.05935    -74.04592    -0.03      0.11     0.11     1 
0130323682   40.03659    -74.51708     0.10     -0.04     0.10     1 
0130323683   40.03643    -74.48086     0.01      0.04     0.04     1 
0130323684   40.03627    -74.44464     0.04     -0.02     0.05     1 
0130323685   40.03609    -74.40843     0.08      0.02     0.08     1 
0130323686   40.03589    -74.37221    -0.00     -0.03     0.03     1 
0130323687   40.03569    -74.33599    -0.01     -0.03     0.03     1 
0130323688   40.03548    -74.29978     0.10     -0.01     0.10     1 
0130323689   40.03526    -74.26356    -0.14      0.05     0.15     1 
0130323690   40.03502    -74.22735     0.08     -0.06     0.10     1 
0130323691   40.03477    -74.19113     0.08     -0.07     0.11     1 
0130323692   40.03451    -74.15492     0.03     -0.09     0.10     1 
0130323693   40.03424    -74.11871     0.01     -0.03     0.03     1 
0130323694   40.03396    -74.08249    -0.00     -0.02     0.02     1 
0130323695   40.03367    -74.04628    -0.05      0.12     0.13     1 
0130323757   40.01091    -74.51726     0.09     -0.05     0.10     1 
0130323758   40.01076    -74.48106    -0.08     -0.05     0.10     1 
0130323759   40.01059    -74.44485     0.00     -0.01     0.01     1 
0130323760   40.01041    -74.40865     0.02      0.01     0.02     1 
0130323761   40.01022    -74.37245     0.05      0.04     0.06     1 
0130323762   40.01002    -74.33624     0.02      0.02     0.03     1 
0130323763   40.00980    -74.30004     0.09      0.01     0.09     1 
0130323764   40.00958    -74.26384     0.04     -0.01     0.04     1 
0130323765   40.00934    -74.22764     0.07     -0.06     0.09     1 
0130323766   40.00910    -74.19144     0.11     -0.01     0.11     1 
0130323767   40.00884    -74.15524     0.08     -0.08     0.11     1 
0130323768   40.00857    -74.11903    -0.06     -0.02     0.06     1 
0130323769   40.00829    -74.08284    -0.13     -0.06     0.14     1 
0130323831   39.98538    -74.55363    -0.07      0.17     0.19     1 
0130323832   39.98524    -74.51744    -0.07     -0.03     0.08     1 
0130323833   39.98508    -74.48125    -0.09     -0.06     0.11     1 
0130323834   39.98491    -74.44506    -0.02     -0.02     0.02     1 
0130323835   39.98473    -74.40887    -0.01     -0.01     0.02     1 
0130323836   39.98454    -74.37268     0.06     -0.07     0.10     1 
0130323837   39.98434    -74.33649    -0.05     -0.05     0.07     1 
0130323838   39.98413    -74.30030    -0.08      0.00     0.08     1 
0130323839   39.98390    -74.26412     0.00     -0.04     0.04     1 
0130323840   39.98367    -74.22793     0.03     -0.01     0.03     1 
0130323841   39.98342    -74.19174     0.09     -0.04     0.09     1 
0130323842   39.98316    -74.15555     0.15      0.00     0.15     1 
0130323843   39.98289    -74.11937    -0.00     -0.01     0.01     1 
0130323844   39.98261    -74.08318     0.01     -0.10     0.10     1 
0130323906   39.95970    -74.55380     0.03     -0.08     0.09     1 
0130323907   39.95956    -74.51762     0.03     -0.03     0.04     1 
0130323908   39.95940    -74.48144    -0.09     -0.14     0.17     1 
0130323909   39.95923    -74.44527     0.04     -0.06     0.07     1 
0130323910   39.95906    -74.40909     0.01     -0.08     0.08     1 
0130323911   39.95887    -74.37292     0.06     -0.04     0.07     1 
0130323912   39.95867    -74.33674     0.05     -0.05     0.07     1 
0130323913   39.95845    -74.30057     0.07     -0.04     0.08     1 
0130323914   39.95823    -74.26439    -0.01     -0.07     0.07     1 
0130323915   39.95799    -74.22822     0.04     -0.03     0.05     1 
0130323916   39.95775    -74.19204     0.04     -0.04     0.06     1 
0130323917   39.95749    -74.15587     0.09     -0.05     0.10     1 
0130323918   39.95722    -74.11969    -0.05     -0.02     0.06     1 
0130323919   39.95694    -74.08352    -0.02     -0.06     0.06     1 
0130323981   39.93403    -74.55397     0.12     -0.02     0.12     1 
0130323982   39.93388    -74.51780     0.06     -0.08     0.10     1 
0130323983   39.93373    -74.48164     0.01     -0.03     0.03     1 
0130323984   39.93356    -74.44548     0.09     -0.07     0.12     1 
0130323985   39.93338    -74.40931     0.13     -0.03     0.13     1 
0130323986   39.93319    -74.37315     0.05     -0.01     0.05     1 
0130323987   39.93299    -74.33699     0.09      0.11     0.15     1 
0130323988   39.93278    -74.30083    -0.01     -0.05     0.05     1 
0130323989   39.93255    -74.26466     0.08      0.02     0.08     1 
0130323990   39.93232    -74.22850    -0.02     -0.06     0.06     1 
0130323991   39.93207    -74.19234     0.06     -0.10     0.12     1 
0130323992   39.93181    -74.15618     0.01     -0.06     0.06     1 
0130323993   39.93154    -74.12002    -0.07     -0.08     0.11     1 
0130323994   39.93126    -74.08387    -0.01      0.17     0.18     1 
0130324056   39.90835    -74.55413     0.01     -0.05     0.05     1 
0130324057   39.90820    -74.51798    -0.05     -0.04     0.06     1 
0130324058   39.90805    -74.48183     0.08      0.00     0.08     1 
0130324059   39.90788    -74.44568    -0.06     -0.07     0.10     1 
0130324060   39.90770    -74.40953     0.09      0.00     0.09     1 
0130324061   39.90751    -74.37338     0.09      0.02     0.09     1 
0130324062   39.90731    -74.33724     0.07      0.03     0.08     1 
0130324063   39.90710    -74.30109     0.09     -0.02     0.09     1 
0130324064   39.90688    -74.26494     0.15     -0.05     0.16     1 
0130324065   39.90664    -74.22879     0.11     -0.03     0.11     1 
0130324066   39.90640    -74.19264    -0.04     -0.06     0.07     1 
0130324067   39.90614    -74.15650     0.02     -0.03     0.04     1 
0130324068   39.90587    -74.12035    -0.10     -0.10     0.14     1 
0130324069   39.90559    -74.08421    -0.02      0.23     0.23     1 
0130324131   39.88267    -74.55430     0.03      0.04     0.04     1 
0130324132   39.88253    -74.51816     0.11      0.00     0.12     1 
0130324133   39.88237    -74.48203     0.07     -0.09     0.11     1 
0130324134   39.88220    -74.44589     0.10     -0.06     0.12     1 
0130324135   39.88202    -74.40975     0.03     -0.11     0.11     1 
0130324136   39.88184    -74.37362    -0.03     -0.08     0.08     1 
0130324137   39.88164    -74.33748     0.04     -0.07     0.08     1 
0130324138   39.88142    -74.30135     0.01     -0.07     0.07     1 
0130324139   39.88120    -74.26521    -0.07      0.06     0.09     1 
0130324140   39.88097    -74.22908    -0.03     -0.02     0.04     1 
0130324141   39.88072    -74.19295     0.14     -0.05     0.15     1 
0130324142   39.88046    -74.15681     0.11      0.01     0.11     1 
0130324143   39.88019    -74.12068    -0.18     -0.13     0.22     1 
0130324205   39.85713    -74.59059     0.09     -0.12     0.15     1 
0130324206   39.85699    -74.55446     0.06     -0.04     0.07     1 
0130324207   39.85685    -74.51834     0.05     -0.04     0.06     1 
0130324208   39.85669    -74.48222    -0.02      0.02     0.03     1 
0130324210   39.85635    -74.40997     0.11     -0.09     0.14     1 
0130324211   39.85616    -74.37385     0.03     -0.10     0.10     1 
0130324212   39.85596    -74.33773     0.14     -0.14     0.20     1 
0130324213   39.85575    -74.30161    -0.03     -0.09     0.09     1 
0130324214   39.85552    -74.26549     0.02     -0.10     0.10     1 
0130324215   39.85529    -74.22937     0.05     -0.02     0.06     1 
0130324216   39.85504    -74.19325     0.11     -0.07     0.13     1 
0130324217   39.85479    -74.15713     0.01     -0.02     0.02     1 
0130324218   39.85452    -74.12101    -0.04     -0.09     0.10     1 
0130324280   39.83145    -74.59074     0.04     -0.03     0.05     1 
0130324281   39.83132    -74.55463     0.14      0.09     0.17     1 
0130324282   39.83117    -74.51852     0.05     -0.02     0.06     1 
0130324283   39.83102    -74.48241     0.07      0.02     0.08     1 
0130324284   39.83085    -74.44630     0.09      0.00     0.09     1 
0130324285   39.83067    -74.41019     0.06     -0.08     0.10     1 
0130324286   39.83048    -74.37408     0.07     -0.02     0.07     1 
0130324287   39.83028    -74.33798     0.02      0.02     0.02     1 
0130324288   39.83007    -74.30187     0.02     -0.05     0.06     1 
0130324289   39.82985    -74.26576     0.06     -0.09     0.11     1 
0130324290   39.82961    -74.22965     0.01     -0.04     0.04     1 
0130324291   39.82937    -74.19355    -0.03     -0.06     0.07     1 
0130324292   39.82911    -74.15744    -0.05     -0.13     0.14     1 
0130324355   39.80577    -74.59089     0.02      0.01     0.03     1 
0130324356   39.80564    -74.55480     0.02     -0.01     0.03     1 
0130324357   39.80549    -74.51870     0.20     -0.01     0.20     1 
0130324358   39.80534    -74.48260    -0.00      0.04     0.04     1 
0130324359   39.80517    -74.44651     0.15     -0.04     0.15     1 
0130324360   39.80499    -74.41041    -0.03     -0.02     0.04     1 
0130324361   39.80480    -74.37432     0.07     -0.02     0.08     1 
0130324362   39.80460    -74.33822     0.03     -0.01     0.03     1 
0130324363   39.80439    -74.30213     0.03     -0.08     0.09     1 
0130324364   39.80417    -74.26603     0.08      0.03     0.09     1 
0130324365   39.80394    -74.22994     0.07     -0.03     0.08     1 
0130324366   39.80369    -74.19385     0.02     -0.06     0.06     1 
0130324368   39.80317    -74.12166    -0.06      0.12     0.14     1 
0130324430   39.78009    -74.59105     0.13      0.14     0.19     1 
0130324431   39.77996    -74.55496    -0.02      0.11     0.11     1 
0130324432   39.77981    -74.51888     0.06      0.03     0.07     1 
0130324433   39.77966    -74.48280     0.07      0.05     0.09     1 
0130324434   39.77949    -74.44671     0.04     -0.02     0.05     1 
0130324435   39.77932    -74.41063     0.06      0.02     0.06     1 
0130324436   39.77913    -74.37455     0.07     -0.07     0.09     1 
0130324437   39.77893    -74.33847     0.15     -0.02     0.15     1 
0130324438   39.77872    -74.30239     0.01     -0.03     0.03     1 
0130324439   39.77849    -74.26631     0.00     -0.11     0.11     1 
0130324441   39.77802    -74.19415     0.05      0.01     0.05     1 
0130324443   39.77749    -74.12199    -0.02     -0.06     0.07     1 
0130324506   39.75428    -74.55513     0.15     -0.07     0.17     1 
0130324507   39.75414    -74.51906    -0.01      0.04     0.04     1 
0130324508   39.75398    -74.48299     0.17      0.04     0.17     1 
0130324509   39.75382    -74.44692     0.10      0.07     0.12     1 
0130324510   39.75364    -74.41085     0.15      0.04     0.15     1 
0130324511   39.75345    -74.37478     0.09      0.00     0.09     1 
0130324512   39.75325    -74.33871     0.11      0.02     0.11     1 
0130324513   39.75304    -74.30265     0.06      0.03     0.07     1 
0130324514   39.75282    -74.26658     0.18      0.02     0.18     1 
0130324515   39.75258    -74.23051     0.10      0.02     0.10     1 
0130324516   39.75234    -74.19445    -0.09      0.00     0.09     1 
0130324518   39.75182    -74.12232     0.04      0.03     0.05     1 
0130324519   39.75154    -74.08625    -0.02      0.16     0.16     1 
0130324579   39.72886    -74.62741     0.10      0.10     0.14     1 
0130324580   39.72874    -74.59135     0.22      0.10     0.24     1 
0130324581   39.72860    -74.55529     0.14      0.01     0.14     1 
0130324582   39.72846    -74.51924    -0.10     -0.04     0.10     1 
0130324583   39.72830    -74.48318     0.01     -0.00     0.01     1 
0130324584   39.72814    -74.44712     0.04      0.07     0.09     1 
0130324585   39.72796    -74.41107     0.03      0.02     0.03     1 
0130324586   39.72777    -74.37502     0.16     -0.01     0.16     1 
0130324587   39.72757    -74.33896     0.17      0.12     0.21     1 
0130324588   39.72736    -74.30291     0.14     -0.00     0.14     1 
0130324589   39.72714    -74.26685     0.08     -0.01     0.08     1 
0130324590   39.72691    -74.23080     0.24      0.02     0.24     1 
0130324591   39.72666    -74.19474    -0.01      0.02     0.02     1 
0130324592   39.72641    -74.15869     0.03      0.02     0.03     1 
0130324593   39.72614    -74.12264     0.03      0.22     0.22     1 
0130324654   39.70318    -74.62754     0.11      0.01     0.11     1 
0130324655   39.70306    -74.59150     0.15      0.02     0.15     1 
0130324656   39.70292    -74.55546     0.05     -0.01     0.05     1 
0130324657   39.70278    -74.51941     0.06     -0.01     0.06     1 
0130324658   39.70263    -74.48337     0.10      0.09     0.14     1 
0130324659   39.70246    -74.44733     0.02      0.00     0.02     1 
0130324660   39.70228    -74.41129    -0.03      0.00     0.03     1 
0130324661   39.70209    -74.37525    -0.03      0.06     0.06     1 
0130324662   39.70190    -74.33921    -0.02      0.06     0.07     1 
0130324663   39.70168    -74.30316     0.06      0.05     0.08     1 
0130324664   39.70146    -74.26712     0.11      0.04     0.12     1 
0130324666   39.70099    -74.19504     0.02      0.03     0.04     1 
0130324667   39.70073    -74.15900     0.01      0.03     0.03     1 
0130324731   39.67725    -74.55562    -0.04     -0.08     0.09     1 
0130324732   39.67710    -74.51959     0.05      0.01     0.06     1 
0130324733   39.67695    -74.48356     0.03      0.04     0.05     1 
0130324734   39.67678    -74.44754     0.04     -0.09     0.10     1 
0130324735   39.67661    -74.41151     0.02     -0.01     0.02     1 
0130324736   39.67642    -74.37548     0.15     -0.01     0.15     1 
0130324738   39.67601    -74.30342     0.03     -0.03     0.04     1 
0130324739   39.67578    -74.26739     0.10     -0.01     0.10     1 
0130324740   39.67555    -74.23137    -0.01      0.05     0.05     1 
0130324741   39.67531    -74.19534     0.02      0.02     0.03     1 
0130324742   39.67505    -74.15932     0.05      0.22     0.22     1 
0130324811   39.65074    -74.37571     0.04     -0.02     0.05     1 
0130324812   39.65054    -74.33969     0.09     -0.00     0.09     1 
0130324813   39.65033    -74.30368     0.09     -0.00     0.09     1 
0130324814   39.65011    -74.26767    -0.00      0.02     0.02     1 
0130324815   39.64988    -74.23165     0.01     -0.01     0.01     1 
0130324816   39.64963    -74.19564     0.03      0.01     0.03     1 
----------------------------------------------------------------------
---------------------------------------------------
Total correlated GCPs in Upper Left Quadrant: 617

GCP statistics this quadrant only (in Pixels)
Line residual statistics:
  Mean: 0.020
  Median: 0.030
  Standard Deviation: 0.089

Sample residual statistics:
  Mean: 0.017
  Median: 0.016
  Standard Deviation: 0.055

Quadrant RMSE: 0.108

---------------------------------------------------
Total correlated GCPs in Upper Right Quadrant: 220

GCP statistics this quadrant only (in Pixels)
Line residual statistics:
  Mean: 0.029
  Median: 0.038
  Standard Deviation: 0.082

Sample residual statistics:
  Mean: -0.013
  Median: -0.010
  Standard Deviation: 0.050

Quadrant RMSE: 0.101

---------------------------------------------------
Total correlated GCPs in Lower Left Quadrant: 411

GCP statistics this quadrant only (in Pixels)
Line residual statistics:
  Mean: 0.056
  Median: 0.059
  Standard Deviation: 0.076

Sample residual statistics:
  Mean: -0.025
  Median: -0.031
  Standard Deviation: 0.060

Quadrant RMSE: 0.114

---------------------------------------------------
Total correlated GCPs in Lower Right Quadrant: 0

GCP statistics this quadrant only (in Pixels)
Line residual statistics:
  Mean: 0.000
  Median: 0.000
  Standard Deviation: 0.000

Sample residual statistics:
  Mean: 0.000
  Median: 0.000
  Standard Deviation: 0.000

Quadrant RMSE: 0.000

---------------------------------------------------
---------------------------------------------------
Total correlated GCPs in scene: 1248

GCP statistics entire scene (in Pixels)
Line residual statistics:
  Mean: 0.033
  Median: 0.040
  Standard Deviation: 0.085

Sample residual statistics:
  Mean: -0.002
  Median: -0.003
  Standard Deviation: 0.059

Scene RMSE: 0.109

