Tue. Aug. 30, 2016             LANDSAT 5                 Time: 21:41
                         Image Assessment System
                           GCP Residual Report
----------------------------------------------------------------------------
WOID: L19331020            Path/Row: 014 / 032

L0R Reference Image: L51GNC1011211150100_HDF.162440219
Acquisition Date: Jul 30, 2011

Band Number:  5

GLS date for each WRS-2 path/row used:
Path  Row   Date
014   032   09-23-1999


Point_ID         Latitude  Longitude    Height       Across    Along    Residual  Residual
                                                      Scan      Scan      In y      in x
                                                    Residual  Residual    dir       dir
                   (deg)     (deg)     (meters)     (meters)  (meters)  (meters)  (meters)

0140320002_01   40.844760  -73.788842   -27.396       1.657    -2.107     2.015    -1.764
0140320003_01   40.948134  -74.065321   -15.668      -0.801     2.063    -1.169     1.878
0140320005_01   39.597576  -74.342643   -30.984      -2.628    -2.323    -2.150    -2.770
0140320006_01   40.864834  -73.649647    -0.304       1.010     1.238     0.762     1.403
0140320007_01   40.869077  -74.151518    -4.729       0.446     3.072    -0.131     3.100
0140320008_01   40.462764  -74.295361    -1.381       2.652    -0.868     2.764    -0.362
0140320009_01   40.348343  -74.123108   -16.496      -5.099     1.519    -5.290     0.546
0140320010_01   40.600232  -75.454805    41.220       4.604    -4.317     5.322    -3.389
0140320011_01   40.627047  -74.167714   -25.800       4.210    -2.653     4.624    -1.827
0140320012_01   39.992673  -75.274339    41.869       0.636     0.969     0.445     1.070
0140320013_01   40.876867  -74.352585    25.543      -0.537     1.064    -0.724     0.946
0140320014_01   41.034599  -75.065550   265.632       0.778    -1.046     0.957    -0.883
0140320015_01   40.732542  -73.708102    -4.949      -1.546     1.725    -1.839     1.408
0140320016_01   39.989676  -74.158986   -27.474      -3.062     0.453    -3.093    -0.124
0140320017_01   40.909079  -74.530737   203.203       0.934    -1.069     1.114    -0.877
0140320018_01   40.362150  -74.024706   -18.215      -4.690    -1.854    -4.265    -2.691
0140320019_01   41.002140  -74.203678   125.341      -2.930     2.278    -3.298     1.696
0140320020_01   40.098094  -74.091837   -27.866      -1.377     1.437    -1.620     1.156
0140320021_01   40.155362  -75.136205    49.267       1.359     1.266     1.100     1.495
0140320023_01   40.207880  -74.441131    51.843      -1.894    -4.679    -0.994    -4.946
0140320024_01   40.171667  -75.246519    38.178      -2.263     0.664    -2.345     0.233
0140320025_01   39.957452  -75.178311   -28.973      -1.506    -2.768    -0.965    -2.998
0140320026_01   40.603280  -74.097800    16.189       1.833    -2.094     2.187    -1.718
0140320027_01   40.482680  -74.484165    -1.784       1.364     0.935     1.166     1.171
0140320028_01   40.569220  -74.938214   144.014      -4.293    -1.282    -3.978    -2.053
0140320029_01   40.851084  -75.265036   197.558      -0.106     0.496    -0.195     0.467
0140320030_01   39.894887  -74.752838   -18.246      -0.668     2.580    -1.135     2.410
0140320031_01   39.881033  -75.875588   125.109      -4.539    -0.303    -4.400    -1.139
0140320032_01   40.330097  -74.257896    13.724       0.502     1.138     0.282     1.211
0140320033_01   40.003845  -75.232910    52.481      -0.172     4.683    -1.037     4.567
0140320034_01   40.535374  -74.198250    -6.496      -1.641    -0.975    -1.432    -1.262
0140320035_01   39.870199  -75.139147   -27.239       3.452    -0.100     3.409     0.542
0140320036_01   40.001070  -75.091614   -24.348       0.581     2.059     0.189     2.130
0140320037_01   39.575384  -74.752579    -7.417      -4.690     0.199    -4.643    -0.677
0140320038_01   40.890743  -73.900892     7.681       0.978    -1.279     1.195    -1.076
0140320039_01   40.269896  -74.815696    13.164       2.090    -0.396     2.126    -0.002
0140320040_01   40.796170  -74.619726   175.825      -3.591    -0.353    -3.461    -1.010
0140320041_01   40.998681  -75.557052   469.341      -0.613    -1.136    -0.391    -1.228
0140320043_01   40.361513  -75.731967    69.510       1.392     0.028     1.363     0.285
0140320044_01   39.857539  -75.095281   -28.243       2.900    -0.668     2.972    -0.118
0140320045_01   40.451689  -74.342177    -5.624       2.109    -1.061     2.267    -0.652
0140320046_01   40.685601  -74.318581    -1.702      -0.877     0.203    -0.899     0.037
0140320047_01   39.699187  -75.558709   -18.511       3.257    -3.670     3.881    -2.999
0140320048_01   40.336427  -75.155640    96.453      -2.531    -2.244    -2.070    -2.672
0140320049_01   40.788161  -74.002499    -1.738       2.207    -3.066     2.733    -2.604
0140320050_01   40.675469  -75.347048    64.468       5.666    -4.583     6.413    -3.454
0140320051_01   40.597285  -74.376918    -7.258      -2.247     0.938    -2.381     0.505
0140320052_01   40.369305  -74.586092     0.020      -0.031    -2.723     0.474    -2.680
0140320053_01   40.856112  -75.180698   173.073      -1.630     3.656    -2.276     3.289
0140320054_01   40.804332  -75.086663    81.998       1.318    -2.379     1.735    -2.093
0140320055_01   40.510479  -75.296268   109.912      -3.030    -0.947    -2.799    -1.490
0140320056_01   40.300870  -74.252215    29.689      -4.789    -1.914    -4.350    -2.768
0140320057_01   40.030276  -75.260073    68.982      -3.125     1.420    -3.332     0.816
0140320058_01   40.484142  -74.509639     4.000       2.852     3.514     2.151     3.979
0140320059_01   40.902666  -75.128109   122.481       0.520     2.134     0.117     2.192
0140320060_01   39.992566  -76.019682   103.143      -2.180    -0.127    -2.116    -0.528
0140320061_01   40.520817  -74.633328    -8.987      -2.120     1.839    -2.423     1.414
0140320062_01   40.610151  -74.463327    -6.471      -0.582    -0.930    -0.400    -1.022
0140320063_01   40.947799  -74.549354   220.724       0.828    -1.998     1.182    -1.809
0140320064_01   40.056895  -74.111730   -31.615       1.173     0.627     1.034     0.834
0140320065_01   40.950594  -73.704930   -13.516       0.081    -4.504     0.910    -4.410
0140320066_01   40.403094  -75.212714   103.118      -3.643    -1.541    -3.292    -2.187
0140320067_01   40.389696  -75.284427   135.939       1.781    -0.142     1.775     0.190
0140320068_01   40.547533  -74.424500    -1.385       4.236     3.463     3.519     4.185
0140320069_01   40.818104  -73.935885   -28.955      -0.594    -2.132    -0.191    -2.204
0140320070_01   39.663913  -75.771067    -4.805       3.645    -4.608     4.437    -3.850
0140320071_01   39.781890  -75.708972    46.435       0.618    -1.018     0.797    -0.885
0140320072_01   40.881202  -74.675855   306.319      -3.072    -1.439    -2.750    -1.980
0140320074_01   40.253826  -75.004116    25.831      -0.517     0.679    -0.634     0.571
0140320075_01   40.865901  -74.198549    87.717      -1.336     1.035    -1.504     0.769
0140320076_01   39.749436  -76.094175    63.500      -0.439    -0.813    -0.279    -0.879
0140320077_01   40.042458  -75.355071    79.994      -0.423    -2.197    -0.007    -2.236
0140320079_01   39.841734  -76.051108   105.121       5.129    -0.276     5.089     0.680
0140320080_01   39.698992  -75.856837    71.774      -4.821     0.485    -4.824    -0.418
0140320081_01   40.156785  -76.001704   144.577      -2.622     3.093    -3.147     2.552
0140320082_01   39.981445  -74.784500   -17.666       2.196    -0.393     2.229     0.022
0140320083_01   40.135578  -74.189587   -12.000      -0.994    -0.732    -0.841    -0.904
0140320084_01   39.960343  -75.699571   106.569      -3.070     4.871    -3.917     4.214
0140320085_01   40.578708  -74.252320   -21.684       1.225     0.950     1.027     1.160
0140320086_01   40.312531  -75.487469    80.078      -2.167     4.935    -3.042     4.445
0140320087_01   40.004607  -75.503549   109.849       0.148     3.131    -0.435     3.102
0140320089_01   40.670550  -75.265739    79.887       3.174    -0.184     3.152     0.406
0140320090_01   40.639498  -73.881963   -30.612       4.631    -5.668     5.595    -4.710
0140320091_01   40.381208  -75.480896    71.216       0.384    -1.368     0.631    -1.272
0140320092_01   41.113810  -75.555881   487.482      -1.322     0.553    -1.398     0.299
0140320093_01   40.322671  -75.132656    75.205      -4.875    -4.089    -4.029    -4.918
0140320095_01   40.717101  -73.805011     1.958      -1.960     1.251    -2.158     0.865
0140320096_01   40.254028  -75.279625    70.075       0.982     0.500     0.872     0.673
0140320097_01   40.773997  -74.158062   -24.319       0.335    -0.983     0.510    -0.904
0140320099_01   40.474566  -74.717103   133.476      -3.554     2.351    -3.925     1.650
0140320100_01   40.063315  -74.345224    -3.424       1.640    -4.646     2.470    -4.259
0140320101_01   40.212760  -74.758033   -21.440       4.077     0.082     3.988     0.836
0140320102_01   40.428235  -74.518888     1.000       6.679     4.381     5.748     5.540
0140320104_01   40.791652  -74.952587   127.661      -1.582    -3.727    -0.864    -3.952
0140320105_01   40.254409  -74.299644    18.888       3.077    -2.487     3.481    -1.873
0140320106_01   40.704794  -74.193381   -29.595       0.437    -0.199     0.465    -0.115
0140320107_01   40.479406  -74.321379   -24.555       2.741     4.080     1.936     4.515
0140320108_01   40.735811  -75.691287   173.733      -0.397     3.290    -0.997     3.157
0140320109_01   40.817986  -73.839486   -29.568      -0.703     2.866    -1.221     2.685
0140320110_01   40.900594  -74.572825   165.435       0.759    -0.647     0.865    -0.496
0140320111_01   39.952023  -75.592018    88.933       4.613    -0.974     4.711    -0.101
0140320112_01   40.528496  -75.214881   150.581      -2.170     0.103    -2.150    -0.300
0140320113_01   40.725801  -73.733809    -6.983      -3.162     4.877    -4.009     4.205
0140320114_01   40.280053  -74.032592   -16.000      -3.760    -1.207    -3.470    -1.884
0140320115_01   40.269180  -74.890854    37.984      -1.157     0.878    -1.299     0.647
0140320116_01   39.760487  -75.110907   -16.325       4.261    -0.251     4.231     0.545
0140320117_01   40.327078  -74.134683    -9.000      -2.537     1.157    -2.707     0.666
0140320118_01   40.347979  -74.799234    29.081       1.369    -0.842     1.500    -0.573
0140320119_01   40.286497  -75.264935    68.530      -2.770     0.115    -2.741    -0.400
0140320120_01   40.412426  -75.110909   123.086       1.705     1.602     1.378     1.889
0140320121_01   40.057739  -75.809959   162.289      -4.880     4.318    -5.591     3.336
0140320122_01   39.775908  -75.568087    48.602       3.699    -0.367     3.702     0.326
0140320124_01   40.260965  -74.044859   -15.000      -3.614     0.852    -3.708     0.167
0140320125_01   40.090599  -74.761985   -19.718       2.451     1.296     2.167     1.727
0140320127_01   40.842410  -73.934073    29.268       1.721    -3.881     2.406    -3.494
0140320128_01   41.019962  -74.551360   261.667      -1.229     0.930    -1.378     0.686
0140320129_01   39.928058  -74.123579   -31.000       1.871    -2.416     2.284    -2.025
0140320130_01   39.872511  -75.217380   -31.000       6.331     1.586     5.924     2.732
0140320131_01   40.207776  -74.019167   -27.000      -0.715    -2.137    -0.308    -2.232
0140320132_01   39.577394  -74.225817   -31.025       2.079     3.255     1.435     3.583
0140320133_01   40.139070  -74.810416   -32.000       6.556     1.018     6.250     2.215
0140320134_01   40.384341  -75.082235   121.076      -0.885     6.261    -2.028     5.984
0140320135_01   40.858007  -74.604423   243.915       2.798     0.777     2.604     1.280
0140320136_01   41.142711  -75.030982   319.000       0.477    -0.218     0.509    -0.126
0140320137_01   40.194471  -76.049486   119.148      -5.538     1.256    -5.669     0.210
0140320138_01   40.676477  -74.284596    -0.594      -2.558     0.409    -2.588    -0.072
0140320139_01   40.089761  -74.988621    -2.654       2.054     0.397     1.944     0.771
0140320140_01   40.218996  -74.102918    -5.409       0.892    -0.031     0.880     0.135
0140320141_01   39.930005  -75.056409   -28.000       2.878    -0.460     2.912     0.082
0140320142_01   40.223492  -74.722734   -19.000       0.217    -1.406     0.473    -1.340
0140320143_01   40.328658  -75.939968    33.652       0.087    -3.195     0.679    -3.122
0140320144_01   40.224945  -74.138805     3.529      -4.015    -2.436    -3.493    -3.138
0140320145_01   40.639411  -74.236033   -26.267       0.104    -0.266     0.151    -0.243
0140320146_01   40.353276  -75.937130    61.609       4.281    -2.233     4.620    -1.401
0140320147_01   39.849263  -75.697741    77.010       1.993     0.749     1.819     1.105
0140320148_01   40.989163  -73.964881   -13.162      -0.782    -2.951    -0.224    -3.043
0140320150_01   40.151009  -74.155238   -19.789      -3.121    -0.538    -2.967    -1.108
0140320152_01   39.752212  -75.225056    -5.000      -1.737    -2.194    -1.298    -2.477
0140320153_01   39.946933  -75.983185   107.179      -2.461    -4.570    -1.566    -4.943
0140320154_01   40.061203  -74.145443   -28.296       0.203     1.426    -0.066     1.438
0140320155_01   40.679373  -74.016902   -31.000       2.446     0.384     2.330     0.830
0140320156_01   40.545954  -74.556664   -14.713       3.623    -3.187     4.148    -2.459
0140320158_01   40.054038  -74.897177   -24.000       1.847    -3.557     2.473    -3.151
0140320159_01   40.130289  -74.562193     8.223      -6.305     1.130    -6.401    -0.060
0140320160_01   40.863265  -73.999593   -30.000       1.584     3.100     0.983     3.338
0140320162_01   40.038203  -75.217202    58.313      -2.145     2.347    -2.542     1.907
0140320163_01   40.245369  -75.378350    34.762      -5.178    -0.370    -5.016    -1.322
0140320164_01   40.756094  -73.687744     6.704      -1.981     1.734    -2.267     1.337
0140320166_01   40.180768  -75.454458    11.792       1.004     0.491     0.896     0.669
0140320169_01   40.482150  -74.627521    -6.990       0.729     2.675     0.221     2.762
0140320170_01   40.510584  -74.969075   128.033       0.606    -1.667     0.903    -1.525
0140320171_01   40.738841  -73.956691   -29.439       1.963     0.214     1.888     0.574
0140320173_01   40.275648  -75.127271    32.041       0.578    -2.857     1.097    -2.698
0140320174_01   40.536326  -74.667604    -2.483       2.423    -1.569     2.670    -1.093
0140320175_01   40.136247  -74.966428    18.302       0.641    -0.099     0.648     0.021
0140320176_01   39.781216  -75.811963    87.145       0.097     1.062    -0.101     1.061
0140320178_01   40.324814  -76.011246    78.057       0.324    -2.066     0.703    -1.969
0140320179_01   40.809197  -75.617710   157.267       2.182    -2.699     2.643    -2.247
0140320182_01   40.615281  -73.760014   -30.019      -0.080    -0.064    -0.068    -0.078
0140320183_01   39.935350  -75.131554   -31.000       1.456    -3.455     2.071    -3.123
0140320184_01   40.303536  -74.639447    -4.498      -5.185     0.718    -5.225    -0.255
0140320185_01   40.051410  -74.655903     3.968      -3.228     2.913    -3.711     2.262
0140320186_01   40.409024  -74.513721    -3.080       0.990     1.594     0.677     1.748
0140320187_01   40.780757  -74.370584    21.494      -1.822    -0.985    -1.608    -1.305
0140320188_01   40.470472  -75.389520   144.556      -1.958     1.751    -2.246     1.358
0140320189_01   39.950619  -74.778275   -19.052       3.776     0.975     3.528     1.658
0140320190_01   41.070605  -75.782626   392.013      -0.899     4.494    -1.710     4.246
0140320191_01   40.620949  -75.478000    48.317       4.797    -3.224     5.309    -2.280
0140320192_01   40.289450  -74.126693   -15.000      -5.184     0.924    -5.264    -0.055
0140320193_01   40.086216  -74.913316   -28.990       6.273     0.825     6.008     1.973
0140320194_01   40.077526  -75.130068    25.598      -2.559    -0.269    -2.463    -0.738
0140320195_01   40.067056  -74.978071   -21.573       2.140     0.866     1.942     1.248
0140320196_01   40.804703  -75.648610   192.210      -2.802    -4.874    -1.849    -5.303
0140320197_01   39.942830  -74.184843   -32.886      -0.425     0.354    -0.484     0.269
0140320198_01   40.472393  -74.857966    14.866       0.648     1.774     0.308     1.862
0140320199_01   40.504123  -75.494873   146.230      -3.609    -1.656    -3.236    -2.293
0140320200_01   40.637419  -74.074636   -28.778       3.121    -2.249     3.480    -1.631
0140320201_01   40.297003  -74.374743    -3.412       2.453     3.813     1.702     4.199
0140320202_01   39.968397  -75.560543    98.338      -1.240    -0.148    -1.190    -0.375
0140320203_01   40.148954  -75.013971    35.787      -0.334     0.937    -0.502     0.858
0140320205_01   40.149740  -74.333476     0.859       0.876     1.882     0.510     2.011
0140320206_01   39.565970  -74.775314   -17.062      -0.012    -2.339     0.422    -2.299
0140320207_01   40.200172  -75.468687    49.100       1.247    -0.580     1.333    -0.338
0140320208_01   40.909406  -74.123574   -10.782       1.509     1.006     1.295     1.267
0140320209_01   40.522565  -74.520339    -8.094      -0.301     0.158    -0.325     0.099
0140320210_01   40.209449  -75.569575     8.166       2.684    -0.158     2.666     0.341
0140320211_01   39.936623  -74.811678   -24.896      -0.795     1.722    -1.101     1.544
0140320212_01   39.798738  -74.181290   -31.000      -2.029    -0.106    -1.974    -0.482
0140320213_01   40.594835  -74.280858   -25.276      -0.433    -0.033    -0.420    -0.113
0140320215_01   40.043780  -75.086747    -2.464       5.178    -1.436     5.352    -0.450
0140320216_01   40.217498  -75.296750    75.995       3.303    -0.095     3.262     0.518
0140320217_01   40.197160  -75.202200    54.415      -2.169     0.036    -2.136    -0.366
0140320218_01   40.093001  -75.033668    13.399       1.888     0.617     1.740     0.956
0140320219_01   39.796021  -75.740303    91.852      -0.293    -0.665    -0.163    -0.707
0140320221_01   39.679485  -75.932856    70.882      -5.953    -2.529    -5.374    -3.588
0140320222_01   41.025517  -74.264774    82.617      -2.779     2.803    -3.247     2.239
0140320223_01   40.286308  -75.488693    60.200       1.177     3.389     0.529     3.546
0140320224_01   40.350552  -75.265186   100.892      -0.779    -2.788    -0.248    -2.882
0140320225_01   39.975758  -74.582504    -7.995       0.035     0.356    -0.032     0.356
0140320226_01   40.196717  -74.864888    24.075       2.321     0.631     2.162     1.050
0140320227_01   39.831415  -75.548209    80.896       2.504    -1.182     2.679    -0.696
0140320228_01   40.094673  -74.661316    -8.178      -6.133     3.699    -6.709     2.496
0140320229_01   40.738885  -74.160992   -25.810       4.950     2.945     4.317     3.808
0140320231_01   39.746889  -74.531364   -16.000       1.484    -0.581     1.564    -0.295
0140320232_01   40.782947  -74.125950    -4.197      -0.381     0.531    -0.474     0.451
0140320233_01   40.714229  -74.229495    16.515       3.672    -1.309     3.848    -0.607
0140320237_01   40.336631  -74.594416    -9.970      -0.711    -3.101    -0.124    -3.178
0140320238_01   39.605302  -74.863598   -10.390       0.993     1.891     0.624     2.041
0140320239_01   39.997234  -75.947357   189.926       0.095     4.441    -0.730     4.379
0140320240_01   40.338783  -74.183275    -7.460      -3.006     0.513    -3.048    -0.053
0140320241_01   39.790937  -75.921746   117.178       0.696     2.225     0.272     2.314
0140320242_01   40.088858  -75.764932   125.467      -4.414     2.553    -4.807     1.690
0140320243_01   39.730341  -74.260167   -16.282      -0.954    -2.102    -0.548    -2.242
0140320244_01   40.357070  -74.976918     8.311      -1.264    -1.364    -0.988    -1.574
0140320245_01   40.306679  -75.391401    69.328      -0.685     4.182    -1.447     3.980
0140320246_01   39.646675  -75.375066   -19.949       1.427    -0.602     1.514    -0.326
0140320249_01   40.139349  -75.986305    96.092      -0.710     0.029    -0.701    -0.103
