==============================================================================
==============================================================================
Fri. Sep. 16 2016                  LANDSAT 5                       Time: 12:59
                            Image Assessment System
                            GEOMETRIC VERIFY Report
==============================================================================
Order ID: 0501609151416_01467                          Path / Row - 13 / 32
Reference Image: L51LGS1002227150100_HDF.L1G

Color mapping per rank
----------------------
Rank  1 is Green: total residual <= 0.5
Rank  2 is Cyan: 0.5 < total residual <=  1
Rank  3 is Blue:  1 < total residual <=  2
Rank  4 is Yellow:  2 < total residual <=  3
Rank  5 is Red:  3 < total residual

Percentage of residuals by rank
-------------------------------
Rank   1 -- 100.0%
Rank   2 --  0.0%
Rank   3 --  0.0%
Rank   4 --  0.0%
Rank   5 --  0.0%

       GCP    Latitude    Longitude  Sample   Line     Total    Rank
        ID                           Residual Residual Residual
              (Degree)    (Degree)   (Pixel)  (Pixel)  (Pixel)
----------------------------------------------------------------------
0130320093   41.25646    -74.13184    -0.06      0.25     0.25     1 
0130320094   41.25617    -74.09460    -0.13      0.12     0.18     1 
0130320095   41.25587    -74.05737     0.36     -0.02     0.36     1 
0130320167   41.23133    -74.16940    -0.08      0.18     0.20     1 
0130320168   41.23106    -74.13218    -0.09      0.01     0.09     1 
0130320169   41.23077    -74.09495     0.17      0.12     0.21     1 
0130320170   41.23047    -74.05773     0.21      0.07     0.22     1 
0130320172   41.22984    -73.98329    -0.03      0.10     0.10     1 
0130320174   41.22916    -73.90884     0.08      0.11     0.14     1 
0130320175   41.22880    -73.87162     0.28     -0.00     0.28     1 
0130320176   41.22843    -73.83441     0.18     -0.13     0.22     1 
0130320242   41.20593    -74.16972     0.00      0.02     0.02     1 
0130320243   41.20566    -74.13251    -0.09      0.06     0.11     1 
0130320244   41.20537    -74.09530    -0.18      0.03     0.18     1 
0130320245   41.20507    -74.05810     0.27      0.28     0.39     1 
0130320246   41.20476    -74.02089     0.25      0.16     0.30     1 
0130320247   41.20444    -73.98368     0.20      0.18     0.27     1 
0130320250   41.20340    -73.87206     0.31      0.04     0.31     1 
0130320251   41.20303    -73.83486     0.07     -0.02     0.07     1 
0130320252   41.20265    -73.79765     0.25      0.06     0.26     1 
0130320253   41.20225    -73.76045     0.25      0.22     0.33     1 
0130320254   41.20185    -73.72325     0.16      0.07     0.18     1 
0130320255   41.20143    -73.68604     0.31      0.10     0.33     1 
0130320317   41.18053    -74.17005     0.09     -0.02     0.09     1 
0130320318   41.18026    -74.13285    -0.16      0.12     0.20     1 
0130320319   41.17997    -74.09565     0.24      0.08     0.25     1 
0130320320   41.17967    -74.05846     0.33      0.11     0.35     1 
0130320321   41.17936    -74.02127     0.33      0.06     0.33     1 
0130320322   41.17904    -73.98407     0.30      0.09     0.32     1 
0130320324   41.17836    -73.90969     0.06      0.04     0.07     1 
0130320325   41.17800    -73.87250     0.13      0.11     0.17     1 
0130320326   41.17763    -73.83531     0.22      0.09     0.24     1 
0130320327   41.17725    -73.79812     0.31     -0.01     0.31     1 
0130320328   41.17686    -73.76093     0.18      0.04     0.18     1 
0130320329   41.17645    -73.72374     0.31      0.06     0.31     1 
0130320330   41.17603    -73.68655     0.04      0.23     0.23     1 
0130320331   41.17560    -73.64936     0.16      0.02     0.16     1 
0130320332   41.17516    -73.61218     0.19      0.02     0.19     1 
0130320335   41.17376    -73.50062     0.22     -0.04     0.23     1 
0130320392   41.15513    -74.17037    -0.12     -0.04     0.13     1 
0130320393   41.15486    -74.13318     0.07      0.04     0.08     1 
0130320394   41.15457    -74.09600     0.22      0.08     0.23     1 
0130320395   41.15427    -74.05882     0.37      0.17     0.41     1 
0130320396   41.15396    -74.02164     0.38      0.12     0.39     1 
0130320397   41.15364    -73.98447     0.22      0.09     0.23     1 
0130320398   41.15331    -73.94729     0.10      0.03     0.11     1 
0130320400   41.15261    -73.87293    -0.02      0.08     0.08     1 
0130320401   41.15223    -73.83576     0.32      0.04     0.32     1 
0130320402   41.15185    -73.79858     0.22      0.04     0.22     1 
0130320403   41.15146    -73.76140     0.15      0.09     0.17     1 
0130320404   41.15105    -73.72423     0.31      0.11     0.33     1 
0130320405   41.15064    -73.68706     0.16      0.07     0.18     1 
0130320406   41.15021    -73.64988     0.25      0.09     0.26     1 
0130320407   41.14976    -73.61271     0.07      0.05     0.09     1 
0130320412   41.14738    -73.42687     0.10      0.05     0.11     1 
0130320414   41.14634    -73.35254     0.13      0.03     0.14     1 
0130320415   41.14580    -73.31537     0.16      0.06     0.17     1 
0130320416   41.14525    -73.27821     0.09     -0.01     0.09     1 
0130320417   41.14469    -73.24104     0.25     -0.12     0.28     1 
0130320467   41.12973    -74.17069     0.00      0.05     0.05     1 
0130320468   41.12946    -74.13352     0.11      0.08     0.13     1 
0130320470   41.12888    -74.05919     0.24      0.04     0.24     1 
0130320471   41.12857    -74.02202     0.27      0.12     0.30     1 
0130320472   41.12824    -73.98486     0.26      0.12     0.29     1 
0130320473   41.12791    -73.94769     0.13      0.09     0.16     1 
0130320474   41.12756    -73.91053     0.27     -0.02     0.27     1 
0130320476   41.12684    -73.83621     0.27      0.01     0.27     1 
0130320477   41.12646    -73.79904     0.11      0.03     0.11     1 
0130320478   41.12606    -73.76188     0.27      0.09     0.29     1 
0130320479   41.12566    -73.72472     0.18      0.05     0.19     1 
0130320480   41.12524    -73.68756     0.24     -0.02     0.24     1 
0130320481   41.12481    -73.65041     0.03      0.03     0.04     1 
0130320482   41.12437    -73.61325     0.03      0.09     0.10     1 
0130320484   41.12345    -73.53894     0.04      0.09     0.10     1 
0130320485   41.12297    -73.50178     0.31      0.14     0.34     1 
0130320487   41.12198    -73.42747     0.10      0.05     0.11     1 
0130320488   41.12147    -73.39032     0.10      0.11     0.15     1 
0130320489   41.12094    -73.35317     0.01      0.10     0.10     1 
0130320490   41.12041    -73.31602    -0.10      0.02     0.10     1 
0130320491   41.11986    -73.27887    -0.20      0.08     0.21     1 
0130320492   41.11930    -73.24172    -0.14     -0.07     0.16     1 
0130320541   41.10459    -74.20816     0.21      0.18     0.28     1 
0130320542   41.10433    -74.17100     0.02      0.06     0.06     1 
0130320543   41.10406    -74.13385     0.31      0.10     0.33     1 
0130320544   41.10377    -74.09670     0.28      0.08     0.29     1 
0130320545   41.10348    -74.05955     0.16      0.08     0.18     1 
0130320546   41.10317    -74.02240     0.06      0.06     0.09     1 
0130320547   41.10285    -73.98525     0.18      0.06     0.18     1 
0130320548   41.10251    -73.94810     0.07      0.05     0.09     1 
0130320551   41.10144    -73.83665     0.32      0.05     0.32     1 
0130320552   41.10106    -73.79951     0.19      0.03     0.19     1 
0130320553   41.10067    -73.76236     0.14      0.01     0.14     1 
0130320554   41.10026    -73.72522     0.04     -0.03     0.05     1 
0130320555   41.09984    -73.68807     0.20      0.11     0.23     1 
0130320556   41.09942    -73.65093     0.22      0.07     0.23     1 
0130320557   41.09897    -73.61378     0.21     -0.01     0.21     1 
0130320558   41.09852    -73.57664     0.17      0.10     0.20     1 
0130320560   41.09758    -73.50236     0.28      0.03     0.28     1 
0130320562   41.09659    -73.42808     0.11      0.06     0.13     1 
0130320563   41.09608    -73.39094    -0.09     -0.02     0.09     1 
0130320564   41.09555    -73.35380    -0.21      0.04     0.21     1 
0130320616   41.07919    -74.20846     0.03      0.11     0.11     1 
0130320617   41.07893    -74.17132     0.22      0.20     0.30     1 
0130320618   41.07866    -74.13419     0.07      0.10     0.12     1 
0130320619   41.07837    -74.09705     0.26      0.15     0.30     1 
0130320620   41.07808    -74.05991     0.29      0.09     0.31     1 
0130320621   41.07777    -74.02277     0.15      0.11     0.19     1 
0130320622   41.07745    -73.98564     0.38      0.08     0.39     1 
0130320623   41.07711    -73.94850     0.18      0.14     0.23     1 
0130320624   41.07677    -73.91137    -0.09      0.04     0.10     1 
0130320625   41.07641    -73.87423    -0.09     -0.05     0.10     1 
0130320626   41.07604    -73.83710     0.02     -0.11     0.11     1 
0130320627   41.07566    -73.79997     0.15      0.03     0.16     1 
0130320628   41.07527    -73.76284     0.04      0.10     0.11     1 
0130320629   41.07486    -73.72571    -0.20     -0.01     0.20     1 
0130320630   41.07445    -73.68858     0.20      0.05     0.21     1 
0130320631   41.07402    -73.65144     0.14      0.04     0.15     1 
0130320634   41.07266    -73.54006     0.14      0.05     0.15     1 
0130320635   41.07218    -73.50293     0.03      0.06     0.07     1 
0130320636   41.07170    -73.46581     0.10      0.04     0.11     1 
0130320637   41.07120    -73.42869     0.08     -0.02     0.08     1 
0130320638   41.07068    -73.39156    -0.14      0.02     0.14     1 
0130320691   41.05379    -74.20877     0.27      0.08     0.28     1 
0130320692   41.05353    -74.17164     0.30      0.07     0.31     1 
0130320693   41.05326    -74.13452     0.11      0.08     0.13     1 
0130320694   41.05297    -74.09740     0.19      0.11     0.22     1 
0130320695   41.05268    -74.06027     0.07      0.00     0.07     1 
0130320696   41.05237    -74.02315     0.19      0.03     0.19     1 
0130320697   41.05205    -73.98603     0.13      0.04     0.13     1 
0130320698   41.05171    -73.94891     0.03      0.06     0.06     1 
0130320700   41.05101    -73.87467     0.24      0.03     0.24     1 
0130320701   41.05065    -73.83755     0.16      0.05     0.16     1 
0130320702   41.05026    -73.80043     0.17      0.02     0.17     1 
0130320703   41.04987    -73.76331     0.02     -0.02     0.02     1 
0130320704   41.04947    -73.72620     0.29      0.05     0.29     1 
0130320705   41.04905    -73.68908     0.12      0.08     0.14     1 
0130320706   41.04862    -73.65196     0.22     -0.03     0.23     1 
0130320707   41.04818    -73.61485     0.31      0.08     0.32     1 
0130320708   41.04773    -73.57774     0.03      0.02     0.04     1 
0130320709   41.04727    -73.54062     0.00      0.03     0.03     1 
0130320710   41.04679    -73.50351    -0.16     -0.04     0.17     1 
0130320711   41.04630    -73.46640    -0.13     -0.05     0.14     1 
0130320712   41.04580    -73.42929    -0.20      0.02     0.20     1 
0130320713   41.04529    -73.39218    -0.16     -0.13     0.20     1 
0130320766   41.02839    -74.20907     0.19      0.14     0.24     1 
0130320767   41.02813    -74.17196     0.20      0.16     0.26     1 
0130320768   41.02786    -74.13485     0.25      0.03     0.25     1 
0130320769   41.02757    -74.09774     0.31      0.10     0.32     1 
0130320770   41.02728    -74.06063     0.20      0.07     0.21     1 
0130320771   41.02697    -74.02353     0.19      0.07     0.21     1 
0130320773   41.02632    -73.94931     0.21      0.03     0.21     1 
0130320774   41.02597    -73.91221     0.21     -0.01     0.21     1 
0130320776   41.02525    -73.83800     0.17     -0.03     0.18     1 
0130320777   41.02487    -73.80089     0.17      0.04     0.17     1 
0130320778   41.02448    -73.76379     0.14     -0.03     0.14     1 
0130320779   41.02407    -73.72669     0.09      0.03     0.09     1 
0130320780   41.02365    -73.68958     0.14      0.04     0.15     1 
0130320781   41.02323    -73.65248     0.08      0.04     0.09     1 
0130320782   41.02279    -73.61538    -0.00      0.01     0.01     1 
0130320783   41.02234    -73.57828    -0.07     -0.00     0.07     1 
0130320784   41.02187    -73.54118    -0.13      0.03     0.14     1 
0130320812   41.00405    -72.50286     0.07      0.10     0.12     1 
0130320813   41.00324    -72.46579    -0.08      0.17     0.19     1 
0130320841   41.00299    -74.20938     0.18      0.17     0.25     1 
0130320842   41.00273    -74.17228     0.22      0.07     0.23     1 
0130320843   41.00246    -74.13518     0.22      0.08     0.23     1 
0130320844   41.00217    -74.09809     0.17      0.14     0.22     1 
0130320845   41.00188    -74.06100     0.26      0.11     0.28     1 
0130320846   41.00157    -74.02390     0.18      0.14     0.23     1 
0130320847   41.00125    -73.98681     0.28      0.04     0.29     1 
0130320848   41.00092    -73.94972     0.13      0.11     0.17     1 
0130320849   41.00057    -73.91262     0.18      0.05     0.19     1 
0130320850   41.00022    -73.87553     0.19     -0.02     0.19     1 
0130320851   40.99985    -73.83844     0.16      0.10     0.19     1 
0130320852   40.99947    -73.80135     0.21      0.03     0.21     1 
0130320853   40.99908    -73.76426     0.19     -0.03     0.20     1 
0130320854   40.99867    -73.72717     0.17      0.04     0.17     1 
0130320855   40.99826    -73.69009     0.06      0.02     0.06     1 
0130320856   40.99783    -73.65300    -0.06     -0.10     0.12     1 
0130320857   40.99739    -73.61591    -0.17     -0.10     0.20     1 
0130320858   40.99694    -73.57883    -0.20      0.02     0.20     1 
0130320915   40.97784    -74.24676    -0.00      0.04     0.04     1 
0130320916   40.97759    -74.20968     0.16     -0.02     0.16     1 
0130320917   40.97733    -74.17260     0.25      0.10     0.27     1 
0130320918   40.97706    -74.13552     0.21      0.16     0.27     1 
0130320919   40.97677    -74.09844     0.14      0.06     0.15     1 
0130320920   40.97648    -74.06136     0.18      0.08     0.20     1 
0130320921   40.97617    -74.02428     0.14      0.07     0.16     1 
0130320922   40.97585    -73.98720    -0.06      0.11     0.13     1 
0130320923   40.97552    -73.95012     0.17      0.06     0.18     1 
0130320925   40.97482    -73.87596     0.16     -0.03     0.16     1 
0130320926   40.97445    -73.83889     0.08     -0.00     0.08     1 
0130320927   40.97407    -73.80181     0.17      0.04     0.18     1 
0130320928   40.97368    -73.76474     0.22      0.02     0.22     1 
0130320929   40.97328    -73.72766     0.15      0.19     0.24     1 
0130320930   40.97286    -73.69059     0.21      0.10     0.23     1 
0130320931   40.97243    -73.65352    -0.20     -0.01     0.20     1 
0130320945   40.96520    -73.13459    -0.08      0.02     0.08     1 
0130320946   40.96460    -73.09753    -0.18     -0.06     0.19     1 
0130320948   40.96335    -73.02342    -0.11      0.08     0.13     1 
0130320990   40.95244    -74.24705     0.15      0.14     0.21     1 
0130320991   40.95219    -74.20998     0.06      0.10     0.12     1 
0130320992   40.95193    -74.17292     0.17      0.08     0.19     1 
0130320993   40.95166    -74.13585     0.08      0.11     0.14     1 
0130320994   40.95137    -74.09878     0.20      0.18     0.27     1 
0130320995   40.95108    -74.06172     0.10      0.12     0.16     1 
0130320996   40.95077    -74.02465     0.10      0.01     0.10     1 
0130320997   40.95045    -73.98758     0.26      0.05     0.26     1 
0130320998   40.95012    -73.95052     0.38      0.05     0.38     1 
0130321000   40.94942    -73.87640     0.01      0.04     0.04     1 
0130321001   40.94905    -73.83933     0.04      0.01     0.04     1 
0130321002   40.94867    -73.80227     0.07      0.02     0.07     1 
0130321003   40.94828    -73.76521     0.14      0.01     0.14     1 
0130321004   40.94788    -73.72815    -0.12     -0.01     0.12     1 
0130321005   40.94747    -73.69109    -0.13     -0.03     0.13     1 
0130321013   40.94372    -73.39465     0.10      0.05     0.11     1 
0130321020   40.93981    -73.13531     0.02     -0.05     0.06     1 
0130321021   40.93921    -73.09826     0.09      0.07     0.11     1 
0130321043   40.92289    -72.28362     0.07      0.02     0.07     1 
0130321065   40.92704    -74.24734     0.12      0.12     0.17     1 
0130321066   40.92679    -74.21028     0.22      0.12     0.25     1 
0130321067   40.92653    -74.17323    -0.00      0.09     0.09     1 
0130321068   40.92626    -74.13618    -0.09      0.07     0.11     1 
0130321069   40.92597    -74.09913     0.18      0.08     0.19     1 
0130321070   40.92568    -74.06207     0.16      0.10     0.19     1 
0130321071   40.92537    -74.02502     0.14      0.04     0.14     1 
0130321072   40.92505    -73.98797     0.16      0.10     0.19     1 
0130321073   40.92472    -73.95092     0.26      0.08     0.27     1 
0130321075   40.92402    -73.87682     0.14      0.04     0.15     1 
0130321076   40.92365    -73.83978     0.01      0.00     0.01     1 
0130321077   40.92328    -73.80273     0.12     -0.06     0.13     1 
0130321078   40.92289    -73.76568     0.06      0.03     0.06     1 
0130321079   40.92248    -73.72864    -0.15     -0.01     0.15     1 
0130321083   40.92075    -73.58046    -0.01      0.01     0.01     1 
0130321085   40.91982    -73.50638    -0.06      0.14     0.15     1 
0130321086   40.91933    -73.46934     0.06      0.04     0.07     1 
0130321087   40.91883    -73.43230    -0.07     -0.00     0.07     1 
0130321088   40.91832    -73.39526    -0.11      0.04     0.12     1 
0130321089   40.91780    -73.35822    -0.06      0.05     0.08     1 
0130321090   40.91727    -73.32119     0.15      0.05     0.16     1 
0130321093   40.91560    -73.21009    -0.00      0.01     0.01     1 
0130321094   40.91502    -73.17305    -0.12     -0.04     0.12     1 
0130321117   40.89838    -72.32166    -0.05      0.24     0.24     1 
0130321140   40.90163    -74.24763    -0.01      0.02     0.02     1 
0130321141   40.90139    -74.21059    -0.00      0.10     0.10     1 
0130321142   40.90113    -74.17355     0.03      0.03     0.05     1 
0130321143   40.90085    -74.13651    -0.04      0.01     0.04     1 
0130321144   40.90057    -74.09947    -0.05      0.01     0.05     1 
0130321145   40.90028    -74.06243     0.00      0.01     0.01     1 
0130321146   40.89997    -74.02540     0.02     -0.03     0.03     1 
0130321147   40.89965    -73.98836     0.19      0.05     0.19     1 
0130321148   40.89932    -73.95132     0.12      0.12     0.17     1 
0130321150   40.89862    -73.87726     0.20      0.05     0.21     1 
0130321151   40.89826    -73.84022     0.01      0.03     0.03     1 
0130321152   40.89788    -73.80319     0.12      0.02     0.12     1 
0130321153   40.89749    -73.76615    -0.14     -0.05     0.15     1 
0130321157   40.89581    -73.61803    -0.02     -0.00     0.02     1 
0130321158   40.89536    -73.58101     0.21      0.08     0.23     1 
0130321159   40.89490    -73.54398     0.05     -0.05     0.08     1 
0130321160   40.89442    -73.50695    -0.10      0.05     0.11     1 
0130321161   40.89394    -73.46992     0.09      0.16     0.19     1 
0130321162   40.89344    -73.43290    -0.02      0.06     0.07     1 
0130321163   40.89293    -73.39588     0.20      0.05     0.20     1 
0130321164   40.89241    -73.35885    -0.05      0.05     0.07     1 
0130321165   40.89188    -73.32183     0.31      0.03     0.31     1 
0130321166   40.89133    -73.28481     0.30      0.00     0.30     1 
0130321167   40.89077    -73.24779     0.17      0.06     0.18     1 
0130321168   40.89021    -73.21077     0.15      0.06     0.16     1 
0130321189   40.87553    -72.43365     0.01      0.12     0.12     1 
0130321190   40.87470    -72.39666     0.24      0.04     0.24     1 
0130321214   40.87647    -74.28494    -0.02      0.09     0.09     1 
0130321215   40.87623    -74.24791     0.10      0.10     0.14     1 
0130321216   40.87599    -74.21089     0.25      0.13     0.28     1 
0130321217   40.87573    -74.17386     0.15      0.02     0.15     1 
0130321218   40.87545    -74.13684    -0.06      0.04     0.07     1 
0130321219   40.87517    -74.09982     0.01      0.04     0.05     1 
0130321220   40.87488    -74.06279    -0.06      0.04     0.08     1 
0130321221   40.87457    -74.02577     0.02      0.05     0.06     1 
0130321222   40.87425    -73.98875    -0.05     -0.01     0.05     1 
0130321224   40.87358    -73.91470    -0.10     -0.01     0.10     1 
0130321225   40.87322    -73.87768     0.01     -0.02     0.02     1 
0130321226   40.87286    -73.84066     0.09     -0.06     0.11     1 
0130321227   40.87248    -73.80365     0.07     -0.02     0.08     1 
0130321228   40.87209    -73.76663    -0.21      0.05     0.22     1 
0130321229   40.87169    -73.72961    -0.04      0.08     0.09     1 
0130321231   40.87085    -73.65558     0.09      0.00     0.09     1 
0130321232   40.87041    -73.61856     0.09      0.06     0.11     1 
0130321233   40.86996    -73.58155     0.26      0.07     0.27     1 
0130321234   40.86950    -73.54453     0.08      0.07     0.11     1 
0130321235   40.86903    -73.50752     0.14      0.09     0.16     1 
0130321236   40.86854    -73.47051    -0.08      0.07     0.10     1 
0130321237   40.86805    -73.43350     0.18      0.01     0.18     1 
0130321238   40.86754    -73.39649     0.15      0.04     0.15     1 
0130321239   40.86702    -73.35948     0.10      0.03     0.11     1 
0130321240   40.86648    -73.32247     0.14      0.03     0.14     1 
0130321241   40.86594    -73.28546     0.16     -0.10     0.18     1 
0130321242   40.86538    -73.24846    -0.13      0.01     0.13     1 
0130321262   40.85177    -72.50859    -0.07      0.03     0.07     1 
0130321263   40.85097    -72.47161    -0.00      0.15     0.15     1 
0130321289   40.85107    -74.28521     0.14      0.05     0.15     1 
0130321290   40.85083    -74.24820     0.31      0.06     0.32     1 
0130321291   40.85058    -74.21119     0.16      0.02     0.16     1 
0130321292   40.85032    -74.17418     0.13      0.02     0.13     1 
0130321293   40.85005    -74.13717     0.09      0.04     0.10     1 
0130321294   40.84977    -74.10016    -0.01      0.00     0.01     1 
0130321295   40.84948    -74.06315    -0.11      0.05     0.12     1 
0130321296   40.84917    -74.02614    -0.06      0.05     0.07     1 
0130321297   40.84885    -73.98913     0.04      0.02     0.05     1 
0130321298   40.84852    -73.95213    -0.05     -0.09     0.10     1 
0130321299   40.84818    -73.91512    -0.11     -0.03     0.11     1 
0130321300   40.84783    -73.87811     0.02     -0.00     0.02     1 
0130321301   40.84746    -73.84111    -0.04     -0.00     0.04     1 
0130321302   40.84708    -73.80410    -0.26     -0.04     0.26     1 
0130321303   40.84669    -73.76710    -0.16     -0.06     0.18     1 
0130321304   40.84629    -73.73010    -0.12      0.03     0.12     1 
0130321305   40.84588    -73.69309     0.13     -0.01     0.13     1 
0130321306   40.84545    -73.65609     0.00     -0.02     0.02     1 
0130321307   40.84501    -73.61909     0.14      0.01     0.14     1 
0130321308   40.84457    -73.58209     0.22      0.02     0.22     1 
0130321309   40.84410    -73.54509     0.20      0.02     0.20     1 
0130321310   40.84363    -73.50809     0.15      0.09     0.17     1 
0130321311   40.84315    -73.47109     0.28      0.07     0.29     1 
0130321312   40.84265    -73.43410     0.10      0.05     0.11     1 
0130321313   40.84214    -73.39710     0.16      0.03     0.16     1 
0130321314   40.84162    -73.36011     0.19      0.04     0.19     1 
0130321316   40.84055    -73.28612     0.14      0.03     0.14     1 
0130321318   40.83942    -73.21214     0.09     -0.08     0.12     1 
0130321332   40.83024    -72.69439     0.18      0.00     0.18     1 
0130321334   40.82873    -72.62044    -0.04      0.14     0.14     1 
0130321335   40.82796    -72.58347    -0.12      0.01     0.12     1 
0130321336   40.82718    -72.54650     0.01      0.02     0.02     1 
0130321364   40.82566    -74.28549     0.31      0.08     0.32     1 
0130321365   40.82543    -74.24849     0.25      0.03     0.25     1 
0130321366   40.82518    -74.21149     0.09      0.08     0.12     1 
0130321367   40.82492    -74.17449     0.16      0.06     0.17     1 
0130321368   40.82465    -74.13750    -0.02      0.01     0.02     1 
0130321369   40.82437    -74.10050    -0.03      0.06     0.07     1 
0130321370   40.82408    -74.06351    -0.10      0.02     0.10     1 
0130321371   40.82377    -74.02651    -0.14     -0.00     0.14     1 
0130321372   40.82345    -73.98952     0.03     -0.05     0.06     1 
0130321373   40.82312    -73.95253    -0.07     -0.08     0.10     1 
0130321374   40.82278    -73.91553    -0.06     -0.08     0.09     1 
0130321375   40.82243    -73.87854    -0.13     -0.02     0.13     1 
0130321376   40.82206    -73.84155    -0.10     -0.04     0.10     1 
0130321378   40.82129    -73.76757    -0.19      0.03     0.20     1 
0130321379   40.82089    -73.73058    -0.05      0.03     0.06     1 
0130321380   40.82048    -73.69359     0.11      0.07     0.13     1 
0130321381   40.82005    -73.65660    -0.09     -0.01     0.09     1 
0130321382   40.81962    -73.61962     0.23      0.04     0.24     1 
0130321383   40.81917    -73.58263     0.20      0.08     0.21     1 
0130321384   40.81871    -73.54564     0.23      0.05     0.24     1 
0130321385   40.81824    -73.50866     0.00     -0.02     0.02     1 
0130321386   40.81775    -73.47168     0.08     -0.02     0.08     1 
0130321387   40.81726    -73.43469     0.27      0.05     0.27     1 
0130321388   40.81675    -73.39771     0.17      0.00     0.17     1 
0130321389   40.81623    -73.36073     0.24      0.08     0.25     1 
0130321390   40.81570    -73.32375     0.28      0.05     0.29     1 
0130321391   40.81515    -73.28677     0.09     -0.00     0.09     1 
0130321392   40.81460    -73.24980    -0.06     -0.02     0.07     1 
0130321393   40.81403    -73.21282     0.03      0.24     0.24     1 
0130321405   40.80631    -72.76919     0.12      0.11     0.16     1 
0130321406   40.80558    -72.73223    -0.07     -0.00     0.07     1 
0130321407   40.80485    -72.69527     0.01      0.04     0.04     1 
0130321408   40.80411    -72.65831    -0.04     -0.04     0.06     1 
0130321409   40.80335    -72.62135    -0.07      0.02     0.07     1 
0130321439   40.80026    -74.28576     0.25      0.10     0.27     1 
0130321440   40.80003    -74.24877     0.01      0.03     0.03     1 
0130321441   40.79978    -74.21179     0.13      0.07     0.15     1 
0130321442   40.79952    -74.17481     0.16      0.05     0.17     1 
0130321443   40.79925    -74.13783    -0.00     -0.02     0.02     1 
0130321444   40.79897    -74.10085    -0.24      0.02     0.24     1 
0130321445   40.79868    -74.06387    -0.16     -0.05     0.17     1 
0130321446   40.79837    -74.02688    -0.13     -0.01     0.13     1 
0130321448   40.79772    -73.95292     0.07     -0.08     0.11     1 
0130321449   40.79738    -73.91595    -0.10      0.01     0.10     1 
0130321450   40.79703    -73.87897    -0.21     -0.03     0.21     1 
0130321451   40.79666    -73.84199    -0.16     -0.03     0.16     1 
0130321453   40.79590    -73.76804    -0.18      0.03     0.18     1 
0130321454   40.79550    -73.73106     0.04      0.01     0.04     1 
0130321455   40.79508    -73.69409     0.03      0.03     0.04     1 
0130321456   40.79466    -73.65712     0.02      0.01     0.02     1 
0130321457   40.79422    -73.62014     0.22      0.03     0.22     1 
0130321458   40.79377    -73.58317     0.19      0.01     0.19     1 
0130321459   40.79331    -73.54620     0.06      0.02     0.06     1 
0130321460   40.79284    -73.50923    -0.04      0.06     0.07     1 
0130321461   40.79236    -73.47226    -0.01      0.03     0.03     1 
0130321462   40.79186    -73.43529     0.09      0.09     0.13     1 
0130321463   40.79136    -73.39832     0.15     -0.15     0.21     1 
0130321464   40.79084    -73.36136     0.17      0.12     0.21     1 
0130321465   40.79031    -73.32439     0.15      0.04     0.15     1 
0130321466   40.78976    -73.28743     0.06     -0.14     0.15     1 
0130321479   40.78163    -72.80698     0.19     -0.08     0.20     1 
0130321480   40.78092    -72.77004    -0.07      0.02     0.07     1 
0130321481   40.78020    -72.73309     0.36      0.18     0.40     1 
0130321482   40.77947    -72.69614     0.14     -0.14     0.20     1 
0130321514   40.77486    -74.28603     0.15      0.16     0.22     1 
0130321515   40.77463    -74.24906     0.11      0.05     0.12     1 
0130321516   40.77438    -74.21209     0.05     -0.03     0.05     1 
0130321517   40.77412    -74.17512     0.05      0.05     0.07     1 
0130321518   40.77385    -74.13816     0.03      0.06     0.07     1 
0130321519   40.77357    -74.10119    -0.09     -0.07     0.11     1 
0130321520   40.77327    -74.06422    -0.12      0.01     0.12     1 
0130321521   40.77297    -74.02725    -0.01      0.00     0.01     1 
0130321522   40.77265    -73.99029     0.06     -0.03     0.07     1 
0130321523   40.77232    -73.95332     0.18     -0.16     0.24     1 
0130321524   40.77198    -73.91636    -0.15     -0.11     0.18     1 
0130321525   40.77163    -73.87940    -0.19     -0.03     0.19     1 
0130321526   40.77126    -73.84243    -0.18     -0.07     0.19     1 
0130321527   40.77089    -73.80547    -0.01     -0.01     0.02     1 
0130321528   40.77050    -73.76851     0.09      0.10     0.13     1 
0130321529   40.77010    -73.73155     0.08     -0.01     0.08     1 
0130321530   40.76968    -73.69459     0.18     -0.05     0.19     1 
0130321531   40.76926    -73.65763     0.07     -0.01     0.08     1 
0130321532   40.76882    -73.62067     0.11      0.02     0.11     1 
0130321533   40.76838    -73.58371     0.13     -0.03     0.14     1 
0130321534   40.76792    -73.54675    -0.12      0.04     0.13     1 
0130321535   40.76745    -73.50980    -0.02      0.00     0.02     1 
0130321536   40.76696    -73.47284     0.08     -0.02     0.09     1 
0130321537   40.76647    -73.43589     0.02      0.02     0.02     1 
0130321538   40.76596    -73.39893     0.06      0.02     0.06     1 
0130321539   40.76544    -73.36198     0.17      0.07     0.19     1 
0130321540   40.76491    -73.32503     0.02      0.05     0.05     1 
0130321549   40.75961    -72.99251     0.03     -0.12     0.12     1 
0130321550   40.75896    -72.95557     0.17     -0.07     0.18     1 
0130321552   40.75762    -72.88169     0.08     -0.00     0.08     1 
0130321553   40.75694    -72.84476     0.04      0.02     0.05     1 
0130321554   40.75624    -72.80782    -0.07     -0.01     0.07     1 
0130321589   40.74946    -74.28630     0.24      0.15     0.28     1 
0130321590   40.74922    -74.24935     0.13      0.05     0.14     1 
0130321591   40.74898    -74.21239     0.09     -0.03     0.10     1 
0130321592   40.74872    -74.17544    -0.02     -0.02     0.03     1 
0130321593   40.74845    -74.13848    -0.11     -0.02     0.11     1 
0130321594   40.74817    -74.10153    -0.18      0.04     0.19     1 
0130321595   40.74787    -74.06458    -0.17     -0.03     0.17     1 
0130321596   40.74757    -74.02763    -0.06     -0.08     0.10     1 
0130321597   40.74725    -73.99067     0.12     -0.02     0.12     1 
0130321598   40.74692    -73.95372    -0.08     -0.03     0.09     1 
0130321599   40.74658    -73.91677    -0.08     -0.04     0.09     1 
0130321600   40.74623    -73.87982    -0.13     -0.07     0.15     1 
0130321601   40.74586    -73.84287     0.04     -0.01     0.04     1 
0130321602   40.74549    -73.80592     0.04     -0.08     0.09     1 
0130321603   40.74510    -73.76898     0.06     -0.02     0.07     1 
0130321604   40.74470    -73.73203     0.06     -0.03     0.07     1 
0130321605   40.74429    -73.69508    -0.03      0.01     0.04     1 
0130321606   40.74386    -73.65814    -0.06      0.02     0.06     1 
0130321607   40.74343    -73.62119    -0.09     -0.04     0.10     1 
0130321608   40.74298    -73.58425    -0.02     -0.01     0.02     1 
0130321609   40.74252    -73.54731     0.02     -0.01     0.02     1 
0130321610   40.74205    -73.51036     0.03     -0.04     0.05     1 
0130321611   40.74157    -73.47342     0.11      0.02     0.11     1 
0130321612   40.74107    -73.43648     0.08      0.03     0.08     1 
0130321613   40.74057    -73.39954    -0.09     -0.06     0.11     1 
0130321621   40.73609    -73.10406     0.12     -0.07     0.14     1 
0130321622   40.73548    -73.06713     0.12      0.03     0.13     1 
0130321623   40.73485    -73.03020    -0.15     -0.05     0.16     1 
0130321625   40.73357    -72.95635    -0.10      0.14     0.17     1 
0130321626   40.73291    -72.91942    -0.08     -0.10     0.13     1 
0130321627   40.73224    -72.88250     0.01      0.00     0.01     1 
0130321663   40.72428    -74.32352     0.09      0.09     0.13     1 
0130321664   40.72405    -74.28657     0.10      0.03     0.10     1 
0130321665   40.72382    -74.24963    -0.02      0.02     0.03     1 
0130321666   40.72357    -74.21269    -0.01     -0.01     0.01     1 
0130321667   40.72332    -74.17575    -0.04     -0.02     0.05     1 
0130321668   40.72305    -74.13881    -0.10     -0.03     0.11     1 
0130321669   40.72277    -74.10187    -0.14     -0.00     0.14     1 
0130321670   40.72247    -74.06493    -0.03     -0.00     0.03     1 
0130321672   40.72185    -73.99106    -0.06     -0.00     0.06     1 
0130321673   40.72152    -73.95412    -0.06     -0.07     0.09     1 
0130321674   40.72118    -73.91718    -0.18     -0.03     0.18     1 
0130321675   40.72083    -73.88025    -0.04     -0.05     0.06     1 
0130321676   40.72046    -73.84331    -0.10     -0.06     0.12     1 
0130321677   40.72009    -73.80638    -0.04     -0.05     0.06     1 
0130321678   40.71970    -73.76945     0.05      0.01     0.05     1 
0130321679   40.71930    -73.73251    -0.13      0.04     0.14     1 
0130321680   40.71889    -73.69558     0.02     -0.01     0.02     1 
0130321681   40.71847    -73.65865    -0.02     -0.05     0.05     1 
0130321682   40.71803    -73.62172    -0.00     -0.00     0.00     1 
0130321683   40.71758    -73.58479    -0.04     -0.04     0.06     1 
0130321684   40.71713    -73.54786    -0.00     -0.04     0.04     1 
0130321687   40.71568    -73.43708    -0.02      0.04     0.05     1 
0130321688   40.71517    -73.40015    -0.10     -0.09     0.14     1 
0130321692   40.71303    -73.25246     0.06     -0.02     0.06     1 
0130321693   40.71247    -73.21554    -0.17     -0.05     0.17     1 
0130321694   40.71189    -73.17862     0.17     -0.09     0.20     1 
0130321695   40.71130    -73.14170     0.05     -0.15     0.16     1 
0130321696   40.71070    -73.10478    -0.13      0.16     0.20     1 
0130321738   40.69888    -74.32377     0.15      0.11     0.19     1 
0130321739   40.69865    -74.28684     0.01      0.06     0.06     1 
0130321740   40.69842    -74.24992     0.02      0.08     0.08     1 
0130321741   40.69817    -74.21299     0.02      0.12     0.12     1 
0130321742   40.69792    -74.17606    -0.17      0.04     0.18     1 
0130321743   40.69765    -74.13914    -0.21      0.02     0.21     1 
0130321744   40.69736    -74.10221    -0.09     -0.00     0.09     1 
0130321745   40.69707    -74.06529    -0.06      0.03     0.07     1 
0130321746   40.69677    -74.02836    -0.03     -0.04     0.05     1 
0130321747   40.69645    -73.99144    -0.13     -0.05     0.14     1 
0130321748   40.69612    -73.95452    -0.03     -0.05     0.06     1 
0130321749   40.69578    -73.91760    -0.07     -0.03     0.08     1 
0130321750   40.69543    -73.88067     0.06      0.03     0.07     1 
0130321751   40.69506    -73.84375     0.02     -0.00     0.02     1 
0130321752   40.69469    -73.80683    -0.07      0.00     0.07     1 
0130321753   40.69430    -73.76991     0.05      0.02     0.06     1 
0130321754   40.69390    -73.73299     0.01     -0.02     0.02     1 
0130321755   40.69349    -73.69607     0.09      0.02     0.09     1 
0130321756   40.69307    -73.65916     0.05     -0.05     0.07     1 
0130321757   40.69263    -73.62224     0.09     -0.00     0.09     1 
0130321758   40.69219    -73.58532     0.05      0.04     0.06     1 
0130321759   40.69173    -73.54841     0.08     -0.06     0.10     1 
0130321760   40.69126    -73.51149     0.05     -0.00     0.05     1 
0130321761   40.69078    -73.47458     0.08     -0.01     0.08     1 
0130321762   40.69028    -73.43767     0.02     -0.02     0.03     1 
0130321765   40.68873    -73.32694    -0.05     -0.03     0.06     1 
0130321766   40.68819    -73.29003    -0.03      0.00     0.03     1 
0130321774   40.68344    -72.99480    -0.26     -0.11     0.28     1 
0130321813   40.67347    -74.32403     0.17      0.10     0.20     1 
0130321814   40.67325    -74.28712     0.06      0.08     0.10     1 
0130321815   40.67302    -74.25020     0.13     -0.02     0.13     1 
0130321816   40.67277    -74.21329    -0.03      0.00     0.03     1 
0130321817   40.67251    -74.17638    -0.20      0.01     0.20     1 
0130321818   40.67224    -74.13947    -0.23      0.05     0.24     1 
0130321819   40.67196    -74.10255    -0.10      0.03     0.10     1 
0130321820   40.67167    -74.06564    -0.11     -0.02     0.11     1 
0130321821   40.67137    -74.02873    -0.18      0.09     0.20     1 
0130321822   40.67105    -73.99182    -0.09      0.00     0.09     1 
0130321823   40.67072    -73.95491    -0.08     -0.01     0.08     1 
0130321824   40.67038    -73.91801    -0.02     -0.09     0.10     1 
0130321825   40.67003    -73.88110    -0.09      0.02     0.09     1 
0130321826   40.66967    -73.84419    -0.10     -0.05     0.11     1 
0130321827   40.66929    -73.80728    -0.11     -0.02     0.11     1 
0130321828   40.66890    -73.77038    -0.02     -0.02     0.02     1 
0130321829   40.66850    -73.73347     0.06     -0.06     0.08     1 
0130321830   40.66809    -73.69657    -0.03     -0.03     0.04     1 
0130321831   40.66767    -73.65967     0.13     -0.05     0.14     1 
0130321832   40.66724    -73.62276     0.09     -0.05     0.10     1 
0130321833   40.66679    -73.58586     0.08     -0.05     0.09     1 
0130321834   40.66633    -73.54896     0.06     -0.02     0.06     1 
0130321835   40.66586    -73.51206     0.07     -0.03     0.08     1 
0130321836   40.66538    -73.47516    -0.04     -0.04     0.06     1 
0130321837   40.66489    -73.43826     0.01     -0.04     0.05     1 
0130321838   40.66438    -73.40136    -0.03     -0.04     0.05     1 
0130321839   40.66387    -73.36447    -0.02     -0.03     0.04     1 
0130321841   40.66280    -73.29068    -0.18      0.07     0.19     1 
0130321842   40.66224    -73.25378    -0.12     -0.10     0.15     1 
0130321844   40.66110    -73.18000    -0.15     -0.05     0.16     1 
0130321888   40.64807    -74.32429     0.05      0.12     0.13     1 
0130321889   40.64785    -74.28739     0.04      0.08     0.09     1 
0130321890   40.64761    -74.25049     0.15      0.07     0.17     1 
0130321891   40.64737    -74.21359    -0.08      0.01     0.08     1 
0130321892   40.64711    -74.17669    -0.11      0.00     0.11     1 
0130321893   40.64684    -74.13979    -0.12     -0.01     0.12     1 
0130321894   40.64656    -74.10290    -0.07      0.05     0.09     1 
0130321895   40.64627    -74.06600    -0.10     -0.06     0.12     1 
0130321896   40.64596    -74.02910    -0.11      0.01     0.11     1 
0130321897   40.64565    -73.99221     0.03     -0.03     0.04     1 
0130321898   40.64532    -73.95531    -0.09     -0.08     0.12     1 
0130321899   40.64498    -73.91842    -0.11      0.01     0.11     1 
0130321900   40.64463    -73.88152    -0.26     -0.02     0.26     1 
0130321901   40.64427    -73.84463    -0.18     -0.03     0.18     1 
0130321902   40.64389    -73.80774     0.01     -0.03     0.04     1 
0130321903   40.64350    -73.77084    -0.16     -0.03     0.16     1 
0130321904   40.64310    -73.73395    -0.18     -0.08     0.20     1 
0130321905   40.64270    -73.69706    -0.03     -0.05     0.07     1 
0130321906   40.64227    -73.66017    -0.08     -0.03     0.08     1 
0130321907   40.64184    -73.62329     0.00     -0.03     0.03     1 
0130321908   40.64139    -73.58640    -0.02      0.02     0.02     1 
0130321909   40.64093    -73.54951    -0.14     -0.02     0.14     1 
0130321910   40.64047    -73.51262    -0.01     -0.04     0.05     1 
0130321911   40.63999    -73.47574    -0.03      0.04     0.05     1 
0130321912   40.63949    -73.43886    -0.13     -0.06     0.14     1 
0130321913   40.63899    -73.40197    -0.11     -0.06     0.13     1 
0130321914   40.63847    -73.36509    -0.13     -0.11     0.17     1 
0130321916   40.63740    -73.29133    -0.07     -0.06     0.10     1 
0130321917   40.63685    -73.25445    -0.12     -0.07     0.14     1 
0130321918   40.63629    -73.21757    -0.14     -0.04     0.14     1 
0130321962   40.62288    -74.36143     0.15      0.11     0.19     1 
0130321963   40.62267    -74.32454     0.04      0.06     0.07     1 
0130321964   40.62244    -74.28766     0.15      0.05     0.16     1 
0130321965   40.62221    -74.25077    -0.02      0.03     0.04     1 
0130321966   40.62197    -74.21389    -0.13      0.03     0.13     1 
0130321967   40.62171    -74.17700    -0.12     -0.03     0.12     1 
0130321968   40.62144    -74.14012     0.06      0.01     0.06     1 
0130321969   40.62116    -74.10323     0.13     -0.00     0.13     1 
0130321970   40.62087    -74.06635     0.05      0.03     0.06     1 
0130321971   40.62056    -74.02947     0.01     -0.03     0.03     1 
0130321972   40.62025    -73.99259    -0.10     -0.03     0.10     1 
0130321973   40.61992    -73.95571    -0.08     -0.03     0.08     1 
0130321974   40.61958    -73.91883    -0.09     -0.04     0.10     1 
0130321975   40.61923    -73.88195    -0.06     -0.10     0.12     1 
0130321976   40.61887    -73.84507    -0.11     -0.02     0.12     1 
0130321977   40.61849    -73.80819    -0.11      0.08     0.14     1 
0130321978   40.61810    -73.77131    -0.12     -0.08     0.14     1 
0130321979   40.61771    -73.73443    -0.05     -0.03     0.06     1 
0130321980   40.61730    -73.69756    -0.11     -0.00     0.11     1 
0130321981   40.61688    -73.66068    -0.07     -0.02     0.08     1 
0130321982   40.61644    -73.62381    -0.12      0.01     0.12     1 
0130321983   40.61600    -73.58693    -0.09      0.02     0.09     1 
0130321984   40.61554    -73.55006    -0.08     -0.01     0.08     1 
0130321985   40.61507    -73.51319    -0.05      0.04     0.07     1 
0130321986   40.61459    -73.47632    -0.10     -0.00     0.10     1 
0130321987   40.61410    -73.43945     0.01     -0.07     0.07     1 
0130322037   40.59747    -74.36167     0.08     -0.03     0.09     1 
0130322038   40.59726    -74.32480     0.13     -0.02     0.13     1 
0130322039   40.59704    -74.28793    -0.00     -0.02     0.02     1 
0130322040   40.59681    -74.25105    -0.13     -0.05     0.14     1 
0130322041   40.59656    -74.21418    -0.14      0.00     0.14     1 
0130322042   40.59631    -74.17731    -0.10     -0.06     0.11     1 
0130322043   40.59604    -74.14044     0.24      0.04     0.25     1 
0130322044   40.59576    -74.10357     0.15     -0.04     0.16     1 
0130322045   40.59546    -74.06670     0.03     -0.12     0.12     1 
0130322047   40.59485    -73.99297    -0.13     -0.06     0.15     1 
0130322048   40.59452    -73.95610    -0.08     -0.05     0.10     1 
0130322049   40.59418    -73.91924    -0.18     -0.01     0.18     1 
0130322050   40.59383    -73.88237    -0.03     -0.01     0.03     1 
0130322051   40.59347    -73.84550    -0.21     -0.09     0.23     1 
0130322052   40.59309    -73.80864    -0.09     -0.08     0.12     1 
0130322053   40.59271    -73.77178     0.15     -0.09     0.17     1 
0130322054   40.59231    -73.73491     0.03      0.01     0.03     1 
0130322055   40.59190    -73.69805    -0.16      0.02     0.16     1 
0130322056   40.59148    -73.66119    -0.13     -0.04     0.13     1 
0130322057   40.59104    -73.62433     0.09     -0.02     0.09     1 
0130322058   40.59060    -73.58747     0.07      0.02     0.07     1 
0130322112   40.57207    -74.36191     0.26      0.10     0.28     1 
0130322113   40.57186    -74.32505     0.14      0.06     0.15     1 
0130322114   40.57164    -74.28820     0.16     -0.02     0.16     1 
0130322115   40.57140    -74.25134    -0.10     -0.01     0.10     1 
0130322116   40.57116    -74.21448    -0.22     -0.04     0.23     1 
0130322117   40.57090    -74.17762    -0.21     -0.05     0.22     1 
0130322118   40.57064    -74.14077     0.23     -0.03     0.23     1 
0130322119   40.57035    -74.10391    -0.02     -0.12     0.13     1 
0130322122   40.56945    -73.99335    -0.16     -0.05     0.16     1 
0130322123   40.56912    -73.95650    -0.14      0.02     0.14     1 
0130322124   40.56878    -73.91964    -0.28      0.24     0.37     1 
0130322125   40.56843    -73.88279    -0.13     -0.05     0.13     1 
0130322187   40.54666    -74.36215     0.12     -0.01     0.12     1 
0130322188   40.54646    -74.32531     0.01     -0.06     0.06     1 
0130322189   40.54624    -74.28846     0.02     -0.04     0.04     1 
0130322190   40.54600    -74.25162    -0.13     -0.04     0.13     1 
0130322191   40.54576    -74.21478     0.19     -0.01     0.19     1 
0130322192   40.54550    -74.17794     0.16     -0.07     0.18     1 
0130322193   40.54523    -74.14109    -0.01     -0.05     0.05     1 
0130322194   40.54495    -74.10425    -0.06     -0.07     0.09     1 
0130322262   40.52126    -74.36239    -0.01     -0.04     0.04     1 
0130322263   40.52105    -74.32556    -0.07     -0.07     0.10     1 
0130322264   40.52083    -74.28873    -0.08     -0.03     0.09     1 
0130322265   40.52060    -74.25190    -0.07     -0.07     0.10     1 
0130322266   40.52036    -74.21507     0.07     -0.07     0.10     1 
0130322267   40.52010    -74.17825    -0.02     -0.15     0.15     1 
0130322336   40.49605    -74.39945    -0.09      0.03     0.10     1 
0130322337   40.49586    -74.36263    -0.13      0.02     0.13     1 
0130322340   40.49520    -74.25219    -0.13     -0.08     0.15     1 
0130322341   40.49495    -74.21537    -0.06     -0.12     0.14     1 
0130322411   40.47065    -74.39968    -0.15     -0.09     0.18     1 
0130322412   40.47045    -74.36287    -0.11     -0.22     0.24     1 
0130322413   40.47024    -74.32607     0.08     -0.05     0.09     1 
0130322414   40.47002    -74.28927     0.13     -0.04     0.13     1 
0130322415   40.46979    -74.25247    -0.04     -0.05     0.07     1 
0130322486   40.44525    -74.39990     0.04     -0.01     0.04     1 
0130322487   40.44505    -74.36311    -0.05      0.00     0.05     1 
0130322488   40.44484    -74.32632     0.04     -0.04     0.06     1 
0130322489   40.44462    -74.28954    -0.12     -0.01     0.12     1 
0130322490   40.44439    -74.25275     0.08      0.05     0.09     1 
0130322491   40.44414    -74.21596    -0.08     -0.04     0.09     1 
0130322492   40.44389    -74.17918    -0.02     -0.15     0.15     1 
0130322493   40.44362    -74.14239    -0.10     -0.16     0.18     1 
0130322494   40.44334    -74.10560    -0.13     -0.10     0.17     1 
0130322561   40.41984    -74.40013     0.08      0.07     0.11     1 
0130322562   40.41965    -74.36335    -0.06      0.03     0.07     1 
0130322564   40.41922    -74.28980     0.29     -0.03     0.30     1 
0130322565   40.41898    -74.25303     0.25     -0.01     0.25     1 
0130322566   40.41874    -74.21626     0.01     -0.07     0.07     1 
0130322567   40.41849    -74.17948     0.07     -0.05     0.08     1 
0130322569   40.41794    -74.10594     0.25     -0.06     0.26     1 
0130322570   40.41765    -74.06917     0.01     -0.10     0.10     1 
0130322571   40.41735    -74.03240    -0.12     -0.12     0.17     1 
0130322572   40.41703    -73.99563     0.02      0.04     0.04     1 
0130322636   40.39444    -74.40035     0.15      0.06     0.16     1 
0130322637   40.39424    -74.36359     0.06      0.06     0.09     1 
0130322638   40.39403    -74.32683     0.17     -0.03     0.17     1 
0130322639   40.39381    -74.29007     0.20     -0.02     0.20     1 
0130322640   40.39358    -74.25331     0.28      0.00     0.28     1 
0130322641   40.39334    -74.21655     0.19     -0.04     0.19     1 
0130322642   40.39308    -74.17979     0.19      0.00     0.19     1 
0130322643   40.39282    -74.14303     0.28     -0.04     0.28     1 
0130322644   40.39254    -74.10627     0.20     -0.00     0.20     1 
0130322645   40.39225    -74.06952     0.25     -0.01     0.25     1 
0130322646   40.39195    -74.03276     0.18     -0.04     0.18     1 
0130322647   40.39163    -73.99600    -0.04     -0.09     0.10     1 
0130322711   40.36903    -74.40058     0.13     -0.03     0.13     1 
0130322712   40.36884    -74.36383     0.27     -0.01     0.27     1 
0130322713   40.36863    -74.32708     0.31      0.04     0.32     1 
0130322714   40.36841    -74.29034     0.17     -0.05     0.18     1 
0130322715   40.36818    -74.25359     0.24      0.01     0.24     1 
0130322716   40.36794    -74.21685     0.33      0.03     0.33     1 
0130322717   40.36768    -74.18010     0.26     -0.02     0.26     1 
0130322718   40.36741    -74.14335     0.12     -0.02     0.12     1 
0130322719   40.36714    -74.10661     0.20     -0.07     0.21     1 
0130322720   40.36685    -74.06987     0.13     -0.15     0.20     1 
0130322722   40.36623    -73.99638     0.14      0.01     0.14     1 
0130322785   40.34381    -74.43754     0.03      0.19     0.20     1 
0130322786   40.34363    -74.40081     0.03     -0.08     0.09     1 
0130322787   40.34343    -74.36407     0.26     -0.00     0.26     1 
0130322788   40.34322    -74.32734     0.26     -0.07     0.27     1 
0130322789   40.34300    -74.29060     0.34      0.01     0.34     1 
0130322790   40.34277    -74.25387     0.22      0.02     0.22     1 
0130322791   40.34253    -74.21714     0.41     -0.02     0.41     1 
0130322792   40.34228    -74.18041     0.16      0.06     0.18     1 
0130322793   40.34201    -74.14368     0.17     -0.03     0.17     1 
0130322794   40.34173    -74.10694     0.16      0.07     0.17     1 
0130322795   40.34144    -74.07022     0.06     -0.08     0.10     1 
0130322796   40.34114    -74.03348     0.02     -0.08     0.08     1 
0130322797   40.34083    -73.99676    -0.12     -0.12     0.17     1 
0130322860   40.31841    -74.43775     0.05      0.09     0.11     1 
0130322861   40.31822    -74.40103     0.20     -0.03     0.20     1 
0130322862   40.31803    -74.36431     0.21      0.00     0.21     1 
0130322863   40.31782    -74.32759     0.28      0.01     0.28     1 
0130322864   40.31760    -74.29087     0.26     -0.04     0.26     1 
0130322865   40.31737    -74.25415     0.25     -0.01     0.25     1 
0130322866   40.31713    -74.21743     0.17     -0.01     0.17     1 
0130322867   40.31687    -74.18072     0.16     -0.02     0.16     1 
0130322868   40.31661    -74.14400     0.07      0.12     0.14     1 
0130322869   40.31633    -74.10728     0.20     -0.14     0.24     1 
0130322870   40.31604    -74.07056     0.15     -0.09     0.17     1 
0130322871   40.31574    -74.03385    -0.05     -0.09     0.10     1 
0130322872   40.31543    -73.99713    -0.04     -0.10     0.11     1 
0130322935   40.29300    -74.43796     0.33      0.06     0.33     1 
0130322936   40.29282    -74.40125     0.23      0.11     0.25     1 
0130322937   40.29262    -74.36455     0.12      0.07     0.14     1 
0130322938   40.29241    -74.32784     0.18      0.02     0.19     1 
0130322939   40.29220    -74.29114     0.13     -0.07     0.15     1 
0130322940   40.29197    -74.25443     0.21     -0.03     0.21     1 
0130322941   40.29172    -74.21773     0.28     -0.02     0.28     1 
0130322942   40.29147    -74.18102     0.17     -0.04     0.17     1 
0130322943   40.29120    -74.14432     0.23     -0.02     0.23     1 
0130322944   40.29093    -74.10761     0.30     -0.11     0.32     1 
0130322945   40.29064    -74.07091     0.17     -0.01     0.17     1 
0130322946   40.29034    -74.03421     0.11     -0.07     0.13     1 
0130322947   40.29002    -73.99751     0.16     -0.08     0.18     1 
0130323010   40.26760    -74.43817     0.32      0.08     0.33     1 
0130323011   40.26741    -74.40148     0.23      0.00     0.23     1 
0130323012   40.26722    -74.36478     0.21     -0.13     0.25     1 
0130323013   40.26701    -74.32809     0.14     -0.06     0.15     1 
0130323014   40.26679    -74.29140     0.19     -0.10     0.21     1 
0130323015   40.26656    -74.25471     0.23     -0.06     0.24     1 
0130323016   40.26632    -74.21802     0.24     -0.06     0.25     1 
0130323018   40.26580    -74.14464     0.18     -0.07     0.19     1 
0130323019   40.26552    -74.10795     0.09     -0.06     0.11     1 
0130323020   40.26523    -74.07126     0.14     -0.03     0.15     1 
0130323021   40.26493    -74.03457     0.02     -0.04     0.04     1 
0130323022   40.26462    -73.99788     0.19     -0.06     0.20     1 
0130323084   40.24236    -74.47506     0.23      0.04     0.24     1 
0130323085   40.24219    -74.43838     0.26     -0.10     0.27     1 
0130323086   40.24201    -74.40170     0.30     -0.06     0.31     1 
0130323087   40.24181    -74.36502     0.26     -0.01     0.26     1 
0130323088   40.24161    -74.32834     0.16      0.11     0.19     1 
0130323089   40.24139    -74.29167    -0.01     -0.05     0.05     1 
0130323090   40.24116    -74.25499     0.19     -0.08     0.20     1 
0130323091   40.24092    -74.21831     0.23      0.06     0.24     1 
0130323092   40.24066    -74.18163     0.18     -0.08     0.19     1 
0130323093   40.24040    -74.14496     0.15     -0.11     0.19     1 
0130323094   40.24012    -74.10828     0.09     -0.14     0.16     1 
0130323095   40.23983    -74.07161     0.18     -0.05     0.18     1 
0130323096   40.23953    -74.03493     0.09     -0.10     0.13     1 
0130323097   40.23922    -73.99826     0.07     -0.02     0.07     1 
0130323159   40.21696    -74.47526     0.33     -0.08     0.34     1 
0130323160   40.21679    -74.43859     0.30     -0.04     0.31     1 
0130323161   40.21660    -74.40193     0.29     -0.01     0.29     1 
0130323162   40.21641    -74.36526     0.11      0.00     0.11     1 
0130323163   40.21620    -74.32860     0.23      0.00     0.23     1 
0130323164   40.21598    -74.29193     0.24     -0.03     0.25     1 
0130323165   40.21575    -74.25527     0.06     -0.16     0.17     1 
0130323166   40.21551    -74.21860     0.24      0.01     0.24     1 
0130323167   40.21526    -74.18194     0.18     -0.04     0.18     1 
0130323168   40.21499    -74.14528     0.20     -0.01     0.20     1 
0130323169   40.21472    -74.10862     0.16     -0.08     0.18     1 
0130323170   40.21443    -74.07195     0.15     -0.05     0.16     1 
0130323171   40.21413    -74.03529     0.04     -0.13     0.14     1 
0130323234   40.19155    -74.47545     0.19     -0.02     0.19     1 
0130323235   40.19138    -74.43880     0.26     -0.06     0.27     1 
0130323236   40.19120    -74.40215     0.29      0.01     0.29     1 
0130323237   40.19100    -74.36550     0.10     -0.07     0.13     1 
0130323238   40.19080    -74.32885     0.21     -0.11     0.24     1 
0130323239   40.19058    -74.29220     0.16     -0.03     0.16     1 
0130323240   40.19035    -74.25554     0.21     -0.04     0.22     1 
0130323242   40.18985    -74.18224     0.10     -0.04     0.10     1 
0130323243   40.18959    -74.14560     0.24     -0.02     0.24     1 
0130323244   40.18931    -74.10895     0.11     -0.08     0.13     1 
0130323245   40.18902    -74.07230     0.11     -0.14     0.18     1 
0130323246   40.18872    -74.03565    -0.03     -0.11     0.11     1 
0130323309   40.16615    -74.47565     0.11     -0.06     0.12     1 
0130323310   40.16598    -74.43901     0.18      0.20     0.27     1 
0130323311   40.16579    -74.40237     0.13      0.05     0.14     1 
0130323312   40.16560    -74.36573    -0.06     -0.06     0.08     1 
0130323313   40.16539    -74.32910     0.12      0.00     0.12     1 
0130323314   40.16517    -74.29246     0.26     -0.12     0.28     1 
0130323315   40.16494    -74.25582     0.26     -0.02     0.26     1 
0130323316   40.16470    -74.21919     0.05     -0.02     0.05     1 
0130323317   40.16445    -74.18255     0.23     -0.11     0.26     1 
0130323318   40.16418    -74.14592     0.09     -0.15     0.18     1 
0130323319   40.16391    -74.10928     0.34     -0.14     0.37     1 
0130323320   40.16362    -74.07265     0.12     -0.15     0.19     1 
0130323321   40.16332    -74.03601     0.04     -0.07     0.08     1 
0130323384   40.14074    -74.47584     0.27      0.12     0.29     1 
0130323385   40.14057    -74.43922    -0.06      0.00     0.06     1 
0130323386   40.14039    -74.40259     0.37     -0.01     0.37     1 
0130323387   40.14019    -74.36597     0.28      0.02     0.28     1 
0130323388   40.13999    -74.32935     0.20      0.00     0.20     1 
0130323391   40.13930    -74.21948     0.12     -0.04     0.13     1 
0130323392   40.13905    -74.18286     0.17      0.02     0.17     1 
0130323393   40.13878    -74.14623     0.15     -0.06     0.16     1 
0130323394   40.13851    -74.10961     0.11     -0.04     0.12     1 
0130323395   40.13822    -74.07299     0.14     -0.09     0.16     1 
0130323396   40.13792    -74.03637     0.04      0.10     0.11     1 
0130323458   40.11550    -74.51265     0.26     -0.08     0.27     1 
0130323459   40.11534    -74.47604     0.32      0.04     0.32     1 
0130323460   40.11516    -74.43943     0.22      0.04     0.22     1 
0130323461   40.11498    -74.40282     0.07     -0.06     0.09     1 
0130323462   40.11479    -74.36621     0.33     -0.08     0.34     1 
0130323463   40.11458    -74.32959     0.20     -0.18     0.27     1 
0130323465   40.11413    -74.25638     0.24     -0.01     0.24     1 
0130323466   40.11389    -74.21977     0.15     -0.02     0.15     1 
0130323467   40.11364    -74.18316     0.23     -0.08     0.24     1 
0130323468   40.11338    -74.14655     0.14     -0.22     0.26     1 
0130323469   40.11310    -74.10994     0.16     -0.01     0.16     1 
0130323470   40.11281    -74.07334     0.13     -0.13     0.19     1 
0130323471   40.11252    -74.03673     0.01      0.05     0.05     1 
0130323533   40.09009    -74.51283     0.30      0.03     0.30     1 
0130323534   40.08993    -74.47623     0.27     -0.02     0.27     1 
0130323535   40.08976    -74.43963     0.08      0.07     0.10     1 
0130323536   40.08958    -74.40304     0.14     -0.02     0.14     1 
0130323537   40.08938    -74.36644     0.34     -0.04     0.34     1 
0130323538   40.08917    -74.32985     0.12      0.00     0.12     1 
0130323539   40.08896    -74.29325     0.16      0.01     0.16     1 
0130323540   40.08873    -74.25665     0.31     -0.01     0.31     1 
0130323541   40.08849    -74.22006    -0.04      0.04     0.06     1 
0130323542   40.08824    -74.18346     0.11     -0.11     0.16     1 
0130323543   40.08797    -74.14687     0.14     -0.06     0.15     1 
0130323544   40.08770    -74.11027     0.07     -0.09     0.12     1 
0130323545   40.08741    -74.07368    -0.05     -0.08     0.09     1 
0130323546   40.08711    -74.03709     0.01     -0.04     0.04     1 
0130323608   40.06468    -74.51301     0.19      0.05     0.20     1 
0130323609   40.06452    -74.47643     0.25     -0.03     0.25     1 
0130323610   40.06435    -74.43984     0.06      0.06     0.08     1 
0130323611   40.06417    -74.40326    -0.04      0.11     0.12     1 
0130323613   40.06377    -74.33009    -0.17     -0.17     0.24     1 
0130323614   40.06355    -74.29351     0.15     -0.01     0.15     1 
0130323615   40.06332    -74.25693     0.18      0.01     0.19     1 
0130323616   40.06308    -74.22035     0.13      0.02     0.13     1 
0130323617   40.06283    -74.18377    -0.01     -0.07     0.07     1 
0130323618   40.06257    -74.14718     0.08     -0.05     0.09     1 
0130323619   40.06229    -74.11061    -0.01     -0.01     0.01     1 
0130323620   40.06201    -74.07403    -0.12     -0.05     0.13     1 
0130323683   40.03928    -74.51319     0.21      0.05     0.22     1 
0130323684   40.03912    -74.47662    -0.06      0.17     0.18     1 
0130323685   40.03895    -74.44005     0.06      0.02     0.06     1 
0130323686   40.03876    -74.40348     0.09      0.08     0.12     1 
0130323688   40.03836    -74.33034     0.02      0.02     0.03     1 
0130323689   40.03815    -74.29377     0.18      0.00     0.18     1 
0130323691   40.03768    -74.22064     0.15     -0.03     0.16     1 
0130323692   40.03743    -74.18407     0.12      0.00     0.12     1 
0130323693   40.03716    -74.14750     0.05     -0.00     0.05     1 
0130323694   40.03689    -74.11093     0.02     -0.01     0.02     1 
0130323695   40.03660    -74.07437     0.02     -0.06     0.06     1 
0130323758   40.01387    -74.51337     0.05      0.03     0.05     1 
0130323759   40.01371    -74.47682    -0.14      0.03     0.14     1 
0130323760   40.01354    -74.44026     0.06     -0.02     0.06     1 
0130323761   40.01336    -74.40370    -0.07      0.00     0.07     1 
0130323762   40.01316    -74.36715     0.07     -0.00     0.07     1 
0130323763   40.01296    -74.33059     0.02     -0.01     0.02     1 
0130323764   40.01274    -74.29403     0.12     -0.04     0.12     1 
0130323766   40.01227    -74.22093     0.23     -0.23     0.32     1 
0130323767   40.01202    -74.18437     0.14     -0.04     0.14     1 
0130323768   40.01176    -74.14782     0.06     -0.01     0.06     1 
0130323769   40.01148    -74.11127    -0.08     -0.03     0.09     1 
0130323770   40.01120    -74.07471    -0.09     -0.11     0.14     1 
0130323832   39.98861    -74.55010    -0.10      0.17     0.20     1 
0130323833   39.98846    -74.51355    -0.12     -0.08     0.15     1 
0130323834   39.98830    -74.47701    -0.11     -0.08     0.14     1 
0130323835   39.98813    -74.44047    -0.02     -0.03     0.04     1 
0130323836   39.98795    -74.40392     0.03     -0.02     0.04     1 
0130323837   39.98776    -74.36738     0.14     -0.07     0.16     1 
0130323838   39.98755    -74.33084    -0.06     -0.03     0.07     1 
0130323840   39.98711    -74.25776     0.01     -0.04     0.04     1 
0130323841   39.98687    -74.22121     0.09      0.01     0.09     1 
0130323842   39.98662    -74.18467     0.13     -0.07     0.15     1 
0130323843   39.98635    -74.14813     0.02      0.05     0.05     1 
0130323844   39.98608    -74.11159     0.01     -0.04     0.04     1 
0130323907   39.96320    -74.55026     0.07      0.00     0.07     1 
0130323908   39.96306    -74.51373     0.03      0.09     0.09     1 
0130323910   39.96273    -74.44067     0.02      0.00     0.02     1 
0130323911   39.96254    -74.40414     0.08      0.00     0.08     1 
0130323912   39.96235    -74.36762    -0.02     -0.04     0.04     1 
0130323914   39.96193    -74.29456     0.04     -0.06     0.07     1 
0130323916   39.96146    -74.22150     0.13     -0.08     0.15     1 
0130323918   39.96095    -74.14845     0.18     -0.13     0.22     1 
0130323919   39.96067    -74.11192    -0.07     -0.10     0.12     1 
0130323920   39.96039    -74.07540    -0.02      0.03     0.04     1 
0130323982   39.93780    -74.55043    -0.08     -0.01     0.09     1 
0130323983   39.93765    -74.51391     0.09     -0.10     0.13     1 
0130323984   39.93749    -74.47740    -0.05     -0.06     0.08     1 
0130323985   39.93732    -74.44088     0.12     -0.01     0.12     1 
0130323987   39.93695    -74.36785     0.04     -0.04     0.06     1 
0130323988   39.93674    -74.33133    -0.18     -0.11     0.21     1 
0130323990   39.93630    -74.25831     0.16      0.05     0.17     1 
0130323992   39.93581    -74.18528     0.13      0.09     0.16     1 
0130323993   39.93554    -74.14876    -0.03     -0.10     0.10     1 
0130323994   39.93527    -74.11225    -0.07     -0.10     0.12     1 
0130323995   39.93498    -74.07574     0.03      0.18     0.19     1 
0130324057   39.91239    -74.55060     0.03      0.13     0.14     1 
0130324058   39.91224    -74.51409     0.03     -0.02     0.04     1 
0130324059   39.91208    -74.47759     0.00     -0.01     0.01     1 
0130324061   39.91173    -74.40458     0.12     -0.09     0.15     1 
0130324062   39.91154    -74.36808     0.07      0.01     0.07     1 
0130324063   39.91133    -74.33158     0.06     -0.16     0.17     1 
0130324064   39.91112    -74.29508    -0.01     -0.02     0.02     1 
0130324066   39.91065    -74.22208     0.34     -0.02     0.34     1 
0130324067   39.91040    -74.18558    -0.06     -0.09     0.11     1 
0130324068   39.91014    -74.14908     0.14     -0.07     0.15     1 
0130324069   39.90986    -74.11258    -0.05     -0.03     0.06     1 
0130324134   39.88668    -74.47778    -0.01      0.03     0.03     1 
0130324135   39.88651    -74.44129     0.12      0.04     0.12     1 
0130324136   39.88632    -74.40480    -0.01     -0.03     0.03     1 
0130324137   39.88613    -74.36832     0.10     -0.06     0.11     1 
0130324138   39.88593    -74.33183    -0.06      0.03     0.07     1 
0130324139   39.88571    -74.29534     0.09     -0.06     0.11     1 
0130324141   39.88524    -74.22236     0.01     -0.08     0.08     1 
0130324142   39.88499    -74.18588     0.23     -0.05     0.24     1 
0130324143   39.88473    -74.14939     0.01     -0.03     0.04     1 
0130324145   39.88417    -74.07642    -0.13      0.06     0.15     1 
0130324206   39.86171    -74.58741     0.02      0.04     0.04     1 
0130324207   39.86158    -74.55093     0.04     -0.03     0.05     1 
0130324208   39.86143    -74.51445     0.09     -0.06     0.11     1 
0130324209   39.86127    -74.47798    -0.02      0.05     0.05     1 
0130324210   39.86110    -74.44150     0.04      0.24     0.24     1 
0130324211   39.86092    -74.40502     0.05     -0.07     0.08     1 
0130324213   39.86052    -74.33207     0.07     -0.04     0.08     1 
0130324215   39.86008    -74.25913    -0.10      0.06     0.12     1 
0130324216   39.85984    -74.22265     0.08      0.03     0.08     1 
0130324217   39.85959    -74.18618     0.17     -0.13     0.21     1 
0130324218   39.85933    -74.14971    -0.01     -0.03     0.03     1 
0130324281   39.83630    -74.58756    -0.13      0.06     0.15     1 
0130324282   39.83617    -74.55109     0.06      0.03     0.06     1 
0130324283   39.83602    -74.51463    -0.00      0.02     0.02     1 
0130324284   39.83586    -74.47817     0.07      0.05     0.09     1 
0130324285   39.83569    -74.44171     0.09      0.00     0.09     1 
0130324287   39.83532    -74.36878     0.10     -0.02     0.10     1 
0130324288   39.83511    -74.33232    -0.04     -0.01     0.04     1 
0130324291   39.83443    -74.22294     0.02     -0.03     0.04     1 
0130324292   39.83418    -74.18648    -0.01     -0.07     0.07     1 
0130324357   39.81076    -74.55126     0.01      0.05     0.05     1 
0130324358   39.81061    -74.51481     0.03      0.26     0.26     1 
0130324360   39.81029    -74.44191     0.08     -0.32     0.34     1 
0130324361   39.81010    -74.40546     0.02     -0.03     0.03     1 
0130324363   39.80971    -74.33257     0.15     -0.07     0.16     1 
0130324365   39.80927    -74.25967     0.05     -0.05     0.07     1 
0130324366   39.80903    -74.22322    -0.03     -0.08     0.08     1 
0130324367   39.80878    -74.18678    -0.02     -0.07     0.07     1 
0130324431   39.78549    -74.58786     0.20      0.11     0.23     1 
0130324432   39.78535    -74.55142    -0.04      0.10     0.11     1 
0130324433   39.78520    -74.51499    -0.00      0.10     0.10     1 
0130324435   39.78488    -74.44212     0.20      0.02     0.20     1 
0130324437   39.78450    -74.36925     0.17     -0.01     0.17     1 
0130324439   39.78409    -74.29638     0.02      0.01     0.02     1 
0130324440   39.78386    -74.25994     0.06      0.10     0.12     1 
0130324442   39.78337    -74.18708     0.02      0.01     0.02     1 
0130324444   39.78284    -74.11421    -0.03     -0.01     0.03     1 
0130324508   39.75980    -74.51517    -0.13     -0.01     0.13     1 
0130324511   39.75929    -74.40590     0.06      0.08     0.10     1 
0130324515   39.75845    -74.26022     0.27      0.00     0.27     1 
0130324516   39.75821    -74.22380     0.17      0.06     0.18     1 
0130324517   39.75796    -74.18738    -0.10     -0.01     0.10     1 
0130324518   39.75771    -74.15096    -0.06     -0.10     0.12     1 
0130324519   39.75743    -74.11454     0.08      0.02     0.09     1 
0130324582   39.73454    -74.55175    -0.10      0.08     0.13     1 
0130324584   39.73423    -74.47894     0.06      0.03     0.07     1 
0130324585   39.73406    -74.44253     0.11      0.09     0.14     1 
0130324589   39.73327    -74.29690     0.17      0.01     0.17     1 
0130324590   39.73305    -74.26049     0.11      0.05     0.12     1 
0130324591   39.73281    -74.22408     0.20      0.12     0.23     1 
0130324592   39.73256    -74.18767    -0.03     -0.04     0.05     1 
0130324593   39.73230    -74.15127     0.02     -0.01     0.02     1 
0130324594   39.73203    -74.11486     0.03      0.22     0.22     1 
0130324656   39.70926    -74.58831     0.06      0.14     0.15     1 
0130324658   39.70898    -74.51552     0.18      0.08     0.19     1 
0130324661   39.70847    -74.40634    -0.02      0.05     0.05     1 
0130324662   39.70828    -74.36994    -0.25     -0.08     0.26     1 
0130324663   39.70808    -74.33355     0.37      0.12     0.39     1 
0130324664   39.70786    -74.29715     0.06     -0.02     0.07     1 
0130324665   39.70764    -74.26076     0.12      0.02     0.12     1 
0130324666   39.70740    -74.22437     0.04     -0.09     0.10     1 
0130324667   39.70715    -74.18797    -0.02     -0.01     0.02     1 
0130324668   39.70689    -74.15158    -0.00      0.09     0.09     1 
0130324731   39.68385    -74.58846    -0.01      0.12     0.13     1 
0130324732   39.68372    -74.55208    -0.04      0.07     0.08     1 
0130324733   39.68357    -74.51570     0.13      0.07     0.14     1 
0130324737   39.68288    -74.37017     0.03     -0.02     0.04     1 
0130324739   39.68246    -74.29741    -0.06     -0.07     0.09     1 
0130324740   39.68223    -74.26103     0.20     -0.10     0.22     1 
0130324741   39.68200    -74.22465     0.01      0.04     0.04     1 
0130324742   39.68175    -74.18827     0.02      0.03     0.04     1 
0130324812   39.65747    -74.37040     0.11      0.03     0.11     1 
0130324813   39.65727    -74.33404     0.12      0.01     0.12     1 
0130324814   39.65705    -74.29767     0.12     -0.00     0.12     1 
0130324815   39.65682    -74.26130    -0.01      0.04     0.04     1 
0130324816   39.65659    -74.22493    -0.08      0.02     0.08     1 
0130324817   39.65634    -74.18857    -0.03      0.02     0.04     1 
0130324892   39.63093    -74.18887    -0.02      0.02     0.03     1 
----------------------------------------------------------------------
---------------------------------------------------
Total correlated GCPs in Upper Left Quadrant: 591

GCP statistics this quadrant only (in Pixels)
Line residual statistics:
  Mean: 0.050
  Median: 0.051
  Standard Deviation: 0.140

Sample residual statistics:
  Mean: 0.022
  Median: 0.021
  Standard Deviation: 0.064

Quadrant RMSE: 0.164

---------------------------------------------------
Total correlated GCPs in Upper Right Quadrant: 63

GCP statistics this quadrant only (in Pixels)
Line residual statistics:
  Mean: 0.002
  Median: -0.003
  Standard Deviation: 0.120

Sample residual statistics:
  Mean: 0.007
  Median: 0.003
  Standard Deviation: 0.089

Quadrant RMSE: 0.150

---------------------------------------------------
Total correlated GCPs in Lower Left Quadrant: 352

GCP statistics this quadrant only (in Pixels)
Line residual statistics:
  Mean: 0.100
  Median: 0.102
  Standard Deviation: 0.121

Sample residual statistics:
  Mean: -0.018
  Median: -0.019
  Standard Deviation: 0.075

Quadrant RMSE: 0.175

---------------------------------------------------
Total correlated GCPs in Lower Right Quadrant: 0

GCP statistics this quadrant only (in Pixels)
Line residual statistics:
  Mean: 0.000
  Median: 0.000
  Standard Deviation: 0.000

Sample residual statistics:
  Mean: 0.000
  Median: 0.000
  Standard Deviation: 0.000

Quadrant RMSE: 0.000

---------------------------------------------------
---------------------------------------------------
Total correlated GCPs in scene: 1006

GCP statistics entire scene (in Pixels)
Line residual statistics:
  Mean: 0.065
  Median: 0.064
  Standard Deviation: 0.135

Sample residual statistics:
  Mean: 0.007
  Median: 0.003
  Standard Deviation: 0.072

Scene RMSE: 0.167

