Mon. Sep.  5, 2016             LANDSAT 5                 Time: 16:39
                         Image Assessment System
                           GCP Residual Report
----------------------------------------------------------------------------
WOID: L19474078            Path/Row: 013 / 032

L0R Reference Image: L51GNC1008244150100_HDF.162492137
Acquisition Date: Aug 31, 2008

Band Number:  5

GLS date for each WRS-2 path/row used:
Path  Row   Date
013   032   10-20-2000


Point_ID         Latitude  Longitude    Height       Across    Along    Residual  Residual
                                                      Scan      Scan      In y      in x
                                                    Residual  Residual    dir       dir
                   (deg)     (deg)     (meters)     (meters)  (meters)  (meters)  (meters)

0130320001_01   40.899350  -72.547400    -5.607       5.613    -1.656     5.811    -0.694
0130320002_01   40.985966  -74.209579   109.451      -2.503    -0.517    -2.380    -0.926
0130320004_01   41.050400  -73.531986   -15.842      -3.069     1.930    -3.348     1.391
0130320005_01   40.837345  -73.132134    -7.643      -1.933    -4.217    -1.201    -4.480
0130320006_01   40.577940  -74.178956   -28.593       5.955    -2.238     6.244    -1.211
0130320007_01   41.024323  -74.206980    78.507      -4.601     0.798    -4.668     0.019
0130320008_01   40.742508  -74.255819    36.008       0.978     5.401     0.060     5.487
0130320009_01   40.528315  -74.193730   -22.011      -4.440    -1.790    -4.077    -2.507
0130320010_01   40.471312  -74.278993    -4.971      -2.040    -1.686    -1.728    -2.003
0130320011_01   40.320072  -74.446563    15.000       1.890     0.387     1.798     0.697
0130320012_01   40.704794  -73.791026   -15.364       1.482     0.439     1.388     0.680
0130320013_01   40.905181  -73.115979    36.966      -3.008    -4.428    -2.226    -4.868
0130320014_01   41.031222  -73.762948    33.541      -4.137     1.733    -4.367     1.018
0130320015_01   40.849362  -73.315786    24.221      -4.431     0.411    -4.437    -0.335
0130320016_01   40.246943  -74.117011    -0.020      -1.300     1.633    -1.555     1.391
0130320018_01   40.689480  -74.096283   -23.540       2.095     2.136     1.708     2.455
0130320019_01   40.348265  -74.045041   -22.951      -3.968    -0.107    -3.893    -0.770
0130320020_01   40.017080  -74.100998   -32.000       1.812     0.088     1.771     0.391
0130320021_01   40.830719  -73.926433   -25.000      -2.871    -0.041    -2.823    -0.519
0130320022_01   40.684149  -73.833291   -20.021      -2.162     0.098    -2.148    -0.265
0130320023_01   40.627324  -74.207084   -29.527      -0.141     1.307    -0.358     1.264
0130320024_01   40.707930  -73.860221   -11.161      -2.389    -0.986    -2.190    -1.371
0130320025_01   40.799067  -73.664494    23.537       0.853    -1.341     1.065    -1.179
0130320026_01   40.761740  -73.733483    20.856       0.901     0.615     0.786     0.756
0130320027_01   40.706608  -73.311220   -27.502      -4.461    -5.888    -3.413    -6.551
0130320028_01   40.815703  -72.604548   -29.085      -3.339     3.919    -3.947     3.305
0130320029_01   40.857797  -73.395655    36.005       3.514    -0.970     3.626    -0.369
0130320031_01   40.559868  -74.308164    -2.814      -2.954    -2.376    -2.514    -2.835
0130320032_01   40.761611  -73.377712    17.883      -0.704     0.924    -0.849     0.793
0130320033_01   40.949976  -72.368043    21.203       1.300     1.744     0.991     1.937
0130320034_01   40.466811  -74.389095   -32.000       5.799    -4.786     6.518    -3.748
0130320035_01   40.997535  -73.674050    -2.958       0.273     0.362     0.209     0.403
0130320036_01   40.888862  -73.901991   -15.490      -0.223    -0.244    -0.179    -0.278
0130320037_01   40.440476  -74.232983   -21.941      -2.216     3.249    -2.729     2.831
0130320038_01   40.672778  -74.004221   -30.000       4.542    -0.840     4.617    -0.069
0130320039_01   40.391259  -74.189358    51.326      -5.052    -0.318    -4.925    -1.159
0130320040_01   41.137758  -73.265178   -27.482       1.181    -1.984     1.495    -1.759
0130320041_01   40.663038  -73.913156   -23.863       0.755    -0.453     0.820    -0.320
0130320042_01   40.929434  -72.332519   -24.015       2.618     1.137     2.391     1.559
0130320044_01   40.028130  -74.336771   -11.875       2.455    -2.812     2.893    -2.360
0130320046_01   40.254409  -74.299644    18.888      -0.262    -2.323     0.132    -2.334
0130320047_01   40.880966  -73.278311    13.341      -1.915     5.316    -2.776     4.920
0130320050_01   39.798738  -74.181290   -31.000      -1.367    -2.214    -0.974    -2.412
0130320052_01   39.950177  -74.537004   -11.575       2.403    -2.428     2.777    -1.990
0130320054_01   40.703019  -73.251655   -30.243       3.389    -2.613     3.779    -2.010
0130320055_01   40.651400  -74.099636   -31.000       2.180    -0.353     2.208     0.016
0130320056_01   40.852614  -73.157330     5.136      -0.229     0.029    -0.231    -0.009
0130320060_01   40.794862  -74.027647   -29.864      -0.991    -4.883    -0.160    -4.980
0130320061_01   41.083545  -73.462677   -15.734       2.677     3.703     2.021     4.097
0130320065_01   40.809518  -72.824205   -22.039      -3.956    -0.198    -3.868    -0.857
0130320066_01   40.928985  -74.139706   -20.218       3.429     1.530     3.124     2.080
0130320067_01   40.063206  -74.055365   -31.609       1.804     2.088     1.427     2.360
0130320071_01   40.773303  -73.441769    28.159      -3.329     1.469    -3.527     0.892
0130320072_01   40.647365  -74.003179    17.815       2.713     1.067     2.495     1.505
0130320073_01   40.943221  -72.577493   -28.992       4.297    -1.839     4.544    -1.095
0130320074_01   40.910900  -74.179838     3.081      -0.209     0.503    -0.290     0.461
0130320076_01   40.946991  -72.439437   -30.802       3.425     4.888     2.561     5.393
0130320078_01   40.545627  -74.235682   -14.045       2.209     0.492     2.095     0.854
0130320079_01   40.881471  -74.043115   -29.200       0.549    -1.887     0.856    -1.768
0130320081_01   40.857971  -73.640532   -28.120       5.627     7.003     4.377     7.843
0130320083_01   40.853379  -73.922152   -30.795       2.978    -2.719     3.390    -2.184
0130320085_01   39.891523  -74.273525   -15.133       2.170     6.175     1.099     6.450
0130320086_01   40.056895  -74.111730   -31.615       2.941     0.920     2.744     1.401
0130320087_01   40.728748  -73.614036   -10.000       4.768     0.085     4.686     0.880
0130320088_01   40.063315  -74.345224    -3.424      -0.507    -3.664     0.116    -3.696
0130320089_01   39.737284  -74.496768    -4.243       0.716     2.332     0.313     2.418
0130320090_01   40.100594  -74.033378   -29.946      -2.690     6.027    -3.664     5.489
0130320091_01   40.964243  -72.562108   -21.427       6.351    -1.118     6.449    -0.041
0130320092_01   40.783988  -73.900165   -28.172       4.080    -2.050     4.365    -1.340
0130320093_01   40.897519  -72.877234    -6.312      -2.788    -0.128    -2.728    -0.593
0130320094_01   40.768713  -72.739878   -29.624      -2.194     4.765    -2.960     4.331
0130320097_01   40.439273  -74.345128   -24.866      -2.575     0.351    -2.597    -0.085
0130320098_01   40.698016  -73.954843   -27.807       0.162    -4.792     0.962    -4.697
0130320099_01   40.019276  -74.452868    22.019      -0.971    -1.047    -0.781    -1.195
0130320100_01   40.993042  -74.038294   -10.698      -5.073     2.814    -5.470     1.928
0130320101_01   40.629209  -73.748405   -29.343       2.984    -2.813     3.412    -2.274
0130320102_01   40.875895  -72.537230   -18.903       0.387    -1.680     0.661    -1.593
0130320103_01   40.822648  -73.960004   -32.000       2.757    -2.544     3.143    -2.048
0130320105_01   40.241116  -74.248640     5.368      -2.286    -0.300    -2.203    -0.678
0130320107_01   39.758370  -74.095966   -33.773      -1.190     6.598    -2.284     6.302
0130320109_01   40.669321  -73.349073   -30.091       5.417    -1.575     5.604    -0.647
0130320110_01   40.091202  -74.221786   -21.000      -0.318     1.941    -0.640     1.860
0130320111_01   40.738885  -74.160992   -25.810       0.425     1.202     0.218     1.256
0130320113_01   40.731814  -73.492118    -4.000      -2.213     2.311    -2.569     1.908
0130320114_01   40.607318  -74.061930   -16.425      -3.374    -0.707    -3.207    -1.261
0130320115_01   40.917360  -72.568463   -30.156      -1.278     1.222    -1.465     0.991
0130320116_01   40.702132  -73.671759   -17.716       1.061    -0.613     1.149    -0.427
0130320117_01   40.776091  -74.078402   -30.000       1.528    -0.290     1.555    -0.031
0130320118_01   39.862333  -74.318378    11.564       1.672    -0.609     1.751    -0.320
0130320119_01   40.563395  -74.225203   -30.000      -0.099    -0.193    -0.065    -0.207
0130320120_01   40.896528  -72.504059   -30.689      -5.583    -1.375    -5.276    -2.290
0130320121_01   40.680789  -73.435051   -27.000      -0.995     1.934    -1.305     1.740
0130320122_01   39.777713  -74.115680   -31.000      -0.458    -1.900    -0.132    -1.949
0130320123_01   39.852418  -74.381952    12.098       2.609    -5.682     3.528    -5.162
0130320125_01   40.865481  -74.256936   115.831      -6.219     4.575    -6.894     3.472
0130320127_01   39.940846  -74.171874   -31.275      -1.908     0.517    -1.967     0.189
0130320129_01   40.819865  -72.716444   -26.181       0.913    -0.357     0.960    -0.200
0130320130_01   40.853632  -72.900702     9.669      -6.081     1.455    -6.239     0.418
0130320131_01   40.680451  -73.315076   -30.082       6.077    -3.411     6.562    -2.346
0130320132_01   40.661770  -73.865621   -31.124       2.495    -1.244     2.668    -0.809
0130320134_01   40.956359  -72.248032   -20.000      -0.680    -2.317    -0.284    -2.399
0130320135_01   40.756389  -73.954640   -26.334       1.352    -2.198     1.700    -1.941
0130320136_01   40.975263  -72.339585    47.525      -3.813    -0.690    -3.645    -1.318
0130320137_01   40.719578  -73.948467   -28.586       3.578    -0.864     3.671    -0.254
0130320138_01   40.768890  -74.282184    68.379      -0.624     1.322    -0.836     1.198
0130320139_01   40.535371  -74.324711    27.678      -2.246     2.148    -2.573     1.742
0130320140_01   40.787891  -74.002503    -7.496       1.853    -4.347     2.553    -3.975
0130320141_01   39.760479  -74.550185    -8.647       1.752     6.444     0.641     6.645
0130320142_01   40.186610  -74.009252   -30.898      -2.373     2.375    -2.738     1.943
0130320143_01   40.739764  -73.586449    -4.148       2.584    -1.344     2.772    -0.893
0130320144_01   40.567967  -74.109615   -28.000       3.365    -6.485     4.403    -5.830
0130320145_01   40.841022  -73.693899   -21.153       1.775     2.892     1.266     3.147
0130320146_01   40.359030  -74.260052    -3.216      -3.616     1.486    -3.813     0.859
0130320147_01   40.693247  -74.129254   -27.591       5.289    -5.340     6.107    -4.380
0130320148_01   40.930916  -73.054675    26.962      -1.354    -0.401    -1.269    -0.622
0130320150_01   40.915771  -73.406010   -29.813      -5.110     3.116    -5.558     2.219
0130320153_01   39.912061  -74.191174   -20.784      -3.220    -0.110    -3.155    -0.650
0130320154_01   40.742899  -72.830997   -31.486       0.069     6.325    -0.990     6.248
0130320155_01   40.839914  -73.898529    -9.132       0.758     0.408     0.679     0.528
0130320156_01   40.105804  -74.110038   -22.342      -4.194    -0.090    -4.118    -0.792
0130320157_01   39.763305  -74.513741    -9.916      -0.240     5.162    -1.106     5.047
0130320158_01   40.790529  -72.937891   -10.194       1.367    -1.816     1.651    -1.562
0130320159_01   40.201374  -74.437308    54.059      -5.682    -0.023    -5.596    -0.975
0130320160_01   40.933678  -73.090583     4.604      -2.746    -0.192    -2.675    -0.648
0130320161_01   40.809960  -72.776533   -20.008      -2.114     0.934    -2.241     0.567
0130320162_01   40.900078  -72.383912   -17.865       1.033     0.864     0.875     1.024
0130320165_01   40.692493  -74.296142    -3.000      -0.952     3.196    -1.473     2.991
0130320166_01   40.016077  -74.184675   -12.000      -5.487     0.969    -5.570     0.034
0130320167_01   40.916827  -72.727714   -19.271      -0.158    -1.836     0.151    -1.836
0130320171_01   39.990431  -74.314646    -9.384       3.136     1.953     2.763     2.451
0130320172_01   40.899444  -73.359390   -31.400      -1.030    -3.117    -0.495    -3.245
0130320173_01   40.309954  -74.322725     2.801      -4.365     3.148    -4.830     2.372
0130320175_01   40.872765  -72.883009    -0.176      -2.961     0.341    -2.977    -0.159
0130320176_01   40.926202  -72.616592   -30.518       3.314    -3.825     3.907    -3.218
0130320177_01   40.664484  -74.187478   -22.741       3.751    -2.273     4.077    -1.615
0130320178_01   40.705311  -73.925254   -25.051       2.288    -1.067     2.434    -0.669
0130320180_01   40.917522  -72.450905   -33.449       2.617     3.469     2.001     3.858
0130320181_01   39.928303  -74.234517   -25.016      -4.097     0.276    -4.085    -0.417
0130320185_01   39.701100  -74.135905   -31.000       1.708     2.740     1.222     2.988
0130320186_01   40.910012  -73.542577   -32.000      -1.120     1.528    -1.359     1.319
0130320187_01   41.078182  -74.142764    72.984       0.899     0.846     0.745     0.984
0130320188_01   40.865901  -74.198549    87.717      -2.491     2.322    -2.843     1.873
0130320189_01   40.955158  -73.401142   -31.490      -0.461     5.631    -1.394     5.474
0130320190_01   40.872204  -74.135814   -17.651      -1.308     0.233    -1.328     0.011
0130320193_01   40.650922  -73.485425   -31.895       1.579    -0.732     1.679    -0.458
0130320194_01   40.833785  -72.669359   -15.875      -3.259    -2.335    -2.824    -2.847
0130320196_01   40.812603  -74.016361   -29.000       1.964    -2.046     2.278    -1.689
0130320198_01   40.705603  -73.816936   -13.366      -0.138     0.014    -0.138    -0.009
0130320200_01   40.747370  -74.103318   -30.000       6.092    -0.649     6.113     0.378
0130320201_01   40.052140  -74.283781    -5.601      -2.401    -4.531    -1.605    -4.869
0130320202_01   40.807405  -73.022012    -9.880       0.112    -6.123     1.134    -6.018
0130320203_01   41.122474  -73.547177    34.697      -0.837     1.303    -1.043     1.145
0130320204_01   40.769089  -74.152081    -0.606       1.028     1.413     0.777     1.564
0130320205_01   39.979539  -74.177731   -18.677       1.350    -3.811     1.972    -3.530
0130320206_01   41.060581  -73.657789    51.464      -6.055     3.994    -6.635     2.928
0130320207_01   40.793519  -73.936634   -29.778       1.950    -2.975     2.420    -2.607
0130320208_01   40.601214  -73.571644   -33.444       5.549    -1.488     5.719    -0.539
0130320209_01   40.839389  -74.156879     8.131       0.869     0.312     0.805     0.453
0130320210_01   39.810792  -74.434897     9.651      -1.805    -3.778    -1.142    -4.027
0130320211_01   40.675652  -73.495869   -26.000      -2.543     2.669    -2.953     2.205
0130320213_01   39.685678  -74.502041   -18.889       1.516     1.331     1.270     1.566
0130320214_01   41.144736  -74.152980   131.884      -4.048     2.320    -4.376     1.613
0130320215_01   40.747555  -72.998914   -27.739       5.660    -3.917     6.235    -2.915
0130320217_01   40.885661  -72.344248   -28.139       3.125    -2.314     3.468    -1.760
0130320218_01   40.695822  -74.225091   -13.310       1.613    -0.030     1.595     0.240
0130320219_01   40.947778  -72.936569    28.548      -1.537    -2.039    -1.175    -2.267
0130320222_01   40.725609  -74.194195    -5.529       1.833     0.145     1.782     0.449
0130320223_01   40.057509  -74.157801   -23.011      -1.179     0.832    -1.302     0.622
0130320224_01   40.637419  -74.074636   -28.778       1.198    -3.728     1.805    -3.475
0130320225_01   40.612418  -73.415371   -30.753       3.886     2.120     3.476     2.740
0130320226_01   40.717149  -73.426031   -15.000       4.832    -0.082     4.777     0.727
0130320228_01   39.810248  -74.203935   -31.493       0.592    -1.566     0.847    -1.444
0130320229_01   40.991586  -72.603182   -24.030      -3.287    -3.537    -2.651    -4.038
0130320230_01   40.939272  -72.701288   -17.136      -5.780     1.401    -5.934     0.416
0130320231_01   39.933407  -74.271678    -2.177      -4.170    -1.075    -3.929    -1.760
0130320234_01   40.727253  -73.694350    -4.845       1.401     0.131     1.359     0.363
0130320235_01   40.713223  -73.560018   -12.000      -0.260    -1.893     0.060    -1.909
0130320238_01   40.852851  -73.983022    51.961      -1.969     0.828    -2.079     0.487
0130320240_01   40.954851  -72.751360     2.228      -1.381     4.593    -2.128     4.298
0130320241_01   40.919174  -72.682748   -23.991      -0.523     0.989    -0.681     0.888
0130320242_01   40.813287  -72.956393    -3.018       0.757     5.125    -0.110     5.179
0130320244_01   39.688325  -74.241723   -30.000      -3.384     1.995    -3.671     1.396
0130320245_01   40.858243  -72.571340   -21.524       1.506    -0.859     1.628    -0.596
0130320246_01   39.842550  -74.147108   -33.000       1.396    -3.233     1.920    -2.952
0130320249_01   40.704794  -74.193381   -29.595       1.507    -0.340     1.543    -0.083
0130320250_01   39.769614  -74.416319     0.927      -1.285     3.915    -1.926     3.642
0130320251_01   40.868023  -73.011309    -3.641      -1.562     2.207    -1.909     1.915
0130320252_01   39.992080  -74.538829    -3.391       4.010    -0.808     4.087    -0.124
0130320253_01   40.929059  -72.902591     2.891      -1.360    -2.008    -1.005    -2.207
0130320255_01   40.966998  -72.723141    10.382      -2.642     0.779    -2.735     0.327
0130320256_01   40.877729  -73.984778   -28.275       1.258     0.660     1.130     0.860
0130320258_01   40.724402  -73.116471   -30.610       4.275    -0.781     4.345    -0.055
0130320259_01   39.873249  -74.131644   -32.126       2.289    -6.486     3.348    -6.008
