==============================================================================
==============================================================================
 Oct. 1 2016                  LANDSAT 5                       Time: 15:44
                            Image Assessment System
                            GEOMETRIC VERIFY Report
==============================================================================
Order ID: 0501609293545_01704                          Path / Row - 13 / 32
Reference Image: L51AAA1090242140100_HDF.L1G

Color mapping per rank
----------------------
Rank  1 is Green: total residual <= 0.5
Rank  2 is Cyan: 0.5 < total residual <=  1
Rank  3 is Blue:  1 < total residual <=  2
Rank  4 is Yellow:  2 < total residual <=  3
Rank  5 is Red:  3 < total residual

Percentage of residuals by rank
-------------------------------
Rank   1 -- 100.0%
Rank   2 --  0.0%
Rank   3 --  0.0%
Rank   4 --  0.0%
Rank   5 --  0.0%

       GCP    Latitude    Longitude  Sample   Line     Total    Rank
        ID                           Residual Residual Residual
              (Degree)    (Degree)   (Pixel)  (Pixel)  (Pixel)
----------------------------------------------------------------------
0130320091   41.24317    -74.16209     0.02      0.34     0.34     1 
0130320092   41.24289    -74.12522    -0.12      0.11     0.17     1 
0130320093   41.24261    -74.08835    -0.08      0.12     0.15     1 
0130320094   41.24231    -74.05147     0.09      0.11     0.14     1 
0130320095   41.24200    -74.01460     0.23      0.07     0.24     1 
0130320096   41.24168    -73.97773    -0.10      0.12     0.15     1 
0130320166   41.21777    -74.16242     0.19     -0.00     0.19     1 
0130320167   41.21749    -74.12556     0.12     -0.02     0.12     1 
0130320168   41.21721    -74.08870    -0.08      0.14     0.16     1 
0130320169   41.21691    -74.05184     0.05      0.11     0.13     1 
0130320170   41.21660    -74.01498     0.19      0.06     0.20     1 
0130320171   41.21628    -73.97813    -0.07     -0.00     0.07     1 
0130320174   41.21525    -73.86756     0.10     -0.12     0.16     1 
0130320175   41.21488    -73.83071    -0.09      0.01     0.09     1 
0130320176   41.21450    -73.79386     0.21     -0.03     0.21     1 
0130320241   41.19237    -74.16274     0.11      0.03     0.12     1 
0130320242   41.19210    -74.12590    -0.06      0.01     0.06     1 
0130320243   41.19181    -74.08905    -0.16      0.14     0.22     1 
0130320244   41.19151    -74.05221     0.17     -0.01     0.17     1 
0130320245   41.19120    -74.01537     0.24      0.03     0.24     1 
0130320246   41.19088    -73.97852     0.19      0.02     0.19     1 
0130320248   41.19020    -73.90484    -0.01     -0.01     0.02     1 
0130320249   41.18985    -73.86800     0.05     -0.01     0.05     1 
0130320250   41.18948    -73.83116     0.11      0.05     0.12     1 
0130320251   41.18910    -73.79432     0.19      0.00     0.19     1 
0130320252   41.18871    -73.75748     0.03     -0.00     0.03     1 
0130320253   41.18831    -73.72065     0.09     -0.00     0.09     1 
0130320254   41.18789    -73.68381     0.13      0.11     0.17     1 
0130320255   41.18746    -73.64697    -0.01      0.00     0.01     1 
0130320256   41.18702    -73.61014     0.01      0.04     0.04     1 
0130320257   41.18657    -73.57330     0.14     -0.01     0.14     1 
0130320316   41.16697    -74.16306     0.23      0.09     0.25     1 
0130320317   41.16669    -74.12623    -0.08      0.17     0.19     1 
0130320318   41.16641    -74.08940     0.15     -0.01     0.15     1 
0130320319   41.16611    -74.05258     0.24      0.02     0.24     1 
0130320320   41.16580    -74.01575     0.21      0.03     0.21     1 
0130320321   41.16548    -73.97892     0.21      0.07     0.22     1 
0130320322   41.16515    -73.94209     0.00      0.05     0.05     1 
0130320323   41.16481    -73.90526    -0.34      0.05     0.34     1 
0130320324   41.16445    -73.86844     0.11      0.02     0.11     1 
0130320325   41.16408    -73.83161     0.18     -0.01     0.18     1 
0130320326   41.16370    -73.79479     0.14     -0.07     0.16     1 
0130320327   41.16331    -73.75796     0.14      0.05     0.15     1 
0130320328   41.16291    -73.72114     0.21     -0.06     0.22     1 
0130320329   41.16249    -73.68432     0.05      0.11     0.12     1 
0130320330   41.16207    -73.64750    -0.02      0.01     0.02     1 
0130320331   41.16163    -73.61068    -0.12     -0.01     0.12     1 
0130320332   41.16118    -73.57385    -0.02     -0.03     0.03     1 
0130320333   41.16072    -73.53704    -0.03     -0.02     0.03     1 
0130320334   41.16024    -73.50022     0.12     -0.05     0.13     1 
0130320335   41.15976    -73.46340     0.13     -0.05     0.14     1 
0130320336   41.15926    -73.42658     0.15      0.02     0.15     1 
0130320337   41.15875    -73.38977     0.11      0.01     0.11     1 
0130320390   41.14183    -74.20020     0.09      0.20     0.22     1 
0130320391   41.14157    -74.16339     0.08      0.07     0.11     1 
0130320392   41.14130    -74.12657     0.13      0.02     0.13     1 
0130320393   41.14101    -74.08976     0.22      0.11     0.24     1 
0130320394   41.14071    -74.05294     0.17     -0.02     0.17     1 
0130320395   41.14041    -74.01613     0.21     -0.04     0.22     1 
0130320396   41.14008    -73.97931     0.12     -0.03     0.12     1 
0130320397   41.13975    -73.94250     0.17     -0.02     0.17     1 
0130320399   41.13905    -73.86888     0.01      0.10     0.10     1 
0130320400   41.13869    -73.83206     0.09      0.07     0.12     1 
0130320401   41.13831    -73.79525     0.08     -0.02     0.09     1 
0130320402   41.13792    -73.75844     0.08     -0.02     0.08     1 
0130320403   41.13751    -73.72163     0.11     -0.01     0.11     1 
0130320404   41.13710    -73.68483     0.11     -0.02     0.11     1 
0130320405   41.13667    -73.64802     0.01     -0.01     0.02     1 
0130320406   41.13623    -73.61121    -0.09      0.01     0.09     1 
0130320407   41.13578    -73.57440    -0.01      0.00     0.01     1 
0130320408   41.13532    -73.53760     0.05     -0.01     0.06     1 
0130320409   41.13485    -73.50080     0.10      0.08     0.13     1 
0130320410   41.13437    -73.46399     0.14     -0.00     0.14     1 
0130320411   41.13387    -73.42719     0.05      0.08     0.09     1 
0130320412   41.13336    -73.39039     0.06      0.06     0.09     1 
0130320413   41.13284    -73.35359     0.11     -0.02     0.11     1 
0130320414   41.13231    -73.31679     0.18     -0.11     0.21     1 
0130320415   41.13177    -73.27999    -0.17      0.06     0.18     1 
0130320465   41.11643    -74.20051     0.04      0.08     0.09     1 
0130320466   41.11617    -74.16371     0.01      0.10     0.10     1 
0130320467   41.11590    -74.12691     0.15      0.01     0.15     1 
0130320468   41.11561    -74.09011     0.28      0.04     0.29     1 
0130320469   41.11532    -74.05331     0.08      0.00     0.08     1 
0130320471   41.11469    -73.97971     0.18      0.03     0.18     1 
0130320472   41.11435    -73.94291     0.08      0.11     0.14     1 
0130320475   41.11329    -73.83251     0.26     -0.15     0.30     1 
0130320476   41.11291    -73.79572     0.16     -0.09     0.19     1 
0130320477   41.11252    -73.75892     0.15     -0.07     0.16     1 
0130320478   41.11212    -73.72213     0.08     -0.03     0.08     1 
0130320479   41.11170    -73.68533     0.11     -0.03     0.12     1 
0130320480   41.11128    -73.64854     0.08     -0.06     0.10     1 
0130320481   41.11084    -73.61175     0.13     -0.09     0.15     1 
0130320482   41.11039    -73.57496     0.03      0.04     0.05     1 
0130320483   41.10993    -73.53816     0.04     -0.00     0.04     1 
0130320484   41.10946    -73.50137     0.06      0.03     0.06     1 
0130320485   41.10897    -73.46458     0.08     -0.00     0.08     1 
0130320486   41.10848    -73.42780    -0.01     -0.09     0.09     1 
0130320487   41.10797    -73.39101     0.01     -0.06     0.06     1 
0130320488   41.10745    -73.35422    -0.10     -0.07     0.13     1 
0130320540   41.09103    -74.20082     0.01      0.19     0.19     1 
0130320541   41.09077    -74.16403     0.05      0.05     0.07     1 
0130320542   41.09050    -74.12724     0.23      0.06     0.24     1 
0130320543   41.09021    -74.09046     0.24      0.03     0.24     1 
0130320544   41.08991    -74.05367     0.25      0.07     0.26     1 
0130320545   41.08961    -74.01689     0.06     -0.02     0.06     1 
0130320547   41.08896    -73.94331     0.15     -0.00     0.15     1 
0130320548   41.08861    -73.90653    -0.12     -0.10     0.16     1 
0130320549   41.08826    -73.86975    -0.02     -0.01     0.03     1 
0130320550   41.08789    -73.83296    -0.00     -0.01     0.01     1 
0130320551   41.08751    -73.79618     0.21     -0.05     0.21     1 
0130320552   41.08712    -73.75940    -0.15     -0.03     0.16     1 
0130320553   41.08672    -73.72262     0.05     -0.04     0.06     1 
0130320554   41.08631    -73.68584     0.14     -0.10     0.17     1 
0130320555   41.08588    -73.64906     0.03     -0.06     0.07     1 
0130320556   41.08544    -73.61228     0.09     -0.05     0.11     1 
0130320557   41.08499    -73.57550     0.16     -0.03     0.17     1 
0130320558   41.08454    -73.53873     0.23     -0.08     0.25     1 
0130320559   41.08406    -73.50195     0.21     -0.02     0.21     1 
0130320560   41.08358    -73.46518     0.06      0.01     0.06     1 
0130320561   41.08308    -73.42840     0.03     -0.00     0.03     1 
0130320562   41.08257    -73.39163    -0.23     -0.08     0.24     1 
0130320563   41.08206    -73.35486    -0.20     -0.20     0.28     1 
0130320615   41.06563    -74.20113     0.13      0.03     0.13     1 
0130320616   41.06537    -74.16435     0.22      0.02     0.22     1 
0130320617   41.06510    -74.12758     0.09      0.03     0.09     1 
0130320618   41.06481    -74.09081     0.14      0.02     0.14     1 
0130320619   41.06452    -74.05403     0.23     -0.05     0.24     1 
0130320620   41.06421    -74.01726     0.12     -0.02     0.12     1 
0130320621   41.06389    -73.98049    -0.14     -0.03     0.14     1 
0130320622   41.06356    -73.94372    -0.03      0.16     0.16     1 
0130320625   41.06249    -73.83341     0.27     -0.16     0.31     1 
0130320626   41.06211    -73.79664     0.16     -0.05     0.17     1 
0130320627   41.06173    -73.75988    -0.09      0.00     0.09     1 
0130320628   41.06132    -73.72311     0.18      0.04     0.18     1 
0130320629   41.06091    -73.68635     0.19     -0.04     0.20     1 
0130320630   41.06048    -73.64958     0.11     -0.09     0.14     1 
0130320631   41.06005    -73.61281     0.10     -0.00     0.10     1 
0130320632   41.05960    -73.57605     0.10     -0.09     0.14     1 
0130320633   41.05914    -73.53929     0.06     -0.08     0.10     1 
0130320634   41.05867    -73.50253    -0.10     -0.04     0.10     1 
0130320635   41.05819    -73.46577    -0.15     -0.05     0.15     1 
0130320636   41.05769    -73.42901    -0.14     -0.12     0.18     1 
0130320637   41.05718    -73.39225    -0.23     -0.17     0.28     1 
0130320690   41.04023    -74.20144     0.25     -0.06     0.26     1 
0130320691   41.03997    -74.16468     0.21      0.14     0.25     1 
0130320692   41.03970    -74.12792     0.18     -0.02     0.18     1 
0130320693   41.03941    -74.09116     0.16      0.04     0.16     1 
0130320694   41.03912    -74.05440     0.16      0.08     0.18     1 
0130320695   41.03881    -74.01764     0.15     -0.00     0.15     1 
0130320696   41.03849    -73.98088     0.02     -0.07     0.07     1 
0130320697   41.03816    -73.94413     0.13     -0.02     0.13     1 
0130320698   41.03782    -73.90737    -0.10      0.08     0.12     1 
0130320699   41.03746    -73.87062     0.12     -0.07     0.14     1 
0130320700   41.03710    -73.83386     0.11     -0.06     0.13     1 
0130320701   41.03672    -73.79711     0.17     -0.06     0.18     1 
0130320702   41.03633    -73.76035     0.04     -0.08     0.09     1 
0130320703   41.03593    -73.72360     0.19     -0.04     0.20     1 
0130320704   41.03551    -73.68685     0.22     -0.06     0.23     1 
0130320707   41.03421    -73.57660     0.10     -0.09     0.13     1 
0130320708   41.03375    -73.53985    -0.13     -0.05     0.13     1 
0130320709   41.03327    -73.50310    -0.16     -0.15     0.22     1 
0130320735   41.01691    -72.54804    -0.09      0.11     0.15     1 
0130320736   41.01612    -72.51132     0.31     -0.22     0.38     1 
0130320737   41.01532    -72.47461    -0.03      0.03     0.05     1 
0130320738   41.01451    -72.43789    -0.09     -0.04     0.10     1 
0130320740   41.01285    -72.36447    -0.00      0.00     0.00     1 
0130320764   41.01508    -74.23849     0.23      0.07     0.24     1 
0130320765   41.01483    -74.20174     0.20      0.02     0.20     1 
0130320766   41.01457    -74.16500     0.16      0.04     0.16     1 
0130320767   41.01430    -74.12825     0.04      0.07     0.08     1 
0130320768   41.01401    -74.09151     0.08      0.06     0.10     1 
0130320769   41.01372    -74.05476    -0.02      0.01     0.02     1 
0130320770   41.01341    -74.01802     0.14      0.01     0.14     1 
0130320771   41.01309    -73.98127     0.06      0.03     0.06     1 
0130320772   41.01276    -73.94453     0.14     -0.03     0.15     1 
0130320773   41.01242    -73.90779     0.23     -0.01     0.23     1 
0130320774   41.01206    -73.87105     0.13     -0.08     0.15     1 
0130320775   41.01170    -73.83431     0.21      0.00     0.21     1 
0130320776   41.01132    -73.79757     0.08     -0.02     0.09     1 
0130320777   41.01093    -73.76083     0.11     -0.07     0.13     1 
0130320778   41.01053    -73.72409     0.17     -0.06     0.18     1 
0130320779   41.01012    -73.68735     0.00     -0.07     0.07     1 
0130320780   41.00969    -73.65062    -0.01     -0.07     0.07     1 
0130320782   41.00881    -73.57715    -0.31     -0.04     0.31     1 
0130320810   40.99153    -72.54898    -0.05     -0.01     0.05     1 
0130320811   40.99074    -72.51228    -0.13     -0.06     0.15     1 
0130320812   40.98994    -72.47558    -0.26      0.04     0.27     1 
0130320813   40.98913    -72.43888    -0.36     -0.08     0.37     1 
0130320815   40.98748    -72.36548    -0.10     -0.03     0.10     1 
0130320816   40.98663    -72.32879    -0.03      0.07     0.08     1 
0130320817   40.98577    -72.29209     0.01     -0.04     0.04     1 
0130320818   40.98491    -72.25540     0.09      0.02     0.09     1 
0130320819   40.98403    -72.21871     0.07      0.11     0.13     1 
0130320839   40.98968    -74.23878     0.22      0.18     0.28     1 
0130320840   40.98943    -74.20205     0.05      0.05     0.07     1 
0130320841   40.98917    -74.16532     0.18      0.01     0.18     1 
0130320842   40.98890    -74.12859     0.10      0.07     0.12     1 
0130320843   40.98861    -74.09185     0.13      0.00     0.13     1 
0130320844   40.98832    -74.05513     0.20      0.02     0.20     1 
0130320845   40.98801    -74.01839     0.08      0.02     0.08     1 
0130320846   40.98769    -73.98167    -0.13      0.07     0.14     1 
0130320847   40.98736    -73.94494     0.19      0.14     0.24     1 
0130320849   40.98667    -73.87148     0.14     -0.03     0.14     1 
0130320850   40.98630    -73.83476     0.05      0.05     0.07     1 
0130320851   40.98592    -73.79803     0.14     -0.03     0.15     1 
0130320852   40.98553    -73.76131     0.22     -0.04     0.22     1 
0130320853   40.98513    -73.72458     0.14     -0.02     0.14     1 
0130320854   40.98472    -73.68786     0.16     -0.12     0.20     1 
0130320855   40.98430    -73.65113    -0.07     -0.11     0.13     1 
0130320856   40.98386    -73.61441    -0.13     -0.03     0.14     1 
0130320870   40.97654    -73.10040    -0.17     -0.13     0.21     1 
0130320879   40.97062    -72.77008     0.23     -0.12     0.26     1 
0130320884   40.96692    -72.58661    -0.05     -0.33     0.34     1 
0130320885   40.96615    -72.54992     0.02     -0.04     0.05     1 
0130320890   40.96210    -72.36649    -0.01      0.07     0.07     1 
0130320892   40.96040    -72.29313     0.06     -0.01     0.06     1 
0130320893   40.95953    -72.25646     0.14      0.10     0.17     1 
0130320894   40.95865    -72.21978     0.17      0.11     0.20     1 
0130320895   40.95776    -72.18310    -0.06      0.03     0.07     1 
0130320914   40.96428    -74.23907    -0.03      0.10     0.10     1 
0130320915   40.96403    -74.20235     0.20      0.09     0.22     1 
0130320916   40.96377    -74.16564     0.11      0.06     0.12     1 
0130320917   40.96350    -74.12892     0.13      0.11     0.16     1 
0130320918   40.96321    -74.09220     0.21      0.07     0.22     1 
0130320919   40.96292    -74.05549     0.16      0.03     0.16     1 
0130320920   40.96261    -74.01877     0.09      0.01     0.10     1 
0130320921   40.96229    -73.98206     0.11      0.00     0.11     1 
0130320922   40.96196    -73.94534     0.15      0.02     0.15     1 
0130320924   40.96127    -73.87192    -0.06     -0.07     0.09     1 
0130320925   40.96090    -73.83520     0.10     -0.01     0.10     1 
0130320926   40.96052    -73.79849     0.14     -0.03     0.14     1 
0130320927   40.96014    -73.76178     0.15     -0.04     0.16     1 
0130320928   40.95974    -73.72507     0.04     -0.11     0.11     1 
0130320929   40.95932    -73.68836    -0.10     -0.14     0.17     1 
0130320944   40.95175    -73.13782    -0.09      0.10     0.13     1 
0130320945   40.95115    -73.10113    -0.01     -0.10     0.10     1 
0130320946   40.95054    -73.06444     0.07      0.03     0.07     1 
0130320947   40.94991    -73.02774    -0.03     -0.09     0.10     1 
0130320948   40.94928    -72.99105     0.00     -0.06     0.06     1 
0130320952   40.94663    -72.84430     0.08      0.01     0.08     1 
0130320954   40.94523    -72.77093     0.06     -0.36     0.36     1 
0130320958   40.94230    -72.62421     0.10      0.00     0.10     1 
0130320959   40.94154    -72.58753    -0.19      0.11     0.22     1 
0130320963   40.93838    -72.44084    -0.05      0.12     0.13     1 
0130320964   40.93756    -72.40417    -0.14      0.07     0.16     1 
0130320965   40.93672    -72.36750     0.07     -0.02     0.07     1 
0130320966   40.93588    -72.33083    -0.20     -0.14     0.24     1 
0130320967   40.93503    -72.29417     0.06     -0.00     0.06     1 
0130320969   40.93328    -72.22084    -0.20      0.19     0.27     1 
0130320989   40.93887    -74.23936     0.22      0.08     0.24     1 
0130320990   40.93863    -74.20266     0.15      0.05     0.16     1 
0130320991   40.93837    -74.16596     0.03     -0.00     0.03     1 
0130320992   40.93809    -74.12925     0.07     -0.02     0.07     1 
0130320993   40.93781    -74.09255     0.20     -0.02     0.20     1 
0130320994   40.93752    -74.05585     0.27     -0.03     0.27     1 
0130320995   40.93721    -74.01915     0.08      0.00     0.08     1 
0130320996   40.93689    -73.98245     0.20      0.02     0.20     1 
0130320997   40.93656    -73.94575     0.18     -0.00     0.18     1 
0130320999   40.93587    -73.87235     0.11      0.01     0.11     1 
0130321000   40.93550    -73.83565     0.19     -0.02     0.19     1 
0130321001   40.93513    -73.79895     0.08     -0.07     0.11     1 
0130321002   40.93474    -73.76225     0.01     -0.09     0.09     1 
0130321003   40.93434    -73.72556    -0.14     -0.13     0.19     1 
0130321004   40.93393    -73.68886    -0.12     -0.06     0.14     1 
0130321009   40.93169    -73.50540    -0.19      0.27     0.33     1 
0130321010   40.93121    -73.46871     0.28     -0.17     0.33     1 
0130321011   40.93072    -73.43202     0.20     -0.14     0.24     1 
0130321012   40.93022    -73.39533    -0.24      0.01     0.24     1 
0130321013   40.92970    -73.35864    -0.03      0.12     0.13     1 
0130321014   40.92917    -73.32196     0.19     -0.13     0.23     1 
0130321018   40.92694    -73.17522     0.16     -0.05     0.16     1 
0130321019   40.92636    -73.13854    -0.06     -0.08     0.10     1 
0130321020   40.92576    -73.10186     0.23      0.06     0.23     1 
0130321024   40.92325    -72.95515     0.20      0.05     0.20     1 
0130321026   40.92192    -72.88180     0.07     -0.02     0.07     1 
0130321027   40.92124    -72.84512    -0.16      0.07     0.18     1 
0130321033   40.91692    -72.62512    -0.02     -0.04     0.05     1 
0130321034   40.91616    -72.58845    -0.18     -0.01     0.18     1 
0130321035   40.91539    -72.55179    -0.09     -0.11     0.14     1 
0130321038   40.91300    -72.44182    -0.11      0.01     0.11     1 
0130321039   40.91218    -72.40516     0.06     -0.02     0.07     1 
0130321040   40.91135    -72.36851    -0.01      0.04     0.04     1 
0130321041   40.91050    -72.33186    -0.12     -0.00     0.12     1 
0130321064   40.91347    -74.23965     0.10     -0.03     0.11     1 
0130321065   40.91322    -74.20297     0.05     -0.05     0.07     1 
0130321066   40.91296    -74.16628    -0.00     -0.01     0.01     1 
0130321067   40.91269    -74.12959     0.05      0.03     0.06     1 
0130321068   40.91241    -74.09290     0.05      0.01     0.05     1 
0130321069   40.91212    -74.05621     0.09      0.04     0.10     1 
0130321070   40.91181    -74.01952     0.05      0.02     0.06     1 
0130321071   40.91149    -73.98284     0.23      0.02     0.23     1 
0130321072   40.91116    -73.94615     0.11     -0.06     0.13     1 
0130321074   40.91047    -73.87278     0.06      0.03     0.06     1 
0130321075   40.91011    -73.83610     0.02     -0.03     0.03     1 
0130321076   40.90973    -73.79941     0.03     -0.01     0.03     1 
0130321077   40.90934    -73.76273    -0.23     -0.07     0.24     1 
0130321081   40.90767    -73.61601     0.10      0.08     0.13     1 
0130321082   40.90723    -73.57933    -0.05      0.08     0.09     1 
0130321083   40.90677    -73.54265    -0.00     -0.09     0.09     1 
0130321084   40.90630    -73.50597    -0.12     -0.36     0.38     1 
0130321085   40.90582    -73.46929    -0.17     -0.04     0.17     1 
0130321086   40.90533    -73.43262    -0.06     -0.05     0.08     1 
0130321087   40.90482    -73.39594     0.13     -0.05     0.14     1 
0130321088   40.90431    -73.35927    -0.10     -0.01     0.10     1 
0130321089   40.90378    -73.32260     0.20     -0.04     0.21     1 
0130321090   40.90324    -73.28593     0.17     -0.04     0.18     1 
0130321095   40.90037    -73.10258     0.19     -0.16     0.25     1 
0130321096   40.89976    -73.06592     0.17     -0.03     0.17     1 
0130321097   40.89914    -73.02925     0.15     -0.09     0.17     1 
0130321098   40.89851    -72.99259     0.21     -0.08     0.22     1 
0130321099   40.89786    -72.95593     0.29     -0.10     0.31     1 
0130321101   40.89654    -72.88261     0.27      0.11     0.29     1 
0130321108   40.89154    -72.62603     0.11     -0.04     0.12     1 
0130321109   40.89078    -72.58938    -0.06     -0.02     0.06     1 
0130321110   40.89001    -72.55273    -0.19      0.03     0.19     1 
0130321111   40.88922    -72.51608     0.16     -0.08     0.18     1 
0130321112   40.88843    -72.47944     0.04      0.00     0.04     1 
0130321113   40.88762    -72.44280    -0.06     -0.05     0.08     1 
0130321114   40.88680    -72.40615    -0.03     -0.02     0.03     1 
0130321115   40.88597    -72.36951    -0.35     -0.04     0.35     1 
0130321116   40.88513    -72.33288     0.09     -0.36     0.38     1 
0130321138   40.88831    -74.27662    -0.05     -0.10     0.11     1 
0130321139   40.88807    -74.23995    -0.11      0.07     0.13     1 
0130321140   40.88782    -74.20327     0.03      0.05     0.06     1 
0130321141   40.88756    -74.16660     0.07      0.00     0.07     1 
0130321142   40.88729    -74.12992    -0.03      0.10     0.10     1 
0130321143   40.88701    -74.09324     0.03     -0.05     0.06     1 
0130321144   40.88672    -74.05657     0.02     -0.14     0.14     1 
0130321145   40.88641    -74.01990     0.14     -0.09     0.17     1 
0130321146   40.88609    -73.98323    -0.04     -0.11     0.11     1 
0130321148   40.88542    -73.90988     0.01     -0.04     0.04     1 
0130321149   40.88507    -73.87321     0.24     -0.02     0.24     1 
0130321150   40.88471    -73.83654     0.21     -0.10     0.23     1 
0130321151   40.88433    -73.79987     0.09     -0.10     0.13     1 
0130321152   40.88394    -73.76320    -0.19     -0.10     0.21     1 
0130321155   40.88271    -73.65320     0.19      0.13     0.23     1 
0130321156   40.88228    -73.61653     0.15     -0.00     0.15     1 
0130321157   40.88183    -73.57987     0.13     -0.03     0.14     1 
0130321158   40.88137    -73.54321     0.07     -0.04     0.08     1 
0130321159   40.88090    -73.50654    -0.05      0.20     0.20     1 
0130321161   40.87993    -73.43322     0.19      0.01     0.19     1 
0130321162   40.87943    -73.39656     0.20     -0.02     0.20     1 
0130321163   40.87891    -73.35990     0.09     -0.03     0.09     1 
0130321164   40.87839    -73.32324     0.11      0.01     0.11     1 
0130321165   40.87785    -73.28658     0.23      0.13     0.27     1 
0130321166   40.87730    -73.24992     0.21      0.07     0.23     1 
0130321167   40.87673    -73.21327     0.32     -0.00     0.32     1 
0130321168   40.87616    -73.17661     0.29     -0.08     0.30     1 
0130321169   40.87557    -73.13996     0.02     -0.01     0.02     1 
0130321170   40.87498    -73.10331     0.12     -0.09     0.16     1 
0130321171   40.87437    -73.06666     0.08     -0.10     0.13     1 
0130321172   40.87375    -73.03001     0.14      0.01     0.14     1 
0130321175   40.87182    -72.92006     0.28     -0.12     0.30     1 
0130321176   40.87115    -72.88342     0.16     -0.07     0.17     1 
0130321182   40.86691    -72.66357    -0.08      0.07     0.11     1 
0130321183   40.86616    -72.62693    -0.01      0.01     0.02     1 
0130321184   40.86540    -72.59030     0.11      0.07     0.13     1 
0130321185   40.86462    -72.55366     0.05     -0.02     0.05     1 
0130321186   40.86384    -72.51703     0.09      0.12     0.14     1 
0130321188   40.86224    -72.44377    -0.05     -0.17     0.17     1 
0130321189   40.86142    -72.40714    -0.39      0.02     0.39     1 
0130321213   40.86290    -74.27690     0.06      0.03     0.07     1 
0130321214   40.86267    -74.24024     0.06      0.03     0.06     1 
0130321215   40.86242    -74.20358    -0.02      0.00     0.02     1 
0130321216   40.86216    -74.16691     0.06      0.00     0.06     1 
0130321217   40.86189    -74.13025    -0.20     -0.06     0.21     1 
0130321218   40.86161    -74.09359    -0.08      0.03     0.08     1 
0130321219   40.86132    -74.05693    -0.12      0.06     0.13     1 
0130321220   40.86101    -74.02027    -0.01     -0.02     0.02     1 
0130321221   40.86069    -73.98361     0.06     -0.06     0.08     1 
0130321223   40.86002    -73.91030     0.17     -0.06     0.18     1 
0130321224   40.85967    -73.87364     0.07     -0.06     0.09     1 
0130321225   40.85931    -73.83698    -0.02     -0.09     0.09     1 
0130321226   40.85893    -73.80033    -0.17     -0.05     0.18     1 
0130321227   40.85855    -73.76368    -0.18     -0.29     0.34     1 
0130321228   40.85815    -73.72702     0.00      0.27     0.27     1 
0130321229   40.85774    -73.69037     0.21      0.01     0.21     1 
0130321230   40.85731    -73.65372    -0.20      0.21     0.29     1 
0130321231   40.85688    -73.61706     0.13     -0.09     0.16     1 
0130321232   40.85644    -73.58041     0.25     -0.08     0.26     1 
0130321233   40.85598    -73.54376     0.24     -0.10     0.26     1 
0130321234   40.85551    -73.50711     0.25     -0.04     0.25     1 
0130321235   40.85503    -73.47046     0.12      0.02     0.12     1 
0130321236   40.85454    -73.43382     0.22     -0.08     0.23     1 
0130321237   40.85403    -73.39717     0.14     -0.06     0.15     1 
0130321238   40.85352    -73.36052     0.24      0.05     0.25     1 
0130321239   40.85299    -73.32388     0.08     -0.06     0.10     1 
0130321240   40.85245    -73.28724     0.13     -0.03     0.13     1 
0130321241   40.85190    -73.25059     0.30     -0.04     0.30     1 
0130321242   40.85134    -73.21395     0.03     -0.00     0.03     1 
0130321243   40.85077    -73.17731     0.21      0.01     0.21     1 
0130321244   40.85018    -73.14067     0.17      0.01     0.17     1 
0130321245   40.84959    -73.10403     0.28     -0.02     0.28     1 
0130321246   40.84898    -73.06740     0.20      0.02     0.21     1 
0130321247   40.84836    -73.03076     0.22      0.30     0.38     1 
0130321248   40.84773    -72.99412     0.01      0.03     0.03     1 
0130321253   40.84440    -72.81097     0.24      0.05     0.24     1 
0130321254   40.84370    -72.77434     0.15      0.16     0.22     1 
0130321255   40.84298    -72.73771     0.18     -0.02     0.18     1 
0130321258   40.84078    -72.62784     0.02     -0.02     0.03     1 
0130321259   40.84002    -72.59122     0.12      0.01     0.13     1 
0130321260   40.83924    -72.55460    -0.15      0.01     0.15     1 
0130321261   40.83846    -72.51798    -0.18      0.07     0.19     1 
0130321288   40.83750    -74.27717     0.11     -0.00     0.11     1 
0130321289   40.83727    -74.24053     0.13      0.03     0.14     1 
0130321290   40.83702    -74.20388     0.16     -0.05     0.17     1 
0130321291   40.83676    -74.16723     0.15      0.02     0.15     1 
0130321292   40.83649    -74.13058    -0.06      0.03     0.07     1 
0130321293   40.83621    -74.09394    -0.07     -0.08     0.10     1 
0130321294   40.83592    -74.05729    -0.01      0.07     0.07     1 
0130321295   40.83561    -74.02065    -0.24     -0.09     0.26     1 
0130321296   40.83529    -73.98400     0.18     -0.24     0.30     1 
0130321298   40.83463    -73.91071     0.21     -0.10     0.24     1 
0130321299   40.83427    -73.87407     0.04     -0.03     0.05     1 
0130321300   40.83391    -73.83743    -0.08      0.01     0.08     1 
0130321301   40.83353    -73.80079     0.12      0.01     0.12     1 
0130321303   40.83275    -73.72751    -0.29     -0.05     0.29     1 
0130321304   40.83234    -73.69087    -0.03     -0.00     0.03     1 
0130321305   40.83192    -73.65423    -0.01     -0.09     0.10     1 
0130321306   40.83148    -73.61759     0.09     -0.05     0.10     1 
0130321307   40.83104    -73.58095     0.11     -0.01     0.11     1 
0130321308   40.83058    -73.54432     0.24     -0.04     0.24     1 
0130321309   40.83011    -73.50768     0.13     -0.03     0.13     1 
0130321310   40.82964    -73.47105     0.17     -0.00     0.17     1 
0130321311   40.82914    -73.43441     0.14     -0.06     0.15     1 
0130321312   40.82864    -73.39778     0.14     -0.08     0.16     1 
0130321313   40.82813    -73.36115     0.11      0.07     0.13     1 
0130321314   40.82760    -73.32452     0.36     -0.09     0.37     1 
0130321315   40.82706    -73.28789     0.19     -0.04     0.19     1 
0130321316   40.82651    -73.25126    -0.02      0.06     0.07     1 
0130321317   40.82595    -73.21463     0.12      0.04     0.13     1 
0130321318   40.82538    -73.17801    -0.02     -0.02     0.03     1 
0130321319   40.82479    -73.14138     0.10      0.00     0.10     1 
0130321320   40.82420    -73.10476     0.14     -0.02     0.14     1 
0130321321   40.82359    -73.06813     0.27     -0.07     0.27     1 
0130321322   40.82297    -73.03151     0.12     -0.04     0.13     1 
0130321326   40.82038    -72.88503     0.21      0.21     0.30     1 
0130321327   40.81970    -72.84842     0.19      0.10     0.22     1 
0130321328   40.81901    -72.81180     0.13     -0.01     0.13     1 
0130321329   40.81831    -72.77519     0.08      0.07     0.10     1 
0130321330   40.81760    -72.73857    -0.05     -0.05     0.07     1 
0130321331   40.81688    -72.70196     0.08     -0.00     0.08     1 
0130321332   40.81614    -72.66535     0.01     -0.01     0.01     1 
0130321333   40.81539    -72.62874    -0.06      0.07     0.10     1 
0130321334   40.81463    -72.59214     0.10      0.10     0.14     1 
0130321363   40.81210    -74.27745     0.17      0.07     0.19     1 
0130321364   40.81187    -74.24082     0.24     -0.02     0.24     1 
0130321365   40.81162    -74.20418     0.05      0.05     0.07     1 
0130321366   40.81136    -74.16755     0.07      0.01     0.07     1 
0130321367   40.81109    -74.13092     0.02     -0.00     0.02     1 
0130321368   40.81081    -74.09428    -0.08     -0.08     0.11     1 
0130321369   40.81052    -74.05765    -0.20     -0.01     0.20     1 
0130321370   40.81021    -74.02102    -0.07     -0.01     0.07     1 
0130321372   40.80956    -73.94776     0.21     -0.07     0.22     1 
0130321373   40.80922    -73.91113     0.09     -0.07     0.11     1 
0130321374   40.80887    -73.87450    -0.18     -0.00     0.18     1 
0130321375   40.80851    -73.83787    -0.35     -0.09     0.36     1 
0130321378   40.80735    -73.72799     0.04     -0.10     0.10     1 
0130321379   40.80694    -73.69137     0.05      0.01     0.05     1 
0130321380   40.80652    -73.65474    -0.07     -0.04     0.08     1 
0130321381   40.80609    -73.61812     0.14     -0.08     0.16     1 
0130321382   40.80564    -73.58150     0.23     -0.00     0.23     1 
0130321383   40.80519    -73.54487     0.15     -0.03     0.16     1 
0130321384   40.80472    -73.50825    -0.02     -0.03     0.04     1 
0130321385   40.80424    -73.47163     0.02     -0.06     0.06     1 
0130321386   40.80375    -73.43501     0.08     -0.04     0.09     1 
0130321387   40.80325    -73.39839     0.16     -0.06     0.17     1 
0130321388   40.80273    -73.36177     0.19      0.01     0.19     1 
0130321389   40.80221    -73.32516     0.22      0.01     0.22     1 
0130321390   40.80167    -73.28854     0.09      0.06     0.11     1 
0130321391   40.80112    -73.25193     0.11      0.05     0.12     1 
0130321392   40.80056    -73.21531     0.02     -0.23     0.24     1 
0130321393   40.79999    -73.17870     0.02     -0.03     0.04     1 
0130321395   40.79881    -73.10548     0.17      0.01     0.18     1 
0130321399   40.79631    -72.95905     0.09      0.09     0.13     1 
0130321400   40.79566    -72.92244     0.15      0.13     0.20     1 
0130321401   40.79499    -72.88584    -0.00      0.01     0.01     1 
0130321402   40.79431    -72.84924     0.13      0.07     0.15     1 
0130321403   40.79363    -72.81264     0.02     -0.02     0.03     1 
0130321404   40.79293    -72.77603     0.13     -0.03     0.13     1 
0130321405   40.79221    -72.73944     0.01      0.08     0.08     1 
0130321406   40.79149    -72.70284    -0.08      0.01     0.08     1 
0130321438   40.78670    -74.27773     0.24     -0.02     0.24     1 
0130321439   40.78646    -74.24111     0.14     -0.03     0.14     1 
0130321440   40.78622    -74.20449     0.06      0.00     0.06     1 
0130321441   40.78596    -74.16787     0.10     -0.04     0.11     1 
0130321442   40.78569    -74.13125    -0.02     -0.04     0.04     1 
0130321443   40.78541    -74.09463    -0.21     -0.02     0.21     1 
0130321444   40.78511    -74.05801    -0.07      0.02     0.07     1 
0130321445   40.78481    -74.02139     0.08      0.04     0.09     1 
0130321447   40.78417    -73.94816     0.15     -0.24     0.29     1 
0130321448   40.78383    -73.91155    -0.22     -0.09     0.24     1 
0130321449   40.78348    -73.87493    -0.12     -0.09     0.15     1 
0130321451   40.78274    -73.80170     0.01      0.05     0.05     1 
0130321453   40.78195    -73.72848     0.05      0.03     0.06     1 
0130321454   40.78154    -73.69187     0.22     -0.18     0.29     1 
0130321455   40.78112    -73.65525     0.05     -0.11     0.13     1 
0130321456   40.78069    -73.61865     0.01     -0.10     0.10     1 
0130321457   40.78025    -73.58204     0.13     -0.13     0.18     1 
0130321458   40.77979    -73.54543    -0.03      0.05     0.06     1 
0130321459   40.77932    -73.50882     0.02     -0.03     0.04     1 
0130321460   40.77884    -73.47221     0.10     -0.01     0.10     1 
0130321461   40.77835    -73.43561    -0.20     -0.17     0.26     1 
0130321462   40.77785    -73.39900     0.18      0.29     0.34     1 
0130321463   40.77734    -73.36240     0.16     -0.09     0.18     1 
0130321464   40.77681    -73.32580     0.08     -0.05     0.09     1 
0130321465   40.77628    -73.28919    -0.04     -0.10     0.11     1 
0130321466   40.77573    -73.25259     0.06     -0.11     0.12     1 
0130321467   40.77517    -73.21599     0.08     -0.10     0.12     1 
0130321468   40.77460    -73.17939     0.17     -0.04     0.18     1 
0130321469   40.77401    -73.14280     0.14     -0.02     0.14     1 
0130321474   40.77092    -72.95982     0.17     -0.14     0.22     1 
0130321475   40.77027    -72.92323     0.04     -0.06     0.08     1 
0130321476   40.76960    -72.88664    -0.05     -0.07     0.09     1 
0130321478   40.76824    -72.81347    -0.09      0.04     0.09     1 
0130321512   40.76152    -74.31461    -0.00      0.10     0.10     1 
0130321513   40.76130    -74.27800     0.02      0.03     0.04     1 
0130321514   40.76106    -74.24139     0.10      0.09     0.13     1 
0130321515   40.76082    -74.20479     0.03      0.01     0.03     1 
0130321516   40.76056    -74.16818     0.05     -0.00     0.05     1 
0130321517   40.76029    -74.13158    -0.07      0.02     0.07     1 
0130321518   40.76001    -74.09497    -0.03      0.02     0.04     1 
0130321519   40.75971    -74.05837    -0.11      0.04     0.12     1 
0130321521   40.75909    -73.98516     0.26     -0.29     0.39     1 
0130321526   40.75734    -73.80216    -0.02     -0.04     0.05     1 
0130321527   40.75695    -73.76556    -0.12     -0.11     0.16     1 
0130321528   40.75656    -73.72896    -0.02     -0.09     0.09     1 
0130321529   40.75615    -73.69236     0.01     -0.06     0.06     1 
0130321530   40.75573    -73.65577     0.02      0.01     0.02     1 
0130321531   40.75529    -73.61917     0.02      0.04     0.04     1 
0130321532   40.75485    -73.58258     0.10     -0.04     0.11     1 
0130321533   40.75440    -73.54598    -0.02      0.03     0.04     1 
0130321534   40.75393    -73.50939     0.03      0.05     0.06     1 
0130321535   40.75345    -73.47280     0.12      0.00     0.12     1 
0130321536   40.75296    -73.43620     0.17     -0.06     0.18     1 
0130321537   40.75246    -73.39961     0.09      0.01     0.09     1 
0130321538   40.75194    -73.36302     0.10     -0.11     0.15     1 
0130321539   40.75142    -73.32643     0.01     -0.05     0.05     1 
0130321540   40.75088    -73.28984     0.10     -0.01     0.10     1 
0130321541   40.75033    -73.25326     0.19     -0.12     0.22     1 
0130321542   40.74977    -73.21667     0.15     -0.03     0.15     1 
0130321543   40.74920    -73.18009     0.17     -0.02     0.17     1 
0130321544   40.74862    -73.14350    -0.01     -0.08     0.08     1 
0130321547   40.74680    -73.03376    -0.00     -0.12     0.12     1 
0130321548   40.74617    -72.99718    -0.01      0.01     0.01     1 
0130321549   40.74553    -72.96060     0.10      0.02     0.10     1 
0130321551   40.74422    -72.88745    -0.16     -0.05     0.17     1 
0130321552   40.74354    -72.85087     0.18     -0.18     0.26     1 
0130321587   40.73612    -74.31487     0.03     -0.04     0.05     1 
0130321588   40.73589    -74.27828     0.04     -0.01     0.04     1 
0130321589   40.73566    -74.24168     0.06     -0.08     0.10     1 
0130321590   40.73541    -74.20509     0.04     -0.07     0.08     1 
0130321591   40.73516    -74.16850     0.02     -0.07     0.07     1 
0130321592   40.73489    -74.13191    -0.17      0.03     0.18     1 
0130321593   40.73461    -74.09532    -0.10     -0.02     0.10     1 
0130321594   40.73431    -74.05873     0.07      0.04     0.08     1 
0130321595   40.73401    -74.02214    -0.16     -0.03     0.17     1 
0130321596   40.73369    -73.98555     0.08     -0.06     0.10     1 
0130321597   40.73336    -73.94896    -0.05     -0.10     0.11     1 
0130321598   40.73303    -73.91237    -0.08      0.01     0.08     1 
0130321600   40.73231    -73.83920    -0.07     -0.01     0.07     1 
0130321602   40.73156    -73.76603     0.05     -0.07     0.09     1 
0130321605   40.73033    -73.65628     0.06     -0.07     0.10     1 
0130321607   40.72945    -73.58311    -0.07     -0.06     0.09     1 
0130321608   40.72900    -73.54653     0.07     -0.20     0.21     1 
0130321609   40.72853    -73.50995     0.02     -0.11     0.11     1 
0130321610   40.72805    -73.47338    -0.06     -0.05     0.08     1 
0130321612   40.72706    -73.40022    -0.08      0.09     0.12     1 
0130321613   40.72655    -73.36365     0.07     -0.02     0.07     1 
0130321614   40.72603    -73.32707     0.04     -0.07     0.08     1 
0130321615   40.72549    -73.29050     0.16     -0.13     0.21     1 
0130321616   40.72494    -73.25392    -0.06     -0.07     0.09     1 
0130321617   40.72438    -73.21735    -0.05     -0.05     0.08     1 
0130321618   40.72381    -73.18078     0.08     -0.09     0.12     1 
0130321619   40.72323    -73.14421    -0.09     -0.07     0.11     1 
0130321620   40.72264    -73.10764    -0.11     -0.06     0.12     1 
0130321621   40.72203    -73.07107    -0.07     -0.09     0.11     1 
0130321622   40.72141    -73.03451    -0.02      0.21     0.22     1 
0130321662   40.71072    -74.31513     0.10      0.00     0.10     1 
0130321663   40.71049    -74.27855     0.09      0.12     0.15     1 
0130321664   40.71026    -74.24197    -0.12      0.06     0.13     1 
0130321665   40.71001    -74.20539     0.03     -0.03     0.04     1 
0130321667   40.70949    -74.13224    -0.16      0.01     0.16     1 
0130321668   40.70920    -74.09566    -0.19     -0.07     0.20     1 
0130321671   40.70829    -73.98593     0.00     -0.11     0.11     1 
0130321674   40.70728    -73.87621     0.01      0.00     0.01     1 
0130321675   40.70692    -73.83964     0.09     -0.03     0.09     1 
0130321677   40.70616    -73.76650    -0.05      0.04     0.07     1 
0130321678   40.70576    -73.72993    -0.12     -0.03     0.12     1 
0130321679   40.70535    -73.69336     0.03     -0.02     0.04     1 
0130321680   40.70493    -73.65679     0.04     -0.05     0.06     1 
0130321682   40.70406    -73.58365     0.05     -0.06     0.08     1 
0130321683   40.70360    -73.54709     0.06     -0.15     0.16     1 
0130321684   40.70314    -73.51052     0.02     -0.06     0.06     1 
0130321685   40.70266    -73.47396     0.05     -0.07     0.08     1 
0130321686   40.70217    -73.43739     0.04     -0.08     0.09     1 
0130321687   40.70167    -73.40083    -0.00     -0.03     0.03     1 
0130321688   40.70116    -73.36427     0.05      0.02     0.06     1 
0130321689   40.70063    -73.32770    -0.02     -0.07     0.07     1 
0130321690   40.70010    -73.29115     0.21     -0.02     0.21     1 
0130321691   40.69955    -73.25459    -0.08      0.03     0.08     1 
0130321692   40.69899    -73.21803    -0.15     -0.14     0.21     1 
0130321693   40.69842    -73.18147     0.05     -0.13     0.14     1 
0130321694   40.69784    -73.14491    -0.18     -0.05     0.19     1 
0130321698   40.69540    -72.99870    -0.37     -0.07     0.38     1 
0130321738   40.68509    -74.27882     0.13      0.01     0.13     1 
0130321739   40.68485    -74.24226     0.14     -0.03     0.14     1 
0130321740   40.68461    -74.20570    -0.05      0.04     0.06     1 
0130321741   40.68435    -74.16913    -0.05     -0.06     0.08     1 
0130321742   40.68408    -74.13257    -0.27      0.15     0.31     1 
0130321744   40.68351    -74.05944     0.06      0.28     0.28     1 
0130321745   40.68321    -74.02288    -0.21     -0.01     0.21     1 
0130321746   40.68289    -73.98632     0.10     -0.01     0.10     1 
0130321747   40.68256    -73.94976     0.06     -0.01     0.06     1 
0130321748   40.68223    -73.91320     0.02     -0.08     0.08     1 
0130321749   40.68188    -73.87664     0.03     -0.02     0.04     1 
0130321751   40.68114    -73.80352     0.08     -0.13     0.15     1 
0130321753   40.68036    -73.73041    -0.05     -0.02     0.06     1 
0130321754   40.67995    -73.69385     0.03      0.02     0.03     1 
0130321755   40.67953    -73.65730     0.01     -0.05     0.05     1 
0130321756   40.67910    -73.62074     0.09     -0.01     0.09     1 
0130321757   40.67866    -73.58419     0.04     -0.02     0.04     1 
0130321758   40.67821    -73.54764     0.13     -0.06     0.15     1 
0130321759   40.67774    -73.51109     0.01      0.00     0.01     1 
0130321760   40.67726    -73.47454     0.01     -0.03     0.03     1 
0130321762   40.67627    -73.40144     0.00     -0.12     0.12     1 
0130321763   40.67576    -73.36489    -0.07     -0.05     0.09     1 
0130321764   40.67524    -73.32834    -0.11      0.00     0.11     1 
0130321772   40.67063    -73.03600    -0.19     -0.02     0.20     1 
0130321812   40.65991    -74.31565    -0.06      0.04     0.07     1 
0130321813   40.65969    -74.27910    -0.04      0.02     0.05     1 
0130321814   40.65945    -74.24255     0.07     -0.10     0.12     1 
0130321815   40.65921    -74.20600    -0.08     -0.03     0.09     1 
0130321816   40.65895    -74.16945    -0.19      0.18     0.26     1 
0130321818   40.65840    -74.09635    -0.13      0.06     0.15     1 
0130321819   40.65811    -74.05980    -0.12     -0.19     0.23     1 
0130321820   40.65781    -74.02325    -0.21     -0.05     0.22     1 
0130321821   40.65749    -73.98671     0.07     -0.06     0.10     1 
0130321822   40.65716    -73.95016     0.10      0.01     0.10     1 
0130321824   40.65648    -73.87707    -0.07      0.07     0.10     1 
0130321825   40.65612    -73.84052    -0.03     -0.04     0.05     1 
0130321826   40.65574    -73.80398    -0.04      0.04     0.06     1 
0130321827   40.65536    -73.76743    -0.03     -0.05     0.06     1 
0130321828   40.65496    -73.73089     0.03     -0.10     0.11     1 
0130321829   40.65456    -73.69435     0.01     -0.06     0.06     1 
0130321830   40.65414    -73.65781    -0.03     -0.13     0.13     1 
0130321831   40.65371    -73.62127     0.04     -0.02     0.05     1 
0130321832   40.65326    -73.58473     0.03     -0.05     0.06     1 
0130321833   40.65281    -73.54819    -0.05     -0.03     0.06     1 
0130321834   40.65234    -73.51165    -0.14      0.02     0.14     1 
0130321835   40.65187    -73.47511    -0.09      0.11     0.14     1 
0130321836   40.65138    -73.43858    -0.08      0.01     0.08     1 
0130321837   40.65088    -73.40204    -0.11     -0.05     0.12     1 
0130321838   40.65037    -73.36551    -0.17     -0.12     0.21     1 
0130321839   40.64984    -73.32897    -0.21     -0.06     0.22     1 
0130321840   40.64931    -73.29244    -0.13     -0.04     0.14     1 
0130321841   40.64876    -73.25591    -0.12      0.10     0.15     1 
0130321842   40.64821    -73.21938    -0.08     -0.02     0.08     1 
0130321843   40.64764    -73.18285     0.14      0.01     0.14     1 
0130321886   40.63472    -74.35245     0.11      0.01     0.12     1 
0130321888   40.63428    -74.27937     0.15     -0.01     0.15     1 
0130321889   40.63405    -74.24283    -0.01      0.05     0.05     1 
0130321890   40.63381    -74.20630    -0.08     -0.01     0.08     1 
0130321891   40.63355    -74.16976    -0.23      0.09     0.24     1 
0130321892   40.63328    -74.13323    -0.05     -0.11     0.12     1 
0130321893   40.63300    -74.09669     0.06     -0.04     0.07     1 
0130321894   40.63271    -74.06016    -0.04      0.04     0.05     1 
0130321897   40.63176    -73.95056     0.06     -0.07     0.09     1 
0130321898   40.63143    -73.91402    -0.10     -0.05     0.12     1 
0130321899   40.63108    -73.87749    -0.06     -0.04     0.07     1 
0130321900   40.63072    -73.84096    -0.29     -0.04     0.30     1 
0130321901   40.63034    -73.80443    -0.31     -0.20     0.37     1 
0130321902   40.62996    -73.76790    -0.07      0.04     0.08     1 
0130321903   40.62956    -73.73137    -0.09     -0.02     0.09     1 
0130321904   40.62916    -73.69484    -0.10     -0.01     0.10     1 
0130321905   40.62874    -73.65832    -0.14     -0.01     0.14     1 
0130321906   40.62831    -73.62179    -0.09     -0.01     0.09     1 
0130321907   40.62787    -73.58526    -0.14      0.02     0.14     1 
0130321908   40.62741    -73.54874    -0.17      0.01     0.17     1 
0130321909   40.62695    -73.51221    -0.18     -0.04     0.18     1 
0130321910   40.62647    -73.47569    -0.15     -0.02     0.15     1 
0130321911   40.62598    -73.43917    -0.15     -0.07     0.16     1 
0130321961   40.60931    -74.35269     0.20     -0.07     0.22     1 
0130321962   40.60910    -74.31617     0.11      0.00     0.11     1 
0130321963   40.60888    -74.27964     0.03      0.03     0.04     1 
0130321964   40.60865    -74.24312    -0.12      0.04     0.13     1 
0130321965   40.60840    -74.20660    -0.14     -0.01     0.14     1 
0130321966   40.60815    -74.17008     0.02     -0.05     0.06     1 
0130321967   40.60788    -74.13355     0.11     -0.06     0.13     1 
0130321968   40.60760    -74.09703     0.06      0.07     0.09     1 
0130321969   40.60731    -74.06051    -0.07      0.10     0.13     1 
0130321970   40.60700    -74.02399     0.04      0.02     0.05     1 
0130321973   40.60603    -73.91443    -0.17     -0.08     0.18     1 
0130321975   40.60532    -73.84140    -0.25     -0.10     0.26     1 
0130321976   40.60494    -73.80488    -0.20      0.05     0.21     1 
0130321977   40.60456    -73.76837    -0.09     -0.01     0.09     1 
0130321978   40.60417    -73.73185    -0.07      0.03     0.08     1 
0130321979   40.60376    -73.69534    -0.13      0.04     0.14     1 
0130321980   40.60334    -73.65882    -0.18     -0.04     0.19     1 
0130321981   40.60291    -73.62231    -0.13     -0.01     0.13     1 
0130321982   40.60247    -73.58580    -0.09     -0.01     0.09     1 
0130321983   40.60202    -73.54929    -0.18     -0.08     0.19     1 
0130322036   40.58391    -74.35294     0.17     -0.10     0.19     1 
0130322037   40.58370    -74.31643     0.15     -0.02     0.15     1 
0130322038   40.58348    -74.27992     0.02     -0.01     0.02     1 
0130322039   40.58324    -74.24341    -0.19      0.03     0.20     1 
0130322040   40.58300    -74.20690    -0.14      0.04     0.14     1 
0130322041   40.58274    -74.17039    -0.08      0.04     0.09     1 
0130322042   40.58248    -74.13388     0.14     -0.05     0.15     1 
0130322043   40.58220    -74.09737     0.09     -0.14     0.17     1 
0130322044   40.58190    -74.06087    -0.05     -0.03     0.06     1 
0130322046   40.58129    -73.98785     0.02     -0.15     0.16     1 
0130322047   40.58096    -73.95135    -0.21     -0.02     0.21     1 
0130322049   40.58028    -73.87834    -0.11      0.20     0.23     1 
0130322111   40.55851    -74.35318     0.08     -0.12     0.15     1 
0130322114   40.55784    -74.24369    -0.03     -0.04     0.05     1 
0130322115   40.55760    -74.20720     0.12     -0.10     0.16     1 
0130322116   40.55734    -74.17070    -0.13     -0.07     0.15     1 
0130322117   40.55707    -74.13421     0.14     -0.15     0.20     1 
0130322118   40.55679    -74.09772    -0.11      0.01     0.12     1 
0130322186   40.53310    -74.35343    -0.04     -0.15     0.16     1 
0130322187   40.53289    -74.31694     0.05     -0.24     0.24     1 
0130322188   40.53267    -74.28046    -0.02     -0.09     0.09     1 
0130322190   40.53220    -74.20750     0.09     -0.06     0.11     1 
0130322191   40.53194    -74.17102     0.12     -0.16     0.20     1 
0130322260   40.50790    -74.39014    -0.03     -0.02     0.03     1 
0130322261   40.50770    -74.35367     0.07     -0.01     0.07     1 
0130322262   40.50749    -74.31720    -0.10      0.05     0.11     1 
0130322263   40.50727    -74.28073     0.04      0.07     0.08     1 
0130322264   40.50704    -74.24426     0.06     -0.08     0.10     1 
0130322265   40.50679    -74.20780    -0.08     -0.06     0.11     1 
0130322335   40.48249    -74.39037    -0.16     -0.07     0.18     1 
0130322336   40.48230    -74.35391    -0.16     -0.01     0.17     1 
0130322337   40.48209    -74.31746    -0.08     -0.21     0.23     1 
0130322338   40.48186    -74.28100    -0.03     -0.06     0.06     1 
0130322410   40.45709    -74.39060     0.05      0.07     0.08     1 
0130322411   40.45689    -74.35416     0.02     -0.01     0.02     1 
0130322412   40.45668    -74.31772     0.15     -0.05     0.16     1 
0130322413   40.45646    -74.28127    -0.01     -0.33     0.33     1 
0130322414   40.45623    -74.24483    -0.09     -0.19     0.21     1 
0130322416   40.45573    -74.17195    -0.30     -0.15     0.33     1 
0130322419   40.45490    -74.06264    -0.34     -0.20     0.39     1 
0130322485   40.43169    -74.39083     0.02     -0.01     0.03     1 
0130322487   40.43128    -74.31797     0.10      0.04     0.11     1 
0130322488   40.43106    -74.28154    -0.08     -0.03     0.09     1 
0130322489   40.43083    -74.24512     0.04     -0.10     0.11     1 
0130322490   40.43058    -74.20869    -0.11     -0.05     0.12     1 
0130322491   40.43033    -74.17227     0.04     -0.14     0.15     1 
0130322492   40.43006    -74.13584     0.17     -0.11     0.20     1 
0130322493   40.42978    -74.09942    -0.10     -0.15     0.18     1 
0130322494   40.42949    -74.06299    -0.23     -0.01     0.23     1 
0130322560   40.40628    -74.39106     0.12     -0.02     0.12     1 
0130322562   40.40587    -74.31823     0.16     -0.10     0.19     1 
0130322563   40.40565    -74.28181     0.18     -0.13     0.22     1 
0130322564   40.40542    -74.24540     0.02     -0.12     0.13     1 
0130322565   40.40518    -74.20899     0.03     -0.07     0.07     1 
0130322566   40.40492    -74.17258     0.20     -0.02     0.20     1 
0130322567   40.40466    -74.13617     0.07     -0.03     0.07     1 
0130322568   40.40438    -74.09975     0.16      0.02     0.16     1 
0130322569   40.40409    -74.06334     0.19     -0.05     0.20     1 
0130322570   40.40379    -74.02693     0.11     -0.10     0.15     1 
0130322634   40.38106    -74.42769     0.01      0.02     0.02     1 
0130322635   40.38088    -74.39129     0.01      0.08     0.08     1 
0130322636   40.38068    -74.35488     0.15     -0.05     0.16     1 
0130322637   40.38047    -74.31848     0.18     -0.01     0.18     1 
0130322638   40.38025    -74.28208     0.13     -0.14     0.19     1 
0130322639   40.38002    -74.24569     0.25     -0.15     0.29     1 
0130322640   40.37978    -74.20929     0.23     -0.16     0.28     1 
0130322641   40.37952    -74.17289     0.07     -0.15     0.17     1 
0130322642   40.37926    -74.13649     0.28     -0.20     0.35     1 
0130322643   40.37898    -74.10009     0.20     -0.18     0.27     1 
0130322644   40.37869    -74.06369     0.14     -0.17     0.22     1 
0130322645   40.37839    -74.02730     0.00     -0.16     0.16     1 
0130322646   40.37808    -73.99090    -0.18     -0.11     0.21     1 
0130322709   40.35566    -74.42790     0.16     -0.06     0.17     1 
0130322710   40.35547    -74.39151     0.18     -0.02     0.18     1 
0130322711   40.35527    -74.35513     0.20     -0.14     0.25     1 
0130322712   40.35507    -74.31874     0.16      0.03     0.16     1 
0130322713   40.35485    -74.28235     0.17      0.14     0.22     1 
0130322714   40.35462    -74.24597     0.23     -0.15     0.27     1 
0130322715   40.35437    -74.20958     0.25     -0.26     0.36     1 
0130322716   40.35412    -74.17320     0.16     -0.12     0.20     1 
0130322717   40.35385    -74.13681     0.14     -0.06     0.15     1 
0130322718   40.35357    -74.10043     0.01     -0.10     0.11     1 
0130322719   40.35328    -74.06405    -0.08     -0.07     0.10     1 
0130322720   40.35298    -74.02766     0.11     -0.05     0.12     1 
0130322721   40.35267    -73.99128    -0.16     -0.15     0.22     1 
0130322784   40.33025    -74.42812     0.31     -0.17     0.35     1 
0130322785   40.33007    -74.39174    -0.00     -0.04     0.04     1 
0130322786   40.32987    -74.35537     0.12     -0.09     0.14     1 
0130322787   40.32966    -74.31900     0.21     -0.08     0.22     1 
0130322788   40.32944    -74.28262     0.24     -0.10     0.27     1 
0130322789   40.32921    -74.24625     0.15      0.03     0.16     1 
0130322790   40.32897    -74.20988     0.14     -0.06     0.15     1 
0130322791   40.32871    -74.17351     0.14     -0.15     0.21     1 
0130322792   40.32845    -74.13714     0.03     -0.16     0.16     1 
0130322793   40.32817    -74.10077     0.04     -0.12     0.13     1 
0130322794   40.32788    -74.06440     0.04     -0.01     0.04     1 
0130322795   40.32758    -74.02803    -0.10     -0.06     0.11     1 
0130322796   40.32727    -73.99166    -0.13     -0.03     0.13     1 
0130322859   40.30485    -74.42833     0.10     -0.05     0.11     1 
0130322860   40.30466    -74.39197     0.10     -0.06     0.12     1 
0130322861   40.30447    -74.35561     0.13      0.04     0.14     1 
0130322862   40.30426    -74.31925     0.26     -0.10     0.28     1 
0130322863   40.30404    -74.28289     0.07     -0.02     0.08     1 
0130322864   40.30381    -74.24653     0.15     -0.05     0.15     1 
0130322865   40.30356    -74.21018     0.15     -0.15     0.22     1 
0130322866   40.30331    -74.17382     0.11     -0.22     0.24     1 
0130322867   40.30304    -74.13746    -0.10     -0.11     0.15     1 
0130322868   40.30277    -74.10111     0.14     -0.17     0.22     1 
0130322869   40.30248    -74.06475     0.12     -0.06     0.13     1 
0130322870   40.30218    -74.02839     0.04     -0.13     0.14     1 
0130322871   40.30187    -73.99204    -0.04     -0.16     0.17     1 
0130322934   40.27944    -74.42854     0.27     -0.14     0.30     1 
0130322935   40.27926    -74.39220     0.10     -0.17     0.20     1 
0130322936   40.27906    -74.35585     0.24     -0.17     0.29     1 
0130322938   40.27863    -74.28316     0.09     -0.11     0.14     1 
0130322939   40.27840    -74.24682     0.16     -0.03     0.16     1 
0130322940   40.27816    -74.21047     0.03     -0.02     0.04     1 
0130322941   40.27791    -74.17413     0.17     -0.12     0.21     1 
0130322942   40.27764    -74.13778     0.21     -0.05     0.22     1 
0130322943   40.27737    -74.10144     0.13     -0.06     0.14     1 
0130322944   40.27708    -74.06510     0.09     -0.01     0.09     1 
0130322945   40.27678    -74.02876     0.22     -0.10     0.24     1 
0130323008   40.25421    -74.46509     0.33     -0.10     0.35     1 
0130323009   40.25404    -74.42876     0.26     -0.16     0.30     1 
0130323010   40.25385    -74.39243     0.06     -0.12     0.14     1 
0130323011   40.25366    -74.35609     0.15     -0.12     0.19     1 
0130323012   40.25345    -74.31976     0.11     -0.08     0.14     1 
0130323013   40.25323    -74.28343     0.01     -0.03     0.03     1 
0130323014   40.25300    -74.24710    -0.27      0.03     0.27     1 
0130323015   40.25276    -74.21077     0.26     -0.15     0.31     1 
0130323016   40.25250    -74.17444    -0.02     -0.09     0.09     1 
0130323017   40.25224    -74.13811     0.01     -0.07     0.07     1 
0130323018   40.25196    -74.10178     0.18     -0.10     0.21     1 
0130323019   40.25167    -74.06545     0.12     -0.08     0.14     1 
0130323020   40.25138    -74.02912     0.14     -0.07     0.16     1 
0130323083   40.22881    -74.46529     0.28     -0.14     0.31     1 
0130323084   40.22863    -74.42897     0.12     -0.08     0.15     1 
0130323085   40.22845    -74.39265     0.04     -0.09     0.10     1 
0130323086   40.22825    -74.35633     0.13      0.02     0.13     1 
0130323087   40.22804    -74.32001     0.22     -0.02     0.22     1 
0130323088   40.22782    -74.28370     0.17     -0.10     0.20     1 
0130323089   40.22759    -74.24738    -0.01     -0.07     0.07     1 
0130323090   40.22735    -74.21106     0.15     -0.14     0.21     1 
0130323091   40.22710    -74.17475     0.13     -0.02     0.13     1 
0130323092   40.22683    -74.13843     0.14     -0.10     0.17     1 
0130323093   40.22656    -74.10211     0.12     -0.13     0.18     1 
0130323094   40.22627    -74.06580     0.10     -0.19     0.21     1 
0130323095   40.22597    -74.02948     0.02     -0.18     0.18     1 
0130323158   40.20340    -74.46549     0.06     -0.13     0.14     1 
0130323159   40.20323    -74.42919    -0.03     -0.00     0.03     1 
0130323160   40.20304    -74.39288     0.22     -0.12     0.25     1 
0130323161   40.20285    -74.35657     0.24     -0.17     0.29     1 
0130323162   40.20264    -74.32027     0.09     -0.29     0.31     1 
0130323163   40.20242    -74.28396     0.29     -0.08     0.30     1 
0130323164   40.20219    -74.24766     0.22     -0.06     0.23     1 
0130323165   40.20195    -74.21136     0.22     -0.08     0.23     1 
0130323166   40.20170    -74.17505     0.15     -0.10     0.18     1 
0130323167   40.20143    -74.13875     0.01     -0.12     0.12     1 
0130323168   40.20115    -74.10245     0.14     -0.17     0.22     1 
0130323169   40.20087    -74.06615     0.10     -0.16     0.19     1 
0130323170   40.20057    -74.02984     0.02     -0.12     0.12     1 
0130323233   40.17799    -74.46569     0.03     -0.15     0.15     1 
0130323234   40.17782    -74.42940     0.22     -0.12     0.25     1 
0130323235   40.17764    -74.39311     0.12     -0.01     0.12     1 
0130323236   40.17744    -74.35681     0.02     -0.08     0.08     1 
0130323237   40.17723    -74.32052     0.20     -0.16     0.26     1 
0130323238   40.17701    -74.28423     0.20     -0.25     0.32     1 
0130323239   40.17679    -74.24794     0.07     -0.15     0.16     1 
0130323240   40.17654    -74.21165    -0.19      0.04     0.19     1 
0130323241   40.17629    -74.17536     0.19     -0.13     0.23     1 
0130323242   40.17603    -74.13907     0.09     -0.09     0.12     1 
0130323243   40.17575    -74.10278     0.03     -0.19     0.20     1 
0130323244   40.17546    -74.06650     0.14     -0.17     0.22     1 
0130323245   40.17516    -74.03021    -0.05     -0.14     0.15     1 
0130323307   40.15275    -74.50217     0.17     -0.22     0.28     1 
0130323308   40.15259    -74.46589     0.14      0.00     0.14     1 
0130323309   40.15241    -74.42961     0.36     -0.05     0.36     1 
0130323310   40.15223    -74.39333     0.09     -0.15     0.17     1 
0130323311   40.15203    -74.35705     0.14     -0.05     0.15     1 
0130323312   40.15183    -74.32078     0.16     -0.18     0.24     1 
0130323313   40.15161    -74.28450     0.12     -0.02     0.12     1 
0130323314   40.15138    -74.24822     0.16     -0.06     0.17     1 
0130323315   40.15114    -74.21195     0.14     -0.05     0.15     1 
0130323316   40.15089    -74.17567     0.14     -0.08     0.16     1 
0130323317   40.15062    -74.13939     0.16     -0.17     0.23     1 
0130323318   40.15035    -74.10312     0.09     -0.19     0.21     1 
0130323319   40.15006    -74.06684     0.00     -0.13     0.13     1 
0130323382   40.12734    -74.50235     0.16     -0.12     0.20     1 
0130323383   40.12718    -74.46609     0.04     -0.06     0.07     1 
0130323384   40.12701    -74.42982     0.04     -0.06     0.07     1 
0130323386   40.12663    -74.35729     0.12      0.06     0.14     1 
0130323387   40.12642    -74.32103     0.13     -0.10     0.16     1 
0130323388   40.12620    -74.28476     0.06      0.10     0.12     1 
0130323389   40.12597    -74.24850     0.22     -0.07     0.23     1 
0130323390   40.12573    -74.21224     0.12     -0.11     0.17     1 
0130323391   40.12548    -74.17597     0.04     -0.09     0.10     1 
0130323392   40.12522    -74.13971     0.22     -0.22     0.31     1 
0130323393   40.12494    -74.10345     0.03     -0.03     0.04     1 
0130323394   40.12466    -74.06719     0.15     -0.13     0.20     1 
0130323457   40.10194    -74.50254     0.27      0.14     0.31     1 
0130323458   40.10178    -74.46629     0.21     -0.07     0.22     1 
0130323459   40.10160    -74.43004    -0.13      0.03     0.14     1 
0130323460   40.10142    -74.39378     0.09      0.01     0.09     1 
0130323461   40.10122    -74.35753     0.19     -0.15     0.24     1 
0130323462   40.10102    -74.32128     0.20     -0.13     0.24     1 
0130323464   40.10057    -74.24878     0.21     -0.13     0.24     1 
0130323465   40.10033    -74.21253     0.07     -0.04     0.08     1 
0130323466   40.10008    -74.17628     0.06     -0.06     0.08     1 
0130323467   40.09981    -74.14003     0.12     -0.09     0.15     1 
0130323468   40.09954    -74.10379    -0.01     -0.07     0.07     1 
0130323469   40.09925    -74.06754     0.07     -0.10     0.12     1 
0130323470   40.09895    -74.03129    -0.04     -0.22     0.22     1 
0130323532   40.07653    -74.50272     0.03     -0.10     0.11     1 
0130323533   40.07637    -74.46649     0.10      0.05     0.11     1 
0130323534   40.07620    -74.43025     0.14     -0.02     0.15     1 
0130323535   40.07601    -74.39401     0.11      0.07     0.13     1 
0130323536   40.07582    -74.35777     0.11     -0.01     0.11     1 
0130323537   40.07561    -74.32153    -0.30      0.11     0.32     1 
0130323538   40.07539    -74.28530     0.10     -0.03     0.10     1 
0130323539   40.07516    -74.24906     0.17      0.02     0.17     1 
0130323540   40.07493    -74.21282     0.12     -0.04     0.12     1 
0130323541   40.07467    -74.17659    -0.13     -0.03     0.14     1 
0130323542   40.07441    -74.14035    -0.01     -0.11     0.11     1 
0130323544   40.07385    -74.06788     0.02      0.02     0.02     1 
0130323545   40.07355    -74.03165    -0.27     -0.06     0.27     1 
0130323607   40.05112    -74.50291     0.07      0.03     0.08     1 
0130323608   40.05096    -74.46668     0.14     -0.04     0.15     1 
0130323609   40.05079    -74.43046     0.12      0.00     0.12     1 
0130323610   40.05061    -74.39423    -0.09      0.03     0.10     1 
0130323611   40.05041    -74.35801     0.06      0.05     0.08     1 
0130323612   40.05021    -74.32179    -0.03     -0.17     0.18     1 
0130323613   40.04999    -74.28556    -0.12     -0.04     0.13     1 
0130323615   40.04952    -74.21312     0.11     -0.09     0.14     1 
0130323616   40.04927    -74.17689    -0.16     -0.09     0.18     1 
0130323617   40.04901    -74.14067     0.06      0.01     0.06     1 
0130323618   40.04873    -74.10445    -0.05     -0.01     0.05     1 
0130323619   40.04845    -74.06823    -0.10      0.04     0.11     1 
0130323681   40.02587    -74.53930    -0.07     -0.07     0.10     1 
0130323682   40.02572    -74.50309    -0.05      0.01     0.05     1 
0130323683   40.02556    -74.46688    -0.04     -0.03     0.05     1 
0130323684   40.02538    -74.43067     0.05     -0.01     0.05     1 
0130323685   40.02520    -74.39446    -0.03     -0.17     0.17     1 
0130323686   40.02501    -74.35825    -0.04      0.02     0.04     1 
0130323687   40.02480    -74.32204     0.07     -0.15     0.16     1 
0130323688   40.02458    -74.28583    -0.06      0.22     0.23     1 
0130323689   40.02435    -74.24962     0.01     -0.13     0.13     1 
0130323690   40.02411    -74.21341     0.21     -0.06     0.22     1 
0130323691   40.02386    -74.17720     0.12     -0.08     0.14     1 
0130323692   40.02360    -74.14099    -0.06     -0.02     0.06     1 
0130323693   40.02333    -74.10478    -0.14      0.01     0.14     1 
0130323694   40.02304    -74.06857    -0.19     -0.06     0.20     1 
0130323756   40.00046    -74.53948    -0.06     -0.13     0.15     1 
0130323757   40.00031    -74.50328    -0.06     -0.09     0.11     1 
0130323758   40.00015    -74.46708     0.13      0.03     0.13     1 
0130323759   39.99998    -74.43088     0.01     -0.08     0.08     1 
0130323760   39.99980    -74.39468     0.07      0.02     0.08     1 
0130323761   39.99960    -74.35849    -0.00     -0.17     0.17     1 
0130323762   39.99939    -74.32229    -0.08     -0.15     0.17     1 
0130323763   39.99918    -74.28609     0.07     -0.06     0.10     1 
0130323764   39.99895    -74.24989     0.07     -0.02     0.07     1 
0130323765   39.99871    -74.21370     0.19     -0.09     0.21     1 
0130323766   39.99846    -74.17750     0.28     -0.14     0.31     1 
0130323767   39.99820    -74.14131    -0.10     -0.02     0.10     1 
0130323768   39.99792    -74.10511    -0.03     -0.06     0.07     1 
0130323769   39.99764    -74.06892    -0.09     -0.02     0.09     1 
0130323831   39.97505    -74.53965     0.01      0.08     0.08     1 
0130323832   39.97490    -74.50346    -0.04      0.03     0.05     1 
0130323833   39.97474    -74.46728     0.07     -0.04     0.08     1 
0130323834   39.97457    -74.43109     0.10     -0.05     0.11     1 
0130323835   39.97439    -74.39491     0.10      0.01     0.10     1 
0130323836   39.97420    -74.35872    -0.01     -0.01     0.02     1 
0130323839   39.97354    -74.25017    -0.05      0.03     0.06     1 
0130323840   39.97330    -74.21399     0.12     -0.11     0.16     1 
0130323841   39.97305    -74.17781     0.03      0.10     0.10     1 
0130323842   39.97279    -74.14163     0.03     -0.05     0.06     1 
0130323843   39.97252    -74.10545    -0.12     -0.12     0.17     1 
0130323844   39.97223    -74.06927    -0.18      0.05     0.18     1 
0130323906   39.94965    -74.53982    -0.05     -0.06     0.08     1 
0130323907   39.94950    -74.50365     0.07     -0.03     0.08     1 
0130323908   39.94934    -74.46747     0.10     -0.07     0.12     1 
0130323909   39.94917    -74.43130     0.12      0.01     0.12     1 
0130323910   39.94898    -74.39513     0.11     -0.07     0.13     1 
0130323911   39.94879    -74.35896    -0.04      0.06     0.08     1 
0130323912   39.94858    -74.32279    -0.01     -0.38     0.38     1 
0130323913   39.94837    -74.28662    -0.00     -0.01     0.01     1 
0130323914   39.94814    -74.25045    -0.01      0.06     0.06     1 
0130323915   39.94790    -74.21428     0.08      0.01     0.08     1 
0130323916   39.94765    -74.17811    -0.06     -0.02     0.06     1 
0130323917   39.94739    -74.14195     0.01     -0.05     0.05     1 
0130323918   39.94711    -74.10578    -0.06     -0.12     0.13     1 
0130323981   39.92424    -74.53999     0.12      0.05     0.13     1 
0130323982   39.92409    -74.50383     0.09     -0.34     0.36     1 
0130323983   39.92393    -74.46767    -0.01      0.05     0.05     1 
0130323984   39.92376    -74.43151     0.16     -0.15     0.22     1 
0130323985   39.92358    -74.39535     0.17     -0.16     0.23     1 
0130323986   39.92338    -74.35920    -0.03     -0.16     0.16     1 
0130323987   39.92318    -74.32304     0.05     -0.06     0.07     1 
0130323989   39.92273    -74.25073    -0.09     -0.13     0.16     1 
0130323990   39.92249    -74.21457     0.10     -0.00     0.10     1 
0130323991   39.92224    -74.17842    -0.20     -0.20     0.28     1 
0130323992   39.92198    -74.14226     0.01     -0.06     0.06     1 
0130323993   39.92171    -74.10611    -0.19     -0.05     0.19     1 
0130324055   39.89897    -74.57630     0.00     -0.05     0.05     1 
0130324056   39.89883    -74.54016    -0.07     -0.05     0.09     1 
0130324057   39.89869    -74.50401     0.06      0.08     0.10     1 
0130324058   39.89852    -74.46787     0.04     -0.07     0.08     1 
0130324059   39.89835    -74.43172     0.25     -0.09     0.27     1 
0130324062   39.89777    -74.32329    -0.04     -0.03     0.05     1 
0130324063   39.89755    -74.28715     0.04     -0.00     0.04     1 
0130324064   39.89733    -74.25101     0.17     -0.02     0.17     1 
0130324065   39.89709    -74.21486     0.05     -0.13     0.14     1 
0130324066   39.89684    -74.17872     0.30     -0.10     0.32     1 
0130324067   39.89657    -74.14258     0.00     -0.10     0.10     1 
0130324130   39.87356    -74.57646     0.10     -0.14     0.17     1 
0130324131   39.87343    -74.54033    -0.06      0.06     0.08     1 
0130324132   39.87328    -74.50419     0.08     -0.05     0.09     1 
0130324133   39.87312    -74.46806     0.25     -0.23     0.34     1 
0130324134   39.87295    -74.43193     0.16     -0.06     0.17     1 
0130324135   39.87276    -74.39580     0.06     -0.14     0.15     1 
0130324136   39.87257    -74.35967    -0.07      0.08     0.10     1 
0130324137   39.87236    -74.32354     0.15     -0.01     0.15     1 
0130324138   39.87215    -74.28741    -0.03      0.04     0.05     1 
0130324139   39.87192    -74.25128    -0.14     -0.15     0.20     1 
0130324140   39.87168    -74.21515     0.11     -0.07     0.13     1 
0130324141   39.87143    -74.17902     0.03     -0.00     0.03     1 
0130324142   39.87117    -74.14289    -0.13     -0.10     0.16     1 
0130324205   39.84816    -74.57662     0.29      0.09     0.31     1 
0130324206   39.84802    -74.54050     0.01      0.07     0.07     1 
0130324207   39.84787    -74.50438     0.07      0.03     0.08     1 
0130324208   39.84771    -74.46826     0.06     -0.03     0.07     1 
0130324209   39.84754    -74.43214     0.07     -0.02     0.07     1 
0130324210   39.84736    -74.39602     0.03     -0.07     0.08     1 
0130324211   39.84716    -74.35991    -0.09     -0.11     0.14     1 
0130324214   39.84651    -74.25156    -0.01     -0.06     0.06     1 
0130324215   39.84628    -74.21544     0.06      0.06     0.08     1 
0130324216   39.84603    -74.17933     0.22     -0.04     0.23     1 
0130324217   39.84577    -74.14321    -0.12     -0.03     0.13     1 
0130324280   39.82275    -74.57677     0.03      0.04     0.05     1 
0130324281   39.82261    -74.54067    -0.01      0.01     0.01     1 
0130324282   39.82246    -74.50456    -0.00      0.14     0.14     1 
0130324283   39.82230    -74.46846     0.05      0.04     0.06     1 
0130324284   39.82213    -74.43235    -0.18     -0.22     0.29     1 
0130324285   39.82195    -74.39625     0.17      0.02     0.17     1 
0130324286   39.82176    -74.36014     0.07      0.04     0.08     1 
0130324288   39.82133    -74.28794     0.02     -0.10     0.10     1 
0130324290   39.82087    -74.21573    -0.10     -0.06     0.12     1 
0130324291   39.82062    -74.17963    -0.07     -0.05     0.08     1 
0130324355   39.79734    -74.57693    -0.14      0.17     0.23     1 
0130324356   39.79720    -74.54084     0.14      0.04     0.14     1 
0130324357   39.79706    -74.50474     0.34     -0.06     0.34     1 
0130324358   39.79689    -74.46865     0.06      0.00     0.06     1 
0130324359   39.79673    -74.43256    -0.11      0.04     0.12     1 
0130324360   39.79654    -74.39647     0.17     -0.01     0.17     1 
0130324361   39.79635    -74.36038    -0.00      0.08     0.08     1 
0130324363   39.79593    -74.28820     0.04     -0.06     0.07     1 
0130324364   39.79570    -74.25211     0.09     -0.07     0.12     1 
0130324365   39.79546    -74.21602     0.03      0.02     0.04     1 
0130324366   39.79521    -74.17993    -0.03     -0.06     0.07     1 
0130324368   39.79468    -74.10775    -0.14      0.01     0.14     1 
0130324429   39.77206    -74.61316     0.10      0.15     0.18     1 
0130324430   39.77193    -74.57708     0.12      0.09     0.15     1 
0130324431   39.77180    -74.54100     0.21      0.12     0.25     1 
0130324432   39.77165    -74.50493     0.23     -0.01     0.23     1 
0130324433   39.77149    -74.46885     0.12      0.06     0.13     1 
0130324434   39.77132    -74.43277     0.09     -0.02     0.09     1 
0130324435   39.77114    -74.39669     0.17      0.05     0.18     1 
0130324436   39.77094    -74.36061     0.01     -0.03     0.03     1 
0130324437   39.77074    -74.32454     0.10      0.04     0.11     1 
0130324438   39.77052    -74.28846     0.03      0.01     0.03     1 
0130324440   39.77006    -74.21631     0.13     -0.05     0.14     1 
0130324441   39.76981    -74.18023    -0.06     -0.07     0.09     1 
0130324442   39.76955    -74.14416    -0.06     -0.12     0.13     1 
0130324443   39.76928    -74.10808     0.14      0.09     0.17     1 
0130324504   39.74665    -74.61330     0.05      0.03     0.06     1 
0130324505   39.74652    -74.57724     0.15      0.07     0.16     1 
0130324506   39.74639    -74.54117     0.03      0.04     0.06     1 
0130324507   39.74624    -74.50511     0.06      0.17     0.18     1 
0130324508   39.74608    -74.46904     0.22      0.14     0.25     1 
0130324509   39.74591    -74.43298    -0.02      0.11     0.11     1 
0130324510   39.74573    -74.39691     0.13     -0.19     0.23     1 
0130324512   39.74533    -74.32478    -0.05     -0.07     0.09     1 
0130324513   39.74511    -74.28872     0.25     -0.10     0.27     1 
0130324514   39.74489    -74.25266     0.22     -0.04     0.22     1 
0130324515   39.74465    -74.21659     0.22     -0.07     0.23     1 
0130324516   39.74440    -74.18053    -0.12     -0.04     0.13     1 
0130324517   39.74414    -74.14447    -0.04     -0.09     0.10     1 
0130324579   39.72124    -74.61344     0.09      0.02     0.09     1 
0130324580   39.72112    -74.57739     0.07      0.09     0.12     1 
0130324581   39.72098    -74.54134     0.07      0.05     0.09     1 
0130324582   39.72083    -74.50529     0.04      0.12     0.13     1 
0130324586   39.72013    -74.36108    -0.09      0.11     0.14     1 
0130324588   39.71971    -74.28898     0.07      0.12     0.14     1 
0130324591   39.71900    -74.18083     0.00     -0.02     0.02     1 
0130324592   39.71874    -74.14478    -0.04      0.11     0.11     1 
0130324654   39.69583    -74.61359     0.07      0.10     0.12     1 
0130324655   39.69571    -74.57755     0.09      0.23     0.25     1 
0130324656   39.69557    -74.54151     0.10      0.03     0.11     1 
0130324657   39.69542    -74.50547     0.25     -0.02     0.25     1 
0130324658   39.69526    -74.46943     0.18     -0.18     0.25     1 
0130324660   39.69491    -74.39736    -0.04      0.03     0.04     1 
0130324661   39.69472    -74.36132     0.08      0.01     0.08     1 
0130324662   39.69452    -74.32528     0.05      0.03     0.06     1 
0130324663   39.69430    -74.28924     0.03     -0.02     0.03     1 
0130324664   39.69407    -74.25321     0.11      0.06     0.12     1 
0130324665   39.69384    -74.21717    -0.01      0.06     0.06     1 
0130324666   39.69359    -74.18113    -0.05      0.05     0.07     1 
0130324667   39.69333    -74.14510    -0.11      0.10     0.15     1 
0130324732   39.67002    -74.50565     0.05      0.11     0.12     1 
0130324735   39.66951    -74.39758     0.03      0.01     0.03     1 
0130324736   39.66931    -74.36155    -0.02      0.14     0.14     1 
0130324737   39.66911    -74.32553    -0.00     -0.11     0.11     1 
0130324739   39.66867    -74.25348    -0.01      0.06     0.06     1 
0130324740   39.66843    -74.21746    -0.07      0.06     0.09     1 
0130324741   39.66818    -74.18143    -0.12      0.06     0.14     1 
0130324812   39.64370    -74.32577    -0.01     -0.05     0.05     1 
0130324813   39.64349    -74.28976     0.01      0.03     0.03     1 
0130324814   39.64326    -74.25375    -0.03     -0.00     0.03     1 
0130324815   39.64303    -74.21774    -0.08     -0.03     0.08     1 
0130324816   39.64278    -74.18173    -0.10      0.03     0.10     1 
----------------------------------------------------------------------
---------------------------------------------------
Total correlated GCPs in Upper Left Quadrant: 581

GCP statistics this quadrant only (in Pixels)
Line residual statistics:
  Mean: 0.037
  Median: 0.053
  Standard Deviation: 0.129

Sample residual statistics:
  Mean: -0.017
  Median: -0.017
  Standard Deviation: 0.080

Quadrant RMSE: 0.157

---------------------------------------------------
Total correlated GCPs in Upper Right Quadrant: 160

GCP statistics this quadrant only (in Pixels)
Line residual statistics:
  Mean: 0.033
  Median: 0.042
  Standard Deviation: 0.143

Sample residual statistics:
  Mean: -0.016
  Median: -0.016
  Standard Deviation: 0.094

Quadrant RMSE: 0.175

---------------------------------------------------
Total correlated GCPs in Lower Left Quadrant: 380

GCP statistics this quadrant only (in Pixels)
Line residual statistics:
  Mean: 0.067
  Median: 0.071
  Standard Deviation: 0.114

Sample residual statistics:
  Mean: -0.050
  Median: -0.054
  Standard Deviation: 0.090

Quadrant RMSE: 0.167

---------------------------------------------------
Total correlated GCPs in Lower Right Quadrant: 0

GCP statistics this quadrant only (in Pixels)
Line residual statistics:
  Mean: 0.000
  Median: 0.000
  Standard Deviation: 0.000

Sample residual statistics:
  Mean: 0.000
  Median: 0.000
  Standard Deviation: 0.000

Quadrant RMSE: 0.000

---------------------------------------------------
---------------------------------------------------
Total correlated GCPs in scene: 1121

GCP statistics entire scene (in Pixels)
Line residual statistics:
  Mean: 0.046
  Median: 0.057
  Standard Deviation: 0.127

Sample residual statistics:
  Mean: -0.028
  Median: -0.025
  Standard Deviation: 0.087

Scene RMSE: 0.163

