==============================================================================
==============================================================================
Wed. Aug. 31 2016                  LANDSAT 5                       Time: 16:01
                            Image Assessment System
                            GEOMETRIC VERIFY Report
==============================================================================
Order ID: 0501608305276_07431                          Path / Row - 13 / 32
Reference Image: L51EDC1010265150100_HDF.L1G

Color mapping per rank
----------------------
Rank  1 is Green: total residual <= 0.5
Rank  2 is Cyan: 0.5 < total residual <=  1
Rank  3 is Blue:  1 < total residual <=  2
Rank  4 is Yellow:  2 < total residual <=  3
Rank  5 is Red:  3 < total residual

Percentage of residuals by rank
-------------------------------
Rank   1 -- 100.0%
Rank   2 --  0.0%
Rank   3 --  0.0%
Rank   4 --  0.0%
Rank   5 --  0.0%

       GCP    Latitude    Longitude  Sample   Line     Total    Rank
        ID                           Residual Residual Residual
              (Degree)    (Degree)   (Pixel)  (Pixel)  (Pixel)
----------------------------------------------------------------------
0130320092   41.24577    -74.14881     0.12      0.06     0.13     1 
0130320093   41.24549    -74.11122     0.04      0.04     0.06     1 
0130320094   41.24519    -74.07363     0.23      0.02     0.23     1 
0130320095   41.24488    -74.03604     0.10      0.01     0.10     1 
0130320167   41.22037    -74.14914     0.03      0.03     0.04     1 
0130320168   41.22009    -74.11156     0.21      0.00     0.21     1 
0130320169   41.21979    -74.07399     0.03      0.08     0.08     1 
0130320170   41.21948    -74.03642     0.20      0.00     0.20     1 
0130320171   41.21916    -73.99884     0.13      0.04     0.14     1 
0130320172   41.21883    -73.96127    -0.07     -0.05     0.09     1 
0130320174   41.21813    -73.88612     0.17      0.02     0.17     1 
0130320175   41.21776    -73.84855     0.13     -0.04     0.13     1 
0130320176   41.21738    -73.81098     0.25     -0.06     0.26     1 
0130320177   41.21698    -73.77341     0.19     -0.07     0.21     1 
0130320242   41.19497    -74.14947     0.09      0.02     0.09     1 
0130320243   41.19469    -74.11191     0.20      0.03     0.21     1 
0130320244   41.19439    -74.07435     0.14      0.11     0.17     1 
0130320245   41.19409    -74.03679     0.14      0.08     0.16     1 
0130320246   41.19377    -73.99923     0.18      0.05     0.19     1 
0130320247   41.19343    -73.96167     0.10     -0.01     0.10     1 
0130320249   41.19273    -73.88655     0.11      0.11     0.16     1 
0130320250   41.19236    -73.84900     0.05      0.06     0.08     1 
0130320251   41.19198    -73.81144     0.15      0.06     0.16     1 
0130320252   41.19159    -73.77389     0.06      0.01     0.06     1 
0130320253   41.19118    -73.73633     0.11      0.03     0.11     1 
0130320254   41.19076    -73.69878     0.06      0.01     0.06     1 
0130320255   41.19033    -73.66122     0.06     -0.00     0.06     1 
0130320256   41.18989    -73.62367     0.11     -0.05     0.12     1 
0130320316   41.16985    -74.18735     0.16      0.04     0.16     1 
0130320317   41.16957    -74.14980     0.23     -0.13     0.26     1 
0130320318   41.16929    -74.11225     0.07     -0.00     0.07     1 
0130320319   41.16900    -74.07471     0.22      0.05     0.22     1 
0130320320   41.16869    -74.03716     0.24     -0.05     0.24     1 
0130320321   41.16837    -73.99962     0.21     -0.04     0.21     1 
0130320322   41.16804    -73.96207     0.19     -0.01     0.19     1 
0130320324   41.16733    -73.88698    -0.20     -0.05     0.21     1 
0130320325   41.16696    -73.84944     0.09      0.02     0.09     1 
0130320326   41.16658    -73.81190     0.10      0.07     0.12     1 
0130320327   41.16619    -73.77436     0.06      0.10     0.12     1 
0130320328   41.16578    -73.73682     0.12     -0.00     0.12     1 
0130320329   41.16537    -73.69928     0.15      0.04     0.16     1 
0130320330   41.16494    -73.66174     0.01      0.05     0.05     1 
0130320332   41.16404    -73.58667     0.08      0.03     0.09     1 
0130320333   41.16357    -73.54913    -0.05     -0.04     0.07     1 
0130320334   41.16309    -73.51159     0.06      0.01     0.06     1 
0130320335   41.16260    -73.47406     0.07     -0.03     0.08     1 
0130320336   41.16210    -73.43653     0.06     -0.00     0.06     1 
0130320391   41.14444    -74.18766     0.16      0.02     0.16     1 
0130320392   41.14417    -74.15013     0.13      0.02     0.13     1 
0130320393   41.14389    -74.11259     0.17      0.07     0.18     1 
0130320394   41.14360    -74.07506     0.17      0.10     0.20     1 
0130320395   41.14329    -74.03753     0.21      0.02     0.22     1 
0130320396   41.14297    -74.00000     0.14     -0.01     0.14     1 
0130320398   41.14229    -73.92494     0.11      0.05     0.12     1 
0130320400   41.14157    -73.84989     0.15      0.07     0.17     1 
0130320401   41.14119    -73.81236     0.15      0.00     0.15     1 
0130320402   41.14079    -73.77483     0.08      0.01     0.08     1 
0130320403   41.14039    -73.73731     0.08      0.03     0.08     1 
0130320404   41.13997    -73.69978     0.12      0.02     0.12     1 
0130320405   41.13954    -73.66226     0.10     -0.01     0.10     1 
0130320406   41.13910    -73.62473     0.08      0.19     0.21     1 
0130320407   41.13864    -73.58721     0.04      0.04     0.06     1 
0130320409   41.13770    -73.51217     0.01      0.07     0.07     1 
0130320410   41.13721    -73.47465     0.07      0.08     0.11     1 
0130320411   41.13671    -73.43713     0.03      0.04     0.05     1 
0130320412   41.13619    -73.39961     0.06      0.09     0.10     1 
0130320413   41.13566    -73.36209     0.05      0.01     0.06     1 
0130320414   41.13512    -73.32458     0.07      0.04     0.08     1 
0130320415   41.13457    -73.28706    -0.20      0.02     0.20     1 
0130320466   41.11904    -74.18797     0.13     -0.01     0.13     1 
0130320467   41.11877    -74.15045     0.01      0.00     0.02     1 
0130320468   41.11849    -74.11294     0.12     -0.04     0.12     1 
0130320469   41.11820    -74.07542     0.11     -0.03     0.11     1 
0130320470   41.11789    -74.03790     0.11     -0.04     0.12     1 
0130320471   41.11757    -74.00039     0.16      0.01     0.16     1 
0130320472   41.11724    -73.96287     0.10      0.02     0.10     1 
0130320473   41.11689    -73.92536     0.10     -0.10     0.15     1 
0130320475   41.11617    -73.85033     0.12      0.03     0.12     1 
0130320476   41.11579    -73.81282     0.14      0.02     0.15     1 
0130320477   41.11540    -73.77530     0.12      0.07     0.14     1 
0130320478   41.11499    -73.73779    -0.05      0.01     0.05     1 
0130320479   41.11458    -73.70028     0.10      0.08     0.13     1 
0130320480   41.11415    -73.66277     0.04      0.00     0.04     1 
0130320481   41.11370    -73.62526     0.20      0.06     0.21     1 
0130320482   41.11325    -73.58776     0.04      0.01     0.04     1 
0130320483   41.11278    -73.55025     0.01     -0.00     0.01     1 
0130320484   41.11231    -73.51274     0.07      0.03     0.07     1 
0130320485   41.11182    -73.47524     0.13      0.02     0.13     1 
0130320486   41.11131    -73.43773     0.09      0.06     0.11     1 
0130320487   41.11080    -73.40023    -0.01      0.04     0.04     1 
0130320488   41.11027    -73.36273    -0.21      0.05     0.22     1 
0130320541   41.09365    -74.18829     0.10      0.04     0.11     1 
0130320542   41.09337    -74.15078     0.09      0.04     0.09     1 
0130320543   41.09309    -74.11328     0.17     -0.01     0.17     1 
0130320544   41.09280    -74.07578     0.17      0.04     0.18     1 
0130320545   41.09249    -74.03827     0.10     -0.01     0.10     1 
0130320546   41.09217    -74.00077     0.10     -0.01     0.10     1 
0130320547   41.09184    -73.96327     0.04      0.01     0.04     1 
0130320548   41.09150    -73.92577     0.07      0.03     0.07     1 
0130320550   41.09077    -73.85077     0.24      0.08     0.25     1 
0130320551   41.09039    -73.81327     0.15      0.01     0.15     1 
0130320552   41.09000    -73.77578     0.12     -0.03     0.13     1 
0130320553   41.08960    -73.73828    -0.05     -0.04     0.06     1 
0130320554   41.08918    -73.70078     0.11      0.01     0.11     1 
0130320555   41.08875    -73.66329     0.05      0.01     0.05     1 
0130320556   41.08831    -73.62579     0.11     -0.05     0.12     1 
0130320557   41.08785    -73.58830     0.07      0.02     0.08     1 
0130320558   41.08739    -73.55081     0.09     -0.01     0.09     1 
0130320559   41.08691    -73.51332     0.05      0.11     0.12     1 
0130320560   41.08642    -73.47583     0.10      0.02     0.11     1 
0130320561   41.08592    -73.43833     0.04      0.02     0.04     1 
0130320616   41.06824    -74.18860     0.18      0.07     0.20     1 
0130320617   41.06797    -74.15111     0.12     -0.02     0.12     1 
0130320618   41.06769    -74.11362     0.08     -0.00     0.08     1 
0130320619   41.06740    -74.07613     0.11      0.01     0.11     1 
0130320620   41.06709    -74.03864     0.16     -0.04     0.17     1 
0130320621   41.06677    -74.00116     0.21      0.07     0.22     1 
0130320622   41.06644    -73.96367     0.22     -0.02     0.22     1 
0130320625   41.06538    -73.85121     0.05      0.03     0.06     1 
0130320627   41.06460    -73.77625     0.04      0.03     0.05     1 
0130320628   41.06420    -73.73877    -0.06      0.01     0.06     1 
0130320629   41.06378    -73.70128     0.07     -0.03     0.08     1 
0130320630   41.06335    -73.66380     0.10      0.03     0.11     1 
0130320631   41.06291    -73.62632     0.12     -0.03     0.12     1 
0130320632   41.06246    -73.58884     0.09      0.01     0.09     1 
0130320633   41.06200    -73.55137     0.02      0.01     0.03     1 
0130320634   41.06152    -73.51389     0.07      0.07     0.10     1 
0130320635   41.06103    -73.47641    -0.03     -0.06     0.07     1 
0130320636   41.06053    -73.43894    -0.24     -0.02     0.25     1 
0130320690   41.04310    -74.22639     0.11      0.00     0.11     1 
0130320691   41.04284    -74.18891     0.15      0.08     0.17     1 
0130320692   41.04257    -74.15144     0.19      0.03     0.20     1 
0130320694   41.04200    -74.07649     0.12      0.06     0.14     1 
0130320695   41.04169    -74.03901     0.12      0.00     0.12     1 
0130320696   41.04137    -74.00154     0.11      0.12     0.16     1 
0130320697   41.04104    -73.96407     0.12      0.04     0.12     1 
0130320698   41.04070    -73.92660     0.07      0.05     0.08     1 
0130320700   41.03998    -73.85166     0.10     -0.03     0.10     1 
0130320701   41.03960    -73.81419     0.15     -0.03     0.16     1 
0130320702   41.03921    -73.77672    -0.00      0.02     0.03     1 
0130320703   41.03880    -73.73925     0.08     -0.02     0.09     1 
0130320704   41.03839    -73.70178     0.05     -0.02     0.05     1 
0130320705   41.03796    -73.66432     0.04      0.01     0.04     1 
0130320706   41.03752    -73.62685     0.02     -0.01     0.03     1 
0130320707   41.03706    -73.58939     0.01      0.04     0.04     1 
0130320708   41.03660    -73.55192    -0.00     -0.02     0.02     1 
0130320736   41.01865    -72.50338    -0.08     -0.12     0.15     1 
0130320737   41.01783    -72.46595    -0.10     -0.11     0.15     1 
0130320765   41.01770    -74.22668     0.08      0.11     0.13     1 
0130320766   41.01744    -74.18922     0.05      0.10     0.11     1 
0130320767   41.01717    -74.15176     0.10      0.06     0.12     1 
0130320768   41.01689    -74.11430     0.12      0.09     0.15     1 
0130320769   41.01660    -74.07684     0.12      0.05     0.14     1 
0130320770   41.01629    -74.03938     0.04     -0.01     0.04     1 
0130320771   41.01597    -74.00192     0.02      0.15     0.15     1 
0130320772   41.01564    -73.96447     0.14      0.04     0.15     1 
0130320773   41.01530    -73.92701     0.09     -0.04     0.10     1 
0130320774   41.01495    -73.88955    -0.02      0.05     0.05     1 
0130320775   41.01458    -73.85210     0.11      0.01     0.11     1 
0130320776   41.01420    -73.81464     0.09      0.05     0.10     1 
0130320777   41.01381    -73.77719     0.06      0.03     0.07     1 
0130320778   41.01340    -73.73973     0.13     -0.01     0.13     1 
0130320779   41.01299    -73.70228     0.07      0.06     0.09     1 
0130320780   41.01256    -73.66483     0.09     -0.02     0.10     1 
0130320781   41.01212    -73.62738    -0.10     -0.12     0.15     1 
0130320782   41.01167    -73.58993    -0.21     -0.04     0.21     1 
0130320808   40.99565    -72.61659    -0.00     -0.00     0.00     1 
0130320810   40.99408    -72.54175    -0.17     -0.05     0.18     1 
0130320811   40.99327    -72.50433    -0.20     -0.08     0.22     1 
0130320815   40.98993    -72.35469    -0.06     -0.08     0.10     1 
0130320816   40.98907    -72.31728    -0.07     -0.04     0.08     1 
0130320817   40.98819    -72.27987    -0.17      0.01     0.17     1 
0130320818   40.98730    -72.24247    -0.00     -0.20     0.20     1 
0130320840   40.99230    -74.22698     0.05      0.03     0.06     1 
0130320841   40.99204    -74.18953     0.07      0.08     0.11     1 
0130320842   40.99177    -74.15209     0.11      0.04     0.12     1 
0130320843   40.99149    -74.11464     0.07      0.04     0.09     1 
0130320844   40.99120    -74.07720     0.13      0.05     0.14     1 
0130320845   40.99089    -74.03975     0.12      0.03     0.12     1 
0130320846   40.99057    -74.00231     0.17      0.01     0.17     1 
0130320847   40.99024    -73.96486     0.13     -0.05     0.13     1 
0130320848   40.98990    -73.92742     0.16      0.03     0.16     1 
0130320850   40.98918    -73.85254     0.11      0.01     0.11     1 
0130320851   40.98880    -73.81510     0.05      0.05     0.07     1 
0130320852   40.98841    -73.77766     0.11      0.07     0.13     1 
0130320853   40.98801    -73.74022     0.03     -0.01     0.03     1 
0130320854   40.98759    -73.70278     0.04      0.04     0.05     1 
0130320855   40.98716    -73.66534    -0.07     -0.13     0.15     1 
0130320856   40.98672    -73.62790     0.04     -0.12     0.13     1 
0130320880   40.97253    -72.72972     0.15      0.10     0.18     1 
0130320881   40.97179    -72.69231     0.13     -0.16     0.21     1 
0130320882   40.97103    -72.65491     0.12     -0.17     0.20     1 
0130320883   40.97027    -72.61750     0.06     -0.13     0.15     1 
0130320884   40.96949    -72.58010    -0.11     -0.12     0.16     1 
0130320890   40.96455    -72.35570    -0.07     -0.05     0.09     1 
0130320892   40.96281    -72.28091    -0.06     -0.04     0.07     1 
0130320894   40.96102    -72.20613     0.06     -0.10     0.11     1 
0130320895   40.96011    -72.16875    -0.06     -0.03     0.07     1 
0130320915   40.96690    -74.22728     0.04      0.10     0.10     1 
0130320916   40.96664    -74.18984     0.12     -0.01     0.12     1 
0130320917   40.96637    -74.15241     0.06      0.02     0.06     1 
0130320918   40.96609    -74.11498     0.14      0.02     0.14     1 
0130320919   40.96580    -74.07755     0.14      0.05     0.15     1 
0130320920   40.96549    -74.04012     0.16      0.00     0.16     1 
0130320921   40.96518    -74.00269     0.12      0.04     0.13     1 
0130320922   40.96484    -73.96526     0.20      0.06     0.21     1 
0130320923   40.96450    -73.92783     0.11      0.02     0.11     1 
0130320925   40.96378    -73.85298     0.10     -0.04     0.10     1 
0130320926   40.96340    -73.81555     0.13      0.09     0.15     1 
0130320927   40.96301    -73.77813     0.11      0.00     0.11     1 
0130320928   40.96261    -73.74070     0.07      0.00     0.07     1 
0130320929   40.96220    -73.70328     0.03     -0.03     0.04     1 
0130320937   40.95844    -73.40391    -0.00      0.25     0.25     1 
0130320945   40.95391    -73.10461    -0.06     -0.09     0.10     1 
0130320946   40.95329    -73.06721    -0.00      0.26     0.26     1 
0130320947   40.95265    -73.02980    -0.01     -0.03     0.03     1 
0130320948   40.95201    -72.99240     0.06     -0.01     0.07     1 
0130320949   40.95135    -72.95499     0.08     -0.12     0.14     1 
0130320950   40.95068    -72.91759     0.01     -0.05     0.05     1 
0130320951   40.95000    -72.88019     0.08     -0.03     0.09     1 
0130320952   40.94930    -72.84279     0.07      0.14     0.15     1 
0130320953   40.94860    -72.80539     0.01     -0.19     0.19     1 
0130320954   40.94788    -72.76799    -0.09      0.02     0.09     1 
0130320955   40.94715    -72.73059    -0.05     -0.08     0.10     1 
0130320956   40.94641    -72.69320    -0.07     -0.01     0.07     1 
0130320957   40.94565    -72.65581     0.09     -0.04     0.10     1 
0130320958   40.94488    -72.61841     0.03     -0.10     0.10     1 
0130320959   40.94411    -72.58102    -0.12     -0.10     0.15     1 
0130320963   40.94087    -72.43148     0.00     -0.05     0.05     1 
0130320964   40.94003    -72.39409    -0.14     -0.13     0.19     1 
0130320966   40.93832    -72.31933    -0.12     -0.07     0.14     1 
0130320968   40.93655    -72.24458     0.02      0.09     0.09     1 
0130320990   40.94150    -74.22757     0.13      0.05     0.14     1 
0130320991   40.94124    -74.19016     0.15      0.01     0.15     1 
0130320992   40.94097    -74.15274    -0.01      0.06     0.06     1 
0130320993   40.94069    -74.11532     0.12      0.18     0.21     1 
0130320994   40.94040    -74.07790     0.18      0.08     0.20     1 
0130320995   40.94009    -74.04049     0.14      0.07     0.16     1 
0130320996   40.93977    -74.00307     0.10      0.02     0.10     1 
0130320997   40.93945    -73.96566     0.10      0.03     0.11     1 
0130320998   40.93910    -73.92824     0.11     -0.04     0.12     1 
0130320999   40.93875    -73.89083    -0.02      0.07     0.07     1 
0130321000   40.93838    -73.85342     0.06     -0.01     0.06     1 
0130321001   40.93801    -73.81601     0.02     -0.02     0.03     1 
0130321002   40.93762    -73.77859     0.11     -0.01     0.11     1 
0130321003   40.93721    -73.74118    -0.01     -0.08     0.08     1 
0130321004   40.93680    -73.70377    -0.21     -0.10     0.23     1 
0130321019   40.92912    -73.14274    -0.16      0.09     0.18     1 
0130321020   40.92852    -73.10534     0.11      0.04     0.12     1 
0130321021   40.92790    -73.06795     0.18     -0.04     0.18     1 
0130321022   40.92726    -73.03056     0.08     -0.01     0.08     1 
0130321024   40.92596    -72.95577    -0.03     -0.04     0.05     1 
0130321025   40.92529    -72.91839    -0.16     -0.11     0.20     1 
0130321026   40.92461    -72.88100    -0.04     -0.03     0.05     1 
0130321027   40.92392    -72.84361    -0.08     -0.08     0.11     1 
0130321028   40.92321    -72.80623     0.21     -0.11     0.24     1 
0130321029   40.92249    -72.76884     0.06     -0.08     0.10     1 
0130321030   40.92177    -72.73146     0.03     -0.05     0.06     1 
0130321031   40.92102    -72.69408     0.10     -0.02     0.10     1 
0130321032   40.92027    -72.65670    -0.03     -0.08     0.09     1 
0130321033   40.91950    -72.61933    -0.04     -0.15     0.15     1 
0130321035   40.91793    -72.54457     0.12     -0.10     0.16     1 
0130321038   40.91549    -72.43246    -0.12      0.00     0.12     1 
0130321039   40.91465    -72.39509     0.06      0.01     0.06     1 
0130321040   40.91380    -72.35773    -0.08     -0.08     0.12     1 
0130321041   40.91294    -72.32036    -0.01      0.12     0.12     1 
0130321042   40.91206    -72.28300     0.01     -0.15     0.15     1 
0130321064   40.91634    -74.26527     0.11      0.06     0.13     1 
0130321065   40.91610    -74.22787     0.11      0.07     0.13     1 
0130321066   40.91584    -74.19047     0.01      0.03     0.03     1 
0130321067   40.91557    -74.15306     0.04      0.00     0.04     1 
0130321068   40.91529    -74.11566     0.08      0.04     0.09     1 
0130321069   40.91500    -74.07826     0.06      0.02     0.07     1 
0130321070   40.91469    -74.04085     0.13     -0.02     0.13     1 
0130321071   40.91437    -74.00345     0.06      0.10     0.11     1 
0130321072   40.91405    -73.96605     0.10      0.05     0.11     1 
0130321074   40.91335    -73.89126     0.09     -0.00     0.09     1 
0130321075   40.91299    -73.85386    -0.05     -0.05     0.07     1 
0130321076   40.91261    -73.81646     0.02      0.02     0.03     1 
0130321077   40.91222    -73.77906    -0.02     -0.07     0.08     1 
0130321082   40.91009    -73.59209     0.14      0.16     0.21     1 
0130321084   40.90915    -73.51730    -0.01     -0.26     0.26     1 
0130321086   40.90816    -73.44253     0.09     -0.25     0.26     1 
0130321088   40.90713    -73.36775     0.23     -0.06     0.23     1 
0130321089   40.90659    -73.33036     0.06      0.08     0.10     1 
0130321090   40.90605    -73.29298     0.04      0.06     0.07     1 
0130321091   40.90549    -73.25559     0.06      0.09     0.11     1 
0130321092   40.90492    -73.21821     0.02     -0.00     0.02     1 
0130321093   40.90433    -73.18083     0.16     -0.03     0.16     1 
0130321094   40.90373    -73.14344     0.08     -0.03     0.09     1 
0130321095   40.90313    -73.10607    -0.02     -0.03     0.03     1 
0130321096   40.90251    -73.06869     0.00     -0.04     0.04     1 
0130321097   40.90187    -73.03131     0.09      0.07     0.11     1 
0130321098   40.90123    -72.99393     0.06      0.02     0.06     1 
0130321100   40.89990    -72.91918    -0.04     -0.06     0.07     1 
0130321101   40.89923    -72.88181     0.02     -0.01     0.02     1 
0130321102   40.89853    -72.84444     0.09     -0.00     0.09     1 
0130321103   40.89783    -72.80707     0.05      0.02     0.05     1 
0130321104   40.89711    -72.76970    -0.00     -0.02     0.02     1 
0130321105   40.89638    -72.73233     0.09      0.01     0.09     1 
0130321106   40.89564    -72.69496    -0.09     -0.01     0.09     1 
0130321107   40.89489    -72.65760    -0.06     -0.05     0.08     1 
0130321108   40.89412    -72.62024    -0.07      0.01     0.07     1 
0130321109   40.89334    -72.58288    -0.11     -0.10     0.15     1 
0130321110   40.89256    -72.54551    -0.04     -0.02     0.04     1 
0130321111   40.89175    -72.50816     0.06     -0.08     0.09     1 
0130321112   40.89094    -72.47080    -0.06     -0.06     0.09     1 
0130321113   40.89011    -72.43344    -0.11     -0.09     0.14     1 
0130321114   40.88928    -72.39609    -0.07     -0.08     0.11     1 
0130321115   40.88843    -72.35873    -0.12     -0.04     0.13     1 
0130321139   40.89094    -74.26555     0.01      0.02     0.03     1 
0130321140   40.89070    -74.22816    -0.04     -0.02     0.05     1 
0130321141   40.89044    -74.19078     0.06      0.03     0.06     1 
0130321143   40.88989    -74.11600    -0.04     -0.00     0.04     1 
0130321144   40.88960    -74.07861     0.00      0.05     0.05     1 
0130321145   40.88929    -74.04122    -0.00     -0.06     0.06     1 
0130321146   40.88898    -74.00383     0.10      0.07     0.13     1 
0130321147   40.88865    -73.96645     0.03     -0.00     0.03     1 
0130321149   40.88795    -73.89168     0.06     -0.00     0.06     1 
0130321150   40.88759    -73.85429    -0.06     -0.05     0.08     1 
0130321151   40.88721    -73.81691     0.02     -0.01     0.02     1 
0130321152   40.88682    -73.77953    -0.20     -0.12     0.23     1 
0130321156   40.88514    -73.63001     0.02      0.00     0.02     1 
0130321157   40.88469    -73.59263     0.06      0.05     0.08     1 
0130321158   40.88423    -73.55525     0.09     -0.10     0.14     1 
0130321159   40.88375    -73.51787    -0.22      0.04     0.23     1 
0130321160   40.88327    -73.48050    -0.05     -0.04     0.06     1 
0130321161   40.88277    -73.44312     0.10      0.05     0.11     1 
0130321162   40.88226    -73.40575     0.08      0.14     0.17     1 
0130321163   40.88173    -73.36837     0.01      0.05     0.05     1 
0130321164   40.88120    -73.33100     0.04      0.06     0.07     1 
0130321165   40.88065    -73.29363    -0.06      0.01     0.06     1 
0130321166   40.88009    -73.25626     0.14     -0.11     0.18     1 
0130321167   40.87952    -73.21889     0.06      0.02     0.06     1 
0130321168   40.87894    -73.18152     0.01      0.04     0.04     1 
0130321169   40.87835    -73.14415     0.02      0.05     0.05     1 
0130321170   40.87774    -73.10679     0.08     -0.09     0.13     1 
0130321171   40.87712    -73.06942     0.00     -0.02     0.02     1 
0130321172   40.87649    -73.03206     0.03      0.08     0.08     1 
0130321173   40.87584    -72.99470    -0.01      0.04     0.05     1 
0130321174   40.87519    -72.95734    -0.00     -0.01     0.01     1 
0130321175   40.87452    -72.91998     0.04     -0.01     0.04     1 
0130321176   40.87384    -72.88262     0.03      0.05     0.06     1 
0130321177   40.87315    -72.84526     0.10     -0.02     0.10     1 
0130321178   40.87244    -72.80791     0.08     -0.06     0.10     1 
0130321179   40.87173    -72.77055     0.01     -0.00     0.01     1 
0130321180   40.87100    -72.73320     0.08     -0.08     0.11     1 
0130321181   40.87026    -72.69585     0.02      0.08     0.09     1 
0130321182   40.86950    -72.65850    -0.06     -0.06     0.09     1 
0130321183   40.86874    -72.62115     0.01     -0.05     0.06     1 
0130321184   40.86796    -72.58380    -0.04     -0.04     0.05     1 
0130321185   40.86717    -72.54645    -0.07     -0.06     0.10     1 
0130321186   40.86637    -72.50911     0.00     -0.08     0.08     1 
0130321188   40.86474    -72.43442    -0.10      0.04     0.10     1 
0130321189   40.86390    -72.39708     0.09      0.05     0.10     1 
0130321214   40.86554    -74.26583     0.08      0.02     0.08     1 
0130321215   40.86529    -74.22846     0.07      0.03     0.07     1 
0130321216   40.86504    -74.19108     0.05      0.05     0.07     1 
0130321217   40.86477    -74.15371     0.04      0.01     0.05     1 
0130321218   40.86449    -74.11634     0.01     -0.05     0.06     1 
0130321219   40.86420    -74.07896     0.06     -0.00     0.06     1 
0130321220   40.86389    -74.04159    -0.08      0.04     0.09     1 
0130321221   40.86358    -74.00422    -0.03      0.11     0.12     1 
0130321222   40.86325    -73.96684     0.03      0.02     0.04     1 
0130321223   40.86291    -73.92947     0.06     -0.08     0.09     1 
0130321224   40.86255    -73.89210    -0.08      0.03     0.09     1 
0130321225   40.86219    -73.85473     0.00     -0.00     0.00     1 
0130321226   40.86181    -73.81736    -0.05     -0.01     0.05     1 
0130321229   40.86061    -73.70526     0.24     -0.11     0.26     1 
0130321231   40.85974    -73.63053    -0.03     -0.00     0.03     1 
0130321232   40.85929    -73.59316     0.08      0.11     0.14     1 
0130321233   40.85883    -73.55580     0.12      0.01     0.12     1 
0130321234   40.85836    -73.51844     0.09      0.07     0.11     1 
0130321235   40.85787    -73.48108     0.08      0.05     0.09     1 
0130321236   40.85737    -73.44371     0.14      0.01     0.14     1 
0130321237   40.85686    -73.40636    -0.03      0.06     0.06     1 
0130321238   40.85634    -73.36900     0.07      0.05     0.08     1 
0130321239   40.85581    -73.33164     0.04      0.02     0.04     1 
0130321240   40.85526    -73.29428     0.07      0.06     0.10     1 
0130321241   40.85470    -73.25692     0.05      0.07     0.09     1 
0130321242   40.85413    -73.21957     0.05      0.02     0.06     1 
0130321243   40.85355    -73.18222     0.09      0.04     0.10     1 
0130321244   40.85295    -73.14486     0.10     -0.03     0.10     1 
0130321245   40.85235    -73.10751     0.14     -0.03     0.14     1 
0130321246   40.85173    -73.07016    -0.01      0.03     0.03     1 
0130321248   40.85045    -72.99546     0.08     -0.01     0.08     1 
0130321249   40.84980    -72.95812     0.09      0.01     0.09     1 
0130321250   40.84913    -72.92077     0.16      0.07     0.17     1 
0130321251   40.84845    -72.88343    -0.08      0.00     0.08     1 
0130321252   40.84776    -72.84609     0.04     -0.04     0.06     1 
0130321253   40.84706    -72.80874     0.04     -0.03     0.05     1 
0130321254   40.84634    -72.77140     0.06      0.01     0.06     1 
0130321255   40.84561    -72.73406    -0.01     -0.08     0.08     1 
0130321257   40.84412    -72.65939     0.18      0.02     0.18     1 
0130321258   40.84336    -72.62206     0.05     -0.02     0.05     1 
0130321259   40.84258    -72.58472    -0.01     -0.06     0.06     1 
0130321260   40.84179    -72.54739    -0.13     -0.16     0.20     1 
0130321262   40.84018    -72.47273     0.14      0.07     0.16     1 
0130321289   40.84014    -74.26611     0.11      0.09     0.14     1 
0130321290   40.83989    -74.22875     0.12      0.02     0.13     1 
0130321291   40.83964    -74.19139     0.08     -0.08     0.11     1 
0130321292   40.83937    -74.15403     0.03      0.00     0.03     1 
0130321293   40.83909    -74.11667     0.06     -0.04     0.07     1 
0130321294   40.83880    -74.07931    -0.05     -0.14     0.15     1 
0130321295   40.83849    -74.04196    -0.08      0.03     0.09     1 
0130321296   40.83818    -74.00460     0.00     -0.05     0.05     1 
0130321298   40.83751    -73.92988    -0.01     -0.01     0.02     1 
0130321299   40.83715    -73.89253    -0.04      0.01     0.04     1 
0130321300   40.83679    -73.85517    -0.07      0.03     0.08     1 
0130321302   40.83602    -73.78046    -0.26      0.03     0.26     1 
0130321303   40.83562    -73.74311     0.09     -0.21     0.23     1 
0130321304   40.83521    -73.70575    -0.18      0.06     0.19     1 
0130321305   40.83478    -73.66840     0.14     -0.22     0.26     1 
0130321306   40.83435    -73.63105     0.03      0.07     0.08     1 
0130321307   40.83390    -73.59370     0.03      0.02     0.04     1 
0130321308   40.83344    -73.55635     0.07      0.00     0.07     1 
0130321309   40.83296    -73.51900     0.09      0.01     0.09     1 
0130321310   40.83248    -73.48166     0.11     -0.03     0.12     1 
0130321311   40.83198    -73.44431     0.11     -0.04     0.12     1 
0130321312   40.83147    -73.40696     0.11      0.00     0.11     1 
0130321313   40.83095    -73.36962    -0.02      0.01     0.02     1 
0130321314   40.83041    -73.33227     0.01     -0.03     0.03     1 
0130321315   40.82987    -73.29493    -0.01      0.01     0.01     1 
0130321316   40.82931    -73.25759     0.04      0.04     0.05     1 
0130321317   40.82874    -73.22025     0.11      0.06     0.12     1 
0130321318   40.82816    -73.18291     0.04      0.01     0.04     1 
0130321319   40.82756    -73.14557    -0.01     -0.18     0.18     1 
0130321320   40.82696    -73.10823     0.14      0.03     0.15     1 
0130321321   40.82634    -73.07090     0.08     -0.02     0.08     1 
0130321322   40.82571    -73.03356     0.02     -0.02     0.03     1 
0130321323   40.82507    -72.99623    -0.02      0.10     0.10     1 
0130321324   40.82441    -72.95890     0.12      0.02     0.12     1 
0130321325   40.82374    -72.92157    -0.04      0.05     0.07     1 
0130321326   40.82306    -72.88424     0.09     -0.19     0.21     1 
0130321327   40.82237    -72.84691    -0.04     -0.05     0.06     1 
0130321328   40.82167    -72.80958    -0.02      0.03     0.03     1 
0130321330   40.82023    -72.73493    -0.00      0.01     0.01     1 
0130321331   40.81949    -72.69760     0.00      0.00     0.00     1 
0130321332   40.81874    -72.66028     0.04     -0.01     0.04     1 
0130321333   40.81798    -72.62296    -0.04      0.02     0.04     1 
0130321334   40.81720    -72.58564     0.03      0.05     0.06     1 
0130321364   40.81473    -74.26640     0.15      0.11     0.18     1 
0130321365   40.81449    -74.22905     0.13      0.04     0.13     1 
0130321366   40.81423    -74.19170     0.08      0.04     0.09     1 
0130321367   40.81397    -74.15435     0.04     -0.02     0.05     1 
0130321368   40.81369    -74.11701    -0.02      0.02     0.03     1 
0130321369   40.81339    -74.07967    -0.05     -0.00     0.05     1 
0130321370   40.81309    -74.04232    -0.01     -0.00     0.01     1 
0130321371   40.81278    -74.00498    -0.11     -0.06     0.12     1 
0130321373   40.81211    -73.93029    -0.02      0.00     0.02     1 
0130321374   40.81175    -73.89295    -0.13     -0.02     0.14     1 
0130321375   40.81139    -73.85561    -0.13     -0.15     0.19     1 
0130321378   40.81023    -73.74359     0.03      0.05     0.06     1 
0130321379   40.80981    -73.70625     0.05      0.10     0.11     1 
0130321380   40.80939    -73.66891    -0.01     -0.03     0.03     1 
0130321381   40.80895    -73.63157    -0.01     -0.01     0.01     1 
0130321382   40.80850    -73.59424     0.07      0.06     0.09     1 
0130321383   40.80804    -73.55690     0.06      0.03     0.06     1 
0130321384   40.80757    -73.51957    -0.03      0.03     0.04     1 
0130321385   40.80708    -73.48224    -0.03      0.01     0.03     1 
0130321386   40.80658    -73.44490    -0.00      0.05     0.05     1 
0130321387   40.80608    -73.40757    -0.02      0.01     0.02     1 
0130321388   40.80555    -73.37024     0.01     -0.01     0.01     1 
0130321389   40.80502    -73.33291     0.02     -0.01     0.02     1 
0130321390   40.80448    -73.29558     0.02     -0.03     0.04     1 
0130321391   40.80392    -73.25826    -0.05      0.03     0.06     1 
0130321392   40.80335    -73.22093     0.05     -0.19     0.20     1 
0130321393   40.80277    -73.18360    -0.05      0.01     0.05     1 
0130321394   40.80217    -73.14628    -0.12     -0.01     0.12     1 
0130321395   40.80157    -73.10896    -0.04      0.02     0.05     1 
0130321396   40.80095    -73.07163     0.11      0.01     0.11     1 
0130321398   40.79968    -72.99699     0.05     -0.01     0.05     1 
0130321399   40.79902    -72.95968     0.06      0.07     0.09     1 
0130321400   40.79836    -72.92236     0.01      0.00     0.01     1 
0130321401   40.79768    -72.88504     0.03     -0.04     0.05     1 
0130321402   40.79699    -72.84773     0.13     -0.02     0.13     1 
0130321403   40.79629    -72.81041     0.05     -0.07     0.09     1 
0130321404   40.79557    -72.77310     0.08     -0.02     0.09     1 
0130321405   40.79485    -72.73579    -0.14     -0.20     0.24     1 
0130321406   40.79411    -72.69848    -0.15     -0.06     0.16     1 
0130321407   40.79336    -72.66117     0.16      0.08     0.18     1 
0130321438   40.78956    -74.30401     0.02     -0.10     0.10     1 
0130321439   40.78933    -74.26667     0.08      0.01     0.08     1 
0130321440   40.78909    -74.22934     0.06      0.01     0.06     1 
0130321441   40.78883    -74.19201    -0.00      0.02     0.02     1 
0130321442   40.78857    -74.15468     0.04     -0.12     0.13     1 
0130321443   40.78829    -74.11735    -0.03     -0.04     0.05     1 
0130321444   40.78800    -74.08002    -0.06     -0.05     0.07     1 
0130321445   40.78769    -74.04269    -0.13      0.04     0.14     1 
0130321447   40.78705    -73.96803     0.07      0.03     0.08     1 
0130321448   40.78671    -73.93070    -0.06     -0.06     0.08     1 
0130321449   40.78636    -73.89337    -0.07     -0.04     0.08     1 
0130321450   40.78599    -73.85604    -0.09      0.12     0.15     1 
0130321451   40.78561    -73.81872    -0.06     -0.01     0.06     1 
0130321452   40.78523    -73.78139    -0.04     -0.11     0.12     1 
0130321453   40.78483    -73.74407    -0.09      0.10     0.13     1 
0130321454   40.78442    -73.70674     0.05      0.05     0.08     1 
0130321455   40.78399    -73.66942    -0.03      0.03     0.04     1 
0130321456   40.78355    -73.63210    -0.03      0.06     0.06     1 
0130321457   40.78310    -73.59477     0.04      0.02     0.04     1 
0130321458   40.78265    -73.55745    -0.01      0.01     0.01     1 
0130321459   40.78217    -73.52013    -0.01      0.03     0.03     1 
0130321460   40.78169    -73.48281     0.03      0.01     0.03     1 
0130321462   40.78068    -73.40818    -0.03      0.02     0.04     1 
0130321463   40.78016    -73.37086    -0.00      0.01     0.01     1 
0130321464   40.77963    -73.33355    -0.04      0.09     0.10     1 
0130321465   40.77908    -73.29623     0.01      0.02     0.02     1 
0130321466   40.77853    -73.25892     0.02      0.04     0.05     1 
0130321467   40.77796    -73.22161     0.03      0.01     0.03     1 
0130321468   40.77737    -73.18430     0.03     -0.07     0.08     1 
0130321469   40.77678    -73.14699     0.13     -0.06     0.14     1 
0130321470   40.77618    -73.10968     0.14      0.07     0.15     1 
0130321471   40.77556    -73.07237    -0.01     -0.04     0.04     1 
0130321472   40.77493    -73.03506    -0.01     -0.01     0.01     1 
0130321473   40.77429    -72.99776     0.19     -0.05     0.20     1 
0130321474   40.77363    -72.96045    -0.03     -0.07     0.08     1 
0130321475   40.77297    -72.92315    -0.01      0.07     0.07     1 
0130321476   40.77229    -72.88585     0.09     -0.04     0.10     1 
0130321477   40.77160    -72.84855     0.14     -0.03     0.14     1 
0130321478   40.77090    -72.81125    -0.04     -0.11     0.11     1 
0130321479   40.77019    -72.77395     0.04      0.06     0.08     1 
0130321513   40.76416    -74.30427    -0.03      0.02     0.04     1 
0130321514   40.76393    -74.26695     0.12     -0.00     0.12     1 
0130321515   40.76369    -74.22964    -0.00     -0.00     0.00     1 
0130321516   40.76343    -74.19232     0.06     -0.03     0.07     1 
0130321517   40.76316    -74.15500     0.02     -0.05     0.05     1 
0130321518   40.76288    -74.11768    -0.08     -0.05     0.09     1 
0130321519   40.76259    -74.08037    -0.01     -0.03     0.04     1 
0130321520   40.76229    -74.04305    -0.13     -0.04     0.13     1 
0130321522   40.76165    -73.96842     0.12     -0.06     0.14     1 
0130321523   40.76131    -73.93111    -0.07     -0.05     0.09     1 
0130321524   40.76096    -73.89379    -0.09     -0.05     0.10     1 
0130321525   40.76059    -73.85648    -0.07     -0.16     0.17     1 
0130321526   40.76022    -73.81917    -0.08     -0.06     0.10     1 
0130321527   40.75983    -73.78185    -0.04      0.04     0.05     1 
0130321528   40.75943    -73.74454    -0.03      0.08     0.09     1 
0130321529   40.75902    -73.70723     0.05      0.04     0.06     1 
0130321530   40.75859    -73.66993     0.03      0.00     0.03     1 
0130321531   40.75816    -73.63262    -0.06      0.03     0.07     1 
0130321532   40.75771    -73.59531    -0.02      0.02     0.03     1 
0130321533   40.75725    -73.55800    -0.04     -0.01     0.04     1 
0130321534   40.75678    -73.52070    -0.03      0.01     0.03     1 
0130321535   40.75629    -73.48339    -0.03      0.05     0.06     1 
0130321536   40.75580    -73.44609     0.05      0.07     0.08     1 
0130321537   40.75529    -73.40878    -0.09     -0.17     0.19     1 
0130321538   40.75477    -73.37148    -0.00      0.02     0.02     1 
0130321539   40.75423    -73.33418    -0.04      0.10     0.11     1 
0130321540   40.75369    -73.29688     0.08      0.04     0.09     1 
0130321541   40.75313    -73.25958     0.01      0.04     0.04     1 
0130321542   40.75256    -73.22228     0.10      0.08     0.13     1 
0130321543   40.75198    -73.18499     0.10      0.05     0.11     1 
0130321544   40.75139    -73.14769    -0.02      0.02     0.03     1 
0130321545   40.75079    -73.11040    -0.01      0.01     0.01     1 
0130321546   40.75017    -73.07310     0.02      0.02     0.03     1 
0130321547   40.74954    -73.03581    -0.00     -0.04     0.04     1 
0130321548   40.74890    -72.99852    -0.21     -0.05     0.22     1 
0130321549   40.74825    -72.96123    -0.20      0.07     0.21     1 
0130321552   40.74622    -72.84937    -0.05     -0.04     0.06     1 
0130321588   40.73876    -74.30454     0.05     -0.04     0.06     1 
0130321589   40.73853    -74.26723     0.06      0.01     0.07     1 
0130321590   40.73828    -74.22993     0.05     -0.05     0.07     1 
0130321592   40.73776    -74.15532    -0.09      0.10     0.13     1 
0130321593   40.73748    -74.11802     0.06     -0.07     0.09     1 
0130321594   40.73719    -74.08072     0.01     -0.00     0.01     1 
0130321595   40.73689    -74.04341    -0.03      0.03     0.04     1 
0130321596   40.73657    -74.00611     0.07     -0.02     0.07     1 
0130321597   40.73625    -73.96881    -0.00     -0.01     0.01     1 
0130321598   40.73591    -73.93151    -0.11     -0.04     0.12     1 
0130321599   40.73556    -73.89421    -0.06     -0.07     0.09     1 
0130321600   40.73519    -73.85691    -0.03     -0.01     0.03     1 
0130321601   40.73482    -73.81962    -0.05     -0.03     0.06     1 
0130321602   40.73443    -73.78232    -0.03     -0.03     0.04     1 
0130321603   40.73403    -73.74502    -0.05      0.02     0.06     1 
0130321604   40.73362    -73.70773     0.00     -0.04     0.04     1 
0130321605   40.73320    -73.67043    -0.02      0.04     0.04     1 
0130321606   40.73276    -73.63314     0.01     -0.01     0.01     1 
0130321607   40.73231    -73.59584     0.00      0.04     0.04     1 
0130321608   40.73185    -73.55855     0.03      0.05     0.06     1 
0130321609   40.73138    -73.52126    -0.01      0.03     0.03     1 
0130321610   40.73090    -73.48397    -0.02     -0.02     0.03     1 
0130321611   40.73040    -73.44668    -0.02      0.12     0.12     1 
0130321612   40.72989    -73.40939    -0.17     -0.01     0.17     1 
0130321613   40.72937    -73.37210    -0.01     -0.05     0.05     1 
0130321614   40.72884    -73.33481     0.02     -0.01     0.02     1 
0130321615   40.72830    -73.29753     0.03     -0.04     0.04     1 
0130321616   40.72774    -73.26024    -0.01      0.06     0.06     1 
0130321617   40.72717    -73.22296     0.01      0.03     0.03     1 
0130321618   40.72659    -73.18568     0.09      0.03     0.10     1 
0130321619   40.72600    -73.14839    -0.00      0.01     0.01     1 
0130321620   40.72540    -73.11111    -0.16      0.06     0.17     1 
0130321621   40.72478    -73.07384    -0.19     -0.03     0.19     1 
0130321622   40.72415    -73.03656    -0.26     -0.05     0.26     1 
0130321663   40.71336    -74.30480    -0.02      0.05     0.05     1 
0130321664   40.71312    -74.26751    -0.03      0.06     0.06     1 
0130321665   40.71288    -74.23022    -0.04     -0.03     0.05     1 
0130321666   40.71263    -74.19293     0.06     -0.01     0.06     1 
0130321667   40.71236    -74.15564    -0.03      0.02     0.04     1 
0130321668   40.71208    -74.11835    -0.03     -0.09     0.09     1 
0130321669   40.71179    -74.08106    -0.14      0.03     0.14     1 
0130321670   40.71149    -74.04378     0.03      0.01     0.03     1 
0130321671   40.71117    -74.00649     0.12     -0.03     0.13     1 
0130321672   40.71085    -73.96920    -0.03     -0.09     0.09     1 
0130321673   40.71051    -73.93192    -0.12      0.00     0.12     1 
0130321674   40.71016    -73.89463    -0.05      0.00     0.05     1 
0130321675   40.70979    -73.85735    -0.02     -0.01     0.02     1 
0130321676   40.70942    -73.82006    -0.04     -0.05     0.07     1 
0130321677   40.70903    -73.78278    -0.08      0.01     0.08     1 
0130321678   40.70863    -73.74550     0.02     -0.04     0.04     1 
0130321679   40.70822    -73.70822    -0.00     -0.02     0.02     1 
0130321680   40.70780    -73.67094    -0.04     -0.01     0.05     1 
0130321681   40.70736    -73.63366     0.05      0.01     0.05     1 
0130321682   40.70692    -73.59638     0.01      0.02     0.02     1 
0130321683   40.70646    -73.55910     0.04     -0.00     0.04     1 
0130321684   40.70598    -73.52182     0.02     -0.01     0.03     1 
0130321685   40.70550    -73.48454     0.02      0.06     0.07     1 
0130321686   40.70500    -73.44727     0.04     -0.03     0.04     1 
0130321687   40.70450    -73.40999    -0.03     -0.01     0.03     1 
0130321688   40.70398    -73.37272    -0.03     -0.04     0.05     1 
0130321689   40.70345    -73.33545     0.07     -0.01     0.07     1 
0130321690   40.70290    -73.29818     0.01      0.07     0.07     1 
0130321691   40.70235    -73.26090    -0.05     -0.06     0.08     1 
0130321693   40.70120    -73.18637    -0.18      0.12     0.22     1 
0130321694   40.70061    -73.14910    -0.08     -0.08     0.12     1 
0130321698   40.69812    -73.00004     0.05      0.11     0.12     1 
0130321737   40.68817    -74.34234     0.03      0.08     0.09     1 
0130321738   40.68795    -74.30507    -0.05      0.06     0.08     1 
0130321739   40.68772    -74.26779     0.10     -0.01     0.10     1 
0130321740   40.68748    -74.23051     0.05     -0.04     0.06     1 
0130321741   40.68723    -74.19324    -0.02      0.02     0.03     1 
0130321742   40.68696    -74.15596     0.13     -0.05     0.14     1 
0130321743   40.68668    -74.11869    -0.08      0.04     0.09     1 
0130321744   40.68639    -74.08141    -0.16      0.19     0.25     1 
0130321745   40.68609    -74.04414    -0.03      0.01     0.03     1 
0130321746   40.68577    -74.00687    -0.08      0.07     0.10     1 
0130321748   40.68511    -73.93232    -0.05     -0.03     0.06     1 
0130321749   40.68476    -73.89505    -0.00      0.03     0.03     1 
0130321750   40.68439    -73.85778    -0.07      0.04     0.08     1 
0130321751   40.68402    -73.82051    -0.02      0.03     0.03     1 
0130321752   40.68363    -73.78324    -0.01      0.05     0.05     1 
0130321753   40.68323    -73.74598    -0.01      0.03     0.03     1 
0130321754   40.68282    -73.70871    -0.04      0.07     0.08     1 
0130321755   40.68240    -73.67144     0.03      0.07     0.07     1 
0130321756   40.68196    -73.63417    -0.11     -0.09     0.14     1 
0130321757   40.68152    -73.59691     0.08     -0.01     0.09     1 
0130321758   40.68106    -73.55965     0.08      0.00     0.08     1 
0130321759   40.68059    -73.52238     0.05     -0.02     0.05     1 
0130321760   40.68010    -73.48512     0.04      0.03     0.05     1 
0130321761   40.67961    -73.44786     0.08     -0.03     0.09     1 
0130321762   40.67910    -73.41060    -0.05      0.05     0.07     1 
0130321763   40.67858    -73.37334     0.02     -0.05     0.05     1 
0130321764   40.67805    -73.33608    -0.09      0.00     0.09     1 
0130321771   40.67400    -73.07530     0.06     -0.01     0.06     1 
0130321812   40.66277    -74.34259     0.05      0.05     0.07     1 
0130321813   40.66255    -74.30533     0.01      0.05     0.05     1 
0130321814   40.66232    -74.26807     0.03     -0.00     0.03     1 
0130321815   40.66208    -74.23081    -0.04     -0.02     0.05     1 
0130321816   40.66182    -74.19354    -0.12     -0.05     0.13     1 
0130321818   40.66128    -74.11902    -0.09      0.03     0.10     1 
0130321819   40.66099    -74.08176    -0.10      0.15     0.18     1 
0130321821   40.66037    -74.00724    -0.07      0.13     0.14     1 
0130321822   40.66005    -73.96999     0.03      0.03     0.04     1 
0130321824   40.65936    -73.89547    -0.20      0.05     0.20     1 
0130321825   40.65899    -73.85822    -0.21     -0.03     0.22     1 
0130321826   40.65862    -73.82096    -0.08      0.04     0.08     1 
0130321827   40.65823    -73.78370    -0.06     -0.00     0.06     1 
0130321828   40.65783    -73.74645    -0.11      0.07     0.13     1 
0130321829   40.65743    -73.70920    -0.02      0.00     0.02     1 
0130321830   40.65700    -73.67194    -0.04      0.03     0.05     1 
0130321831   40.65657    -73.63469    -0.01     -0.02     0.02     1 
0130321832   40.65612    -73.59744     0.01     -0.02     0.02     1 
0130321833   40.65566    -73.56019     0.02      0.02     0.03     1 
0130321834   40.65519    -73.52294    -0.05     -0.04     0.06     1 
0130321835   40.65471    -73.48569    -0.01     -0.03     0.03     1 
0130321836   40.65422    -73.44845    -0.04      0.06     0.07     1 
0130321837   40.65371    -73.41120    -0.18     -0.01     0.18     1 
0130321839   40.65266    -73.33671     0.10     -0.07     0.12     1 
0130321840   40.65212    -73.29947     0.07      0.02     0.07     1 
0130321841   40.65156    -73.26222     0.07     -0.06     0.09     1 
0130321842   40.65100    -73.22498     0.15     -0.16     0.22     1 
0130321843   40.65042    -73.18774    -0.06     -0.08     0.10     1 
0130321887   40.63737    -74.34284     0.06      0.09     0.11     1 
0130321888   40.63715    -74.30559     0.03      0.02     0.04     1 
0130321889   40.63692    -74.26834     0.02      0.05     0.05     1 
0130321890   40.63667    -74.23110    -0.07     -0.00     0.07     1 
0130321891   40.63642    -74.19385    -0.01      0.05     0.05     1 
0130321892   40.63616    -74.15660    -0.17      0.03     0.17     1 
0130321893   40.63588    -74.11936     0.04     -0.00     0.04     1 
0130321894   40.63559    -74.08211    -0.01      0.06     0.06     1 
0130321896   40.63497    -74.00762    -0.15     -0.02     0.15     1 
0130321897   40.63464    -73.97038    -0.04     -0.02     0.04     1 
0130321898   40.63431    -73.93313    -0.05     -0.01     0.05     1 
0130321899   40.63396    -73.89589    -0.08     -0.02     0.08     1 
0130321900   40.63359    -73.85865    -0.02     -0.14     0.14     1 
0130321901   40.63322    -73.82141     0.03      0.07     0.07     1 
0130321903   40.63244    -73.74693    -0.05     -0.02     0.05     1 
0130321904   40.63203    -73.70969    -0.01      0.03     0.03     1 
0130321905   40.63160    -73.67245    -0.02     -0.01     0.02     1 
0130321906   40.63117    -73.63521     0.00      0.00     0.00     1 
0130321907   40.63072    -73.59797    -0.09      0.03     0.09     1 
0130321908   40.63027    -73.56074    -0.02     -0.00     0.02     1 
0130321909   40.62980    -73.52350    -0.02      0.02     0.03     1 
0130321910   40.62931    -73.48627     0.02      0.03     0.04     1 
0130321911   40.62882    -73.44903    -0.04     -0.06     0.07     1 
0130321912   40.62831    -73.41180    -0.01     -0.00     0.01     1 
0130321962   40.61196    -74.34309     0.08      0.05     0.09     1 
0130321963   40.61174    -74.30586     0.03     -0.03     0.05     1 
0130321964   40.61151    -74.26862    -0.08      0.02     0.08     1 
0130321965   40.61127    -74.23139    -0.06      0.03     0.07     1 
0130321966   40.61102    -74.19415    -0.08      0.04     0.09     1 
0130321967   40.61075    -74.15692     0.07     -0.03     0.08     1 
0130321968   40.61048    -74.11969    -0.00     -0.01     0.02     1 
0130321969   40.61019    -74.08246    -0.00      0.03     0.03     1 
0130321970   40.60988    -74.04523     0.04      0.01     0.04     1 
0130321971   40.60957    -74.00800    -0.02     -0.02     0.03     1 
0130321972   40.60924    -73.97077    -0.11      0.01     0.11     1 
0130321973   40.60891    -73.93354    -0.06      0.10     0.12     1 
0130321974   40.60856    -73.89631    -0.04     -0.06     0.07     1 
0130321975   40.60820    -73.85908     0.11      0.11     0.16     1 
0130321976   40.60782    -73.82185    -0.03     -0.02     0.04     1 
0130321977   40.60744    -73.78463    -0.08     -0.06     0.10     1 
0130321978   40.60704    -73.74740    -0.11     -0.03     0.11     1 
0130321979   40.60663    -73.71018    -0.03     -0.04     0.05     1 
0130321980   40.60621    -73.67295    -0.08      0.06     0.10     1 
0130321981   40.60577    -73.63573    -0.05      0.02     0.05     1 
0130321982   40.60533    -73.59851    -0.05      0.03     0.06     1 
0130321983   40.60487    -73.56128    -0.08      0.06     0.10     1 
0130321984   40.60440    -73.52406     0.03      0.04     0.05     1 
0130321985   40.60392    -73.48684    -0.19      0.08     0.21     1 
0130322037   40.58656    -74.34334     0.04     -0.00     0.04     1 
0130322038   40.58634    -74.30612     0.07      0.01     0.08     1 
0130322039   40.58611    -74.26890    -0.05     -0.05     0.07     1 
0130322040   40.58587    -74.23168    -0.06     -0.06     0.09     1 
0130322041   40.58562    -74.19446    -0.09     -0.09     0.13     1 
0130322042   40.58535    -74.15724    -0.03     -0.02     0.03     1 
0130322043   40.58507    -74.12002     0.12     -0.02     0.12     1 
0130322044   40.58478    -74.08281    -0.13     -0.07     0.14     1 
0130322045   40.58448    -74.04559    -0.05     -0.04     0.07     1 
0130322047   40.58384    -73.97116    -0.01     -0.00     0.02     1 
0130322048   40.58351    -73.93394    -0.15     -0.01     0.15     1 
0130322049   40.58316    -73.89673    -0.14     -0.01     0.14     1 
0130322054   40.58123    -73.71066     0.04      0.01     0.05     1 
0130322112   40.56115    -74.34359     0.02     -0.05     0.05     1 
0130322113   40.56094    -74.30638     0.05     -0.07     0.09     1 
0130322114   40.56071    -74.26918    -0.06     -0.15     0.16     1 
0130322115   40.56047    -74.23197     0.01     -0.05     0.05     1 
0130322116   40.56021    -74.19477    -0.08     -0.13     0.15     1 
0130322117   40.55995    -74.15756     0.03     -0.02     0.04     1 
0130322118   40.55967    -74.12036    -0.06     -0.08     0.10     1 
0130322120   40.55908    -74.04595    -0.08      0.01     0.08     1 
0130322124   40.55776    -73.89714     0.06      0.10     0.11     1 
0130322186   40.53596    -74.38103    -0.04      0.01     0.04     1 
0130322187   40.53575    -74.34384     0.12     -0.07     0.14     1 
0130322188   40.53554    -74.30664    -0.02     -0.10     0.10     1 
0130322189   40.53531    -74.26945    -0.09      0.01     0.09     1 
0130322190   40.53506    -74.23226     0.05     -0.21     0.22     1 
0130322191   40.53481    -74.19507     0.08     -0.03     0.09     1 
0130322192   40.53455    -74.15788     0.02     -0.07     0.07     1 
0130322261   40.51055    -74.38126     0.03     -0.11     0.11     1 
0130322263   40.51013    -74.30691     0.02     -0.19     0.19     1 
0130322264   40.50990    -74.26973     0.02     -0.05     0.05     1 
0130322265   40.50966    -74.23255     0.06     -0.01     0.07     1 
0130322266   40.50941    -74.19537     0.02     -0.15     0.15     1 
0130322336   40.48515    -74.38150    -0.08     -0.06     0.10     1 
0130322337   40.48494    -74.34433    -0.05     -0.05     0.07     1 
0130322338   40.48473    -74.30717    -0.14     -0.18     0.23     1 
0130322339   40.48450    -74.27000    -0.01     -0.17     0.17     1 
0130322411   40.45974    -74.38173    -0.12     -0.10     0.15     1 
0130322412   40.45954    -74.34458    -0.01     -0.11     0.11     1 
0130322413   40.45932    -74.30743    -0.09     -0.08     0.12     1 
0130322414   40.45909    -74.27028    -0.04     -0.11     0.12     1 
0130322415   40.45885    -74.23313     0.01     -0.09     0.10     1 
0130322420   40.45747    -74.04739    -0.08     -0.05     0.09     1 
0130322421   40.45716    -74.01024    -0.23     -0.03     0.24     1 
0130322486   40.43434    -74.38196     0.02     -0.07     0.07     1 
0130322487   40.43414    -74.34483     0.04     -0.10     0.10     1 
0130322488   40.43392    -74.30769    -0.04     -0.07     0.08     1 
0130322489   40.43369    -74.27055    -0.02     -0.08     0.09     1 
0130322490   40.43345    -74.23342     0.01      0.11     0.11     1 
0130322491   40.43320    -74.19628    -0.12     -0.15     0.19     1 
0130322492   40.43294    -74.15915    -0.05     -0.04     0.06     1 
0130322493   40.43266    -74.12201     0.04     -0.03     0.05     1 
0130322494   40.43237    -74.08488    -0.04     -0.13     0.13     1 
0130322560   40.40913    -74.41932     0.01      0.01     0.02     1 
0130322561   40.40894    -74.38219     0.02      0.05     0.05     1 
0130322562   40.40873    -74.34507    -0.11     -0.11     0.16     1 
0130322563   40.40852    -74.30795     0.04     -0.04     0.05     1 
0130322564   40.40829    -74.27083     0.05      0.03     0.05     1 
0130322565   40.40805    -74.23371     0.01     -0.04     0.04     1 
0130322566   40.40780    -74.19658     0.04      0.01     0.04     1 
0130322567   40.40753    -74.15946     0.09     -0.05     0.11     1 
0130322568   40.40726    -74.12234     0.03     -0.03     0.04     1 
0130322569   40.40697    -74.08522     0.11     -0.04     0.12     1 
0130322570   40.40667    -74.04811     0.08      0.00     0.08     1 
0130322571   40.40636    -74.01099    -0.07     -0.01     0.08     1 
0130322635   40.38372    -74.41953     0.10     -0.07     0.12     1 
0130322636   40.38353    -74.38243    -0.01      0.05     0.05     1 
0130322637   40.38333    -74.34532     0.10     -0.07     0.13     1 
0130322638   40.38311    -74.30821     0.05      0.08     0.09     1 
0130322639   40.38288    -74.27110     0.08      0.02     0.08     1 
0130322640   40.38264    -74.23399     0.08      0.05     0.09     1 
0130322641   40.38239    -74.19689     0.11     -0.02     0.12     1 
0130322642   40.38213    -74.15978     0.06     -0.08     0.09     1 
0130322643   40.38185    -74.12267     0.10     -0.04     0.10     1 
0130322644   40.38157    -74.08557     0.03     -0.03     0.04     1 
0130322645   40.38127    -74.04846     0.06     -0.01     0.06     1 
0130322646   40.38096    -74.01136    -0.07     -0.11     0.13     1 
0130322647   40.38063    -73.97425    -0.05      0.26     0.26     1 
0130322710   40.35832    -74.41975     0.08      0.06     0.10     1 
0130322711   40.35813    -74.38266     0.08     -0.04     0.09     1 
0130322712   40.35792    -74.34556     0.12     -0.00     0.12     1 
0130322713   40.35771    -74.30847     0.08     -0.00     0.08     1 
0130322714   40.35748    -74.27137     0.06     -0.04     0.07     1 
0130322715   40.35724    -74.23428     0.03     -0.05     0.06     1 
0130322716   40.35699    -74.19719     0.09     -0.01     0.09     1 
0130322717   40.35673    -74.16009     0.07      0.02     0.07     1 
0130322718   40.35645    -74.12300     0.05      0.01     0.05     1 
0130322719   40.35616    -74.08591    -0.02     -0.08     0.09     1 
0130322720   40.35586    -74.04882     0.03     -0.04     0.05     1 
0130322721   40.35555    -74.01173     0.10      0.00     0.10     1 
0130322722   40.35523    -73.97464     0.03     -0.20     0.20     1 
0130322785   40.33291    -74.41997     0.02      0.01     0.02     1 
0130322786   40.33272    -74.38289     0.07      0.03     0.08     1 
0130322787   40.33252    -74.34581    -0.01     -0.01     0.01     1 
0130322788   40.33230    -74.30873     0.04     -0.01     0.04     1 
0130322789   40.33208    -74.27165     0.10     -0.07     0.12     1 
0130322790   40.33184    -74.23457     0.05     -0.06     0.08     1 
0130322791   40.33158    -74.19749     0.08     -0.00     0.08     1 
0130322792   40.33132    -74.16041     0.08      0.08     0.12     1 
0130322793   40.33105    -74.12333     0.12      0.05     0.13     1 
0130322794   40.33076    -74.08625     0.02     -0.01     0.02     1 
0130322795   40.33046    -74.04918     0.09     -0.02     0.09     1 
0130322796   40.33015    -74.01210    -0.02     -0.09     0.09     1 
0130322860   40.30751    -74.42019     0.05      0.12     0.13     1 
0130322861   40.30732    -74.38312     0.12     -0.02     0.12     1 
0130322862   40.30712    -74.34605     0.03      0.02     0.03     1 
0130322863   40.30690    -74.30899     0.11      0.02     0.11     1 
0130322864   40.30667    -74.27192     0.04     -0.02     0.05     1 
0130322865   40.30643    -74.23485     0.06      0.02     0.06     1 
0130322866   40.30618    -74.19779     0.07     -0.01     0.07     1 
0130322867   40.30592    -74.16072     0.07      0.03     0.07     1 
0130322868   40.30564    -74.12366     0.02      0.01     0.03     1 
0130322869   40.30536    -74.08660     0.08     -0.02     0.09     1 
0130322870   40.30506    -74.04953     0.13     -0.08     0.15     1 
0130322871   40.30475    -74.01247     0.02     -0.07     0.08     1 
0130322934   40.28229    -74.45746     0.11     -0.04     0.12     1 
0130322935   40.28211    -74.42041     0.20      0.07     0.21     1 
0130322936   40.28191    -74.38335     0.09      0.01     0.09     1 
0130322937   40.28171    -74.34630    -0.01      0.01     0.01     1 
0130322938   40.28149    -74.30925     0.04     -0.15     0.16     1 
0130322939   40.28127    -74.27219     0.03     -0.01     0.03     1 
0130322940   40.28103    -74.23514    -0.03      0.00     0.03     1 
0130322941   40.28078    -74.19809    -0.03     -0.07     0.08     1 
0130322942   40.28052    -74.16104     0.07     -0.04     0.08     1 
0130322943   40.28024    -74.12399     0.18     -0.07     0.19     1 
0130322944   40.27995    -74.08694     0.05     -0.06     0.08     1 
0130322945   40.27966    -74.04989    -0.04     -0.06     0.07     1 
0130322946   40.27934    -74.01284     0.08      0.00     0.08     1 
0130323009   40.25688    -74.45766     0.10      0.08     0.13     1 
0130323010   40.25670    -74.42062     0.06      0.04     0.08     1 
0130323011   40.25651    -74.38358    -0.01     -0.01     0.02     1 
0130323012   40.25630    -74.34654    -0.08      0.03     0.09     1 
0130323013   40.25609    -74.30950    -0.01     -0.06     0.06     1 
0130323014   40.25586    -74.27246     0.06     -0.01     0.06     1 
0130323015   40.25562    -74.23543    -0.01     -0.06     0.06     1 
0130323016   40.25537    -74.19839     0.07     -0.07     0.10     1 
0130323017   40.25511    -74.16135     0.09     -0.07     0.11     1 
0130323018   40.25484    -74.12432     0.03     -0.01     0.03     1 
0130323019   40.25455    -74.08728     0.03     -0.03     0.04     1 
0130323020   40.25425    -74.05024     0.01      0.04     0.04     1 
0130323021   40.25394    -74.01321     0.11      0.02     0.11     1 
0130323084   40.23147    -74.45786     0.08     -0.06     0.10     1 
0130323085   40.23129    -74.42084     0.08     -0.14     0.16     1 
0130323086   40.23110    -74.38381     0.04      0.00     0.04     1 
0130323087   40.23090    -74.34679     0.05     -0.07     0.08     1 
0130323088   40.23069    -74.30976    -0.01     -0.10     0.10     1 
0130323089   40.23046    -74.27274     0.02     -0.04     0.04     1 
0130323090   40.23022    -74.23571     0.01      0.03     0.04     1 
0130323091   40.22997    -74.19869     0.06     -0.13     0.14     1 
0130323092   40.22971    -74.16167     0.11     -0.02     0.11     1 
0130323093   40.22943    -74.12464    -0.13      0.08     0.15     1 
0130323094   40.22915    -74.08762    -0.06     -0.12     0.13     1 
0130323095   40.22885    -74.05060    -0.06     -0.03     0.07     1 
0130323096   40.22854    -74.01358    -0.03     -0.02     0.04     1 
0130323159   40.20607    -74.45807     0.01     -0.02     0.03     1 
0130323160   40.20589    -74.42105    -0.07     -0.08     0.10     1 
0130323161   40.20570    -74.38404     0.08     -0.03     0.09     1 
0130323162   40.20549    -74.34703     0.07     -0.02     0.07     1 
0130323163   40.20528    -74.31002     0.11     -0.13     0.17     1 
0130323164   40.20505    -74.27301     0.09      0.02     0.10     1 
0130323165   40.20482    -74.23600     0.07     -0.07     0.09     1 
0130323166   40.20457    -74.19899     0.06     -0.02     0.06     1 
0130323167   40.20430    -74.16198     0.12      0.05     0.13     1 
0130323169   40.20374    -74.08796     0.10     -0.02     0.10     1 
0130323170   40.20345    -74.05095    -0.03     -0.02     0.03     1 
0130323234   40.18066    -74.45827     0.07     -0.12     0.14     1 
0130323235   40.18048    -74.42127     0.04      0.01     0.05     1 
0130323236   40.18029    -74.38427    -0.06     -0.03     0.06     1 
0130323237   40.18009    -74.34727     0.02     -0.06     0.07     1 
0130323238   40.17988    -74.31028     0.09     -0.03     0.10     1 
0130323239   40.17965    -74.27328     0.17      0.01     0.17     1 
0130323240   40.17941    -74.23628     0.15     -0.01     0.16     1 
0130323242   40.17890    -74.16229     0.06     -0.01     0.06     1 
0130323244   40.17834    -74.08830     0.08      0.02     0.08     1 
0130323245   40.17804    -74.05131     0.03     -0.02     0.03     1 
0130323246   40.17773    -74.01431     0.02      0.10     0.10     1 
0130323308   40.15542    -74.49546     0.03     -0.07     0.07     1 
0130323309   40.15526    -74.45847     0.10      0.01     0.10     1 
0130323310   40.15508    -74.42149     0.06      0.05     0.08     1 
0130323311   40.15489    -74.38450    -0.03      0.03     0.05     1 
0130323312   40.15469    -74.34752     0.06     -0.01     0.06     1 
0130323313   40.15447    -74.31053     0.03     -0.08     0.08     1 
0130323314   40.15424    -74.27355    -0.02     -0.04     0.05     1 
0130323315   40.15401    -74.23657     0.06     -0.09     0.11     1 
0130323316   40.15376    -74.19959     0.03     -0.03     0.04     1 
0130323317   40.15349    -74.16260     0.10      0.00     0.10     1 
0130323318   40.15322    -74.12562     0.14     -0.11     0.17     1 
0130323319   40.15294    -74.08864     0.08     -0.06     0.10     1 
0130323320   40.15264    -74.05166    -0.02     -0.03     0.03     1 
0130323383   40.13002    -74.49564    -0.02      0.01     0.02     1 
0130323384   40.12985    -74.45867     0.01      0.03     0.03     1 
0130323385   40.12967    -74.42170     0.02      0.07     0.08     1 
0130323386   40.12948    -74.38473    -0.01      0.02     0.03     1 
0130323387   40.12928    -74.34776     0.09     -0.03     0.10     1 
0130323388   40.12906    -74.31079    -0.04     -0.01     0.04     1 
0130323389   40.12884    -74.27382     0.06     -0.02     0.06     1 
0130323390   40.12860    -74.23685     0.07     -0.02     0.07     1 
0130323391   40.12835    -74.19988     0.07     -0.01     0.07     1 
0130323392   40.12809    -74.16292     0.01      0.01     0.02     1 
0130323394   40.12753    -74.08898    -0.08     -0.04     0.09     1 
0130323395   40.12724    -74.05201     0.06      0.03     0.07     1 
0130323458   40.10461    -74.49583     0.02      0.04     0.05     1 
0130323459   40.10444    -74.45887     0.03      0.04     0.05     1 
0130323460   40.10427    -74.42192     0.01     -0.08     0.08     1 
0130323461   40.10408    -74.38496    -0.02      0.04     0.05     1 
0130323462   40.10387    -74.34800     0.08     -0.04     0.09     1 
0130323463   40.10366    -74.31105    -0.03      0.03     0.04     1 
0130323465   40.10320    -74.23714     0.08      0.04     0.10     1 
0130323466   40.10295    -74.20018     0.09      0.08     0.12     1 
0130323467   40.10269    -74.16323     0.07     -0.01     0.07     1 
0130323468   40.10241    -74.12627     0.11     -0.02     0.11     1 
0130323469   40.10213    -74.08932     0.00     -0.03     0.03     1 
0130323470   40.10183    -74.05237    -0.03      0.04     0.04     1 
0130323533   40.07921    -74.49602    -0.01      0.03     0.04     1 
0130323534   40.07904    -74.45907     0.08      0.01     0.08     1 
0130323535   40.07886    -74.42213    -0.01      0.07     0.07     1 
0130323536   40.07867    -74.38519     0.10      0.02     0.10     1 
0130323537   40.07847    -74.34825    -0.02      0.02     0.03     1 
0130323539   40.07803    -74.27436     0.20      0.10     0.23     1 
0130323540   40.07779    -74.23742    -0.14     -0.04     0.15     1 
0130323542   40.07728    -74.16354    -0.05      0.01     0.05     1 
0130323543   40.07701    -74.12660     0.05     -0.02     0.05     1 
0130323544   40.07673    -74.08966     0.02      0.02     0.03     1 
0130323545   40.07643    -74.05272    -0.03      0.02     0.03     1 
0130323607   40.05395    -74.53314     0.08      0.05     0.09     1 
0130323608   40.05380    -74.49621    -0.00      0.04     0.04     1 
0130323609   40.05363    -74.45928     0.19     -0.04     0.20     1 
0130323610   40.05345    -74.42235    -0.05      0.01     0.05     1 
0130323611   40.05326    -74.38542    -0.06     -0.02     0.06     1 
0130323612   40.05306    -74.34849    -0.09     -0.00     0.09     1 
0130323613   40.05285    -74.31156    -0.02     -0.01     0.02     1 
0130323614   40.05262    -74.27463     0.01     -0.13     0.13     1 
0130323616   40.05214    -74.20078     0.10     -0.02     0.10     1 
0130323617   40.05188    -74.16385    -0.02      0.06     0.07     1 
0130323618   40.05161    -74.12692    -0.04     -0.06     0.07     1 
0130323619   40.05132    -74.09000    -0.04      0.01     0.04     1 
0130323620   40.05103    -74.05307     0.08      0.04     0.09     1 
0130323682   40.02855    -74.53331    -0.05     -0.17     0.18     1 
0130323684   40.02823    -74.45948    -0.04     -0.04     0.06     1 
0130323685   40.02805    -74.42256     0.01      0.05     0.05     1 
0130323686   40.02786    -74.38564     0.01     -0.07     0.07     1 
0130323687   40.02766    -74.34873    -0.05      0.02     0.06     1 
0130323689   40.02722    -74.27490     0.07      0.05     0.08     1 
0130323690   40.02698    -74.23799    -0.02     -0.04     0.05     1 
0130323691   40.02673    -74.20107     0.06     -0.02     0.06     1 
0130323692   40.02647    -74.16416     0.01      0.01     0.01     1 
0130323693   40.02620    -74.12725    -0.06      0.03     0.07     1 
0130323694   40.02592    -74.09033    -0.01      0.02     0.02     1 
0130323695   40.02562    -74.05342    -0.05      0.17     0.17     1 
0130323757   40.00314    -74.53348     0.01     -0.05     0.05     1 
0130323758   40.00299    -74.49658    -0.08      0.10     0.13     1 
0130323759   40.00282    -74.45968    -0.16      0.01     0.16     1 
0130323761   40.00245    -74.38587    -0.00     -0.07     0.07     1 
0130323762   40.00225    -74.34897    -0.04      0.02     0.05     1 
0130323763   40.00204    -74.31207     0.06      0.00     0.06     1 
0130323764   40.00181    -74.27517     0.05      0.03     0.05     1 
0130323765   40.00158    -74.23827    -0.08      0.02     0.08     1 
0130323766   40.00133    -74.20137     0.05      0.08     0.09     1 
0130323767   40.00107    -74.16447     0.06      0.04     0.07     1 
0130323768   40.00080    -74.12757    -0.00      0.05     0.05     1 
0130323769   40.00051    -74.09067     0.02      0.02     0.03     1 
0130323832   39.97773    -74.53366    -0.15     -0.03     0.16     1 
0130323833   39.97758    -74.49677    -0.10      0.00     0.10     1 
0130323834   39.97741    -74.45988    -0.11     -0.01     0.11     1 
0130323835   39.97724    -74.42299    -0.11     -0.00     0.11     1 
0130323836   39.97705    -74.38610     0.03     -0.02     0.04     1 
0130323837   39.97684    -74.34921    -0.02     -0.02     0.02     1 
0130323838   39.97663    -74.31233    -0.02     -0.02     0.03     1 
0130323839   39.97641    -74.27544    -0.01      0.04     0.04     1 
0130323840   39.97617    -74.23855     0.01      0.00     0.01     1 
0130323841   39.97592    -74.20167     0.07      0.13     0.15     1 
0130323842   39.97566    -74.16478     0.05      0.02     0.05     1 
0130323843   39.97539    -74.12789     0.01      0.02     0.02     1 
0130323907   39.95233    -74.53383    -0.09     -0.04     0.10     1 
0130323908   39.95217    -74.49695     0.03      0.03     0.05     1 
0130323909   39.95201    -74.46008     0.01      0.11     0.11     1 
0130323911   39.95164    -74.38633     0.14     -0.02     0.14     1 
0130323912   39.95144    -74.34945     0.02     -0.02     0.02     1 
0130323913   39.95123    -74.31258    -0.00      0.11     0.11     1 
0130323914   39.95100    -74.27571    -0.01     -0.03     0.03     1 
0130323915   39.95076    -74.23883    -0.02     -0.05     0.05     1 
0130323916   39.95052    -74.20196    -0.00     -0.00     0.00     1 
0130323917   39.95026    -74.16509     0.04      0.01     0.04     1 
0130323918   39.94999    -74.12822    -0.02      0.05     0.05     1 
0130323919   39.94970    -74.09135     0.00      0.01     0.01     1 
0130323981   39.92706    -74.57086    -0.06      0.02     0.07     1 
0130323982   39.92692    -74.53400     0.02     -0.03     0.04     1 
0130323983   39.92677    -74.49714     0.07     -0.15     0.17     1 
0130323985   39.92642    -74.42342    -0.03     -0.09     0.09     1 
0130323986   39.92623    -74.38656    -0.00     -0.05     0.05     1 
0130323987   39.92603    -74.34969    -0.00     -0.02     0.02     1 
0130323988   39.92582    -74.31283    -0.03      0.03     0.04     1 
0130323989   39.92560    -74.27597     0.10     -0.10     0.15     1 
0130323990   39.92536    -74.23911     0.06      0.02     0.06     1 
0130323992   39.92485    -74.16540     0.03      0.01     0.03     1 
0130323993   39.92458    -74.12854    -0.05     -0.05     0.07     1 
0130323994   39.92430    -74.09168    -0.03      0.14     0.14     1 
0130324056   39.90165    -74.57102    -0.08     -0.04     0.09     1 
0130324057   39.90151    -74.53417    -0.01     -0.04     0.05     1 
0130324058   39.90136    -74.49733    -0.13     -0.03     0.13     1 
0130324059   39.90119    -74.46048    -0.05      0.01     0.05     1 
0130324060   39.90102    -74.42363    -0.05     -0.08     0.10     1 
0130324061   39.90083    -74.38678    -0.15     -0.01     0.15     1 
0130324062   39.90063    -74.34993    -0.10      0.01     0.10     1 
0130324063   39.90041    -74.31309     0.02      0.03     0.04     1 
0130324064   39.90019    -74.27624    -0.06      0.03     0.06     1 
0130324065   39.89995    -74.23940     0.04     -0.12     0.13     1 
0130324066   39.89971    -74.20255    -0.12      0.01     0.12     1 
0130324067   39.89945    -74.16571     0.09     -0.00     0.09     1 
0130324068   39.89918    -74.12886    -0.05     -0.09     0.10     1 
0130324131   39.87625    -74.57118    -0.10      0.15     0.18     1 
0130324132   39.87611    -74.53435    -0.03      0.03     0.04     1 
0130324133   39.87595    -74.49751    -0.04     -0.05     0.07     1 
0130324135   39.87561    -74.42384    -0.02     -0.02     0.03     1 
0130324136   39.87542    -74.38701     0.01     -0.00     0.01     1 
0130324137   39.87522    -74.35017    -0.06      0.04     0.07     1 
0130324138   39.87501    -74.31334     0.13     -0.02     0.13     1 
0130324140   39.87455    -74.23968     0.08     -0.13     0.15     1 
0130324142   39.87404    -74.16601     0.05     -0.05     0.07     1 
0130324143   39.87377    -74.12918    -0.08     -0.14     0.16     1 
0130324206   39.85084    -74.57134     0.01      0.02     0.02     1 
0130324208   39.85054    -74.49769    -0.09     -0.08     0.12     1 
0130324209   39.85038    -74.46088    -0.03      0.02     0.04     1 
0130324210   39.85020    -74.42405    -0.03     -0.04     0.05     1 
0130324211   39.85001    -74.38723    -0.06     -0.02     0.06     1 
0130324212   39.84981    -74.35041     0.02      0.06     0.06     1 
0130324213   39.84960    -74.31359     0.00      0.14     0.14     1 
0130324214   39.84938    -74.27678    -0.02      0.07     0.07     1 
0130324215   39.84914    -74.23996    -0.14      0.02     0.14     1 
0130324216   39.84889    -74.20314    -0.03     -0.00     0.03     1 
0130324217   39.84864    -74.16632     0.02      0.01     0.02     1 
0130324218   39.84837    -74.12950    -0.04      0.03     0.05     1 
0130324281   39.82543    -74.57150    -0.03     -0.09     0.10     1 
0130324282   39.82529    -74.53469    -0.00      0.08     0.08     1 
0130324283   39.82514    -74.49788     0.02      0.08     0.08     1 
0130324284   39.82497    -74.46107     0.03     -0.02     0.03     1 
0130324285   39.82480    -74.42427     0.05      0.04     0.06     1 
0130324286   39.82461    -74.38746    -0.08      0.04     0.09     1 
0130324287   39.82441    -74.35065     0.08     -0.12     0.15     1 
0130324288   39.82419    -74.31385    -0.10      0.01     0.10     1 
0130324289   39.82397    -74.27704    -0.16     -0.20     0.26     1 
0130324290   39.82374    -74.24024    -0.03      0.01     0.03     1 
0130324291   39.82349    -74.20343    -0.03      0.05     0.06     1 
0130324292   39.82323    -74.16663    -0.04     -0.02     0.05     1 
0130324357   39.79988    -74.53486    -0.03      0.02     0.04     1 
0130324358   39.79973    -74.49806     0.02      0.10     0.10     1 
0130324359   39.79956    -74.46127     0.06      0.07     0.09     1 
0130324361   39.79920    -74.38769    -0.03      0.06     0.07     1 
0130324364   39.79856    -74.27731     0.02      0.01     0.02     1 
0130324365   39.79833    -74.24052     0.04      0.01     0.04     1 
0130324366   39.79808    -74.20373     0.04      0.07     0.08     1 
0130324368   39.79756    -74.13014     0.09      0.04     0.10     1 
0130324431   39.77462    -74.57181     0.08      0.06     0.10     1 
0130324432   39.77448    -74.53503    -0.03      0.01     0.03     1 
0130324434   39.77416    -74.46147    -0.04      0.10     0.11     1 
0130324435   39.77398    -74.42469     0.01      0.06     0.06     1 
0130324437   39.77359    -74.35113    -0.05      0.02     0.05     1 
0130324438   39.77338    -74.31435     0.03      0.01     0.03     1 
0130324441   39.77268    -74.20402     0.04      0.06     0.08     1 
0130324443   39.77215    -74.13046     0.13     -0.07     0.15     1 
0130324506   39.74921    -74.57197     0.13      0.07     0.14     1 
0130324507   39.74907    -74.53520    -0.08      0.05     0.10     1 
0130324508   39.74891    -74.49843    -0.07     -0.01     0.07     1 
0130324509   39.74875    -74.46167     0.12      0.09     0.15     1 
0130324511   39.74838    -74.38814     0.06      0.08     0.10     1 
0130324513   39.74797    -74.31460     0.04      0.11     0.11     1 
0130324514   39.74775    -74.27784     0.18      0.09     0.20     1 
0130324515   39.74752    -74.24107     0.13      0.17     0.22     1 
0130324516   39.74727    -74.20431     0.08      0.07     0.10     1 
0130324518   39.74674    -74.13078     0.02      0.11     0.12     1 
0130324580   39.72393    -74.60888    -0.07      0.11     0.13     1 
0130324581   39.72380    -74.57213    -0.01      0.16     0.16     1 
0130324582   39.72366    -74.53537    -0.06      0.03     0.07     1 
0130324583   39.72351    -74.49862     0.03      0.03     0.04     1 
0130324584   39.72334    -74.46187     0.16      0.21     0.26     1 
0130324585   39.72317    -74.42511     0.02      0.00     0.02     1 
0130324589   39.72234    -74.27810     0.08      0.01     0.08     1 
0130324590   39.72211    -74.24135     0.12      0.09     0.15     1 
0130324591   39.72186    -74.20460    -0.06     -0.00     0.06     1 
0130324592   39.72161    -74.16785     0.02      0.11     0.11     1 
0130324655   39.69852    -74.60902    -0.09     -0.02     0.09     1 
0130324657   39.69825    -74.53554    -0.05      0.10     0.11     1 
0130324658   39.69810    -74.49880    -0.04      0.08     0.08     1 
0130324659   39.69793    -74.46206    -0.23     -0.10     0.25     1 
0130324660   39.69776    -74.42532    -0.24     -0.05     0.25     1 
0130324661   39.69757    -74.38858     0.04      0.11     0.12     1 
0130324662   39.69737    -74.35184    -0.01      0.07     0.07     1 
0130324664   39.69694    -74.27837     0.00      0.15     0.15     1 
0130324665   39.69670    -74.24163     0.14      0.13     0.19     1 
0130324666   39.69646    -74.20489     0.02      0.03     0.03     1 
0130324667   39.69620    -74.16816     0.02      0.15     0.15     1 
0130324732   39.67284    -74.53571     0.17      0.07     0.19     1 
0130324733   39.67269    -74.49899    -0.00      0.01     0.01     1 
0130324734   39.67253    -74.46226    -0.08     -0.02     0.08     1 
0130324735   39.67235    -74.42553     0.01      0.18     0.18     1 
0130324736   39.67216    -74.38881    -0.01     -0.12     0.12     1 
0130324738   39.67175    -74.31536     0.06     -0.11     0.12     1 
0130324739   39.67153    -74.27863    -0.08     -0.04     0.09     1 
0130324740   39.67130    -74.24191    -0.01      0.05     0.05     1 
0130324741   39.67105    -74.20519     0.04      0.18     0.19     1 
0130324812   39.64656    -74.35232    -0.04      0.03     0.05     1 
0130324813   39.64635    -74.31561     0.19      0.07     0.20     1 
0130324814   39.64612    -74.27890     0.05      0.01     0.05     1 
0130324815   39.64589    -74.24219     0.09      0.15     0.18     1 
0130324816   39.64564    -74.20548    -0.00      0.13     0.13     1 
----------------------------------------------------------------------
---------------------------------------------------
Total correlated GCPs in Upper Left Quadrant: 574

GCP statistics this quadrant only (in Pixels)
Line residual statistics:
  Mean: 0.028
  Median: 0.032
  Standard Deviation: 0.089

Sample residual statistics:
  Mean: 0.005
  Median: 0.008
  Standard Deviation: 0.061

Quadrant RMSE: 0.112

---------------------------------------------------
Total correlated GCPs in Upper Right Quadrant: 197

GCP statistics this quadrant only (in Pixels)
Line residual statistics:
  Mean: 0.007
  Median: 0.012
  Standard Deviation: 0.087

Sample residual statistics:
  Mean: -0.022
  Median: -0.021
  Standard Deviation: 0.070

Quadrant RMSE: 0.115

---------------------------------------------------
Total correlated GCPs in Lower Left Quadrant: 363

GCP statistics this quadrant only (in Pixels)
Line residual statistics:
  Mean: 0.018
  Median: 0.019
  Standard Deviation: 0.071

Sample residual statistics:
  Mean: 0.000
  Median: 0.001
  Standard Deviation: 0.067

Quadrant RMSE: 0.099

---------------------------------------------------
Total correlated GCPs in Lower Right Quadrant: 0

GCP statistics this quadrant only (in Pixels)
Line residual statistics:
  Mean: 0.000
  Median: 0.000
  Standard Deviation: 0.000

Sample residual statistics:
  Mean: 0.000
  Median: 0.000
  Standard Deviation: 0.000

Quadrant RMSE: 0.000

---------------------------------------------------
---------------------------------------------------
Total correlated GCPs in scene: 1134

GCP statistics entire scene (in Pixels)
Line residual statistics:
  Mean: 0.021
  Median: 0.024
  Standard Deviation: 0.084

Sample residual statistics:
  Mean: -0.001
  Median: 0.003
  Standard Deviation: 0.065

Scene RMSE: 0.108

