Sun. Sep. 18, 2016             LANDSAT 5                 Time: 07:34
                         Image Assessment System
                           GCP Residual Report
----------------------------------------------------------------------------
WOID: L19798430            Path/Row: 014 / 032

L0R Reference Image: L51XXX1000261150100_HDF.162621232
Acquisition Date: Sep 17, 2000

Band Number:  5

GLS date for each WRS-2 path/row used:
Path  Row   Date
014   032   09-23-1999


Point_ID         Latitude  Longitude    Height       Across    Along    Residual  Residual
                                                      Scan      Scan      In y      in x
                                                    Residual  Residual    dir       dir
                   (deg)     (deg)     (meters)     (meters)  (meters)  (meters)  (meters)

0140320001_01   39.805434  -75.427445   -32.455      -4.663    -0.409    -4.505    -1.272
0140320002_01   40.844760  -73.788842   -27.396      -0.543    -1.076    -0.326    -1.157
0140320003_01   40.948134  -74.065321   -15.668       0.717     1.586     0.414     1.691
0140320004_01   40.978516  -73.787468    47.304      -0.941    -1.581    -0.624    -1.726
0140320005_01   39.597576  -74.342643   -30.984       0.081     0.956    -0.094     0.955
0140320006_01   40.864834  -73.649647    -0.304      -3.305    -6.507    -2.029    -7.004
0140320007_01   40.869077  -74.151518    -4.729       1.546     1.689     1.208     1.947
0140320008_01   40.462764  -74.295361    -1.381       0.762    -0.408     0.829    -0.257
0140320009_01   40.348343  -74.123108   -16.496       0.219    -0.870     0.382    -0.813
0140320010_01   40.600232  -75.454805    41.220       2.010    -2.569     2.448    -2.150
0140320011_01   40.627047  -74.167714   -25.800       0.830     0.231     0.777     0.382
0140320012_01   39.992673  -75.274339    41.869      -0.010    -0.985     0.172    -0.969
0140320013_01   40.876867  -74.352585    25.543      -0.141     2.563    -0.612     2.491
0140320014_01   41.034599  -75.065550   265.632       0.902    -0.592     0.992    -0.415
0140320015_01   40.732542  -73.708102    -4.949       0.728     1.230     0.493     1.345
0140320016_01   39.989676  -74.158986   -27.474      -0.217    -0.522    -0.110    -0.552
0140320017_01   40.909079  -74.530737   203.203      -1.509     2.681    -1.979     2.352
0140320018_01   40.362150  -74.024706   -18.215       0.428    -2.565     0.904    -2.438
0140320019_01   41.002140  -74.203678   125.341      -1.602     0.707    -1.701     0.397
0140320020_01   40.098094  -74.091837   -27.866       0.038    -1.205     0.269    -1.175
0140320021_01   40.155362  -75.136205    49.267      -1.096     1.449    -1.347     1.218
0140320022_01   40.260332  -74.001827   -22.602       1.004    -2.788     1.511    -2.549
0140320023_01   40.207880  -74.441131    51.843       0.233    -1.659     0.541    -1.584
0140320024_01   40.171667  -75.246519    38.178      -2.162     0.112    -2.146    -0.294
0140320025_01   39.957452  -75.178311   -28.973      -1.964    -1.669    -1.618    -2.005
0140320026_01   40.603280  -74.097800    16.189       0.214    -0.836     0.371    -0.780
0140320027_01   40.482680  -74.484165    -1.784      -0.511    -1.032    -0.307    -1.108
0140320028_01   40.569220  -74.938214   144.014      -0.606    -1.058    -0.399    -1.151
0140320029_01   40.851084  -75.265036   197.558       4.229     0.960     3.969     1.727
0140320030_01   39.894887  -74.752838   -18.246      -1.243    -0.327    -1.158    -0.552
0140320031_01   39.881033  -75.875588   125.109      -1.394    -3.303    -0.758    -3.504
0140320032_01   40.330097  -74.257896    13.724       0.300    -0.822     0.452    -0.750
0140320033_01   40.003845  -75.232910    52.481      -0.106     1.764    -0.435     1.712
0140320034_01   40.535374  -74.198250    -6.496       1.153    -0.584     1.246    -0.358
0140320035_01   39.870199  -75.139147   -27.239       0.042     1.635    -0.265     1.614
0140320036_01   40.001070  -75.091614   -24.348       0.025     2.233    -0.393     2.197
0140320037_01   39.575384  -74.752579    -7.417       2.546     2.772     1.984     3.198
0140320038_01   40.890743  -73.900892     7.681      -0.229    -1.411     0.043    -1.427
0140320039_01   40.269896  -74.815696    13.164      -2.188     1.108    -2.354     0.680
0140320040_01   40.796170  -74.619726   175.825      -2.616     1.497    -2.846     0.983
0140320041_01   40.998681  -75.557052   469.341      -0.693     2.746    -1.197     2.565
0140320042_01   40.680498  -75.142238    82.604      -1.173    -2.687    -0.654    -2.857
0140320043_01   40.361513  -75.731967    69.510       0.620     0.381     0.532     0.488
0140320044_01   39.857539  -75.095281   -28.243       0.407     2.919    -0.146     2.942
0140320045_01   40.451689  -74.342177    -5.624      -0.774    -1.641    -0.451    -1.755
0140320046_01   40.685601  -74.318581    -1.702       0.835     1.772     0.494     1.896
0140320047_01   39.699187  -75.558709   -18.511       2.525    -0.363     2.544     0.114
0140320048_01   40.336427  -75.155640    96.453      -2.525    -2.505    -2.014    -2.930
0140320049_01   40.788161  -74.002499    -1.738      -0.472    -0.089    -0.441    -0.174
0140320050_01   40.675469  -75.347048    64.468       3.629    -4.375     4.374    -3.622
0140320051_01   40.597285  -74.376918    -7.258      -0.883     2.038    -1.243     1.837
0140320052_01   40.369305  -74.586092     0.020       0.072    -0.334     0.135    -0.314
0140320053_01   40.856112  -75.180698   173.073       1.023    -2.033     1.379    -1.807
0140320054_01   40.804332  -75.086663    81.998       3.078    -0.256     3.067     0.321
0140320055_01   40.510479  -75.296268   109.912       0.470    -1.508     0.739    -1.393
0140320056_01   40.300870  -74.252215    29.689      -1.781    -3.004    -1.184    -3.280
0140320057_01   40.030276  -75.260073    68.982      -1.448     0.998    -1.609     0.709
0140320058_01   40.484142  -74.509639     4.000      -1.133    -0.691    -0.982    -0.889
0140320059_01   40.902666  -75.128109   122.481       1.139    -0.432     1.196    -0.213
0140320060_01   39.992566  -76.019682   103.143      -0.863    -0.436    -0.773    -0.590
0140320061_01   40.520817  -74.633328    -8.987      -1.967    -0.868    -1.769    -1.219
0140320062_01   40.610151  -74.463327    -6.471      -1.106    -0.123    -1.061    -0.326
0140320063_01   40.947799  -74.549354   220.724      -0.088     0.448    -0.168     0.423
0140320064_01   40.056895  -74.111730   -31.615      -0.817    -0.017    -0.792    -0.168
0140320065_01   40.950594  -73.704930   -13.516      -0.435    -0.696    -0.291    -0.763
0140320066_01   40.403094  -75.212714   103.118      -2.614    -1.064    -2.371    -1.532
0140320067_01   40.389696  -75.284427   135.939       0.321     0.950     0.136     0.992
0140320068_01   40.547533  -74.424500    -1.385       0.553     0.381     0.475     0.478
0140320069_01   40.818104  -73.935885   -28.955      -0.156     0.666    -0.271     0.626
0140320070_01   39.663913  -75.771067    -4.805       2.172    -2.679     2.628    -2.226
0140320071_01   39.781890  -75.708972    46.435       2.930    -2.645     3.366    -2.051
0140320072_01   40.881202  -74.675855   306.319      -1.469    -0.341    -1.378    -0.607
0140320073_01   40.653594  -75.423230    85.425       3.570    -1.899     3.854    -1.202
0140320074_01   40.253826  -75.004116    25.831      -2.265     3.480    -2.873     2.995
0140320075_01   40.865901  -74.198549    87.717      -1.048     0.776    -1.169     0.568
0140320076_01   39.749436  -76.094175    63.500       0.921     2.505     0.429     2.630
0140320077_01   40.042458  -75.355071    79.994      -2.603     0.158    -2.588    -0.330
0140320078_01   40.647365  -74.003179    17.815       0.850    -2.744     1.350    -2.535
0140320079_01   39.841734  -76.051108   105.121      -0.813     0.567    -0.912     0.403
0140320080_01   39.698992  -75.856837    71.774       2.446    -1.485     2.674    -1.003
0140320081_01   40.156785  -76.001704   144.577      -1.645     2.210    -2.035     1.862
0140320082_01   39.981445  -74.784500   -17.666       0.714    -0.254     0.750    -0.115
0140320083_01   40.135578  -74.189587   -12.000      -0.818     0.955    -0.975     0.786
0140320084_01   39.960343  -75.699571   106.569       1.689     2.820     1.127     3.082
0140320085_01   40.578708  -74.252320   -21.684       0.288     1.546    -0.001     1.573
0140320086_01   40.312531  -75.487469    80.078      -1.085     0.056    -1.080    -0.148
0140320087_01   40.004607  -75.503549   109.849       0.473    -1.430     0.728    -1.316
0140320089_01   40.670550  -75.265739    79.887       0.897    -3.917     1.607    -3.679
0140320090_01   40.639498  -73.881963   -30.612       3.473    -3.852     4.133    -3.135
0140320091_01   40.381208  -75.480896    71.216       1.376     0.596     1.235     0.840
0140320092_01   41.113810  -75.555881   487.482       0.354     4.130    -0.426     4.117
0140320093_01   40.322671  -75.132656    75.205      -0.162    -1.738     0.163    -1.736
0140320094_01   40.832035  -73.866282   -22.096       0.494     1.456     0.221     1.524
0140320095_01   40.717101  -73.805011     1.958       1.354     1.017     1.147     1.252
0140320096_01   40.254028  -75.279625    70.075       2.208    -1.039     2.359    -0.609
0140320097_01   40.773997  -74.158062   -24.319       0.628     0.514     0.526     0.623
0140320098_01   40.309000  -75.232542    74.660      -2.649    -2.267    -2.181    -2.720
0140320099_01   40.474566  -74.717103   133.476      -2.019     2.311    -2.411     1.893
0140320100_01   40.063315  -74.345224    -3.424       4.434    -3.430     4.997    -2.539
0140320101_01   40.212760  -74.758033   -21.440      -0.595     1.655    -0.892     1.514
0140320102_01   40.428235  -74.518888     1.000       0.425    -0.769     0.563    -0.676
0140320104_01   40.791652  -74.952587   127.661      -1.867    -1.760    -1.508    -2.075
0140320105_01   40.254409  -74.299644    18.888       1.110    -0.801     1.244    -0.579
0140320106_01   40.704794  -74.193381   -29.595       0.834     1.337     0.574     1.469
0140320107_01   40.479406  -74.321379   -24.555      -1.709    -2.198    -1.265    -2.477
0140320108_01   40.735811  -75.691287   173.733      -0.893     1.864    -1.231     1.663
0140320109_01   40.817986  -73.839486   -29.568      -3.262     2.525    -3.666     1.874
0140320110_01   40.900594  -74.572825   165.435      -0.444     1.235    -0.664     1.130
0140320111_01   39.952023  -75.592018    88.933       2.856    -0.076     2.814     0.457
0140320112_01   40.528496  -75.214881   150.581      -0.908    -1.653    -0.586    -1.792
0140320113_01   40.725801  -73.733809    -6.983       0.707     2.546     0.228     2.633
0140320114_01   40.280053  -74.032592   -16.000       1.504    -2.740     1.993    -2.409
0140320115_01   40.269180  -74.890854    37.984      -2.431    -0.174    -2.355    -0.624
0140320116_01   39.760487  -75.110907   -16.325      -1.233    -1.117    -1.002    -1.327
0140320117_01   40.327078  -74.134683    -9.000      -0.737    -1.358    -0.465    -1.470
0140320118_01   40.347979  -74.799234    29.081      -1.636     0.300    -1.661    -0.010
0140320119_01   40.286497  -75.264935    68.530      -1.205    -0.483    -1.095    -0.700
0140320120_01   40.412426  -75.110909   123.086      -4.074    -4.382    -3.185    -5.061
0140320121_01   40.057739  -75.809959   162.289      -0.242    -1.128    -0.033    -1.153
0140320122_01   39.775908  -75.568087    48.602       0.089    -0.572     0.190    -0.546
0140320124_01   40.260965  -74.044859   -15.000       0.531    -2.337     0.963    -2.194
0140320125_01   40.090599  -74.761985   -19.718       0.363    -1.875     0.708    -1.773
0140320126_01   40.782797  -74.039200   -29.000       2.015     1.868     1.637     2.211
0140320127_01   40.842410  -73.934073    29.268       0.378    -2.066     0.761    -1.957
0140320128_01   41.019962  -74.551360   261.667      -0.146     0.824    -0.295     0.782
0140320129_01   39.928058  -74.123579   -31.000       2.958     0.116     2.889     0.668
0140320130_01   39.872511  -75.217380   -31.000      -3.418     2.302    -3.787     1.622
0140320131_01   40.207776  -74.019167   -27.000       0.141    -0.846     0.303    -0.803
0140320133_01   40.139070  -74.810416   -32.000      -0.519     2.113    -0.902     1.979
0140320134_01   40.384341  -75.082235   121.076      -1.781     2.073    -2.136     1.704
0140320135_01   40.858007  -74.604423   243.915       0.129     2.162    -0.274     2.146
0140320136_01   41.142711  -75.030982   319.000       0.012     0.557    -0.095     0.548
0140320137_01   40.194471  -76.049486   119.148      -1.151     1.319    -1.384     1.079
0140320138_01   40.676477  -74.284596    -0.594       0.802     1.182     0.571     1.311
0140320139_01   40.089761  -74.988621    -2.654      -0.201     0.383    -0.269     0.338
0140320140_01   40.218996  -74.102918    -5.409       0.637    -2.546     1.106    -2.380
0140320141_01   39.930005  -75.056409   -28.000      -1.194     0.188    -1.208    -0.039
0140320142_01   40.223492  -74.722734   -19.000      -1.645     0.601    -1.725     0.284
0140320143_01   40.328658  -75.939968    33.652       1.089     0.117     1.040     0.316
0140320144_01   40.224945  -74.138805     3.529       0.243    -0.282     0.296    -0.231
0140320145_01   40.639411  -74.236033   -26.267       1.114     2.095     0.708     2.266
0140320146_01   40.353276  -75.937130    61.609      -1.354     2.488    -1.801     2.190
0140320147_01   39.849263  -75.697741    77.010       2.896     0.668     2.714     1.195
0140320148_01   40.989163  -73.964881   -13.162       0.044    -1.136     0.260    -1.107
0140320149_01   40.035091  -75.801955   141.802      -0.314     1.185    -0.535     1.104
0140320150_01   40.151009  -74.155238   -19.789       0.499    -1.637     0.801    -1.513
0140320151_01   40.694316  -73.905547   -11.117       1.666    -0.174     1.674     0.140
0140320152_01   39.752212  -75.225056    -5.000      -0.510    -1.120    -0.292    -1.195
0140320153_01   39.946933  -75.983185   107.179      -1.398    -0.603    -1.267    -0.854
0140320154_01   40.061203  -74.145443   -28.296      -1.541     0.554    -1.610     0.258
0140320155_01   40.679373  -74.016902   -31.000       1.106     1.091     0.889     1.279
0140320156_01   40.545954  -74.556664   -14.713      -1.433    -0.064    -1.393    -0.330
0140320158_01   40.054038  -74.897177   -24.000      -0.428     0.336    -0.482     0.250
0140320159_01   40.130289  -74.562193     8.223      -1.127    -1.248    -0.871    -1.435
0140320160_01   40.863265  -73.999593   -30.000       0.317     0.757     0.176     0.803
0140320161_01   40.751314  -74.373350    23.838      -0.283     3.475    -0.921     3.360
0140320162_01   40.038203  -75.217202    58.313      -0.945     0.905    -1.098     0.712
0140320163_01   40.245369  -75.378350    34.762      -2.688    -1.938    -2.281    -2.404
0140320164_01   40.756094  -73.687744     6.704       1.702     0.201     1.641     0.516
0140320166_01   40.180768  -75.454458    11.792       2.730     0.001     2.677     0.508
0140320167_01   40.047982  -74.685815   -13.844      -3.634    -2.138    -3.167    -2.777
0140320168_01   40.725186  -75.556897   100.790       2.142    -6.211     3.254    -5.702
0140320169_01   40.482150  -74.627521    -6.990      -0.335    -0.647    -0.207    -0.698
0140320170_01   40.510584  -74.969075   128.033      -0.091    -1.077     0.111    -1.074
0140320171_01   40.738841  -73.956691   -29.439       1.239     0.832     1.068     1.049
0140320172_01   41.040536  -74.560500   350.538      -2.520     2.449    -2.927     1.936
0140320173_01   40.275648  -75.127271    32.041      -2.677     1.427    -2.896     0.902
0140320174_01   40.536326  -74.667604    -2.483       1.599     1.762     1.243     2.028
0140320175_01   40.136247  -74.966428    18.302      -1.553     0.578    -1.633     0.278
0140320176_01   39.781216  -75.811963    87.145       2.536    -1.120     2.694    -0.628
0140320177_01   39.783708  -76.155677   106.376      -0.159     6.533    -1.385     6.383
0140320178_01   40.324814  -76.011246    78.057      -1.160    -0.907    -0.977    -1.108
0140320179_01   40.809197  -75.617710   157.267       2.617     2.186     2.156     2.631
0140320180_01   39.911319  -76.037781   182.398      -1.567    -2.235    -1.128    -2.488
0140320181_01   40.684581  -75.447922    84.718       3.339    -1.084     3.475    -0.444
0140320182_01   40.615281  -73.760014   -30.019       1.922    -0.320     1.955     0.046
0140320183_01   39.935350  -75.131554   -31.000       0.217    -1.065     0.411    -1.006
0140320184_01   40.303536  -74.639447    -4.498      -2.973     0.548    -3.020    -0.016
0140320185_01   40.051410  -74.655903     3.968      -0.395     2.142    -0.785     2.030
0140320186_01   40.409024  -74.513721    -3.080      -0.694     0.242    -0.724     0.109
0140320187_01   40.780757  -74.370584    21.494      -0.619     2.580    -1.085     2.419
0140320188_01   40.470472  -75.389520   144.556       1.437    -2.735     1.916    -2.419
0140320189_01   39.950619  -74.778275   -19.052       1.509     1.651     1.175     1.903
0140320191_01   40.620949  -75.478000    48.317       3.085    -4.668     3.893    -4.011
0140320192_01   40.289450  -74.126693   -15.000       1.196    -0.643     1.299    -0.407
0140320193_01   40.086216  -74.913316   -28.990       1.995     0.188     1.924     0.556
0140320194_01   40.077526  -75.130068    25.598      -1.281     0.766    -1.402     0.513
0140320195_01   40.067056  -74.978071   -21.573      -0.820     0.135    -0.831    -0.021
0140320196_01   40.804703  -75.648610   192.210       1.946     2.104     1.513     2.426
0140320197_01   39.942830  -74.184843   -32.886       0.288     1.689    -0.026     1.714
0140320198_01   40.472393  -74.857966    14.866      -3.300     0.703    -3.371     0.075
0140320199_01   40.504123  -75.494873   146.230       0.758    -3.407     1.374    -3.205
0140320200_01   40.637419  -74.074636   -28.778       1.600     0.374     1.507     0.666
0140320201_01   40.297003  -74.374743    -3.412       2.830    -2.958     3.333    -2.376
0140320202_01   39.968397  -75.560543    98.338       2.033    -1.633     2.297    -1.225
0140320203_01   40.148954  -75.013971    35.787      -2.488    -0.527    -2.345    -0.981
0140320204_01   40.572870  -75.588949   106.261       1.038     3.953     0.278     4.073
0140320205_01   40.149740  -74.333476     0.859       1.043     1.696     0.713     1.861
0140320206_01   39.565970  -74.775314   -17.062       1.849     1.398     1.557     1.719
0140320207_01   40.200172  -75.468687    49.100       2.953     0.551     2.793     1.090
0140320208_01   40.909406  -74.123574   -10.782       1.207     0.988     1.006     1.196
0140320209_01   40.522565  -74.520339    -8.094      -1.097     0.779    -1.220     0.561
0140320210_01   40.209449  -75.569575     8.166       1.003     0.343     0.916     0.522
0140320211_01   39.936623  -74.811678   -24.896       0.092     0.894    -0.075     0.895
0140320212_01   39.798738  -74.181290   -31.000      -0.186     0.651    -0.298     0.606
0140320213_01   40.594835  -74.280858   -25.276      -0.243     1.538    -0.521     1.466
0140320215_01   40.043780  -75.086747    -2.464       0.064    -0.949     0.239    -0.920
0140320216_01   40.217498  -75.296750    75.995       0.338     1.914    -0.027     1.942
0140320217_01   40.197160  -75.202200    54.415      -1.433     2.192    -1.818     1.884
0140320218_01   40.093001  -75.033668    13.399      -1.716     1.632    -1.990     1.282
0140320219_01   39.796021  -75.740303    91.852       1.419     0.559     1.284     0.812
0140320220_01   39.770279  -75.499035    28.196       0.762    -0.616     0.861    -0.463
0140320221_01   39.679485  -75.932856    70.882      -1.577     1.072    -1.755     0.757
0140320222_01   41.025517  -74.264774    82.617       1.309     1.419     1.025     1.637
0140320223_01   40.286308  -75.488693    60.200       1.268     2.072     0.854     2.270
0140320224_01   40.350552  -75.265186   100.892      -2.050    -1.191    -1.793    -1.552
0140320225_01   39.975758  -74.582504    -7.995       0.626     2.706     0.113     2.774
0140320226_01   40.196717  -74.864888    24.075      -2.153     0.451    -2.197     0.041
0140320227_01   39.831415  -75.548209    80.896       0.858    -1.651     1.147    -1.461
0140320228_01   40.094673  -74.661316    -8.178      -0.801     1.439    -1.053     1.264
0140320229_01   40.738885  -74.160992   -25.810       0.904     0.810     0.741     0.965
0140320230_01   40.391268  -75.769757    82.405      -3.194    -4.445    -2.314    -4.960
0140320231_01   39.746889  -74.531364   -16.000       1.361     2.332     0.905     2.545
0140320232_01   40.782947  -74.125950    -4.197       0.244     0.574     0.138     0.610
0140320233_01   40.714229  -74.229495    16.515       0.855     0.883     0.679     1.027
0140320234_01   39.645427  -74.507924   -28.248      -0.265     2.450    -0.713     2.357
0140320235_01   40.406302  -75.700632   117.102       1.603    -3.367     2.196    -3.008
0140320237_01   40.336631  -74.594416    -9.970      -1.151    -1.159    -0.912    -1.352
0140320238_01   39.605302  -74.863598   -10.390       0.969     0.383     0.881     0.558
0140320239_01   39.997234  -75.947357   189.926       1.015     1.555     0.699     1.715
0140320240_01   40.338783  -74.183275    -7.460       0.339    -0.510     0.433    -0.436
0140320241_01   39.790937  -75.921746   117.178       1.070    -0.127     1.068     0.074
0140320242_01   40.088858  -75.764932   125.467       0.305     2.212    -0.119     2.228
0140320243_01   39.730341  -74.260167   -16.282       0.735    -0.098     0.746     0.042
0140320244_01   40.357070  -74.976918     8.311      -1.994     0.519    -2.055     0.138
0140320245_01   40.306679  -75.391401    69.328      -1.081     0.250    -1.112     0.044
0140320246_01   39.646675  -75.375066   -19.949       1.512    -0.991     1.668    -0.691
0140320247_01   40.664464  -73.950398    -8.931      -0.574     0.001    -0.558    -0.105
0140320248_01   40.649103  -75.769519   147.981      -2.211    -1.357    -1.925    -1.744
0140320249_01   40.139349  -75.986305    96.092       1.574     0.250     1.491     0.537
0140320250_01   41.041520  -74.118968    52.280      -1.554     0.398    -1.596     0.103
