==============================================================================
==============================================================================
Mon. Sep. 12 2016                  LANDSAT 5                       Time: 02:55
                            Image Assessment System
                            GEOMETRIC VERIFY Report
==============================================================================
Order ID: 0501609110671_09438                          Path / Row - 13 / 32
Reference Image: L51GNC1005235150101_HDF.L1G

Color mapping per rank
----------------------
Rank  1 is Green: total residual <= 0.5
Rank  2 is Cyan: 0.5 < total residual <=  1
Rank  3 is Blue:  1 < total residual <=  2
Rank  4 is Yellow:  2 < total residual <=  3
Rank  5 is Red:  3 < total residual

Percentage of residuals by rank
-------------------------------
Rank   1 -- 100.0%
Rank   2 --  0.0%
Rank   3 --  0.0%
Rank   4 --  0.0%
Rank   5 --  0.0%

       GCP    Latitude    Longitude  Sample   Line     Total    Rank
        ID                           Residual Residual Residual
              (Degree)    (Degree)   (Pixel)  (Pixel)  (Pixel)
----------------------------------------------------------------------
0130320092   41.25387    -74.14763     0.03      0.19     0.19     1 
0130320093   41.25359    -74.11040     0.07      0.07     0.10     1 
0130320094   41.25330    -74.07316     0.26      0.03     0.26     1 
0130320095   41.25299    -74.03592     0.33     -0.02     0.34     1 
0130320167   41.22847    -74.14796    -0.04      0.09     0.10     1 
0130320168   41.22819    -74.11074     0.05     -0.02     0.05     1 
0130320169   41.22790    -74.07352     0.19      0.03     0.20     1 
0130320171   41.22727    -73.99908     0.15      0.02     0.15     1 
0130320172   41.22694    -73.96186     0.01      0.01     0.02     1 
0130320173   41.22660    -73.92464    -0.16      0.03     0.17     1 
0130320174   41.22625    -73.88742     0.24      0.02     0.24     1 
0130320175   41.22588    -73.85020     0.01     -0.05     0.05     1 
0130320177   41.22512    -73.77577    -0.33      0.07     0.33     1 
0130320242   41.20307    -74.14829    -0.06      0.07     0.09     1 
0130320243   41.20279    -74.11108    -0.00      0.04     0.04     1 
0130320244   41.20250    -74.07388    -0.11      0.20     0.23     1 
0130320245   41.20219    -74.03667     0.20      0.07     0.21     1 
0130320246   41.20188    -73.99946     0.18      0.03     0.19     1 
0130320247   41.20155    -73.96226     0.05     -0.04     0.07     1 
0130320249   41.20085    -73.88785     0.17      0.18     0.24     1 
0130320250   41.20049    -73.85064     0.16      0.03     0.17     1 
0130320251   41.20011    -73.81344     0.23      0.03     0.23     1 
0130320252   41.19972    -73.77624     0.19      0.07     0.20     1 
0130320253   41.19932    -73.73904     0.11      0.01     0.11     1 
0130320254   41.19890    -73.70184     0.18      0.03     0.19     1 
0130320255   41.19848    -73.66464     0.21      0.03     0.21     1 
0130320317   41.17767    -74.14862     0.34     -0.04     0.35     1 
0130320318   41.17739    -74.11143     0.05     -0.00     0.05     1 
0130320319   41.17710    -74.07423     0.33      0.00     0.33     1 
0130320320   41.17679    -74.03704     0.32      0.06     0.32     1 
0130320321   41.17648    -73.99985     0.21      0.01     0.21     1 
0130320322   41.17615    -73.96266     0.15      0.16     0.22     1 
0130320324   41.17545    -73.88828    -0.18     -0.06     0.19     1 
0130320325   41.17509    -73.85109     0.17      0.10     0.20     1 
0130320326   41.17471    -73.81390     0.17      0.05     0.18     1 
0130320327   41.17432    -73.77671     0.11      0.09     0.14     1 
0130320328   41.17392    -73.73952     0.20      0.04     0.20     1 
0130320329   41.17351    -73.70234     0.19      0.08     0.20     1 
0130320330   41.17308    -73.66515     0.06      0.03     0.07     1 
0130320331   41.17265    -73.62797     0.04      0.01     0.04     1 
0130320332   41.17220    -73.59078     0.09      0.02     0.09     1 
0130320333   41.17174    -73.55360    -0.26     -0.23     0.35     1 
0130320334   41.17126    -73.51642     0.13      0.07     0.15     1 
0130320335   41.17078    -73.47924     0.11      0.05     0.12     1 
0130320336   41.17028    -73.44205     0.22     -0.07     0.23     1 
0130320391   41.15254    -74.18613     0.25      0.07     0.26     1 
0130320392   41.15227    -74.14895    -0.06     -0.02     0.06     1 
0130320393   41.15199    -74.11177     0.22      0.06     0.23     1 
0130320395   41.15139    -74.03741     0.31      0.04     0.31     1 
0130320396   41.15108    -74.00024     0.20      0.05     0.21     1 
0130320397   41.15075    -73.96306     0.12      0.10     0.16     1 
0130320398   41.15041    -73.92588     0.13      0.06     0.14     1 
0130320400   41.14969    -73.85153     0.18      0.03     0.19     1 
0130320401   41.14931    -73.81436     0.23      0.00     0.23     1 
0130320402   41.14893    -73.77718     0.09      0.09     0.12     1 
0130320403   41.14852    -73.74001     0.12      0.09     0.15     1 
0130320404   41.14811    -73.70284     0.11      0.03     0.11     1 
0130320405   41.14769    -73.66567     0.03      0.07     0.08     1 
0130320406   41.14725    -73.62850     0.16      0.08     0.18     1 
0130320407   41.14680    -73.59133     0.05      0.04     0.07     1 
0130320408   41.14634    -73.55416     0.10      0.09     0.13     1 
0130320409   41.14587    -73.51699     0.11      0.04     0.12     1 
0130320410   41.14538    -73.47982     0.16      0.01     0.16     1 
0130320411   41.14489    -73.44266     0.09      0.07     0.11     1 
0130320412   41.14438    -73.40549     0.13      0.05     0.14     1 
0130320413   41.14386    -73.36833     0.03      0.04     0.05     1 
0130320414   41.14333    -73.33116     0.08      0.08     0.11     1 
0130320415   41.14278    -73.29400     0.04      0.05     0.07     1 
0130320416   41.14223    -73.25684     0.03      0.02     0.03     1 
0130320417   41.14166    -73.21968     0.12     -0.20     0.24     1 
0130320466   41.12714    -74.18644     0.11      0.13     0.17     1 
0130320467   41.12687    -74.14928     0.08     -0.01     0.08     1 
0130320469   41.12630    -74.07495     0.31      0.03     0.31     1 
0130320470   41.12600    -74.03778     0.16      0.04     0.16     1 
0130320472   41.12535    -73.96346     0.12     -0.03     0.13     1 
0130320473   41.12501    -73.92630     0.24      0.01     0.24     1 
0130320475   41.12429    -73.85197     0.30      0.06     0.30     1 
0130320476   41.12392    -73.81481     0.23      0.01     0.23     1 
0130320477   41.12353    -73.77765     0.13      0.08     0.15     1 
0130320478   41.12313    -73.74050    -0.02      0.06     0.07     1 
0130320479   41.12272    -73.70334     0.14      0.06     0.15     1 
0130320480   41.12229    -73.66618     0.09     -0.01     0.09     1 
0130320481   41.12186    -73.62902     0.13      0.06     0.15     1 
0130320482   41.12141    -73.59187    -0.02      0.04     0.04     1 
0130320483   41.12095    -73.55472     0.04      0.06     0.07     1 
0130320484   41.12047    -73.51756     0.10      0.08     0.13     1 
0130320485   41.11999    -73.48041     0.20      0.02     0.20     1 
0130320486   41.11950    -73.44326     0.15      0.07     0.17     1 
0130320487   41.11899    -73.40610    -0.03      0.05     0.06     1 
0130320489   41.11794    -73.33181    -0.33      0.17     0.37     1 
0130320490   41.11739    -73.29466    -0.17     -0.18     0.25     1 
0130320491   41.11684    -73.25751    -0.32      0.00     0.32     1 
0130320541   41.10174    -74.18676    -0.05      0.16     0.17     1 
0130320542   41.10147    -74.14961     0.14      0.04     0.15     1 
0130320544   41.10090    -74.07531     0.33      0.15     0.36     1 
0130320545   41.10060    -74.03816     0.12      0.05     0.13     1 
0130320546   41.10028    -74.00101     0.11      0.05     0.12     1 
0130320548   41.09961    -73.92671     0.06     -0.04     0.07     1 
0130320551   41.09852    -73.81527     0.15      0.04     0.16     1 
0130320552   41.09813    -73.77813     0.18     -0.03     0.18     1 
0130320553   41.09773    -73.74098    -0.18      0.02     0.18     1 
0130320554   41.09732    -73.70384     0.19      0.04     0.20     1 
0130320555   41.09690    -73.66670     0.14      0.02     0.14     1 
0130320556   41.09646    -73.62955     0.10     -0.05     0.11     1 
0130320557   41.09601    -73.59241     0.08      0.04     0.09     1 
0130320558   41.09555    -73.55527    -0.02      0.00     0.02     1 
0130320559   41.09508    -73.51813     0.08      0.06     0.09     1 
0130320560   41.09460    -73.48099     0.20      0.07     0.21     1 
0130320561   41.09410    -73.44386     0.01      0.10     0.10     1 
0130320562   41.09359    -73.40672    -0.17      0.01     0.17     1 
0130320563   41.09307    -73.36958    -0.23     -0.09     0.25     1 
0130320617   41.07607    -74.14993     0.07      0.07     0.10     1 
0130320619   41.07550    -74.07566     0.31     -0.01     0.31     1 
0130320620   41.07520    -74.03853     0.31      0.07     0.32     1 
0130320621   41.07488    -74.00139     0.25     -0.01     0.25     1 
0130320622   41.07455    -73.96426     0.22     -0.00     0.22     1 
0130320625   41.07350    -73.85286     0.11      0.08     0.14     1 
0130320626   41.07312    -73.81573     0.00      0.05     0.05     1 
0130320627   41.07274    -73.77860     0.10      0.11     0.15     1 
0130320628   41.07234    -73.74147    -0.10      0.01     0.10     1 
0130320629   41.07192    -73.70434     0.04      0.00     0.04     1 
0130320630   41.07150    -73.66721     0.16     -0.02     0.16     1 
0130320631   41.07106    -73.63008     0.17      0.02     0.17     1 
0130320632   41.07062    -73.59295     0.06      0.02     0.06     1 
0130320633   41.07016    -73.55583     0.08      0.06     0.11     1 
0130320637   41.06820    -73.40733    -0.15      0.05     0.16     1 
0130320638   41.06768    -73.37021    -0.17     -0.02     0.17     1 
0130320692   41.05067    -74.15026     0.27      0.15     0.31     1 
0130320693   41.05039    -74.11314     0.10      0.11     0.15     1 
0130320696   41.04948    -74.00177     0.28      0.02     0.28     1 
0130320697   41.04915    -73.96466     0.21      0.04     0.21     1 
0130320699   41.04846    -73.89042    -0.08      0.36     0.37     1 
0130320700   41.04810    -73.85330     0.20      0.05     0.21     1 
0130320701   41.04772    -73.81618     0.15     -0.00     0.15     1 
0130320702   41.04734    -73.77907     0.11      0.01     0.11     1 
0130320703   41.04694    -73.74195     0.20     -0.04     0.21     1 
0130320704   41.04653    -73.70484     0.12      0.02     0.12     1 
0130320705   41.04610    -73.66772     0.09      0.03     0.10     1 
0130320706   41.04567    -73.63061     0.11     -0.01     0.11     1 
0130320707   41.04522    -73.59350     0.04      0.05     0.06     1 
0130320708   41.04476    -73.55638    -0.03      0.04     0.05     1 
0130320709   41.04429    -73.51927    -0.07      0.07     0.10     1 
0130320710   41.04381    -73.48216    -0.18     -0.01     0.18     1 
0130320712   41.04281    -73.40794    -0.26      0.05     0.26     1 
0130320736   41.02707    -72.51769    -0.25      0.03     0.25     1 
0130320737   41.02626    -72.48061     0.09      0.08     0.12     1 
0130320738   41.02544    -72.44353    -0.06     -0.08     0.10     1 
0130320740   41.02377    -72.36939    -0.00     -0.00     0.00     1 
0130320767   41.02527    -74.15059     0.16      0.09     0.18     1 
0130320768   41.02499    -74.11348     0.27      0.13     0.30     1 
0130320769   41.02470    -74.07637     0.25      0.10     0.27     1 
0130320770   41.02440    -74.03927    -0.01     -0.01     0.01     1 
0130320771   41.02408    -74.00216     0.18      0.21     0.28     1 
0130320772   41.02376    -73.96505     0.27      0.04     0.27     1 
0130320773   41.02342    -73.92795     0.28      0.03     0.28     1 
0130320775   41.02270    -73.85374     0.25     -0.03     0.25     1 
0130320776   41.02233    -73.81664     0.19      0.06     0.20     1 
0130320777   41.02194    -73.77953     0.05      0.02     0.05     1 
0130320778   41.02154    -73.74243     0.21      0.02     0.21     1 
0130320779   41.02113    -73.70533     0.15     -0.00     0.15     1 
0130320780   41.02071    -73.66823     0.11      0.02     0.11     1 
0130320782   41.01983    -73.59404    -0.23      0.04     0.24     1 
0130320783   41.01937    -73.55694    -0.23     -0.06     0.24     1 
0130320784   41.01890    -73.51984    -0.26      0.03     0.26     1 
0130320810   41.00248    -72.55571    -0.18     -0.03     0.19     1 
0130320811   41.00169    -72.51864     0.00     -0.05     0.05     1 
0130320812   41.00088    -72.48158    -0.09      0.01     0.09     1 
0130320815   40.99840    -72.37040    -0.22     -0.01     0.22     1 
0130320816   40.99755    -72.33334    -0.11     -0.10     0.15     1 
0130320817   40.99668    -72.29628    -0.24      0.01     0.24     1 
0130320818   40.99581    -72.25923     0.17     -0.04     0.17     1 
0130320841   41.00014    -74.18801     0.23      0.09     0.25     1 
0130320842   40.99987    -74.15091     0.15      0.14     0.20     1 
0130320843   40.99959    -74.11382     0.12      0.12     0.16     1 
0130320844   40.99930    -74.07673     0.21      0.08     0.23     1 
0130320845   40.99900    -74.03963     0.12      0.13     0.18     1 
0130320846   40.99868    -74.00254     0.11      0.08     0.14     1 
0130320847   40.99836    -73.96545     0.20      0.06     0.21     1 
0130320848   40.99802    -73.92836     0.31      0.11     0.33     1 
0130320850   40.99730    -73.85418     0.26      0.07     0.27     1 
0130320851   40.99693    -73.81709     0.12      0.03     0.12     1 
0130320852   40.99654    -73.78000     0.15      0.04     0.16     1 
0130320853   40.99614    -73.74292     0.13      0.02     0.13     1 
0130320854   40.99573    -73.70583     0.15      0.02     0.15     1 
0130320855   40.99531    -73.66874    -0.02     -0.05     0.05     1 
0130320856   40.99488    -73.63166    -0.19      0.07     0.20     1 
0130320882   40.97940    -72.66780     0.13      0.21     0.24     1 
0130320885   40.97710    -72.55664     0.02     -0.01     0.02     1 
0130320886   40.97631    -72.51959    -0.31      0.01     0.31     1 
0130320887   40.97550    -72.48254     0.04      0.01     0.04     1 
0130320890   40.97302    -72.37140     0.05     -0.03     0.06     1 
0130320891   40.97217    -72.33436     0.12      0.10     0.15     1 
0130320892   40.97131    -72.29732    -0.11      0.08     0.13     1 
0130320893   40.97043    -72.26028    -0.01      0.05     0.05     1 
0130320894   40.96954    -72.22324     0.01      0.03     0.04     1 
0130320895   40.96865    -72.18621    -0.04      0.07     0.08     1 
0130320896   40.96774    -72.14917    -0.10      0.06     0.11     1 
0130320915   40.97499    -74.22540    -0.08      0.12     0.14     1 
0130320916   40.97474    -74.18832     0.06      0.23     0.24     1 
0130320917   40.97447    -74.15124     0.14      0.03     0.14     1 
0130320919   40.97390    -74.07708     0.10      0.05     0.11     1 
0130320920   40.97360    -74.04000     0.18     -0.00     0.18     1 
0130320922   40.97296    -73.96585     0.11      0.05     0.12     1 
0130320923   40.97262    -73.92877     0.25      0.06     0.25     1 
0130320925   40.97191    -73.85462     0.16      0.04     0.16     1 
0130320926   40.97153    -73.81755     0.16      0.11     0.19     1 
0130320927   40.97114    -73.78047     0.11      0.02     0.11     1 
0130320928   40.97075    -73.74340     0.10      0.09     0.13     1 
0130320929   40.97034    -73.70633     0.03      0.04     0.05     1 
0130320944   40.96276    -73.15035    -0.02      0.24     0.24     1 
0130320945   40.96216    -73.11329    -0.15      0.00     0.15     1 
0130320946   40.96154    -73.07623    -0.13      0.09     0.16     1 
0130320947   40.96092    -73.03918    -0.01     -0.05     0.05     1 
0130320952   40.95762    -72.85392     0.02      0.01     0.02     1 
0130320953   40.95692    -72.81687     0.16     -0.00     0.16     1 
0130320954   40.95621    -72.77983     0.06     -0.02     0.07     1 
0130320955   40.95549    -72.74278    -0.02      0.10     0.10     1 
0130320956   40.95476    -72.70574     0.05      0.09     0.10     1 
0130320957   40.95402    -72.66870     0.13     -0.20     0.24     1 
0130320958   40.95326    -72.63166     0.07     -0.00     0.07     1 
0130320959   40.95250    -72.59462     0.03      0.08     0.08     1 
0130320960   40.95172    -72.55758    -0.11     -0.18     0.21     1 
0130320963   40.94931    -72.44648    -0.11      0.03     0.12     1 
0130320964   40.94848    -72.40944    -0.27      0.08     0.28     1 
0130320965   40.94764    -72.37241     0.02      0.09     0.10     1 
0130320966   40.94679    -72.33538    -0.16      0.10     0.18     1 
0130320967   40.94593    -72.29836     0.04      0.05     0.07     1 
0130320968   40.94506    -72.26133    -0.00      0.00     0.00     1 
0130320969   40.94417    -72.22431    -0.17      0.02     0.17     1 
0130320970   40.94327    -72.18728    -0.15      0.05     0.16     1 
0130320990   40.94959    -74.22570     0.13      0.06     0.14     1 
0130320991   40.94934    -74.18863     0.16      0.03     0.17     1 
0130320992   40.94907    -74.15156     0.10     -0.04     0.11     1 
0130320993   40.94879    -74.11450     0.17      0.02     0.17     1 
0130320994   40.94850    -74.07743     0.17      0.10     0.20     1 
0130320995   40.94820    -74.04037     0.15      0.10     0.18     1 
0130320996   40.94788    -74.00331     0.14      0.09     0.17     1 
0130320997   40.94756    -73.96624     0.28      0.08     0.29     1 
0130320998   40.94722    -73.92918     0.25      0.01     0.25     1 
0130320999   40.94687    -73.89212    -0.03      0.03     0.05     1 
0130321001   40.94613    -73.81800     0.12      0.06     0.14     1 
0130321002   40.94575    -73.78094     0.18     -0.00     0.18     1 
0130321004   40.94494    -73.70682    -0.20     -0.01     0.20     1 
0130321005   40.94452    -73.66976    -0.09      0.11     0.14     1 
0130321010   40.94223    -73.48449     0.02      0.11     0.11     1 
0130321011   40.94174    -73.44744     0.19      0.01     0.19     1 
0130321012   40.94123    -73.41039    -0.10      0.19     0.22     1 
0130321013   40.94072    -73.37334    -0.02     -0.09     0.09     1 
0130321019   40.93737    -73.15106    -0.22      0.16     0.27     1 
0130321020   40.93677    -73.11401     0.13     -0.02     0.13     1 
0130321021   40.93615    -73.07697     0.12      0.04     0.13     1 
0130321022   40.93553    -73.03993     0.04     -0.03     0.05     1 
0130321023   40.93489    -73.00289     0.17      0.11     0.20     1 
0130321025   40.93359    -72.92882    -0.09     -0.01     0.09     1 
0130321026   40.93292    -72.89178     0.06     -0.01     0.06     1 
0130321027   40.93223    -72.85474     0.06      0.05     0.08     1 
0130321028   40.93154    -72.81771     0.13      0.02     0.13     1 
0130321029   40.93083    -72.78068     0.16      0.14     0.21     1 
0130321030   40.93011    -72.74365    -0.03      0.05     0.06     1 
0130321031   40.92938    -72.70662     0.11     -0.05     0.12     1 
0130321032   40.92864    -72.66959    -0.07      0.01     0.07     1 
0130321033   40.92788    -72.63256    -0.08     -0.07     0.11     1 
0130321034   40.92712    -72.59554    -0.26     -0.08     0.27     1 
0130321038   40.92393    -72.44745    -0.16      0.08     0.18     1 
0130321039   40.92310    -72.41044     0.01      0.03     0.03     1 
0130321040   40.92227    -72.37342     0.02      0.12     0.12     1 
0130321041   40.92142    -72.33640    -0.01      0.02     0.02     1 
0130321042   40.92056    -72.29939    -0.19     -0.07     0.20     1 
0130321064   40.92443    -74.26305     0.19      0.06     0.20     1 
0130321065   40.92419    -74.22599     0.18      0.09     0.20     1 
0130321066   40.92394    -74.18894     0.06      0.01     0.06     1 
0130321067   40.92367    -74.15189     0.03      0.04     0.05     1 
0130321069   40.92310    -74.07779     0.14      0.03     0.14     1 
0130321070   40.92280    -74.04074     0.07      0.04     0.08     1 
0130321071   40.92249    -74.00369     0.12      0.10     0.16     1 
0130321072   40.92216    -73.96664     0.13      0.15     0.20     1 
0130321074   40.92147    -73.89254     0.09      0.04     0.10     1 
0130321075   40.92111    -73.85550    -0.06      0.05     0.08     1 
0130321076   40.92074    -73.81845     0.07     -0.02     0.07     1 
0130321077   40.92035    -73.78141     0.00     -0.03     0.03     1 
0130321078   40.91995    -73.74436    -0.20     -0.07     0.21     1 
0130321084   40.91732    -73.52211    -0.03     -0.07     0.08     1 
0130321085   40.91684    -73.48507    -0.19      0.18     0.26     1 
0130321086   40.91634    -73.44803    -0.11     -0.12     0.17     1 
0130321087   40.91584    -73.41100    -0.13     -0.00     0.13     1 
0130321088   40.91532    -73.37396     0.09     -0.06     0.11     1 
0130321089   40.91479    -73.33692     0.13      0.05     0.13     1 
0130321090   40.91425    -73.29989     0.18      0.02     0.18     1 
0130321091   40.91370    -73.26286     0.13      0.10     0.16     1 
0130321092   40.91314    -73.22583    -0.09      0.05     0.10     1 
0130321093   40.91256    -73.18879     0.17     -0.09     0.19     1 
0130321094   40.91198    -73.15176     0.00     -0.01     0.01     1 
0130321095   40.91138    -73.11473     0.06      0.02     0.06     1 
0130321096   40.91076    -73.07771    -0.02      0.02     0.03     1 
0130321097   40.91014    -73.04068     0.07     -0.01     0.07     1 
0130321098   40.90951    -73.00365     0.01     -0.06     0.06     1 
0130321099   40.90886    -72.96663     0.06     -0.19     0.20     1 
0130321100   40.90820    -72.92961     0.09      0.04     0.09     1 
0130321101   40.90753    -72.89259     0.12      0.02     0.12     1 
0130321102   40.90685    -72.85556     0.04      0.02     0.05     1 
0130321103   40.90615    -72.81855     0.09      0.05     0.11     1 
0130321104   40.90545    -72.78153     0.04     -0.03     0.05     1 
0130321105   40.90473    -72.74451     0.05      0.01     0.05     1 
0130321106   40.90400    -72.70750    -0.01      0.01     0.01     1 
0130321107   40.90325    -72.67048    -0.02     -0.01     0.03     1 
0130321108   40.90250    -72.63347     0.06      0.02     0.07     1 
0130321109   40.90174    -72.59646    -0.00      0.04     0.04     1 
0130321110   40.90096    -72.55945    -0.17     -0.02     0.17     1 
0130321111   40.90017    -72.52244    -0.12     -0.10     0.15     1 
0130321113   40.89855    -72.44843    -0.05     -0.04     0.06     1 
0130321114   40.89773    -72.41142     0.07      0.02     0.07     1 
0130321115   40.89689    -72.37442    -0.05     -0.02     0.05     1 
0130321116   40.89604    -72.33742    -0.23      0.08     0.24     1 
0130321139   40.89903    -74.26333     0.01      0.02     0.02     1 
0130321140   40.89879    -74.22629     0.02      0.09     0.09     1 
0130321141   40.89854    -74.18925     0.06      0.06     0.09     1 
0130321144   40.89770    -74.07814     0.08      0.02     0.08     1 
0130321145   40.89740    -74.04111     0.02     -0.09     0.09     1 
0130321146   40.89708    -74.00407     0.13      0.12     0.17     1 
0130321147   40.89676    -73.96703     0.08      0.03     0.09     1 
0130321149   40.89607    -73.89297     0.08      0.03     0.08     1 
0130321150   40.89571    -73.85594    -0.07     -0.03     0.07     1 
0130321151   40.89534    -73.81890    -0.04     -0.01     0.04     1 
0130321152   40.89495    -73.78187    -0.07     -0.06     0.10     1 
0130321153   40.89455    -73.74484    -0.12     -0.14     0.18     1 
0130321156   40.89329    -73.63375     0.06      0.02     0.07     1 
0130321157   40.89285    -73.59673     0.07      0.08     0.10     1 
0130321158   40.89239    -73.55970    -0.00     -0.01     0.01     1 
0130321159   40.89192    -73.52268    -0.10     -0.06     0.11     1 
0130321160   40.89144    -73.48565    -0.11     -0.01     0.11     1 
0130321161   40.89095    -73.44863     0.18      0.12     0.21     1 
0130321162   40.89045    -73.41160    -0.03      0.16     0.17     1 
0130321163   40.88993    -73.37458    -0.01      0.03     0.04     1 
0130321164   40.88940    -73.33756     0.16      0.04     0.17     1 
0130321165   40.88886    -73.30054     0.12      0.09     0.15     1 
0130321166   40.88831    -73.26352     0.13      0.07     0.15     1 
0130321167   40.88775    -73.22650     0.22      0.00     0.22     1 
0130321168   40.88717    -73.18949     0.04      0.10     0.11     1 
0130321169   40.88658    -73.15247     0.16      0.02     0.16     1 
0130321170   40.88599    -73.11546    -0.00     -0.02     0.02     1 
0130321171   40.88538    -73.07844     0.03     -0.05     0.06     1 
0130321172   40.88475    -73.04143     0.11      0.03     0.11     1 
0130321174   40.88347    -72.96741     0.10      0.06     0.12     1 
0130321175   40.88281    -72.93040     0.04      0.03     0.05     1 
0130321176   40.88214    -72.89339     0.19      0.07     0.21     1 
0130321177   40.88146    -72.85639     0.20      0.04     0.20     1 
0130321178   40.88077    -72.81938     0.17     -0.00     0.17     1 
0130321179   40.88006    -72.78238     0.04      0.03     0.05     1 
0130321180   40.87934    -72.74537    -0.01      0.02     0.02     1 
0130321181   40.87861    -72.70837     0.03     -0.01     0.03     1 
0130321182   40.87787    -72.67137     0.01      0.01     0.01     1 
0130321183   40.87712    -72.63438    -0.08      0.01     0.08     1 
0130321184   40.87635    -72.59738     0.13     -0.10     0.17     1 
0130321185   40.87558    -72.56038    -0.02      0.04     0.04     1 
0130321186   40.87479    -72.52339     0.08      0.04     0.09     1 
0130321214   40.87363    -74.26361     0.09      0.13     0.16     1 
0130321215   40.87339    -74.22659     0.10      0.05     0.11     1 
0130321216   40.87313    -74.18956     0.05      0.05     0.07     1 
0130321217   40.87287    -74.15254    -0.04      0.05     0.07     1 
0130321221   40.87168    -74.00445     0.02      0.08     0.08     1 
0130321222   40.87136    -73.96743     0.14      0.10     0.17     1 
0130321224   40.87067    -73.89339    -0.08      0.03     0.09     1 
0130321225   40.87031    -73.85637    -0.05     -0.04     0.07     1 
0130321226   40.86994    -73.81936     0.09     -0.01     0.09     1 
0130321227   40.86955    -73.78234    -0.20     -0.11     0.23     1 
0130321229   40.86875    -73.70831     0.03     -0.01     0.03     1 
0130321231   40.86790    -73.63428     0.08      0.04     0.09     1 
0130321232   40.86745    -73.59726     0.20      0.10     0.22     1 
0130321233   40.86700    -73.56025     0.19      0.07     0.20     1 
0130321234   40.86653    -73.52324     0.14      0.03     0.15     1 
0130321235   40.86605    -73.48623     0.08      0.08     0.11     1 
0130321236   40.86556    -73.44922     0.17      0.07     0.19     1 
0130321237   40.86505    -73.41221     0.11      0.01     0.11     1 
0130321238   40.86454    -73.37520     0.02      0.14     0.14     1 
0130321239   40.86401    -73.33820     0.20      0.13     0.24     1 
0130321240   40.86347    -73.30119     0.15      0.08     0.17     1 
0130321241   40.86292    -73.26418     0.06      0.09     0.11     1 
0130321242   40.86236    -73.22718     0.10      0.02     0.11     1 
0130321243   40.86178    -73.19018     0.06      0.02     0.06     1 
0130321244   40.86120    -73.15318     0.10      0.05     0.11     1 
0130321245   40.86060    -73.11618     0.10      0.04     0.11     1 
0130321246   40.85999    -73.07918     0.06      0.02     0.06     1 
0130321247   40.85936    -73.04218     0.03      0.02     0.04     1 
0130321248   40.85873    -73.00518     0.08      0.07     0.11     1 
0130321249   40.85808    -72.96819     0.24      0.03     0.24     1 
0130321250   40.85742    -72.93119     0.28     -0.06     0.29     1 
0130321251   40.85676    -72.89420     0.20      0.02     0.21     1 
0130321252   40.85607    -72.85720     0.11      0.06     0.13     1 
0130321253   40.85538    -72.82021     0.14      0.01     0.14     1 
0130321254   40.85468    -72.78322     0.12      0.04     0.13     1 
0130321255   40.85396    -72.74623     0.12     -0.07     0.14     1 
0130321256   40.85323    -72.70925     0.10     -0.03     0.11     1 
0130321257   40.85249    -72.67226     0.12      0.15     0.19     1 
0130321258   40.85174    -72.63528    -0.10      0.04     0.10     1 
0130321259   40.85097    -72.59829     0.06      0.01     0.06     1 
0130321260   40.85019    -72.56131    -0.14      0.00     0.14     1 
0130321261   40.84941    -72.52433    -0.25      0.01     0.25     1 
0130321289   40.84823    -74.26389     0.14      0.08     0.16     1 
0130321290   40.84799    -74.22688     0.23      0.07     0.24     1 
0130321291   40.84773    -74.18987     0.13      0.01     0.13     1 
0130321292   40.84747    -74.15286     0.13      0.06     0.14     1 
0130321293   40.84719    -74.11585    -0.06     -0.01     0.06     1 
0130321295   40.84660    -74.04184    -0.00      0.17     0.17     1 
0130321296   40.84629    -74.00483    -0.13     -0.11     0.17     1 
0130321297   40.84596    -73.96783    -0.04     -0.09     0.09     1 
0130321298   40.84562    -73.93082    -0.06     -0.12     0.13     1 
0130321299   40.84527    -73.89381    -0.04     -0.01     0.04     1 
0130321300   40.84491    -73.85681     0.00      0.02     0.02     1 
0130321301   40.84454    -73.81981     0.08      0.01     0.08     1 
0130321302   40.84416    -73.78280    -0.09      0.05     0.10     1 
0130321303   40.84376    -73.74580    -0.31      0.05     0.31     1 
0130321304   40.84335    -73.70880    -0.05      0.02     0.06     1 
0130321305   40.84293    -73.67180     0.16      0.00     0.16     1 
0130321306   40.84250    -73.63480     0.13      0.09     0.16     1 
0130321307   40.84206    -73.59780     0.12      0.09     0.15     1 
0130321308   40.84160    -73.56080     0.24      0.08     0.25     1 
0130321309   40.84113    -73.52380     0.19      0.08     0.20     1 
0130321310   40.84065    -73.48681     0.12      0.08     0.14     1 
0130321311   40.84016    -73.44981     0.19      0.16     0.25     1 
0130321312   40.83966    -73.41282     0.05      0.08     0.10     1 
0130321313   40.83914    -73.37582     0.11      0.05     0.12     1 
0130321314   40.83862    -73.33883     0.07      0.01     0.07     1 
0130321315   40.83808    -73.30184     0.02      0.03     0.04     1 
0130321316   40.83753    -73.26485     0.08      0.06     0.10     1 
0130321317   40.83696    -73.22786     0.04      0.05     0.07     1 
0130321318   40.83639    -73.19087     0.09      0.18     0.20     1 
0130321319   40.83580    -73.15388     0.08      0.04     0.09     1 
0130321320   40.83521    -73.11689     0.02      0.00     0.02     1 
0130321321   40.83460    -73.07991     0.11      0.02     0.11     1 
0130321322   40.83397    -73.04292     0.13     -0.08     0.15     1 
0130321323   40.83334    -73.00594     0.02      0.00     0.02     1 
0130321324   40.83270    -72.96896     0.12     -0.03     0.12     1 
0130321325   40.83204    -72.93198     0.00      0.04     0.04     1 
0130321326   40.83137    -72.89500     0.09      0.11     0.14     1 
0130321327   40.83069    -72.85802     0.10      0.06     0.12     1 
0130321328   40.82999    -72.82104     0.12      0.08     0.14     1 
0130321329   40.82929    -72.78407     0.11      0.09     0.15     1 
0130321330   40.82857    -72.74710     0.11      0.10     0.15     1 
0130321331   40.82785    -72.71012     0.08      0.07     0.11     1 
0130321332   40.82711    -72.67315     0.06      0.14     0.15     1 
0130321333   40.82635    -72.63618     0.02     -0.01     0.02     1 
0130321334   40.82559    -72.59921    -0.05      0.10     0.11     1 
0130321364   40.82283    -74.26417     0.14      0.04     0.15     1 
0130321365   40.82259    -74.22718     0.10      0.10     0.14     1 
0130321368   40.82179    -74.11619     0.02     -0.06     0.06     1 
0130321369   40.82150    -74.07920    -0.13      0.02     0.13     1 
0130321370   40.82120    -74.04220     0.02     -0.05     0.05     1 
0130321371   40.82088    -74.00521    -0.05     -0.01     0.05     1 
0130321373   40.82022    -73.93123    -0.02     -0.03     0.04     1 
0130321374   40.81988    -73.89424    -0.06     -0.04     0.07     1 
0130321375   40.81951    -73.85725    -0.02     -0.06     0.06     1 
0130321376   40.81914    -73.82026    -0.17     -0.01     0.17     1 
0130321378   40.81836    -73.74628     0.18     -0.01     0.18     1 
0130321379   40.81795    -73.70929    -0.03      0.07     0.07     1 
0130321380   40.81753    -73.67230     0.08      0.07     0.10     1 
0130321381   40.81710    -73.63532     0.12      0.04     0.13     1 
0130321382   40.81666    -73.59834     0.26      0.11     0.28     1 
0130321383   40.81620    -73.56135     0.16      0.06     0.17     1 
0130321384   40.81574    -73.52437     0.17      0.02     0.17     1 
0130321385   40.81526    -73.48739     0.00     -0.00     0.00     1 
0130321386   40.81477    -73.45040     0.15     -0.01     0.15     1 
0130321387   40.81426    -73.41342     0.03      0.07     0.08     1 
0130321388   40.81375    -73.37644     0.11      0.10     0.15     1 
0130321389   40.81322    -73.33946     0.19      0.05     0.20     1 
0130321390   40.81269    -73.30249     0.08     -0.02     0.08     1 
0130321391   40.81213    -73.26551    -0.12      0.07     0.14     1 
0130321392   40.81157    -73.22853     0.04      0.02     0.04     1 
0130321393   40.81100    -73.19156    -0.03      0.02     0.04     1 
0130321394   40.81041    -73.15459     0.08      0.09     0.12     1 
0130321395   40.80982    -73.11761     0.06      0.04     0.08     1 
0130321396   40.80921    -73.08064     0.09      0.06     0.11     1 
0130321397   40.80859    -73.04367     0.02     -0.00     0.02     1 
0130321398   40.80795    -73.00670     0.06      0.13     0.14     1 
0130321399   40.80731    -72.96974     0.01      0.12     0.12     1 
0130321400   40.80665    -72.93277    -0.10     -0.08     0.13     1 
0130321401   40.80598    -72.89580     0.14      0.06     0.16     1 
0130321402   40.80530    -72.85884     0.07      0.07     0.10     1 
0130321403   40.80461    -72.82188     0.16      0.01     0.16     1 
0130321404   40.80391    -72.78491     0.12      0.06     0.13     1 
0130321405   40.80319    -72.74795    -0.07      0.01     0.07     1 
0130321406   40.80246    -72.71099    -0.15      0.07     0.17     1 
0130321407   40.80172    -72.67404    -0.09      0.01     0.09     1 
0130321408   40.80097    -72.63708     0.02      0.02     0.03     1 
0130321438   40.79765    -74.30143     0.11      0.01     0.11     1 
0130321439   40.79742    -74.26445     0.20      0.06     0.20     1 
0130321440   40.79718    -74.22747     0.23      0.00     0.23     1 
0130321441   40.79693    -74.19049     0.12      0.04     0.13     1 
0130321442   40.79666    -74.15351     0.01     -0.06     0.06     1 
0130321443   40.79639    -74.11653    -0.06     -0.02     0.07     1 
0130321444   40.79610    -74.07955    -0.24     -0.05     0.25     1 
0130321445   40.79580    -74.04257    -0.12     -0.05     0.13     1 
0130321446   40.79548    -74.00559    -0.08     -0.02     0.08     1 
0130321447   40.79516    -73.96861     0.07      0.01     0.07     1 
0130321448   40.79482    -73.93163    -0.11     -0.02     0.11     1 
0130321449   40.79447    -73.89466    -0.14     -0.02     0.15     1 
0130321450   40.79411    -73.85768    -0.09      0.06     0.11     1 
0130321451   40.79374    -73.82071    -0.04     -0.03     0.04     1 
0130321452   40.79336    -73.78373    -0.14     -0.06     0.15     1 
0130321453   40.79296    -73.74676    -0.05      0.13     0.14     1 
0130321454   40.79256    -73.70978    -0.01      0.03     0.04     1 
0130321455   40.79214    -73.67281     0.05      0.03     0.06     1 
0130321456   40.79171    -73.63584     0.07      0.13     0.15     1 
0130321457   40.79126    -73.59887     0.16      0.07     0.17     1 
0130321458   40.79081    -73.56190     0.18      0.03     0.18     1 
0130321459   40.79034    -73.52493     0.00      0.07     0.07     1 
0130321460   40.78986    -73.48796     0.02      0.07     0.08     1 
0130321462   40.78887    -73.41403     0.02      0.10     0.10     1 
0130321463   40.78836    -73.37706     0.03      0.08     0.09     1 
0130321464   40.78783    -73.34010     0.06      0.14     0.15     1 
0130321465   40.78729    -73.30313     0.09     -0.03     0.10     1 
0130321466   40.78674    -73.26617     0.03      0.03     0.04     1 
0130321467   40.78618    -73.22921     0.08      0.01     0.08     1 
0130321468   40.78561    -73.19225     0.02      0.05     0.05     1 
0130321469   40.78502    -73.15529     0.03     -0.01     0.03     1 
0130321470   40.78442    -73.11833    -0.04     -0.02     0.05     1 
0130321471   40.78382    -73.08137    -0.06     -0.06     0.08     1 
0130321472   40.78320    -73.04442     0.06      0.09     0.11     1 
0130321473   40.78256    -73.00746     0.01      0.10     0.10     1 
0130321474   40.78192    -72.97051     0.04     -0.00     0.04     1 
0130321475   40.78126    -72.93356     0.09      0.08     0.12     1 
0130321476   40.78059    -72.89660     0.04      0.11     0.12     1 
0130321477   40.77992    -72.85966     0.11     -0.02     0.11     1 
0130321478   40.77922    -72.82271    -0.07     -0.04     0.08     1 
0130321480   40.77781    -72.74881    -0.12      0.22     0.25     1 
0130321513   40.77225    -74.30170     0.09      0.05     0.11     1 
0130321514   40.77202    -74.26473     0.21      0.02     0.21     1 
0130321515   40.77178    -74.22776    -0.01      0.00     0.01     1 
0130321516   40.77153    -74.19080    -0.01     -0.02     0.02     1 
0130321517   40.77126    -74.15383    -0.07     -0.01     0.07     1 
0130321518   40.77099    -74.11686    -0.10     -0.17     0.20     1 
0130321519   40.77070    -74.07990    -0.11      0.04     0.12     1 
0130321520   40.77040    -74.04293    -0.06     -0.00     0.06     1 
0130321522   40.76976    -73.96900     0.14     -0.04     0.15     1 
0130321523   40.76942    -73.93204    -0.11     -0.03     0.11     1 
0130321524   40.76908    -73.89508    -0.09     -0.02     0.10     1 
0130321525   40.76872    -73.85812    -0.19     -0.06     0.20     1 
0130321526   40.76834    -73.82116    -0.12      0.02     0.12     1 
0130321527   40.76796    -73.78419    -0.06      0.06     0.08     1 
0130321528   40.76757    -73.74724     0.02      0.10     0.10     1 
0130321529   40.76716    -73.71027     0.10      0.08     0.13     1 
0130321530   40.76674    -73.67332     0.03      0.06     0.06     1 
0130321531   40.76631    -73.63636     0.04      0.00     0.04     1 
0130321532   40.76587    -73.59940     0.10     -0.00     0.10     1 
0130321533   40.76541    -73.56245     0.01      0.04     0.04     1 
0130321534   40.76494    -73.52549    -0.09      0.04     0.10     1 
0130321535   40.76447    -73.48854    -0.07      0.01     0.07     1 
0130321536   40.76398    -73.45158     0.02      0.17     0.17     1 
0130321537   40.76347    -73.41463    -0.09      0.05     0.10     1 
0130321538   40.76296    -73.37768     0.10      0.05     0.11     1 
0130321539   40.76244    -73.34073    -0.02      0.06     0.06     1 
0130321540   40.76190    -73.30378    -0.06      0.15     0.16     1 
0130321541   40.76135    -73.26683     0.00      0.06     0.06     1 
0130321542   40.76079    -73.22988     0.11      0.08     0.13     1 
0130321543   40.76022    -73.19294     0.09      0.03     0.09     1 
0130321544   40.75963    -73.15599     0.11      0.06     0.13     1 
0130321545   40.75903    -73.11905     0.07      0.03     0.07     1 
0130321546   40.75843    -73.08210    -0.01      0.03     0.03     1 
0130321547   40.75781    -73.04516     0.08      0.10     0.13     1 
0130321548   40.75717    -73.00822     0.01      0.02     0.02     1 
0130321549   40.75653    -72.97128     0.01      0.01     0.01     1 
0130321550   40.75588    -72.93434    -0.09     -0.02     0.10     1 
0130321551   40.75521    -72.89741    -0.01     -0.01     0.02     1 
0130321552   40.75453    -72.86047     0.03      0.10     0.11     1 
0130321588   40.74685    -74.30197     0.15      0.08     0.17     1 
0130321590   40.74638    -74.22806     0.02      0.05     0.06     1 
0130321591   40.74613    -74.19110    -0.02      0.01     0.02     1 
0130321592   40.74586    -74.15415    -0.05      0.03     0.06     1 
0130321593   40.74558    -74.11720    -0.14      0.02     0.14     1 
0130321594   40.74530    -74.08025    -0.18     -0.05     0.19     1 
0130321595   40.74500    -74.04330    -0.01     -0.03     0.03     1 
0130321597   40.74436    -73.96940     0.06     -0.06     0.08     1 
0130321598   40.74402    -73.93245    -0.16     -0.06     0.17     1 
0130321599   40.74368    -73.89550    -0.12     -0.11     0.17     1 
0130321600   40.74332    -73.85855    -0.07      0.02     0.08     1 
0130321601   40.74294    -73.82160    -0.06      0.00     0.06     1 
0130321602   40.74256    -73.78466    -0.03     -0.02     0.04     1 
0130321603   40.74217    -73.74771     0.06      0.03     0.07     1 
0130321604   40.74176    -73.71077    -0.07     -0.04     0.08     1 
0130321605   40.74134    -73.67382    -0.07     -0.01     0.08     1 
0130321606   40.74091    -73.63688    -0.03     -0.03     0.04     1 
0130321607   40.74047    -73.59994    -0.04      0.03     0.05     1 
0130321608   40.74001    -73.56299     0.12      0.03     0.12     1 
0130321609   40.73955    -73.52605     0.03      0.07     0.08     1 
0130321610   40.73907    -73.48911    -0.05     -0.08     0.10     1 
0130321611   40.73858    -73.45217     0.17      0.05     0.17     1 
0130321612   40.73808    -73.41523    -0.05      0.02     0.05     1 
0130321613   40.73757    -73.37830    -0.05      0.04     0.07     1 
0130321614   40.73704    -73.34136     0.10      0.01     0.10     1 
0130321615   40.73651    -73.30442     0.05      0.01     0.05     1 
0130321616   40.73596    -73.26749     0.00      0.03     0.03     1 
0130321617   40.73540    -73.23056    -0.01      0.01     0.02     1 
0130321618   40.73482    -73.19362     0.08      0.02     0.08     1 
0130321619   40.73424    -73.15669     0.02     -0.00     0.02     1 
0130321620   40.73364    -73.11976    -0.08      0.05     0.10     1 
0130321621   40.73304    -73.08283     0.05      0.04     0.06     1 
0130321622   40.73242    -73.04591    -0.11     -0.04     0.11     1 
0130321627   40.72914    -72.86128    -0.06      0.08     0.10     1 
0130321663   40.72145    -74.30223     0.06      0.06     0.08     1 
0130321664   40.72122    -74.26529     0.14      0.07     0.16     1 
0130321665   40.72098    -74.22835    -0.05      0.02     0.05     1 
0130321666   40.72073    -74.19141    -0.02      0.03     0.03     1 
0130321667   40.72046    -74.15447    -0.09     -0.01     0.09     1 
0130321668   40.72018    -74.11754    -0.15     -0.05     0.16     1 
0130321669   40.71990    -74.08060     0.01      0.00     0.01     1 
0130321670   40.71959    -74.04366     0.05     -0.01     0.06     1 
0130321671   40.71928    -74.00673     0.11     -0.08     0.14     1 
0130321672   40.71896    -73.96979     0.00      0.03     0.03     1 
0130321673   40.71862    -73.93285    -0.11     -0.00     0.11     1 
0130321674   40.71828    -73.89592    -0.05     -0.02     0.05     1 
0130321675   40.71792    -73.85899     0.03      0.02     0.03     1 
0130321676   40.71755    -73.82205    -0.02     -0.00     0.02     1 
0130321677   40.71716    -73.78512    -0.06      0.00     0.06     1 
0130321678   40.71677    -73.74819     0.01      0.04     0.04     1 
0130321679   40.71636    -73.71126    -0.07     -0.01     0.07     1 
0130321680   40.71594    -73.67433    -0.01     -0.03     0.03     1 
0130321681   40.71551    -73.63740    -0.04     -0.01     0.04     1 
0130321682   40.71507    -73.60047    -0.11      0.03     0.11     1 
0130321683   40.71462    -73.56354     0.02     -0.02     0.03     1 
0130321684   40.71415    -73.52661     0.03      0.00     0.03     1 
0130321685   40.71368    -73.48969     0.03      0.00     0.03     1 
0130321686   40.71319    -73.45276     0.07      0.00     0.07     1 
0130321687   40.71269    -73.41584    -0.12     -0.01     0.12     1 
0130321688   40.71217    -73.37891    -0.10      0.04     0.11     1 
0130321689   40.71165    -73.34199     0.01     -0.01     0.01     1 
0130321690   40.71111    -73.30507     0.03      0.04     0.05     1 
0130321691   40.71056    -73.26815     0.06      0.02     0.06     1 
0130321692   40.71000    -73.23123    -0.07      0.02     0.07     1 
0130321693   40.70943    -73.19431    -0.10      0.06     0.11     1 
0130321694   40.70885    -73.15739     0.17     -0.03     0.17     1 
0130321737   40.69626    -74.33942     0.21      0.07     0.23     1 
0130321738   40.69604    -74.30250    -0.01      0.13     0.13     1 
0130321739   40.69582    -74.26557     0.13      0.01     0.13     1 
0130321740   40.69557    -74.22865    -0.01      0.04     0.05     1 
0130321741   40.69532    -74.19172    -0.03      0.03     0.04     1 
0130321742   40.69506    -74.15479    -0.08      0.03     0.09     1 
0130321743   40.69478    -74.11787    -0.20     -0.08     0.22     1 
0130321744   40.69449    -74.08095    -0.10      0.04     0.11     1 
0130321745   40.69419    -74.04403    -0.18      0.06     0.19     1 
0130321746   40.69388    -74.00710    -0.17      0.08     0.19     1 
0130321747   40.69356    -73.97018     0.02      0.01     0.02     1 
0130321748   40.69322    -73.93326     0.00     -0.02     0.02     1 
0130321749   40.69288    -73.89634     0.06      0.09     0.11     1 
0130321750   40.69252    -73.85942     0.12      0.03     0.12     1 
0130321751   40.69215    -73.82250     0.02      0.07     0.07     1 
0130321752   40.69176    -73.78558    -0.03      0.06     0.06     1 
0130321753   40.69137    -73.74866     0.00     -0.02     0.02     1 
0130321754   40.69096    -73.71175     0.07      0.06     0.10     1 
0130321755   40.69055    -73.67483     0.01      0.04     0.04     1 
0130321756   40.69012    -73.63791    -0.03      0.02     0.04     1 
0130321757   40.68968    -73.60100     0.10      0.05     0.11     1 
0130321758   40.68922    -73.56409     0.12      0.04     0.12     1 
0130321759   40.68876    -73.52717     0.08      0.03     0.09     1 
0130321760   40.68828    -73.49026     0.08      0.05     0.09     1 
0130321761   40.68779    -73.45335     0.04      0.04     0.06     1 
0130321762   40.68729    -73.41644    -0.02     -0.02     0.03     1 
0130321763   40.68678    -73.37953     0.02     -0.00     0.02     1 
0130321764   40.68625    -73.34262    -0.03      0.04     0.05     1 
0130321765   40.68572    -73.30571    -0.20      0.01     0.20     1 
0130321766   40.68517    -73.26881    -0.30     -0.01     0.31     1 
0130321812   40.67086    -74.33967     0.01     -0.03     0.03     1 
0130321813   40.67064    -74.30276     0.05      0.00     0.05     1 
0130321814   40.67041    -74.26585     0.01     -0.03     0.03     1 
0130321815   40.67017    -74.22894     0.02     -0.02     0.03     1 
0130321816   40.66992    -74.19203    -0.11      0.04     0.12     1 
0130321817   40.66966    -74.15512    -0.02      0.13     0.13     1 
0130321818   40.66938    -74.11821    -0.13      0.11     0.17     1 
0130321819   40.66909    -74.08130    -0.13      0.05     0.14     1 
0130321821   40.66848    -74.00748    -0.09      0.09     0.13     1 
0130321822   40.66816    -73.97057     0.12      0.09     0.15     1 
0130321823   40.66782    -73.93366    -0.07     -0.04     0.08     1 
0130321824   40.66748    -73.89676    -0.07      0.02     0.07     1 
0130321825   40.66712    -73.85985    -0.08      0.05     0.09     1 
0130321826   40.66675    -73.82295    -0.12      0.02     0.12     1 
0130321827   40.66637    -73.78604    -0.04     -0.02     0.04     1 
0130321828   40.66597    -73.74914     0.03     -0.01     0.03     1 
0130321829   40.66557    -73.71224    -0.03     -0.05     0.06     1 
0130321830   40.66515    -73.67533    -0.01      0.04     0.04     1 
0130321831   40.66472    -73.63843     0.01      0.01     0.01     1 
0130321832   40.66428    -73.60153     0.08      0.07     0.10     1 
0130321833   40.66383    -73.56463     0.05      0.03     0.05     1 
0130321834   40.66336    -73.52773     0.01      0.04     0.04     1 
0130321835   40.66288    -73.49083    -0.04     -0.01     0.04     1 
0130321836   40.66240    -73.45394    -0.01     -0.01     0.01     1 
0130321837   40.66190    -73.41704    -0.06      0.02     0.06     1 
0130321838   40.66138    -73.38014    -0.09      0.01     0.09     1 
0130321839   40.66086    -73.34325    -0.10     -0.15     0.18     1 
0130321840   40.66033    -73.30636    -0.10      0.21     0.23     1 
0130321841   40.65978    -73.26946     0.09     -0.02     0.09     1 
0130321842   40.65922    -73.23257     0.00     -0.08     0.08     1 
0130321843   40.65865    -73.19568    -0.09      0.05     0.10     1 
0130321844   40.65807    -73.15879     0.01      0.01     0.02     1 
0130321887   40.64546    -74.33992    -0.01      0.20     0.20     1 
0130321888   40.64524    -74.30303     0.14      0.05     0.15     1 
0130321889   40.64501    -74.26613     0.13      0.06     0.14     1 
0130321890   40.64477    -74.22923    -0.10      0.03     0.11     1 
0130321891   40.64452    -74.19233    -0.18      0.11     0.21     1 
0130321892   40.64426    -74.15544    -0.14     -0.05     0.15     1 
0130321893   40.64398    -74.11854    -0.07     -0.03     0.07     1 
0130321894   40.64369    -74.08164    -0.10      0.06     0.11     1 
0130321895   40.64339    -74.04475     0.07      0.16     0.17     1 
0130321896   40.64308    -74.00786    -0.17     -0.03     0.18     1 
0130321897   40.64276    -73.97096    -0.17     -0.04     0.17     1 
0130321898   40.64242    -73.93407    -0.04     -0.00     0.04     1 
0130321899   40.64208    -73.89718    -0.14      0.05     0.14     1 
0130321901   40.64135    -73.82339    -0.16     -0.02     0.16     1 
0130321902   40.64097    -73.78650    -0.13      0.02     0.13     1 
0130321903   40.64057    -73.74961    -0.08      0.04     0.09     1 
0130321904   40.64017    -73.71272    -0.06      0.06     0.08     1 
0130321905   40.63975    -73.67584     0.02     -0.04     0.04     1 
0130321906   40.63932    -73.63895     0.06      0.02     0.06     1 
0130321907   40.63888    -73.60206    -0.01      0.01     0.02     1 
0130321908   40.63843    -73.56517    -0.16      0.11     0.19     1 
0130321909   40.63796    -73.52829    -0.04     -0.02     0.04     1 
0130321910   40.63749    -73.49141     0.04      0.04     0.05     1 
0130321911   40.63700    -73.45452    -0.08      0.18     0.19     1 
0130321912   40.63650    -73.41764    -0.08      0.00     0.08     1 
0130321913   40.63599    -73.38076    -0.02     -0.00     0.02     1 
0130321915   40.63493    -73.30700    -0.11     -0.04     0.12     1 
0130321916   40.63439    -73.27012    -0.13      0.05     0.14     1 
0130321962   40.62005    -74.34017     0.14      0.09     0.17     1 
0130321963   40.61984    -74.30329     0.03     -0.04     0.05     1 
0130321964   40.61961    -74.26641    -0.08      0.01     0.08     1 
0130321965   40.61937    -74.22952    -0.11      0.01     0.11     1 
0130321967   40.61885    -74.15576     0.00      0.01     0.01     1 
0130321968   40.61858    -74.11888     0.07      0.04     0.08     1 
0130321969   40.61829    -74.08199    -0.00      0.06     0.06     1 
0130321971   40.61768    -74.00823    -0.01     -0.02     0.02     1 
0130321972   40.61736    -73.97135    -0.05     -0.03     0.06     1 
0130321973   40.61702    -73.93447    -0.14     -0.06     0.15     1 
0130321976   40.61595    -73.82384    -0.34     -0.11     0.36     1 
0130321978   40.61517    -73.75009    -0.08      0.04     0.09     1 
0130321979   40.61477    -73.71321    -0.10     -0.06     0.11     1 
0130321980   40.61435    -73.67634    -0.06     -0.05     0.08     1 
0130321981   40.61392    -73.63946    -0.14      0.04     0.15     1 
0130321983   40.61303    -73.56572    -0.08      0.11     0.13     1 
0130321984   40.61257    -73.52885     0.04      0.09     0.10     1 
0130321985   40.61209    -73.49198    -0.01     -0.03     0.03     1 
0130321986   40.61160    -73.45511    -0.06      0.04     0.07     1 
0130321987   40.61111    -73.41824    -0.16     -0.01     0.16     1 
0130322038   40.59443    -74.30355     0.02      0.00     0.02     1 
0130322039   40.59421    -74.26668    -0.07     -0.04     0.08     1 
0130322040   40.59397    -74.22981    -0.10     -0.10     0.14     1 
0130322041   40.59371    -74.19294    -0.11     -0.00     0.11     1 
0130322042   40.59345    -74.15608     0.12     -0.02     0.13     1 
0130322043   40.59318    -74.11921     0.18      0.08     0.19     1 
0130322044   40.59289    -74.08234     0.06     -0.00     0.06     1 
0130322046   40.59228    -74.00861    -0.18      0.06     0.19     1 
0130322047   40.59196    -73.97174    -0.06     -0.04     0.07     1 
0130322048   40.59162    -73.93488    -0.18     -0.02     0.18     1 
0130322049   40.59128    -73.89801    -0.11     -0.00     0.11     1 
0130322051   40.59055    -73.82428    -0.19      0.01     0.19     1 
0130322052   40.59017    -73.78742    -0.21     -0.06     0.21     1 
0130322053   40.58978    -73.75056     0.18     -0.25     0.31     1 
0130322055   40.58895    -73.67684    -0.21      0.07     0.22     1 
0130322056   40.58853    -73.63998    -0.32     -0.10     0.33     1 
0130322058   40.58763    -73.56626     0.16      0.18     0.24     1 
0130322112   40.56925    -74.34067     0.02     -0.00     0.02     1 
0130322113   40.56903    -74.30382     0.12     -0.02     0.12     1 
0130322114   40.56880    -74.26696    -0.04     -0.06     0.07     1 
0130322115   40.56856    -74.23010    -0.09     -0.02     0.09     1 
0130322116   40.56831    -74.19325    -0.28     -0.20     0.35     1 
0130322117   40.56805    -74.15640    -0.02     -0.05     0.06     1 
0130322118   40.56777    -74.11954    -0.06     -0.12     0.14     1 
0130322120   40.56719    -74.04583    -0.15      0.08     0.17     1 
0130322186   40.54405    -74.37776     0.02      0.04     0.05     1 
0130322187   40.54384    -74.34092     0.08     -0.10     0.12     1 
0130322188   40.54363    -74.30408    -0.01     -0.04     0.04     1 
0130322189   40.54340    -74.26724    -0.12     -0.02     0.13     1 
0130322190   40.54316    -74.23040    -0.07     -0.05     0.09     1 
0130322191   40.54291    -74.19356     0.17     -0.05     0.18     1 
0130322192   40.54265    -74.15671     0.01     -0.06     0.06     1 
0130322198   40.54082    -73.93568     0.22      0.07     0.23     1 
0130322263   40.51822    -74.30434    -0.03     -0.10     0.10     1 
0130322264   40.51800    -74.26752    -0.01      0.02     0.03     1 
0130322265   40.51776    -74.23069     0.20      0.08     0.22     1 
0130322266   40.51751    -74.19386    -0.26     -0.21     0.34     1 
0130322336   40.49324    -74.37824    -0.05     -0.06     0.08     1 
0130322337   40.49304    -74.34142    -0.11     -0.04     0.12     1 
0130322338   40.49282    -74.30460    -0.02     -0.18     0.19     1 
0130322339   40.49259    -74.26779     0.03     -0.22     0.22     1 
0130322411   40.46784    -74.37847    -0.25     -0.01     0.25     1 
0130322412   40.46763    -74.34167     0.09     -0.15     0.17     1 
0130322413   40.46742    -74.30487     0.04     -0.05     0.07     1 
0130322414   40.46719    -74.26807    -0.04     -0.18     0.19     1 
0130322421   40.46527    -74.01048    -0.24      0.01     0.24     1 
0130322485   40.44262    -74.41549    -0.04      0.08     0.09     1 
0130322486   40.44243    -74.37870     0.07     -0.01     0.07     1 
0130322487   40.44223    -74.34192     0.03      0.00     0.03     1 
0130322488   40.44201    -74.30513     0.03     -0.06     0.07     1 
0130322489   40.44179    -74.26834    -0.09     -0.08     0.12     1 
0130322490   40.44155    -74.23156     0.09      0.04     0.10     1 
0130322491   40.44130    -74.19477    -0.08     -0.08     0.11     1 
0130322492   40.44103    -74.15798     0.02     -0.09     0.09     1 
0130322493   40.44076    -74.12120     0.16     -0.14     0.21     1 
0130322494   40.44047    -74.08442     0.12     -0.19     0.22     1 
0130322495   40.44018    -74.04763    -0.33     -0.00     0.33     1 
0130322497   40.43955    -73.97407    -0.17     -0.03     0.17     1 
0130322560   40.41722    -74.41571     0.09      0.02     0.09     1 
0130322561   40.41703    -74.37894     0.04      0.00     0.04     1 
0130322562   40.41682    -74.34216    -0.14     -0.10     0.18     1 
0130322563   40.41661    -74.30539     0.18     -0.01     0.18     1 
0130322564   40.41638    -74.26862     0.19      0.04     0.19     1 
0130322565   40.41614    -74.23185     0.00     -0.08     0.08     1 
0130322566   40.41589    -74.19507     0.05      0.05     0.07     1 
0130322567   40.41563    -74.15830     0.11     -0.05     0.12     1 
0130322568   40.41536    -74.12153     0.20     -0.01     0.20     1 
0130322569   40.41507    -74.08476     0.08      0.00     0.08     1 
0130322570   40.41478    -74.04799     0.17     -0.00     0.17     1 
0130322635   40.39182    -74.41593     0.14     -0.05     0.15     1 
0130322636   40.39162    -74.37917    -0.08      0.03     0.09     1 
0130322637   40.39142    -74.34241     0.08     -0.09     0.12     1 
0130322638   40.39120    -74.30565     0.13      0.04     0.13     1 
0130322639   40.39098    -74.26889     0.23     -0.04     0.23     1 
0130322640   40.39074    -74.23213     0.22      0.05     0.22     1 
0130322641   40.39049    -74.19538     0.21     -0.05     0.22     1 
0130322642   40.39023    -74.15862     0.25     -0.08     0.26     1 
0130322643   40.38996    -74.12186     0.28     -0.02     0.28     1 
0130322644   40.38967    -74.08510     0.22     -0.02     0.22     1 
0130322645   40.38937    -74.04835     0.28     -0.02     0.28     1 
0130322646   40.38907    -74.01159    -0.09     -0.02     0.09     1 
0130322711   40.36622    -74.37940     0.12     -0.01     0.12     1 
0130322712   40.36602    -74.34266     0.22      0.04     0.22     1 
0130322714   40.36557    -74.26917     0.11      0.03     0.11     1 
0130322715   40.36534    -74.23242     0.25     -0.09     0.27     1 
0130322716   40.36509    -74.19568     0.23     -0.05     0.24     1 
0130322718   40.36455    -74.12219     0.12      0.02     0.12     1 
0130322719   40.36427    -74.08545     0.12     -0.05     0.13     1 
0130322720   40.36397    -74.04871     0.03     -0.04     0.05     1 
0130322721   40.36366    -74.01196     0.17      0.03     0.17     1 
0130322722   40.36334    -73.97522    -0.14      0.13     0.19     1 
0130322785   40.34101    -74.41637     0.07     -0.01     0.07     1 
0130322786   40.34081    -74.37964     0.11     -0.04     0.11     1 
0130322787   40.34061    -74.34290     0.15     -0.12     0.19     1 
0130322788   40.34040    -74.30617     0.14     -0.05     0.15     1 
0130322790   40.33993    -74.23271     0.22     -0.03     0.23     1 
0130322791   40.33968    -74.19598     0.21      0.01     0.21     1 
0130322792   40.33942    -74.15925     0.12      0.05     0.13     1 
0130322793   40.33915    -74.12252     0.23      0.01     0.23     1 
0130322794   40.33886    -74.08579    -0.03     -0.05     0.06     1 
0130322795   40.33857    -74.04906     0.13     -0.03     0.13     1 
0130322796   40.33826    -74.01233    -0.15     -0.07     0.17     1 
0130322797   40.33794    -73.97561    -0.17     -0.02     0.17     1 
0130322859   40.31578    -74.45331    -0.06     -0.11     0.12     1 
0130322860   40.31560    -74.41659     0.02     -0.01     0.02     1 
0130322861   40.31541    -74.37987     0.00      0.06     0.06     1 
0130322862   40.31521    -74.34315     0.18      0.09     0.20     1 
0130322863   40.31499    -74.30643     0.13     -0.01     0.13     1 
0130322864   40.31477    -74.26972     0.08      0.01     0.08     1 
0130322865   40.31453    -74.23300     0.12     -0.07     0.14     1 
0130322866   40.31428    -74.19628     0.17      0.01     0.17     1 
0130322867   40.31402    -74.15957     0.05      0.05     0.07     1 
0130322868   40.31375    -74.12285    -0.02     -0.04     0.04     1 
0130322869   40.31346    -74.08613     0.21     -0.04     0.21     1 
0130322870   40.31317    -74.04942     0.05     -0.05     0.07     1 
0130322871   40.31286    -74.01270     0.00     -0.06     0.06     1 
0130322934   40.29037    -74.45351    -0.06      0.16     0.17     1 
0130322935   40.29019    -74.41681     0.19      0.04     0.20     1 
0130322936   40.29000    -74.38010     0.10     -0.02     0.10     1 
0130322937   40.28980    -74.34340     0.08     -0.01     0.08     1 
0130322938   40.28959    -74.30669     0.01     -0.02     0.02     1 
0130322939   40.28936    -74.26999     0.16     -0.03     0.16     1 
0130322940   40.28912    -74.23328     0.11      0.08     0.14     1 
0130322941   40.28888    -74.19658     0.00     -0.04     0.05     1 
0130322942   40.28862    -74.15988     0.05      0.01     0.05     1 
0130322943   40.28834    -74.12318     0.22     -0.05     0.23     1 
0130322944   40.28806    -74.08648     0.17      0.02     0.17     1 
0130322945   40.28776    -74.04977     0.10     -0.07     0.12     1 
0130322946   40.28746    -74.01308     0.12     -0.03     0.12     1 
0130323009   40.26497    -74.45372     0.15      0.03     0.15     1 
0130323010   40.26479    -74.41702     0.16     -0.02     0.16     1 
0130323011   40.26460    -74.38033     0.01     -0.05     0.05     1 
0130323013   40.26418    -74.30695     0.06     -0.04     0.07     1 
0130323014   40.26396    -74.27026     0.03     -0.01     0.03     1 
0130323015   40.26372    -74.23357     0.15      0.00     0.15     1 
0130323016   40.26347    -74.19688     0.23     -0.15     0.28     1 
0130323017   40.26321    -74.16019     0.14     -0.05     0.15     1 
0130323018   40.26294    -74.12351     0.12      0.03     0.12     1 
0130323019   40.26266    -74.08682     0.11     -0.02     0.11     1 
0130323020   40.26236    -74.05013     0.07      0.03     0.08     1 
0130323021   40.26205    -74.01344     0.13     -0.03     0.13     1 
0130323084   40.23956    -74.45392     0.04      0.04     0.06     1 
0130323085   40.23938    -74.41724     0.10     -0.00     0.10     1 
0130323086   40.23919    -74.38057     0.12     -0.06     0.13     1 
0130323087   40.23899    -74.34389     0.02     -0.06     0.06     1 
0130323088   40.23878    -74.30721    -0.05     -0.00     0.05     1 
0130323089   40.23855    -74.27053     0.02     -0.04     0.04     1 
0130323090   40.23832    -74.23386     0.19     -0.01     0.19     1 
0130323091   40.23807    -74.19718     0.14     -0.03     0.14     1 
0130323092   40.23781    -74.16051     0.07     -0.07     0.10     1 
0130323093   40.23754    -74.12383     0.06     -0.02     0.06     1 
0130323094   40.23725    -74.08716     0.03     -0.08     0.09     1 
0130323095   40.23696    -74.05049    -0.05     -0.02     0.06     1 
0130323096   40.23665    -74.01381     0.00      0.01     0.01     1 
0130323159   40.21416    -74.45412     0.19     -0.05     0.20     1 
0130323160   40.21398    -74.41746     0.15     -0.06     0.16     1 
0130323161   40.21379    -74.38080     0.06      0.02     0.06     1 
0130323162   40.21359    -74.34413     0.09     -0.08     0.12     1 
0130323163   40.21337    -74.30747     0.20     -0.03     0.21     1 
0130323164   40.21315    -74.27081     0.10     -0.04     0.11     1 
0130323165   40.21291    -74.23414     0.09     -0.03     0.10     1 
0130323166   40.21266    -74.19748     0.12     -0.05     0.13     1 
0130323167   40.21240    -74.16082     0.15      0.01     0.15     1 
0130323168   40.21213    -74.12416     0.06      0.05     0.08     1 
0130323169   40.21185    -74.08750     0.10     -0.04     0.11     1 
0130323170   40.21155    -74.05084     0.05      0.01     0.05     1 
0130323171   40.21125    -74.01418    -0.05     -0.25     0.26     1 
0130323233   40.18892    -74.49098     0.04     -0.15     0.16     1 
0130323234   40.18875    -74.45433     0.21     -0.08     0.22     1 
0130323235   40.18857    -74.41768     0.24     -0.04     0.24     1 
0130323236   40.18838    -74.38103     0.12      0.05     0.13     1 
0130323237   40.18818    -74.34438     0.00     -0.13     0.14     1 
0130323238   40.18797    -74.30773     0.02     -0.04     0.04     1 
0130323239   40.18774    -74.27108     0.22      0.04     0.22     1 
0130323240   40.18751    -74.23443     0.35     -0.11     0.37     1 
0130323241   40.18726    -74.19778     0.10     -0.09     0.14     1 
0130323242   40.18700    -74.16114     0.17     -0.03     0.17     1 
0130323243   40.18673    -74.12449    -0.04     -0.05     0.07     1 
0130323245   40.18615    -74.05120    -0.08     -0.09     0.12     1 
0130323246   40.18584    -74.01455    -0.04     -0.10     0.11     1 
0130323308   40.16351    -74.49117     0.00      0.02     0.02     1 
0130323309   40.16335    -74.45453     0.16      0.04     0.16     1 
0130323310   40.16317    -74.41790     0.09      0.02     0.09     1 
0130323311   40.16298    -74.38126    -0.21      0.12     0.24     1 
0130323312   40.16278    -74.34462     0.05     -0.02     0.05     1 
0130323313   40.16256    -74.30799     0.04     -0.12     0.13     1 
0130323314   40.16234    -74.27135    -0.02     -0.03     0.04     1 
0130323315   40.16210    -74.23472     0.06     -0.05     0.08     1 
0130323316   40.16186    -74.19808     0.10     -0.04     0.11     1 
0130323317   40.16159    -74.16145     0.20     -0.00     0.20     1 
0130323318   40.16132    -74.12481     0.14     -0.14     0.19     1 
0130323319   40.16104    -74.08818     0.00     -0.13     0.13     1 
0130323320   40.16075    -74.05155    -0.00     -0.07     0.07     1 
0130323384   40.13794    -74.45473    -0.14      0.05     0.15     1 
0130323385   40.13776    -74.41811     0.05     -0.01     0.05     1 
0130323386   40.13757    -74.38149     0.15      0.01     0.16     1 
0130323387   40.13737    -74.34487     0.20     -0.03     0.20     1 
0130323389   40.13693    -74.27162     0.18     -0.06     0.19     1 
0130323390   40.13670    -74.23500     0.09     -0.03     0.10     1 
0130323391   40.13645    -74.19838     0.04     -0.04     0.06     1 
0130323392   40.13619    -74.16176     0.18     -0.05     0.19     1 
0130323394   40.13564    -74.08852     0.03     -0.03     0.04     1 
0130323395   40.13534    -74.05190     0.09     -0.03     0.09     1 
0130323458   40.11270    -74.49155     0.17      0.06     0.18     1 
0130323459   40.11254    -74.45494    -0.03      0.23     0.23     1 
0130323460   40.11236    -74.41833     0.01     -0.04     0.04     1 
0130323461   40.11217    -74.38172     0.08     -0.03     0.09     1 
0130323462   40.11197    -74.34511     0.19     -0.03     0.20     1 
0130323463   40.11175    -74.30850     0.13      0.05     0.13     1 
0130323464   40.11153    -74.27189     0.17     -0.05     0.18     1 
0130323465   40.11129    -74.23529     0.21      0.00     0.21     1 
0130323466   40.11105    -74.19868     0.15      0.02     0.15     1 
0130323467   40.11079    -74.16207     0.11      0.05     0.12     1 
0130323469   40.11023    -74.08886    -0.02     -0.02     0.03     1 
0130323470   40.10994    -74.05226    -0.09     -0.05     0.10     1 
0130323533   40.08730    -74.49174     0.09     -0.02     0.09     1 
0130323534   40.08713    -74.45514     0.12      0.04     0.13     1 
0130323535   40.08695    -74.41854     0.03      0.09     0.10     1 
0130323536   40.08676    -74.38195     0.13      0.01     0.13     1 
0130323537   40.08656    -74.34535     0.05     -0.00     0.05     1 
0130323538   40.08635    -74.30876     0.05      0.06     0.08     1 
0130323539   40.08612    -74.27216     0.24     -0.02     0.24     1 
0130323540   40.08589    -74.23557    -0.08      0.08     0.12     1 
0130323541   40.08564    -74.19898     0.06      0.03     0.07     1 
0130323542   40.08538    -74.16238     0.06     -0.01     0.06     1 
0130323543   40.08511    -74.12579     0.11      0.01     0.11     1 
0130323544   40.08483    -74.08920     0.02     -0.01     0.02     1 
0130323545   40.08454    -74.05261    -0.17     -0.06     0.18     1 
0130323607   40.06204    -74.52851     0.11      0.06     0.12     1 
0130323608   40.06189    -74.49193     0.09      0.07     0.11     1 
0130323609   40.06172    -74.45534    -0.02      0.13     0.13     1 
0130323610   40.06155    -74.41876     0.01      0.03     0.03     1 
0130323611   40.06136    -74.38218    -0.02      0.03     0.04     1 
0130323612   40.06115    -74.34560    -0.06     -0.00     0.06     1 
0130323613   40.06094    -74.30902    -0.01      0.00     0.01     1 
0130323614   40.06072    -74.27244     0.10     -0.16     0.19     1 
0130323616   40.06024    -74.19927     0.12      0.11     0.16     1 
0130323617   40.05998    -74.16269     0.01      0.00     0.01     1 
0130323618   40.05971    -74.12612    -0.01      0.02     0.02     1 
0130323619   40.05943    -74.08954    -0.12      0.03     0.13     1 
0130323620   40.05913    -74.05296    -0.06     -0.00     0.06     1 
0130323682   40.03664    -74.52868     0.04     -0.04     0.06     1 
0130323683   40.03648    -74.49211    -0.00     -0.04     0.04     1 
0130323684   40.03632    -74.45555    -0.02     -0.06     0.06     1 
0130323685   40.03614    -74.41898     0.06      0.13     0.14     1 
0130323686   40.03595    -74.38241     0.01      0.04     0.04     1 
0130323687   40.03575    -74.34584    -0.02     -0.04     0.04     1 
0130323688   40.03554    -74.30927     0.07      0.04     0.08     1 
0130323690   40.03508    -74.23614     0.08     -0.11     0.13     1 
0130323691   40.03483    -74.19957     0.15      0.02     0.16     1 
0130323692   40.03457    -74.16300     0.08     -0.00     0.08     1 
0130323693   40.03430    -74.12644     0.01      0.09     0.09     1 
0130323695   40.03373    -74.05331    -0.07      0.06     0.09     1 
0130323757   40.01123    -74.52886     0.07     -0.13     0.15     1 
0130323758   40.01108    -74.49230    -0.16     -0.11     0.19     1 
0130323759   40.01091    -74.45575    -0.06      0.02     0.06     1 
0130323760   40.01073    -74.41919    -0.04     -0.02     0.04     1 
0130323762   40.01034    -74.34608     0.04      0.01     0.04     1 
0130323763   40.01013    -74.30953     0.08      0.08     0.11     1 
0130323764   40.00991    -74.27298     0.10      0.00     0.10     1 
0130323766   40.00943    -74.19987     0.15      0.11     0.19     1 
0130323767   40.00917    -74.16332     0.10     -0.04     0.11     1 
0130323768   40.00890    -74.12676    -0.02      0.01     0.03     1 
0130323769   40.00862    -74.09021    -0.10      0.07     0.12     1 
0130323770   40.00832    -74.05366    -0.05     -0.03     0.05     1 
0130323832   39.98582    -74.52903    -0.15     -0.07     0.17     1 
0130323833   39.98567    -74.49249    -0.10     -0.01     0.10     1 
0130323834   39.98550    -74.45595    -0.07      0.01     0.07     1 
0130323835   39.98533    -74.41941    -0.07     -0.04     0.08     1 
0130323836   39.98514    -74.38287     0.10      0.01     0.10     1 
0130323837   39.98494    -74.34632    -0.03     -0.05     0.06     1 
0130323838   39.98473    -74.30978    -0.15      0.03     0.15     1 
0130323839   39.98450    -74.27324    -0.02      0.01     0.03     1 
0130323840   39.98427    -74.23670     0.05      0.05     0.07     1 
0130323841   39.98402    -74.20016     0.07     -0.04     0.08     1 
0130323842   39.98376    -74.16363     0.18      0.04     0.19     1 
0130323843   39.98349    -74.12709     0.03     -0.08     0.09     1 
0130323844   39.98321    -74.09055    -0.05     -0.04     0.06     1 
0130323907   39.96042    -74.52921    -0.00     -0.02     0.02     1 
0130323908   39.96026    -74.49268    -0.14     -0.12     0.18     1 
0130323909   39.96010    -74.45615     0.02     -0.17     0.18     1 
0130323910   39.95992    -74.41962     0.02     -0.04     0.04     1 
0130323912   39.95953    -74.34657     0.02      0.01     0.02     1 
0130323913   39.95932    -74.31004    -0.02      0.08     0.08     1 
0130323914   39.95910    -74.27351     0.02      0.00     0.02     1 
0130323915   39.95886    -74.23699    -0.06     -0.05     0.08     1 
0130323916   39.95862    -74.20046     0.00     -0.01     0.01     1 
0130323917   39.95836    -74.16393     0.18     -0.01     0.18     1 
0130323918   39.95809    -74.12741    -0.02      0.09     0.09     1 
0130323919   39.95781    -74.09089     0.00     -0.01     0.01     1 
0130323981   39.93515    -74.56590    -0.01     -0.01     0.02     1 
0130323982   39.93501    -74.52938    -0.03     -0.10     0.10     1 
0130323983   39.93486    -74.49287    -0.09      0.07     0.12     1 
0130323984   39.93469    -74.45635    -0.00     -0.04     0.04     1 
0130323985   39.93451    -74.41984     0.06     -0.06     0.09     1 
0130323986   39.93433    -74.38332    -0.01     -0.06     0.06     1 
0130323987   39.93413    -74.34681     0.02      0.02     0.03     1 
0130323988   39.93391    -74.31029    -0.02      0.04     0.04     1 
0130323989   39.93369    -74.27378     0.18     -0.08     0.20     1 
0130323990   39.93346    -74.23727     0.07      0.00     0.07     1 
0130323991   39.93321    -74.20076     0.09      0.10     0.14     1 
0130323992   39.93295    -74.16424    -0.04     -0.31     0.31     1 
0130323993   39.93268    -74.12773    -0.08     -0.01     0.08     1 
0130323994   39.93240    -74.09122    -0.06      0.02     0.07     1 
0130324056   39.90975    -74.56606    -0.08      0.01     0.08     1 
0130324057   39.90960    -74.52956     0.00     -0.06     0.06     1 
0130324058   39.90945    -74.49305    -0.01     -0.07     0.07     1 
0130324059   39.90928    -74.45655    -0.10      0.04     0.11     1 
0130324060   39.90911    -74.42005    -0.05      0.09     0.10     1 
0130324061   39.90892    -74.38355     0.03      0.02     0.03     1 
0130324062   39.90872    -74.34705    -0.04     -0.08     0.09     1 
0130324063   39.90851    -74.31055     0.06     -0.03     0.07     1 
0130324064   39.90828    -74.27405     0.08      0.02     0.09     1 
0130324065   39.90805    -74.23755     0.15     -0.04     0.16     1 
0130324067   39.90755    -74.16455     0.14      0.05     0.15     1 
0130324068   39.90728    -74.12806    -0.04      0.01     0.04     1 
0130324131   39.88434    -74.56622     0.03     -0.01     0.03     1 
0130324132   39.88419    -74.52973     0.02      0.00     0.02     1 
0130324133   39.88404    -74.49324    -0.01     -0.08     0.08     1 
0130324134   39.88388    -74.45675    -0.06     -0.02     0.07     1 
0130324135   39.88370    -74.42027    -0.04     -0.01     0.04     1 
0130324136   39.88351    -74.38378    -0.07      0.01     0.07     1 
0130324137   39.88331    -74.34729     0.10      0.02     0.11     1 
0130324138   39.88310    -74.31080    -0.02      0.04     0.04     1 
0130324139   39.88288    -74.27432    -0.11      0.11     0.16     1 
0130324141   39.88240    -74.20135     0.16     -0.02     0.16     1 
0130324142   39.88214    -74.16486     0.14      0.00     0.14     1 
0130324143   39.88187    -74.12838     0.31      0.08     0.32     1 
0130324144   39.88159    -74.09189    -0.10     -0.06     0.12     1 
0130324206   39.85893    -74.56638    -0.02     -0.02     0.02     1 
0130324207   39.85879    -74.52990    -0.01     -0.02     0.02     1 
0130324208   39.85863    -74.49343     0.05     -0.03     0.05     1 
0130324210   39.85829    -74.42048     0.06     -0.03     0.06     1 
0130324211   39.85811    -74.38401    -0.06     -0.08     0.10     1 
0130324212   39.85791    -74.34753     0.05      0.03     0.06     1 
0130324213   39.85769    -74.31106    -0.06      0.02     0.06     1 
0130324215   39.85724    -74.23811     0.02     -0.07     0.07     1 
0130324216   39.85699    -74.20164     0.08     -0.07     0.11     1 
0130324217   39.85674    -74.16517     0.11      0.01     0.11     1 
0130324218   39.85647    -74.12870    -0.01     -0.09     0.09     1 
0130324281   39.83352    -74.56654    -0.00     -0.00     0.00     1 
0130324282   39.83338    -74.53008    -0.04      0.01     0.04     1 
0130324283   39.83323    -74.49361     0.03      0.03     0.04     1 
0130324284   39.83306    -74.45715    -0.01     -0.05     0.05     1 
0130324285   39.83289    -74.42069     0.10     -0.08     0.12     1 
0130324286   39.83270    -74.38423     0.03      0.01     0.03     1 
0130324287   39.83250    -74.34777     0.04      0.07     0.08     1 
0130324288   39.83229    -74.31131    -0.02      0.02     0.03     1 
0130324289   39.83207    -74.27485     0.04     -0.19     0.20     1 
0130324290   39.83183    -74.23839    -0.08      0.06     0.10     1 
0130324292   39.83133    -74.16548    -0.19      0.11     0.22     1 
0130324294   39.83078    -74.09256    -0.00     -0.04     0.04     1 
0130324355   39.80824    -74.60314    -0.00      0.06     0.06     1 
0130324356   39.80812    -74.56670     0.04     -0.01     0.04     1 
0130324357   39.80797    -74.53025    -0.02      0.05     0.05     1 
0130324358   39.80782    -74.49380     0.05     -0.01     0.06     1 
0130324359   39.80765    -74.45735     0.12      0.13     0.18     1 
0130324360   39.80748    -74.42091    -0.05     -0.00     0.05     1 
0130324361   39.80729    -74.38446     0.02      0.13     0.13     1 
0130324362   39.80709    -74.34801    -0.15      0.02     0.15     1 
0130324363   39.80688    -74.31157     0.13      0.20     0.24     1 
0130324364   39.80666    -74.27512     0.02      0.08     0.08     1 
0130324365   39.80643    -74.23868     0.13      0.06     0.14     1 
0130324367   39.80593    -74.16578    -0.07      0.07     0.10     1 
0130324369   39.80538    -74.09290    -0.09      0.04     0.10     1 
0130324430   39.78284    -74.60329    -0.04      0.06     0.07     1 
0130324432   39.78256    -74.53042    -0.01      0.02     0.02     1 
0130324433   39.78241    -74.49399     0.16      0.13     0.20     1 
0130324436   39.78188    -74.38469    -0.25     -0.24     0.35     1 
0130324437   39.78169    -74.34825     0.03      0.03     0.04     1 
0130324438   39.78148    -74.31182    -0.06     -0.03     0.07     1 
0130324505   39.75743    -74.60344    -0.03      0.04     0.04     1 
0130324506   39.75730    -74.56702     0.26     -0.20     0.33     1 
0130324510   39.75666    -74.42133     0.10      0.08     0.13     1 
0130324511   39.75648    -74.38491     0.00      0.10     0.10     1 
0130324512   39.75628    -74.34849    -0.10      0.02     0.10     1 
0130324516   39.75537    -74.20282    -0.06      0.08     0.10     1 
0130324518   39.75485    -74.12998     0.09      0.11     0.14     1 
0130324519   39.75457    -74.09356     0.09     -0.18     0.20     1 
0130324580   39.73202    -74.60358     0.03      0.05     0.06     1 
0130324582   39.73175    -74.53077    -0.04      0.10     0.11     1 
0130324583   39.73160    -74.49436     0.02      0.03     0.03     1 
0130324585   39.73126    -74.42154     0.02      0.13     0.13     1 
0130324589   39.73044    -74.27592     0.09      0.02     0.10     1 
0130324591   39.72996    -74.20311     0.16      0.08     0.17     1 
0130324592   39.72971    -74.16670     0.05      0.20     0.20     1 
0130324593   39.72944    -74.13030     0.05      0.22     0.23     1 
0130324662   39.70546    -74.34897     0.19      0.14     0.23     1 
0130324666   39.70456    -74.20340    -0.01      0.11     0.11     1 
0130324667   39.70430    -74.16701     0.06      0.10     0.12     1 
0130324668   39.70403    -74.13062     0.02     -0.04     0.04     1 
0130324732   39.68093    -74.53111     0.12      0.11     0.16     1 
0130324733   39.68078    -74.49473    -0.02      0.16     0.16     1 
0130324741   39.67915    -74.20369    -0.10      0.21     0.23     1 
0130324742   39.67889    -74.16732    -0.08      0.04     0.09     1 
0130324815   39.65399    -74.24035     0.04      0.00     0.04     1 
0130324816   39.65374    -74.20399     0.00      0.06     0.06     1 
----------------------------------------------------------------------
---------------------------------------------------
Total correlated GCPs in Upper Left Quadrant: 574

GCP statistics this quadrant only (in Pixels)
Line residual statistics:
  Mean: 0.034
  Median: 0.033
  Standard Deviation: 0.131

Sample residual statistics:
  Mean: 0.026
  Median: 0.029
  Standard Deviation: 0.068

Quadrant RMSE: 0.153

---------------------------------------------------
Total correlated GCPs in Upper Right Quadrant: 210

GCP statistics this quadrant only (in Pixels)
Line residual statistics:
  Mean: 0.012
  Median: 0.030
  Standard Deviation: 0.109

Sample residual statistics:
  Mean: 0.026
  Median: 0.021
  Standard Deviation: 0.063

Quadrant RMSE: 0.129

---------------------------------------------------
Total correlated GCPs in Lower Left Quadrant: 351

GCP statistics this quadrant only (in Pixels)
Line residual statistics:
  Mean: 0.049
  Median: 0.045
  Standard Deviation: 0.101

Sample residual statistics:
  Mean: -0.005
  Median: -0.008
  Standard Deviation: 0.072

Quadrant RMSE: 0.133

---------------------------------------------------
Total correlated GCPs in Lower Right Quadrant: 0

GCP statistics this quadrant only (in Pixels)
Line residual statistics:
  Mean: 0.000
  Median: 0.000
  Standard Deviation: 0.000

Sample residual statistics:
  Mean: 0.000
  Median: 0.000
  Standard Deviation: 0.000

Quadrant RMSE: 0.000

---------------------------------------------------
---------------------------------------------------
Total correlated GCPs in scene: 1136

GCP statistics entire scene (in Pixels)
Line residual statistics:
  Mean: 0.035
  Median: 0.037
  Standard Deviation: 0.119

Sample residual statistics:
  Mean: 0.016
  Median: 0.018
  Standard Deviation: 0.070

Scene RMSE: 0.143

