==============================================================================
==============================================================================
Thu. Sep. 15 2016                  LANDSAT 5                       Time: 06:17
                            Image Assessment System
                            GEOMETRIC VERIFY Report
==============================================================================
Order ID: 0501609141136_07637                          Path / Row - 13 / 32
Reference Image: L51LGS1003182150100_HDF.L1G

Color mapping per rank
----------------------
Rank  1 is Green: total residual <= 0.5
Rank  2 is Cyan: 0.5 < total residual <=  1
Rank  3 is Blue:  1 < total residual <=  2
Rank  4 is Yellow:  2 < total residual <=  3
Rank  5 is Red:  3 < total residual

Percentage of residuals by rank
-------------------------------
Rank   1 -- 100.0%
Rank   2 --  0.0%
Rank   3 --  0.0%
Rank   4 --  0.0%
Rank   5 --  0.0%

       GCP    Latitude    Longitude  Sample   Line     Total    Rank
        ID                           Residual Residual Residual
              (Degree)    (Degree)   (Pixel)  (Pixel)  (Pixel)
----------------------------------------------------------------------
0130320090   41.24589    -74.16492     0.06      0.09     0.11     1 
0130320091   41.24561    -74.12769    -0.15      0.11     0.18     1 
0130320092   41.24533    -74.09046     0.04      0.14     0.14     1 
0130320093   41.24503    -74.05323     0.22      0.07     0.23     1 
0130320094   41.24471    -74.01600     0.35      0.06     0.35     1 
0130320095   41.24439    -73.97876    -0.20      0.09     0.22     1 
0130320165   41.22049    -74.16524     0.09      0.17     0.19     1 
0130320166   41.22022    -74.12803     0.11     -0.08     0.14     1 
0130320167   41.21993    -74.09081     0.05      0.01     0.05     1 
0130320168   41.21963    -74.05359     0.29      0.14     0.32     1 
0130320169   41.21932    -74.01638     0.20      0.06     0.21     1 
0130320170   41.21899    -73.97916    -0.01      0.09     0.09     1 
0130320172   41.21831    -73.90473     0.03      0.20     0.20     1 
0130320173   41.21795    -73.86752     0.29     -0.16     0.33     1 
0130320174   41.21758    -73.83030    -0.11      0.04     0.11     1 
0130320175   41.21719    -73.79309     0.33     -0.01     0.33     1 
0130320240   41.19509    -74.16557    -0.07      0.06     0.10     1 
0130320241   41.19482    -74.12836    -0.15      0.14     0.20     1 
0130320242   41.19453    -74.09116    -0.16      0.09     0.19     1 
0130320243   41.19423    -74.05396     0.23      0.18     0.29     1 
0130320244   41.19392    -74.01676     0.05      0.07     0.09     1 
0130320247   41.19291    -73.90515     0.02      0.03     0.04     1 
0130320248   41.19255    -73.86795    -0.02      0.04     0.04     1 
0130320249   41.19218    -73.83075     0.08      0.04     0.09     1 
0130320250   41.19179    -73.79356     0.12      0.14     0.19     1 
0130320251   41.19140    -73.75636     0.21      0.00     0.21     1 
0130320252   41.19099    -73.71916     0.17      0.07     0.18     1 
0130320253   41.19057    -73.68197     0.26      0.06     0.27     1 
0130320254   41.19014    -73.64477    -0.01      0.05     0.05     1 
0130320255   41.18970    -73.60758     0.04      0.06     0.07     1 
0130320315   41.16969    -74.16589     0.28      0.06     0.28     1 
0130320316   41.16942    -74.12870    -0.24      0.11     0.26     1 
0130320317   41.16913    -74.09151     0.26      0.03     0.26     1 
0130320320   41.16819    -73.97995     0.16      0.07     0.17     1 
0130320321   41.16786    -73.94276    -0.05      0.16     0.17     1 
0130320322   41.16751    -73.90558    -0.38      0.05     0.39     1 
0130320323   41.16715    -73.86839     0.11      0.17     0.21     1 
0130320324   41.16678    -73.83121     0.25      0.04     0.25     1 
0130320325   41.16640    -73.79402     0.21      0.11     0.23     1 
0130320326   41.16600    -73.75684     0.19      0.11     0.22     1 
0130320328   41.16518    -73.68248     0.04      0.08     0.09     1 
0130320329   41.16475    -73.64530    -0.01     -0.00     0.01     1 
0130320330   41.16430    -73.60812    -0.00      0.02     0.02     1 
0130320331   41.16385    -73.57094     0.01      0.02     0.02     1 
0130320332   41.16338    -73.53376    -0.01      0.12     0.12     1 
0130320333   41.16290    -73.49658     0.17     -0.01     0.17     1 
0130320334   41.16241    -73.45940     0.12      0.06     0.14     1 
0130320335   41.16190    -73.42223     0.01      0.10     0.10     1 
0130320336   41.16139    -73.38505     0.12      0.06     0.13     1 
0130320390   41.14429    -74.16621     0.14      0.11     0.18     1 
0130320391   41.14402    -74.12904     0.35      0.10     0.36     1 
0130320392   41.14373    -74.09186     0.26      0.06     0.26     1 
0130320393   41.14343    -74.05469     0.29      0.09     0.30     1 
0130320394   41.14312    -74.01752     0.34      0.02     0.34     1 
0130320395   41.14280    -73.98034     0.11      0.06     0.12     1 
0130320396   41.14246    -73.94317     0.04      0.07     0.08     1 
0130320398   41.14176    -73.86883    -0.06      0.17     0.18     1 
0130320399   41.14138    -73.83166     0.21      0.10     0.23     1 
0130320400   41.14100    -73.79449     0.09     -0.03     0.10     1 
0130320401   41.14061    -73.75732     0.09      0.03     0.10     1 
0130320402   41.14020    -73.72015     0.11      0.05     0.12     1 
0130320403   41.13978    -73.68299     0.12      0.03     0.12     1 
0130320404   41.13935    -73.64582     0.19      0.02     0.19     1 
0130320405   41.13891    -73.60865    -0.22      0.03     0.22     1 
0130320406   41.13845    -73.57149     0.06      0.04     0.07     1 
0130320407   41.13798    -73.53432     0.08      0.04     0.09     1 
0130320408   41.13750    -73.49716     0.06      0.09     0.10     1 
0130320409   41.13701    -73.46000     0.14      0.08     0.17     1 
0130320410   41.13651    -73.42284     0.06      0.05     0.08     1 
0130320411   41.13600    -73.38568     0.11      0.09     0.14     1 
0130320412   41.13547    -73.34852     0.05      0.05     0.07     1 
0130320413   41.13493    -73.31136     0.07     -0.02     0.08     1 
0130320414   41.13438    -73.27420    -0.16      0.00     0.16     1 
0130320415   41.13382    -73.23705    -0.04     -0.40     0.40     1 
0130320464   41.11915    -74.20369     0.01      0.21     0.21     1 
0130320465   41.11889    -74.16653     0.09      0.07     0.12     1 
0130320466   41.11862    -74.12937     0.04      0.07     0.08     1 
0130320467   41.11833    -74.09221     0.20      0.10     0.22     1 
0130320468   41.11803    -74.05505     0.02      0.01     0.02     1 
0130320469   41.11772    -74.01789     0.12      0.04     0.13     1 
0130320470   41.11740    -73.98074     0.30      0.03     0.30     1 
0130320471   41.11706    -73.94358     0.14      0.04     0.14     1 
0130320474   41.11599    -73.83211     0.37     -0.08     0.38     1 
0130320475   41.11560    -73.79495     0.21      0.06     0.22     1 
0130320476   41.11521    -73.75780     0.14      0.01     0.14     1 
0130320477   41.11480    -73.72065    -0.02      0.05     0.05     1 
0130320478   41.11438    -73.68349     0.06      0.04     0.07     1 
0130320479   41.11395    -73.64634     0.30     -0.07     0.31     1 
0130320480   41.11351    -73.60919     0.12      0.06     0.14     1 
0130320481   41.11306    -73.57204     0.02      0.07     0.07     1 
0130320482   41.11259    -73.53489     0.10      0.05     0.11     1 
0130320483   41.11211    -73.49774     0.17      0.08     0.19     1 
0130320484   41.11162    -73.46059     0.13      0.06     0.14     1 
0130320485   41.11112    -73.42345    -0.08     -0.05     0.10     1 
0130320486   41.11060    -73.38630    -0.01     -0.16     0.16     1 
0130320487   41.11008    -73.34915    -0.37     -0.05     0.37     1 
0130320539   41.09375    -74.20400     0.11      0.09     0.15     1 
0130320540   41.09349    -74.16685     0.01      0.07     0.07     1 
0130320541   41.09322    -74.12971     0.25      0.09     0.27     1 
0130320542   41.09293    -74.09256     0.34      0.02     0.34     1 
0130320543   41.09263    -74.05542     0.07      0.13     0.15     1 
0130320544   41.09232    -74.01827     0.05      0.09     0.10     1 
0130320545   41.09200    -73.98113     0.11      0.06     0.12     1 
0130320546   41.09166    -73.94398    -0.04      0.02     0.04     1 
0130320548   41.09096    -73.86970     0.07      0.03     0.08     1 
0130320549   41.09059    -73.83256     0.07      0.08     0.11     1 
0130320550   41.09021    -73.79542     0.13      0.05     0.14     1 
0130320551   41.08981    -73.75828    -0.10     -0.04     0.11     1 
0130320552   41.08941    -73.72114     0.12      0.00     0.12     1 
0130320553   41.08899    -73.68400     0.26      0.01     0.26     1 
0130320554   41.08856    -73.64686     0.07      0.01     0.07     1 
0130320555   41.08812    -73.60972     0.12      0.05     0.13     1 
0130320556   41.08766    -73.57259     0.16      0.05     0.16     1 
0130320557   41.08720    -73.53545     0.24      0.05     0.24     1 
0130320558   41.08672    -73.49832     0.29      0.04     0.29     1 
0130320559   41.08623    -73.46119     0.04      0.06     0.07     1 
0130320560   41.08572    -73.42405    -0.03     -0.01     0.04     1 
0130320561   41.08521    -73.38692    -0.33     -0.16     0.36     1 
0130320562   41.08469    -73.34979    -0.25     -0.26     0.36     1 
0130320615   41.06809    -74.16718     0.18     -0.03     0.19     1 
0130320616   41.06782    -74.13004     0.02     -0.00     0.02     1 
0130320617   41.06753    -74.09291     0.32      0.05     0.32     1 
0130320618   41.06723    -74.05578     0.32      0.02     0.32     1 
0130320619   41.06692    -74.01865     0.04      0.03     0.05     1 
0130320620   41.06660    -73.98152     0.13     -0.03     0.14     1 
0130320621   41.06627    -73.94439     0.20      0.10     0.22     1 
0130320622   41.06592    -73.90726    -0.06      0.02     0.06     1 
0130320624   41.06519    -73.83301     0.09     -0.07     0.11     1 
0130320625   41.06481    -73.79588     0.20      0.04     0.20     1 
0130320626   41.06442    -73.75876    -0.04      0.07     0.08     1 
0130320627   41.06401    -73.72163     0.05      0.02     0.05     1 
0130320628   41.06359    -73.68451     0.12     -0.00     0.12     1 
0130320629   41.06316    -73.64738     0.12     -0.02     0.12     1 
0130320630   41.06272    -73.61026     0.22      0.01     0.22     1 
0130320631   41.06227    -73.57314     0.08     -0.01     0.08     1 
0130320632   41.06180    -73.53602     0.00     -0.02     0.02     1 
0130320633   41.06132    -73.49890    -0.14      0.03     0.14     1 
0130320634   41.06083    -73.46178    -0.28     -0.03     0.28     1 
0130320635   41.06033    -73.42466    -0.15     -0.13     0.20     1 
0130320636   41.05982    -73.38754    -0.34     -0.13     0.37     1 
0130320690   41.04269    -74.16750     0.26      0.14     0.29     1 
0130320691   41.04242    -74.13038     0.07      0.05     0.08     1 
0130320692   41.04213    -74.09326     0.27      0.09     0.28     1 
0130320693   41.04183    -74.05614     0.18      0.06     0.19     1 
0130320694   41.04152    -74.01903     0.32     -0.03     0.32     1 
0130320695   41.04120    -73.98191     0.08     -0.01     0.08     1 
0130320696   41.04087    -73.94480     0.11      0.06     0.12     1 
0130320697   41.04052    -73.90768    -0.01     -0.13     0.13     1 
0130320699   41.03979    -73.83346     0.19     -0.03     0.19     1 
0130320700   41.03941    -73.79634     0.14      0.09     0.16     1 
0130320701   41.03902    -73.75923     0.11      0.00     0.11     1 
0130320702   41.03861    -73.72212     0.26     -0.00     0.26     1 
0130320703   41.03820    -73.68501     0.12      0.04     0.13     1 
0130320704   41.03777    -73.64790     0.15      0.00     0.15     1 
0130320705   41.03733    -73.61079     0.23      0.04     0.23     1 
0130320706   41.03687    -73.57369     0.04      0.03     0.04     1 
0130320707   41.03641    -73.53658    -0.12     -0.01     0.12     1 
0130320736   41.01772    -72.46096    -0.19     -0.02     0.19     1 
0130320764   41.01755    -74.20492     0.12      0.14     0.18     1 
0130320765   41.01729    -74.16782     0.08      0.11     0.14     1 
0130320766   41.01702    -74.13071     0.20      0.12     0.24     1 
0130320767   41.01673    -74.09361     0.25      0.10     0.26     1 
0130320768   41.01643    -74.05651     0.12     -0.01     0.12     1 
0130320769   41.01612    -74.01941     0.23      0.13     0.26     1 
0130320770   41.01580    -73.98230     0.20      0.17     0.26     1 
0130320771   41.01547    -73.94520     0.06      0.07     0.09     1 
0130320773   41.01477    -73.87100     0.22      0.07     0.23     1 
0130320774   41.01440    -73.83391     0.25      0.05     0.26     1 
0130320775   41.01402    -73.79681     0.19      0.01     0.19     1 
0130320776   41.01362    -73.75971     0.33      0.07     0.34     1 
0130320777   41.01322    -73.72261     0.11     -0.02     0.11     1 
0130320778   41.01280    -73.68552     0.01     -0.01     0.02     1 
0130320779   41.01237    -73.64842    -0.11     -0.05     0.12     1 
0130320780   41.01193    -73.61133    -0.34     -0.12     0.36     1 
0130320781   41.01148    -73.57424    -0.21     -0.15     0.26     1 
0130320809   40.99395    -72.53605    -0.12     -0.04     0.12     1 
0130320810   40.99316    -72.49899    -0.18     -0.08     0.19     1 
0130320811   40.99234    -72.46193    -0.32     -0.12     0.34     1 
0130320812   40.99152    -72.42488     0.00     -0.00     0.00     1 
0130320814   40.98984    -72.35077    -0.08     -0.07     0.10     1 
0130320815   40.98898    -72.31372    -0.14     -0.06     0.15     1 
0130320816   40.98811    -72.27666     0.07      0.04     0.08     1 
0130320817   40.98723    -72.23962    -0.01     -0.02     0.02     1 
0130320838   40.99240    -74.24232     0.08      0.22     0.23     1 
0130320839   40.99215    -74.20522     0.06      0.11     0.13     1 
0130320840   40.99189    -74.16814     0.16      0.12     0.20     1 
0130320841   40.99162    -74.13105     0.33      0.07     0.33     1 
0130320842   40.99133    -74.09396     0.12      0.12     0.17     1 
0130320843   40.99103    -74.05687     0.17      0.07     0.18     1 
0130320844   40.99072    -74.01978     0.15      0.09     0.17     1 
0130320845   40.99040    -73.98269     0.00      0.13     0.13     1 
0130320846   40.99007    -73.94561     0.27      0.11     0.29     1 
0130320848   40.98937    -73.87144     0.24      0.07     0.25     1 
0130320849   40.98900    -73.83435    -0.00      0.07     0.07     1 
0130320850   40.98862    -73.79727     0.24      0.05     0.25     1 
0130320851   40.98822    -73.76019     0.25      0.09     0.26     1 
0130320852   40.98782    -73.72310     0.25      0.01     0.25     1 
0130320853   40.98740    -73.68602     0.16      0.01     0.16     1 
0130320854   40.98697    -73.64894    -0.22     -0.12     0.25     1 
0130320855   40.98653    -73.61186    -0.18     -0.05     0.19     1 
0130320868   40.97972    -73.12990     0.00     -0.00     0.00     1 
0130320869   40.97911    -73.09284     0.03      0.11     0.11     1 
0130320876   40.97453    -72.83341     0.29     -0.16     0.33     1 
0130320879   40.97238    -72.72224     0.13     -0.07     0.15     1 
0130320880   40.97165    -72.68519     0.18      0.18     0.25     1 
0130320881   40.97089    -72.64814    -0.05     -0.04     0.07     1 
0130320882   40.97013    -72.61109     0.12     -0.15     0.19     1 
0130320883   40.96936    -72.57404     0.07     -0.07     0.10     1 
0130320886   40.96697    -72.46291    -0.27     -0.14     0.30     1 
0130320888   40.96531    -72.38882    -0.11     -0.05     0.13     1 
0130320889   40.96446    -72.35178     0.05     -0.03     0.06     1 
0130320890   40.96361    -72.31475     0.15     -0.00     0.15     1 
0130320891   40.96274    -72.27771     0.24     -0.03     0.24     1 
0130320892   40.96186    -72.24067     0.15     -0.10     0.18     1 
0130320893   40.96097    -72.20364     0.08      0.03     0.08     1 
0130320894   40.96006    -72.16661    -0.02     -0.00     0.02     1 
0130320913   40.96700    -74.24261    -0.04      0.06     0.07     1 
0130320914   40.96675    -74.20553     0.06      0.26     0.26     1 
0130320915   40.96649    -74.16845     0.21      0.06     0.22     1 
0130320916   40.96622    -74.13138     0.27      0.18     0.32     1 
0130320917   40.96593    -74.09431     0.32      0.03     0.32     1 
0130320918   40.96563    -74.05723     0.11      0.14     0.18     1 
0130320919   40.96532    -74.02016     0.00      0.11     0.11     1 
0130320920   40.96500    -73.98309     0.33      0.10     0.35     1 
0130320921   40.96467    -73.94601     0.33      0.08     0.34     1 
0130320923   40.96397    -73.87187     0.11      0.03     0.12     1 
0130320924   40.96360    -73.83480    -0.01     -0.07     0.07     1 
0130320925   40.96322    -73.79773     0.18      0.09     0.20     1 
0130320926   40.96283    -73.76066     0.25      0.04     0.25     1 
0130320927   40.96242    -73.72359     0.08      0.09     0.12     1 
0130320928   40.96201    -73.68653    -0.13     -0.10     0.16     1 
0130320936   40.95825    -73.39002     0.01     -0.13     0.13     1 
0130320943   40.95433    -73.13062     0.11     -0.23     0.25     1 
0130320944   40.95372    -73.09357    -0.06     -0.08     0.10     1 
0130320945   40.95311    -73.05652     0.08      0.06     0.10     1 
0130320946   40.95247    -73.01947     0.09     -0.07     0.11     1 
0130320947   40.95183    -72.98242     0.13     -0.01     0.13     1 
0130320948   40.95118    -72.94537     0.17     -0.04     0.18     1 
0130320949   40.95051    -72.90833     0.17      0.06     0.18     1 
0130320950   40.94983    -72.87128     0.25     -0.07     0.27     1 
0130320951   40.94914    -72.83424     0.36      0.04     0.36     1 
0130320952   40.94844    -72.79720     0.11      0.06     0.12     1 
0130320953   40.94773    -72.76015     0.15     -0.02     0.15     1 
0130320954   40.94700    -72.72312     0.13     -0.23     0.26     1 
0130320956   40.94551    -72.64904     0.14     -0.08     0.16     1 
0130320957   40.94475    -72.61200     0.05     -0.06     0.08     1 
0130320958   40.94398    -72.57497    -0.13     -0.03     0.13     1 
0130320962   40.94077    -72.42685    -0.12     -0.08     0.15     1 
0130320963   40.93993    -72.38982     0.16     -0.02     0.16     1 
0130320965   40.93823    -72.31577    -0.06     -0.07     0.09     1 
0130320966   40.93736    -72.27875    -0.04     -0.12     0.13     1 
0130320967   40.93648    -72.24173    -0.17      0.00     0.17     1 
0130320988   40.94160    -74.24290     0.23      0.10     0.25     1 
0130320989   40.94135    -74.20583     0.16      0.07     0.18     1 
0130320990   40.94109    -74.16877     0.10      0.08     0.12     1 
0130320991   40.94082    -74.13171     0.08      0.11     0.13     1 
0130320992   40.94053    -74.09465     0.25      0.06     0.25     1 
0130320993   40.94023    -74.05759     0.40      0.05     0.40     1 
0130320994   40.93993    -74.02053     0.10      0.10     0.15     1 
0130320995   40.93960    -73.98347     0.27      0.11     0.29     1 
0130320996   40.93927    -73.94642     0.33      0.12     0.35     1 
0130320997   40.93893    -73.90936    -0.09      0.03     0.10     1 
0130320998   40.93857    -73.87230     0.14      0.15     0.20     1 
0130320999   40.93820    -73.83525     0.05      0.12     0.13     1 
0130321000   40.93782    -73.79819     0.15     -0.02     0.15     1 
0130321001   40.93743    -73.76114     0.04     -0.01     0.04     1 
0130321002   40.93702    -73.72408    -0.21     -0.08     0.23     1 
0130321003   40.93661    -73.68703    -0.30      0.00     0.30     1 
0130321008   40.93435    -73.50177    -0.12      0.22     0.25     1 
0130321011   40.93285    -73.39063    -0.25      0.03     0.26     1 
0130321012   40.93233    -73.35359    -0.07     -0.04     0.08     1 
0130321013   40.93180    -73.31654     0.29      0.10     0.31     1 
0130321018   40.92894    -73.13134     0.13     -0.03     0.13     1 
0130321019   40.92833    -73.09430     0.14     -0.01     0.14     1 
0130321020   40.92772    -73.05726     0.05      0.02     0.05     1 
0130321021   40.92709    -73.02023     0.15      0.05     0.15     1 
0130321023   40.92579    -72.94616     0.02     -0.09     0.09     1 
0130321024   40.92513    -72.90913     0.19     -0.03     0.19     1 
0130321025   40.92445    -72.87210     0.10     -0.04     0.11     1 
0130321026   40.92376    -72.83507     0.11     -0.01     0.11     1 
0130321027   40.92306    -72.79804     0.16     -0.11     0.20     1 
0130321028   40.92234    -72.76101     0.17      0.02     0.17     1 
0130321029   40.92162    -72.72399    -0.02     -0.07     0.07     1 
0130321030   40.92088    -72.68696     0.06      0.01     0.06     1 
0130321031   40.92013    -72.64994    -0.08     -0.08     0.12     1 
0130321032   40.91937    -72.61292    -0.05     -0.18     0.19     1 
0130321033   40.91860    -72.57590    -0.17     -0.11     0.20     1 
0130321034   40.91781    -72.53888    -0.04     -0.19     0.20     1 
0130321037   40.91539    -72.42783    -0.20     -0.02     0.20     1 
0130321038   40.91456    -72.39082     0.12      0.05     0.13     1 
0130321039   40.91371    -72.35381    -0.14     -0.07     0.15     1 
0130321040   40.91286    -72.31680     0.02     -0.10     0.10     1 
0130321063   40.91620    -74.24319     0.18      0.03     0.18     1 
0130321064   40.91595    -74.20614     0.05     -0.00     0.05     1 
0130321065   40.91569    -74.16909    -0.02      0.05     0.06     1 
0130321066   40.91542    -74.13205     0.02      0.03     0.03     1 
0130321067   40.91513    -74.09500     0.11     -0.01     0.11     1 
0130321068   40.91483    -74.05795     0.01      0.05     0.05     1 
0130321069   40.91452    -74.02091     0.10     -0.04     0.11     1 
0130321070   40.91420    -73.98386     0.25      0.12     0.27     1 
0130321071   40.91387    -73.94682     0.23      0.05     0.24     1 
0130321073   40.91317    -73.87273     0.03      0.08     0.08     1 
0130321074   40.91280    -73.83569    -0.07      0.04     0.08     1 
0130321075   40.91242    -73.79865     0.08      0.11     0.13     1 
0130321076   40.91203    -73.76161    -0.28     -0.04     0.28     1 
0130321081   40.90989    -73.57642     0.06      0.13     0.15     1 
0130321082   40.90943    -73.53938    -0.04     -0.13     0.14     1 
0130321084   40.90847    -73.46532    -0.20      0.01     0.20     1 
0130321085   40.90797    -73.42828    -0.16     -0.08     0.17     1 
0130321086   40.90746    -73.39125     0.22      0.01     0.22     1 
0130321087   40.90694    -73.35422     0.08      0.10     0.13     1 
0130321088   40.90640    -73.31719     0.19      0.01     0.19     1 
0130321089   40.90586    -73.28016     0.24     -0.03     0.24     1 
0130321090   40.90530    -73.24313     0.06     -0.03     0.06     1 
0130321091   40.90473    -73.20610     0.10      0.06     0.12     1 
0130321092   40.90414    -73.16908     0.07      0.03     0.08     1 
0130321093   40.90355    -73.13205     0.38     -0.12     0.39     1 
0130321094   40.90295    -73.09503     0.02      0.00     0.02     1 
0130321095   40.90233    -73.05801     0.13      0.02     0.13     1 
0130321096   40.90170    -73.02098     0.23     -0.03     0.23     1 
0130321097   40.90106    -72.98396     0.20      0.01     0.20     1 
0130321098   40.90040    -72.94695    -0.03     -0.00     0.03     1 
0130321099   40.89974    -72.90993     0.18     -0.03     0.18     1 
0130321100   40.89906    -72.87291     0.04     -0.02     0.04     1 
0130321101   40.89837    -72.83590     0.03      0.00     0.03     1 
0130321102   40.89767    -72.79888     0.07     -0.03     0.07     1 
0130321103   40.89696    -72.76187     0.07     -0.03     0.07     1 
0130321104   40.89623    -72.72486     0.20      0.00     0.20     1 
0130321105   40.89550    -72.68785     0.09     -0.02     0.09     1 
0130321106   40.89475    -72.65084     0.11     -0.03     0.12     1 
0130321107   40.89399    -72.61383     0.05      0.01     0.06     1 
0130321108   40.89322    -72.57683    -0.02     -0.14     0.14     1 
0130321109   40.89243    -72.53982     0.04      0.00     0.04     1 
0130321110   40.89164    -72.50282     0.02     -0.06     0.07     1 
0130321111   40.89083    -72.46582    -0.09     -0.04     0.10     1 
0130321112   40.89001    -72.42882    -0.08     -0.11     0.13     1 
0130321113   40.88918    -72.39182    -0.12     -0.06     0.13     1 
0130321114   40.88834    -72.35482    -0.05     -0.02     0.05     1 
0130321137   40.89103    -74.28051    -0.02      0.09     0.10     1 
0130321138   40.89080    -74.24348    -0.08      0.09     0.12     1 
0130321139   40.89055    -74.20644    -0.06      0.15     0.16     1 
0130321140   40.89029    -74.16941     0.02      0.06     0.07     1 
0130321141   40.89001    -74.13238     0.02      0.06     0.06     1 
0130321142   40.88973    -74.09534    -0.07      0.09     0.11     1 
0130321143   40.88943    -74.05831    -0.02     -0.03     0.04     1 
0130321144   40.88912    -74.02128     0.11     -0.06     0.12     1 
0130321145   40.88880    -73.98425    -0.02      0.07     0.07     1 
0130321146   40.88847    -73.94722     0.15     -0.11     0.19     1 
0130321147   40.88813    -73.91019    -0.04     -0.06     0.08     1 
0130321148   40.88777    -73.87317     0.13     -0.03     0.14     1 
0130321149   40.88741    -73.83614    -0.03     -0.02     0.04     1 
0130321150   40.88703    -73.79911     0.19     -0.06     0.19     1 
0130321151   40.88663    -73.76208    -0.38     -0.14     0.40     1 
0130321154   40.88539    -73.65101     0.22      0.25     0.34     1 
0130321155   40.88495    -73.61399     0.25      0.02     0.25     1 
0130321156   40.88450    -73.57696     0.15      0.06     0.16     1 
0130321157   40.88403    -73.53994     0.10     -0.07     0.12     1 
0130321158   40.88356    -73.50292     0.03      0.25     0.25     1 
0130321159   40.88307    -73.46590     0.03      0.38     0.38     1 
0130321160   40.88258    -73.42888     0.01      0.05     0.05     1 
0130321161   40.88206    -73.39186     0.18      0.04     0.18     1 
0130321162   40.88154    -73.35485     0.22      0.09     0.24     1 
0130321163   40.88101    -73.31783     0.16      0.03     0.17     1 
0130321164   40.88046    -73.28082     0.12      0.02     0.12     1 
0130321165   40.87991    -73.24380     0.13     -0.03     0.13     1 
0130321166   40.87934    -73.20679     0.21      0.03     0.21     1 
0130321167   40.87875    -73.16978     0.09     -0.00     0.09     1 
0130321168   40.87816    -73.13277     0.05      0.00     0.05     1 
0130321169   40.87756    -73.09576     0.11     -0.05     0.12     1 
0130321170   40.87694    -73.05875     0.12     -0.03     0.13     1 
0130321171   40.87631    -73.02174     0.11      0.03     0.11     1 
0130321172   40.87567    -72.98474     0.19      0.05     0.20     1 
0130321173   40.87502    -72.94773     0.13      0.01     0.13     1 
0130321174   40.87435    -72.91073     0.19     -0.02     0.20     1 
0130321175   40.87367    -72.87372     0.12     -0.02     0.12     1 
0130321176   40.87299    -72.83672     0.03     -0.07     0.08     1 
0130321177   40.87229    -72.79972     0.08     -0.00     0.08     1 
0130321178   40.87157    -72.76273     0.12     -0.02     0.12     1 
0130321179   40.87085    -72.72573     0.08     -0.07     0.10     1 
0130321180   40.87011    -72.68873     0.17      0.01     0.17     1 
0130321181   40.86937    -72.65174    -0.05      0.00     0.06     1 
0130321182   40.86861    -72.61474     0.09      0.05     0.10     1 
0130321183   40.86784    -72.57775     0.08     -0.02     0.08     1 
0130321184   40.86705    -72.54076    -0.04     -0.02     0.05     1 
0130321185   40.86626    -72.50377    -0.02     -0.13     0.13     1 
0130321187   40.86463    -72.42980    -0.10     -0.01     0.10     1 
0130321188   40.86380    -72.39281    -0.14     -0.02     0.14     1 
0130321212   40.86563    -74.28078     0.01      0.02     0.02     1 
0130321213   40.86539    -74.24376     0.24      0.03     0.24     1 
0130321214   40.86515    -74.20675     0.01      0.01     0.01     1 
0130321215   40.86489    -74.16973     0.08      0.06     0.10     1 
0130321216   40.86461    -74.13271    -0.05      0.05     0.07     1 
0130321217   40.86433    -74.09569     0.02      0.04     0.05     1 
0130321218   40.86403    -74.05867    -0.01      0.06     0.06     1 
0130321219   40.86373    -74.02166    -0.07      0.11     0.13     1 
0130321220   40.86341    -73.98464     0.04      0.05     0.06     1 
0130321222   40.86273    -73.91061    -0.07     -0.01     0.07     1 
0130321223   40.86237    -73.87360     0.01      0.05     0.05     1 
0130321224   40.86201    -73.83658    -0.06     -0.08     0.10     1 
0130321225   40.86163    -73.79957    -0.17     -0.17     0.24     1 
0130321226   40.86124    -73.76256    -0.21     -0.24     0.32     1 
0130321227   40.86083    -73.72554     0.12      0.30     0.33     1 
0130321229   40.85999    -73.65153    -0.21      0.28     0.35     1 
0130321230   40.85955    -73.61452     0.05      0.04     0.06     1 
0130321231   40.85910    -73.57751     0.30      0.07     0.31     1 
0130321232   40.85864    -73.54050     0.16      0.05     0.17     1 
0130321233   40.85817    -73.50349     0.25      0.03     0.25     1 
0130321234   40.85768    -73.46649     0.02      0.01     0.02     1 
0130321235   40.85718    -73.42948     0.31     -0.01     0.31     1 
0130321236   40.85667    -73.39248    -0.34      0.03     0.35     1 
0130321237   40.85615    -73.35548     0.21      0.02     0.21     1 
0130321238   40.85562    -73.31847     0.09     -0.00     0.09     1 
0130321239   40.85507    -73.28147     0.13     -0.01     0.13     1 
0130321240   40.85451    -73.24447     0.16      0.01     0.16     1 
0130321241   40.85394    -73.20748     0.01      0.06     0.06     1 
0130321242   40.85336    -73.17048    -0.06     -0.02     0.06     1 
0130321243   40.85277    -73.13348     0.04     -0.01     0.04     1 
0130321244   40.85217    -73.09649     0.13      0.08     0.15     1 
0130321245   40.85155    -73.05949     0.13      0.03     0.13     1 
0130321247   40.85028    -72.98551     0.23      0.04     0.23     1 
0130321248   40.84963    -72.94852     0.24      0.02     0.24     1 
0130321249   40.84896    -72.91152     0.16     -0.02     0.16     1 
0130321250   40.84829    -72.87454     0.18      0.02     0.18     1 
0130321252   40.84690    -72.80056     0.26     -0.04     0.26     1 
0130321253   40.84619    -72.76358     0.18     -0.01     0.18     1 
0130321254   40.84547    -72.72660     0.15     -0.02     0.15     1 
0130321255   40.84473    -72.68961    -0.03     -0.07     0.08     1 
0130321256   40.84398    -72.65263    -0.08     -0.00     0.08     1 
0130321257   40.84323    -72.61566     0.01     -0.04     0.04     1 
0130321258   40.84246    -72.57868    -0.09     -0.04     0.09     1 
0130321260   40.84088    -72.50473    -0.32     -0.02     0.32     1 
0130321287   40.84023    -74.28106     0.10      0.05     0.12     1 
0130321288   40.83999    -74.24405     0.24      0.02     0.24     1 
0130321289   40.83975    -74.20705     0.25     -0.00     0.25     1 
0130321290   40.83949    -74.17004     0.22      0.06     0.23     1 
0130321291   40.83921    -74.13304    -0.04      0.00     0.04     1 
0130321292   40.83893    -74.09604    -0.01     -0.04     0.04     1 
0130321293   40.83863    -74.05903    -0.04      0.05     0.06     1 
0130321294   40.83832    -74.02203    -0.04      0.06     0.08     1 
0130321295   40.83801    -73.98503     0.12     -0.05     0.13     1 
0130321297   40.83733    -73.91103    -0.10     -0.05     0.11     1 
0130321298   40.83698    -73.87403    -0.03     -0.03     0.04     1 
0130321299   40.83661    -73.83703    -0.11      0.03     0.11     1 
0130321302   40.83544    -73.72603    -0.37      0.14     0.39     1 
0130321303   40.83502    -73.68904    -0.03     -0.03     0.04     1 
0130321304   40.83460    -73.65204     0.08      0.06     0.10     1 
0130321305   40.83416    -73.61504     0.27      0.01     0.27     1 
0130321306   40.83371    -73.57805     0.13      0.01     0.13     1 
0130321307   40.83324    -73.54106     0.20      0.03     0.20     1 
0130321308   40.83277    -73.50406     0.13     -0.04     0.13     1 
0130321309   40.83228    -73.46707     0.23     -0.03     0.23     1 
0130321310   40.83179    -73.43008     0.11      0.01     0.11     1 
0130321311   40.83128    -73.39309     0.15      0.01     0.15     1 
0130321312   40.83076    -73.35610     0.04     -0.03     0.05     1 
0130321313   40.83022    -73.31912     0.19     -0.01     0.19     1 
0130321314   40.82968    -73.28213     0.14     -0.01     0.14     1 
0130321315   40.82912    -73.24514     0.01      0.05     0.05     1 
0130321316   40.82855    -73.20816     0.05      0.06     0.08     1 
0130321317   40.82797    -73.17118     0.04      0.01     0.04     1 
0130321318   40.82738    -73.13419    -0.00      0.01     0.01     1 
0130321319   40.82678    -73.09721     0.04     -0.05     0.07     1 
0130321320   40.82616    -73.06023     0.14     -0.02     0.14     1 
0130321321   40.82553    -73.02325     0.04     -0.01     0.04     1 
0130321322   40.82489    -72.98627     0.03     -0.03     0.05     1 
0130321323   40.82424    -72.94930     0.06      0.02     0.06     1 
0130321324   40.82358    -72.91232     0.05     -0.12     0.12     1 
0130321325   40.82290    -72.87535     0.14     -0.00     0.14     1 
0130321326   40.82221    -72.83837     0.15      0.10     0.17     1 
0130321327   40.82152    -72.80140     0.18     -0.02     0.19     1 
0130321328   40.82081    -72.76443     0.11      0.08     0.13     1 
0130321329   40.82008    -72.72746    -0.05     -0.01     0.06     1 
0130321330   40.81935    -72.69049     0.03      0.03     0.04     1 
0130321331   40.81860    -72.65353     0.08     -0.01     0.08     1 
0130321332   40.81784    -72.61656    -0.11      0.02     0.12     1 
0130321333   40.81707    -72.57960    -0.01     -0.05     0.05     1 
0130321362   40.81483    -74.28133     0.21      0.16     0.27     1 
0130321364   40.81434    -74.20735    -0.01      0.09     0.09     1 
0130321365   40.81408    -74.17036     0.16      0.04     0.16     1 
0130321366   40.81381    -74.13337    -0.05      0.01     0.05     1 
0130321367   40.81353    -74.09638    -0.13     -0.03     0.14     1 
0130321368   40.81323    -74.05939    -0.15      0.05     0.15     1 
0130321369   40.81292    -74.02240    -0.08     -0.00     0.08     1 
0130321371   40.81227    -73.94843    -0.03     -0.16     0.16     1 
0130321372   40.81193    -73.91144    -0.10     -0.05     0.12     1 
0130321373   40.81158    -73.87445    -0.14      0.04     0.15     1 
0130321374   40.81121    -73.83747    -0.31      0.07     0.31     1 
0130321375   40.81083    -73.80048    -0.30     -0.11     0.32     1 
0130321377   40.81004    -73.72652     0.16     -0.20     0.25     1 
0130321378   40.80962    -73.68954     0.14      0.07     0.15     1 
0130321379   40.80920    -73.65255    -0.13     -0.01     0.13     1 
0130321380   40.80876    -73.61557     0.19      0.02     0.19     1 
0130321381   40.80831    -73.57859     0.21      0.07     0.22     1 
0130321382   40.80785    -73.54161     0.13      0.03     0.13     1 
0130321383   40.80738    -73.50463    -0.02      0.04     0.05     1 
0130321384   40.80689    -73.46766     0.03      0.02     0.04     1 
0130321385   40.80639    -73.43068     0.18      0.07     0.19     1 
0130321386   40.80588    -73.39371     0.02     -0.08     0.08     1 
0130321387   40.80536    -73.35673     0.17      0.03     0.17     1 
0130321388   40.80483    -73.31976     0.09      0.04     0.10     1 
0130321389   40.80429    -73.28279     0.00     -0.05     0.05     1 
0130321390   40.80373    -73.24581    -0.11     -0.02     0.11     1 
0130321391   40.80316    -73.20884     0.06     -0.08     0.10     1 
0130321392   40.80258    -73.17187    -0.06      0.01     0.07     1 
0130321393   40.80199    -73.13490    -0.07     -0.04     0.08     1 
0130321394   40.80139    -73.09794    -0.09      0.02     0.09     1 
0130321395   40.80077    -73.06097     0.11      0.03     0.11     1 
0130321396   40.80014    -73.02401     0.06     -0.11     0.12     1 
0130321397   40.79950    -72.98704     0.19     -0.00     0.19     1 
0130321398   40.79885    -72.95008    -0.03     -0.06     0.07     1 
0130321399   40.79819    -72.91312    -0.00      0.05     0.05     1 
0130321400   40.79751    -72.87616     0.04     -0.03     0.05     1 
0130321401   40.79683    -72.83920    -0.03      0.03     0.05     1 
0130321402   40.79613    -72.80224     0.03     -0.08     0.08     1 
0130321403   40.79542    -72.76528    -0.08     -0.03     0.08     1 
0130321405   40.79397    -72.69138    -0.11      0.00     0.11     1 
0130321406   40.79322    -72.65442     0.11      0.11     0.16     1 
0130321437   40.78943    -74.28161     0.29      0.11     0.31     1 
0130321438   40.78919    -74.24463     0.22     -0.02     0.22     1 
0130321439   40.78894    -74.20765     0.12      0.10     0.15     1 
0130321440   40.78868    -74.17068     0.16      0.01     0.17     1 
0130321441   40.78841    -74.13370     0.05     -0.05     0.08     1 
0130321442   40.78813    -74.09673    -0.09     -0.00     0.09     1 
0130321443   40.78783    -74.05975    -0.10     -0.00     0.10     1 
0130321444   40.78752    -74.02278    -0.05     -0.01     0.05     1 
0130321446   40.78687    -73.94883     0.12     -0.07     0.14     1 
0130321447   40.78653    -73.91186    -0.18     -0.03     0.18     1 
0130321448   40.78618    -73.87488    -0.17     -0.03     0.17     1 
0130321449   40.78581    -73.83791    -0.09     -0.03     0.09     1 
0130321450   40.78543    -73.80094    -0.04     -0.02     0.04     1 
0130321451   40.78504    -73.76397    -0.08     -0.20     0.22     1 
0130321452   40.78464    -73.72700     0.02     -0.01     0.02     1 
0130321453   40.78423    -73.69003     0.21     -0.02     0.22     1 
0130321454   40.78380    -73.65307     0.04      0.02     0.05     1 
0130321455   40.78336    -73.61610     0.11      0.03     0.12     1 
0130321456   40.78291    -73.57913     0.26     -0.04     0.27     1 
0130321457   40.78245    -73.54217    -0.11      0.05     0.12     1 
0130321458   40.78198    -73.50521    -0.00      0.03     0.03     1 
0130321459   40.78149    -73.46824     0.01      0.03     0.03     1 
0130321460   40.78100    -73.43128     0.06     -0.09     0.11     1 
0130321461   40.78049    -73.39432     0.13      0.15     0.20     1 
0130321462   40.77997    -73.35736     0.21     -0.02     0.21     1 
0130321463   40.77944    -73.32040     0.09      0.02     0.09     1 
0130321464   40.77889    -73.28344    -0.06     -0.04     0.07     1 
0130321465   40.77834    -73.24648     0.10      0.01     0.10     1 
0130321466   40.77777    -73.20952    -0.14     -0.06     0.15     1 
0130321467   40.77719    -73.17257     0.17     -0.01     0.17     1 
0130321468   40.77660    -73.13562     0.13      0.01     0.13     1 
0130321469   40.77600    -73.09866    -0.05     -0.01     0.05     1 
0130321470   40.77538    -73.06171    -0.01     -0.02     0.02     1 
0130321471   40.77475    -73.02476    -0.00     -0.03     0.03     1 
0130321472   40.77412    -72.98781     0.01     -0.04     0.04     1 
0130321473   40.77347    -72.95086     0.07     -0.06     0.09     1 
0130321474   40.77280    -72.91391     0.11     -0.07     0.13     1 
0130321475   40.77213    -72.87697     0.08     -0.01     0.08     1 
0130321476   40.77144    -72.84002     0.25     -0.02     0.25     1 
0130321477   40.77074    -72.80308    -0.15     -0.05     0.16     1 
0130321478   40.77004    -72.76614    -0.04      0.03     0.05     1 
0130321512   40.76402    -74.28188     0.06     -0.00     0.06     1 
0130321513   40.76379    -74.24492     0.05      0.02     0.05     1 
0130321514   40.76354    -74.20795    -0.02     -0.03     0.03     1 
0130321515   40.76328    -74.17099    -0.06     -0.00     0.06     1 
0130321516   40.76301    -74.13403    -0.06     -0.01     0.06     1 
0130321517   40.76273    -74.09707    -0.08      0.04     0.09     1 
0130321518   40.76243    -74.06011    -0.10      0.05     0.11     1 
0130321519   40.76212    -74.02315    -0.02     -0.01     0.02     1 
0130321520   40.76181    -73.98619     0.28     -0.05     0.29     1 
0130321521   40.76147    -73.94923    -0.01     -0.14     0.14     1 
0130321522   40.76113    -73.91227    -0.18     -0.02     0.18     1 
0130321523   40.76078    -73.87531    -0.17     -0.03     0.17     1 
0130321524   40.76041    -73.83836    -0.15     -0.05     0.16     1 
0130321525   40.76003    -73.80140     0.00      0.05     0.05     1 
0130321526   40.75964    -73.76444    -0.03     -0.02     0.04     1 
0130321527   40.75924    -73.72749    -0.02     -0.02     0.03     1 
0130321528   40.75883    -73.69053    -0.06     -0.02     0.06     1 
0130321529   40.75840    -73.65358     0.05      0.03     0.06     1 
0130321530   40.75797    -73.61663     0.03      0.02     0.04     1 
0130321531   40.75752    -73.57967    -0.06      0.13     0.14     1 
0130321532   40.75706    -73.54272    -0.03      0.03     0.05     1 
0130321533   40.75658    -73.50577    -0.08     -0.01     0.08     1 
0130321534   40.75610    -73.46882     0.12      0.03     0.13     1 
0130321535   40.75560    -73.43188     0.02      0.02     0.03     1 
0130321536   40.75509    -73.39493     0.00      0.05     0.05     1 
0130321537   40.75458    -73.35798    -0.02     -0.04     0.05     1 
0130321538   40.75404    -73.32104    -0.08     -0.06     0.10     1 
0130321539   40.75350    -73.28409     0.10      0.01     0.10     1 
0130321540   40.75294    -73.24715     0.12     -0.02     0.13     1 
0130321541   40.75238    -73.21021     0.16      0.06     0.17     1 
0130321542   40.75180    -73.17327     0.12      0.01     0.12     1 
0130321543   40.75121    -73.13632     0.02      0.04     0.04     1 
0130321544   40.75061    -73.09938     0.09     -0.04     0.10     1 
0130321545   40.74999    -73.06245     0.04     -0.10     0.11     1 
0130321546   40.74936    -73.02551    -0.08     -0.10     0.13     1 
0130321547   40.74873    -72.98857    -0.17     -0.10     0.19     1 
0130321548   40.74808    -72.95164    -0.17      0.01     0.17     1 
0130321550   40.74674    -72.87777    -0.11      0.11     0.16     1 
0130321551   40.74606    -72.84084    -0.09     -0.06     0.11     1 
0130321586   40.73884    -74.31910     0.10     -0.03     0.10     1 
0130321587   40.73862    -74.28216     0.24     -0.03     0.24     1 
0130321588   40.73839    -74.24520     0.08      0.02     0.08     1 
0130321589   40.73814    -74.20826     0.08      0.02     0.08     1 
0130321590   40.73788    -74.17131    -0.09      0.05     0.10     1 
0130321591   40.73761    -74.13436    -0.15      0.05     0.16     1 
0130321592   40.73732    -74.09741    -0.04      0.09     0.10     1 
0130321593   40.73703    -74.06047    -0.03     -0.00     0.03     1 
0130321595   40.73640    -73.98657     0.05      0.04     0.06     1 
0130321596   40.73607    -73.94963    -0.14     -0.01     0.14     1 
0130321597   40.73573    -73.91268    -0.08      0.03     0.08     1 
0130321598   40.73538    -73.87574    -0.13      0.00     0.13     1 
0130321599   40.73501    -73.83880    -0.06      0.06     0.08     1 
0130321600   40.73463    -73.80186    -0.05      0.01     0.05     1 
0130321601   40.73425    -73.76491     0.13      0.01     0.13     1 
0130321602   40.73384    -73.72797    -0.05      0.02     0.05     1 
0130321603   40.73343    -73.69103    -0.03     -0.01     0.03     1 
0130321604   40.73301    -73.65409     0.04      0.03     0.05     1 
0130321605   40.73257    -73.61715    -0.10      0.06     0.12     1 
0130321606   40.73212    -73.58022    -0.02      0.04     0.04     1 
0130321607   40.73166    -73.54328    -0.01     -0.05     0.05     1 
0130321608   40.73119    -73.50634     0.11      0.01     0.11     1 
0130321609   40.73070    -73.46941    -0.01     -0.03     0.03     1 
0130321610   40.73021    -73.43247    -0.06      0.01     0.06     1 
0130321611   40.72970    -73.39554    -0.18     -0.00     0.18     1 
0130321612   40.72918    -73.35861     0.09     -0.01     0.09     1 
0130321613   40.72865    -73.32167     0.01     -0.03     0.03     1 
0130321614   40.72811    -73.28475    -0.08      0.04     0.09     1 
0130321615   40.72755    -73.24782    -0.08      0.00     0.08     1 
0130321616   40.72699    -73.21089     0.02     -0.03     0.04     1 
0130321617   40.72641    -73.17396     0.06     -0.03     0.07     1 
0130321618   40.72582    -73.13703    -0.09     -0.04     0.10     1 
0130321619   40.72521    -73.10011    -0.14     -0.07     0.16     1 
0130321661   40.71344    -74.31936     0.16      0.05     0.16     1 
0130321662   40.71322    -74.28243    -0.00      0.12     0.12     1 
0130321663   40.71298    -74.24549    -0.05      0.02     0.06     1 
0130321664   40.71274    -74.20856     0.04      0.03     0.05     1 
0130321665   40.71248    -74.17162    -0.10      0.08     0.13     1 
0130321666   40.71221    -74.13469    -0.10      0.04     0.11     1 
0130321667   40.71192    -74.09776    -0.08     -0.04     0.09     1 
0130321668   40.71163    -74.06082    -0.06      0.01     0.06     1 
0130321669   40.71132    -74.02389     0.07     -0.08     0.11     1 
0130321670   40.71100    -73.98696    -0.10     -0.02     0.10     1 
0130321671   40.71067    -73.95003     0.00     -0.05     0.05     1 
0130321672   40.71033    -73.91310    -0.15     -0.03     0.15     1 
0130321673   40.70998    -73.87617    -0.04      0.01     0.04     1 
0130321674   40.70961    -73.83924    -0.07      0.06     0.09     1 
0130321675   40.70924    -73.80231    -0.07      0.00     0.07     1 
0130321676   40.70885    -73.76538     0.02      0.05     0.06     1 
0130321677   40.70845    -73.72846    -0.12      0.07     0.14     1 
0130321678   40.70803    -73.69153     0.05     -0.00     0.05     1 
0130321679   40.70761    -73.65460    -0.04     -0.05     0.07     1 
0130321680   40.70717    -73.61768    -0.01      0.01     0.02     1 
0130321681   40.70672    -73.58075     0.03     -0.00     0.03     1 
0130321682   40.70626    -73.54383     0.04     -0.09     0.10     1 
0130321683   40.70579    -73.50691     0.02     -0.05     0.05     1 
0130321684   40.70531    -73.46999     0.03     -0.05     0.06     1 
0130321685   40.70481    -73.43307    -0.00     -0.02     0.02     1 
0130321686   40.70431    -73.39615    -0.14     -0.02     0.15     1 
0130321687   40.70379    -73.35923    -0.10      0.05     0.11     1 
0130321688   40.70326    -73.32231    -0.02      0.00     0.02     1 
0130321689   40.70271    -73.28540    -0.01      0.03     0.03     1 
0130321690   40.70216    -73.24848    -0.21     -0.11     0.24     1 
0130321691   40.70159    -73.21157    -0.28     -0.08     0.29     1 
0130321692   40.70102    -73.17465    -0.11     -0.03     0.11     1 
0130321693   40.70043    -73.13774    -0.05     -0.20     0.21     1 
0130321736   40.68804    -74.31962    -0.05      0.04     0.06     1 
0130321737   40.68782    -74.28270     0.20      0.08     0.22     1 
0130321738   40.68758    -74.24578     0.14      0.05     0.14     1 
0130321739   40.68733    -74.20886    -0.02      0.11     0.12     1 
0130321740   40.68708    -74.17194    -0.14      0.08     0.16     1 
0130321741   40.68680    -74.13502    -0.23      0.23     0.32     1 
0130321742   40.68652    -74.09810    -0.09      0.05     0.10     1 
0130321743   40.68623    -74.06118    -0.12     -0.02     0.12     1 
0130321744   40.68592    -74.02426    -0.21      0.00     0.21     1 
0130321745   40.68560    -73.98734     0.00     -0.04     0.04     1 
0130321746   40.68527    -73.95043    -0.08     -0.04     0.09     1 
0130321747   40.68493    -73.91351    -0.13      0.05     0.14     1 
0130321748   40.68458    -73.87659    -0.02     -0.00     0.02     1 
0130321749   40.68421    -73.83968    -0.08      0.01     0.08     1 
0130321750   40.68384    -73.80276    -0.03     -0.02     0.04     1 
0130321751   40.68345    -73.76585     0.06      0.03     0.07     1 
0130321752   40.68305    -73.72894    -0.04     -0.00     0.04     1 
0130321753   40.68263    -73.69203    -0.01      0.03     0.04     1 
0130321754   40.68221    -73.65511     0.03     -0.09     0.09     1 
0130321755   40.68178    -73.61820     0.16      0.07     0.17     1 
0130321756   40.68133    -73.58129     0.06      0.06     0.08     1 
0130321757   40.68087    -73.54439     0.15     -0.01     0.15     1 
0130321758   40.68040    -73.50748     0.05      0.01     0.05     1 
0130321759   40.67991    -73.47057     0.02      0.01     0.02     1 
0130321760   40.67942    -73.43366    -0.03     -0.03     0.04     1 
0130321761   40.67891    -73.39676    -0.04      0.01     0.04     1 
0130321762   40.67839    -73.35985    -0.05     -0.04     0.07     1 
0130321763   40.67786    -73.32295    -0.17      0.00     0.17     1 
0130321764   40.67732    -73.28605    -0.23      0.01     0.23     1 
0130321811   40.66264    -74.31988     0.05      0.08     0.09     1 
0130321812   40.66241    -74.28297     0.04     -0.01     0.04     1 
0130321813   40.66218    -74.24607     0.13     -0.07     0.14     1 
0130321814   40.66193    -74.20916    -0.11     -0.02     0.11     1 
0130321815   40.66167    -74.17225    -0.17      0.02     0.17     1 
0130321817   40.66112    -74.09844    -0.15      0.10     0.18     1 
0130321818   40.66083    -74.06154    -0.12     -0.09     0.15     1 
0130321819   40.66052    -74.02463    -0.16      0.21     0.27     1 
0130321820   40.66020    -73.98773     0.01      0.07     0.07     1 
0130321821   40.65987    -73.95082    -0.11      0.06     0.13     1 
0130321822   40.65953    -73.91392    -0.04     -0.00     0.04     1 
0130321823   40.65918    -73.87702    -0.33      0.00     0.33     1 
0130321824   40.65881    -73.84012    -0.15      0.00     0.15     1 
0130321825   40.65844    -73.80322    -0.13      0.03     0.14     1 
0130321826   40.65805    -73.76632    -0.08      0.03     0.08     1 
0130321827   40.65765    -73.72942    -0.12      0.08     0.15     1 
0130321828   40.65724    -73.69252    -0.06      0.04     0.07     1 
0130321829   40.65681    -73.65563    -0.05     -0.02     0.06     1 
0130321830   40.65638    -73.61873     0.03      0.01     0.03     1 
0130321831   40.65593    -73.58183    -0.05      0.03     0.05     1 
0130321832   40.65547    -73.54494    -0.08      0.03     0.09     1 
0130321833   40.65500    -73.50804    -0.11     -0.01     0.11     1 
0130321834   40.65452    -73.47115    -0.20      0.03     0.20     1 
0130321835   40.65402    -73.43426    -0.06      0.01     0.06     1 
0130321836   40.65352    -73.39737    -0.25     -0.05     0.25     1 
0130321838   40.65247    -73.32359    -0.11     -0.02     0.11     1 
0130321839   40.65193    -73.28670    -0.05      0.02     0.06     1 
0130321840   40.65137    -73.24981    -0.09     -0.06     0.11     1 
0130321841   40.65081    -73.21292    -0.32      0.21     0.38     1 
0130321842   40.65023    -73.17604    -0.01     -0.11     0.11     1 
0130321885   40.63744    -74.35703     0.32      0.07     0.33     1 
0130321886   40.63723    -74.32014     0.08      0.04     0.09     1 
0130321887   40.63701    -74.28324     0.05      0.04     0.06     1 
0130321888   40.63678    -74.24635     0.03     -0.03     0.05     1 
0130321889   40.63653    -74.20946    -0.10      0.01     0.10     1 
0130321890   40.63627    -74.17257    -0.17     -0.00     0.17     1 
0130321891   40.63600    -74.13567     0.01     -0.01     0.02     1 
0130321892   40.63572    -74.09878     0.08      0.03     0.09     1 
0130321893   40.63542    -74.06189    -0.01     -0.23     0.23     1 
0130321894   40.63512    -74.02500    -0.11     -0.01     0.11     1 
0130321895   40.63480    -73.98811    -0.12      0.02     0.12     1 
0130321896   40.63447    -73.95122    -0.02      0.01     0.02     1 
0130321897   40.63413    -73.91433    -0.12      0.05     0.13     1 
0130321898   40.63378    -73.87745    -0.23     -0.09     0.25     1 
0130321899   40.63341    -73.84056    -0.03      0.14     0.14     1 
0130321901   40.63265    -73.76679    -0.02      0.11     0.12     1 
0130321902   40.63225    -73.72990    -0.17      0.01     0.17     1 
0130321903   40.63184    -73.69302    -0.06      0.04     0.07     1 
0130321904   40.63141    -73.65614    -0.10      0.02     0.10     1 
0130321905   40.63098    -73.61925    -0.17     -0.00     0.17     1 
0130321906   40.63053    -73.58237    -0.08      0.04     0.09     1 
0130321907   40.63007    -73.54549    -0.07     -0.06     0.10     1 
0130321908   40.62960    -73.50861    -0.16     -0.06     0.17     1 
0130321909   40.62912    -73.47173    -0.09     -0.13     0.15     1 
0130321910   40.62863    -73.43485    -0.09     -0.03     0.09     1 
0130321911   40.62812    -73.39797    -0.17     -0.07     0.19     1 
0130321960   40.61204    -74.35728     0.31     -0.01     0.31     1 
0130321961   40.61183    -74.32040     0.09     -0.02     0.10     1 
0130321962   40.61161    -74.28352    -0.02     -0.08     0.08     1 
0130321963   40.61137    -74.24664    -0.09      0.02     0.10     1 
0130321964   40.61113    -74.20976    -0.19      0.04     0.20     1 
0130321965   40.61087    -74.17288    -0.04     -0.04     0.06     1 
0130321966   40.61060    -74.13600     0.08      0.00     0.08     1 
0130321967   40.61032    -74.09912    -0.01      0.00     0.01     1 
0130321968   40.61002    -74.06225     0.04      0.06     0.08     1 
0130321969   40.60972    -74.02537     0.09      0.06     0.11     1 
0130321970   40.60940    -73.98850    -0.07     -0.04     0.08     1 
0130321971   40.60907    -73.95162    -0.13     -0.03     0.13     1 
0130321972   40.60873    -73.91475    -0.14     -0.03     0.15     1 
0130321973   40.60838    -73.87787    -0.17     -0.11     0.20     1 
0130321974   40.60802    -73.84100    -0.15      0.03     0.15     1 
0130321975   40.60764    -73.80413    -0.12      0.01     0.12     1 
0130321976   40.60725    -73.76725    -0.17      0.04     0.18     1 
0130321977   40.60685    -73.73038    -0.03      0.02     0.04     1 
0130321978   40.60644    -73.69351    -0.06      0.07     0.09     1 
0130321979   40.60602    -73.65664    -0.11      0.04     0.12     1 
0130321980   40.60558    -73.61978    -0.12      0.05     0.13     1 
0130321981   40.60514    -73.58291    -0.18     -0.00     0.18     1 
0130321982   40.60468    -73.54604    -0.14      0.04     0.15     1 
0130321983   40.60421    -73.50917    -0.05     -0.05     0.07     1 
0130321984   40.60373    -73.47231    -0.16      0.18     0.24     1 
0130322035   40.58664    -74.35752     0.29     -0.04     0.29     1 
0130322036   40.58643    -74.32065     0.29     -0.04     0.29     1 
0130322037   40.58620    -74.28379    -0.01      0.03     0.03     1 
0130322038   40.58597    -74.24692    -0.18     -0.05     0.19     1 
0130322039   40.58572    -74.21006    -0.18      0.03     0.18     1 
0130322040   40.58547    -74.17319    -0.16     -0.08     0.18     1 
0130322042   40.58492    -74.09946    -0.07     -0.02     0.08     1 
0130322043   40.58462    -74.06260    -0.16     -0.07     0.18     1 
0130322045   40.58400    -73.98888    -0.13     -0.02     0.13     1 
0130322046   40.58367    -73.95202    -0.11      0.02     0.11     1 
0130322047   40.58333    -73.91516    -0.20      0.02     0.20     1 
0130322048   40.58298    -73.87830    -0.12      0.02     0.12     1 
0130322052   40.58145    -73.73086     0.01      0.02     0.02     1 
0130322053   40.58104    -73.69401    -0.14      0.11     0.18     1 
0130322056   40.57974    -73.58344     0.10     -0.07     0.12     1 
0130322110   40.56124    -74.35776     0.25     -0.04     0.25     1 
0130322111   40.56102    -74.32091     0.02     -0.08     0.08     1 
0130322112   40.56080    -74.28406     0.06     -0.06     0.08     1 
0130322113   40.56057    -74.24721    -0.08     -0.03     0.08     1 
0130322114   40.56032    -74.21036    -0.15      0.03     0.16     1 
0130322115   40.56006    -74.17351    -0.09     -0.04     0.10     1 
0130322116   40.55979    -74.13666     0.19     -0.05     0.20     1 
0130322117   40.55951    -74.09981    -0.13     -0.09     0.16     1 
0130322185   40.53583    -74.35800     0.05     -0.03     0.06     1 
0130322186   40.53562    -74.32117    -0.05     -0.13     0.14     1 
0130322187   40.53540    -74.28433     0.05     -0.06     0.08     1 
0130322188   40.53516    -74.24749    -0.11      0.02     0.11     1 
0130322189   40.53492    -74.21065     0.08     -0.13     0.16     1 
0130322190   40.53466    -74.17382     0.16     -0.08     0.18     1 
0130322191   40.53439    -74.13698    -0.04      0.05     0.07     1 
0130322259   40.51063    -74.39507    -0.06     -0.09     0.11     1 
0130322260   40.51043    -74.35825    -0.11     -0.04     0.12     1 
0130322261   40.51022    -74.32142    -0.11      0.01     0.11     1 
0130322262   40.51000    -74.28460    -0.14     -0.05     0.15     1 
0130322263   40.50976    -74.24778    -0.03     -0.03     0.04     1 
0130322264   40.50952    -74.21095    -0.08     -0.19     0.21     1 
0130322334   40.48522    -74.39530    -0.17     -0.12     0.21     1 
0130322335   40.48502    -74.35849     0.10      0.04     0.11     1 
0130322336   40.48481    -74.32168     0.00     -0.11     0.11     1 
0130322337   40.48459    -74.28487    -0.03     -0.02     0.04     1 
0130322344   40.48271    -74.02721    -0.20     -0.10     0.22     1 
0130322409   40.45982    -74.39553    -0.08     -0.05     0.10     1 
0130322410   40.45962    -74.35873     0.02     -0.23     0.23     1 
0130322411   40.45941    -74.32193     0.08     -0.09     0.12     1 
0130322412   40.45919    -74.28514    -0.13      0.01     0.13     1 
0130322413   40.45896    -74.24834    -0.02     -0.13     0.13     1 
0130322414   40.45871    -74.21155     0.00     -0.00     0.00     1 
0130322415   40.45845    -74.17475    -0.09     -0.07     0.11     1 
0130322416   40.45818    -74.13796     0.00     -0.05     0.05     1 
0130322418   40.45761    -74.06437    -0.33     -0.06     0.34     1 
0130322484   40.43441    -74.39575     0.12      0.04     0.13     1 
0130322485   40.43422    -74.35897    -0.01     -0.01     0.01     1 
0130322486   40.43401    -74.32219    -0.01     -0.00     0.01     1 
0130322487   40.43378    -74.28541     0.02     -0.12     0.12     1 
0130322488   40.43355    -74.24863     0.16      0.22     0.27     1 
0130322489   40.43331    -74.21184    -0.16     -0.06     0.17     1 
0130322490   40.43305    -74.17506     0.11     -0.06     0.12     1 
0130322491   40.43278    -74.13828     0.12     -0.09     0.15     1 
0130322492   40.43250    -74.10150    -0.11     -0.10     0.15     1 
0130322559   40.40901    -74.39598     0.30      0.07     0.31     1 
0130322560   40.40881    -74.35921    -0.03     -0.01     0.03     1 
0130322561   40.40860    -74.32244     0.13     -0.01     0.13     1 
0130322562   40.40838    -74.28567     0.27     -0.02     0.27     1 
0130322563   40.40815    -74.24891     0.06     -0.14     0.16     1 
0130322564   40.40790    -74.21214     0.15      0.03     0.15     1 
0130322565   40.40765    -74.17537     0.30     -0.08     0.32     1 
0130322566   40.40738    -74.13861     0.35     -0.20     0.40     1 
0130322567   40.40710    -74.10184     0.28      0.06     0.28     1 
0130322568   40.40681    -74.06507     0.24     -0.03     0.25     1 
0130322569   40.40650    -74.02831     0.07      0.09     0.11     1 
0130322570   40.40619    -73.99154     0.06      0.02     0.07     1 
0130322634   40.38361    -74.39621     0.04      0.07     0.08     1 
0130322635   40.38341    -74.35945     0.24     -0.03     0.25     1 
0130322636   40.38320    -74.32270     0.17      0.00     0.17     1 
0130322637   40.38298    -74.28594     0.15     -0.03     0.15     1 
0130322638   40.38274    -74.24919     0.22     -0.04     0.22     1 
0130322639   40.38250    -74.21244     0.29      0.10     0.30     1 
0130322640   40.38224    -74.17568     0.18     -0.03     0.18     1 
0130322641   40.38197    -74.13893     0.40     -0.03     0.40     1 
0130322642   40.38170    -74.10218     0.23     -0.00     0.23     1 
0130322643   40.38141    -74.06543     0.33     -0.04     0.34     1 
0130322645   40.38079    -73.99192    -0.13     -0.05     0.14     1 
0130322708   40.35839    -74.43318     0.26     -0.05     0.26     1 
0130322709   40.35820    -74.39644     0.16     -0.04     0.16     1 
0130322711   40.35779    -74.32295     0.30      0.02     0.31     1 
0130322712   40.35757    -74.28621     0.16     -0.00     0.16     1 
0130322713   40.35734    -74.24947     0.30      0.02     0.30     1 
0130322715   40.35684    -74.17599     0.38      0.07     0.38     1 
0130322716   40.35657    -74.13925     0.25      0.04     0.25     1 
0130322717   40.35629    -74.10251     0.11     -0.06     0.12     1 
0130322718   40.35600    -74.06578    -0.14     -0.12     0.19     1 
0130322719   40.35570    -74.02904     0.27     -0.03     0.27     1 
0130322720   40.35538    -73.99230    -0.12     -0.06     0.13     1 
0130322783   40.33298    -74.43339     0.32     -0.02     0.32     1 
0130322784   40.33280    -74.39666     0.18     -0.11     0.21     1 
0130322785   40.33260    -74.35993     0.19     -0.03     0.19     1 
0130322786   40.33239    -74.32321     0.27     -0.11     0.29     1 
0130322788   40.33194    -74.24975     0.33     -0.03     0.33     1 
0130322790   40.33144    -74.17630     0.15      0.01     0.15     1 
0130322791   40.33117    -74.13957     0.06     -0.03     0.06     1 
0130322792   40.33089    -74.10285     0.09     -0.06     0.11     1 
0130322793   40.33060    -74.06613     0.05     -0.02     0.05     1 
0130322794   40.33030    -74.02940    -0.07     -0.11     0.13     1 
0130322795   40.32998    -73.99268    -0.06     -0.02     0.07     1 
0130322858   40.30758    -74.43360     0.26      0.02     0.26     1 
0130322859   40.30739    -74.39689     0.19      0.02     0.20     1 
0130322860   40.30719    -74.36017     0.18     -0.01     0.18     1 
0130322861   40.30698    -74.32346     0.25     -0.03     0.25     1 
0130322862   40.30676    -74.28675     0.08     -0.07     0.11     1 
0130322863   40.30653    -74.25003     0.26      0.09     0.28     1 
0130322864   40.30629    -74.21332     0.26      0.02     0.26     1 
0130322865   40.30603    -74.17661     0.29     -0.04     0.29     1 
0130322866   40.30577    -74.13990     0.05     -0.09     0.10     1 
0130322867   40.30549    -74.10319     0.22     -0.08     0.24     1 
0130322868   40.30520    -74.06648     0.14     -0.05     0.15     1 
0130322869   40.30489    -74.02977    -0.06     -0.03     0.07     1 
0130322870   40.30458    -73.99306     0.01     -0.02     0.02     1 
0130322935   40.28179    -74.36041     0.26      0.03     0.26     1 
0130322936   40.28158    -74.32371     0.13     -0.06     0.14     1 
0130322937   40.28136    -74.28701     0.17     -0.00     0.17     1 
0130322938   40.28113    -74.25032     0.31      0.12     0.34     1 
0130322939   40.28088    -74.21362     0.15     -0.10     0.18     1 
0130322940   40.28063    -74.17692     0.24      0.01     0.24     1 
0130322942   40.28008    -74.10352     0.22     -0.03     0.23     1 
0130322943   40.27979    -74.06683     0.01     -0.05     0.05     1 
0130322944   40.27949    -74.03013     0.18     -0.05     0.18     1 
0130322945   40.27918    -73.99343    -0.08     -0.08     0.11     1 
0130323008   40.25677    -74.43403     0.21      0.00     0.21     1 
0130323009   40.25658    -74.39734     0.20     -0.03     0.20     1 
0130323010   40.25638    -74.36065     0.30      0.04     0.30     1 
0130323011   40.25617    -74.32397     0.14     -0.02     0.14     1 
0130323012   40.25596    -74.28728    -0.02     -0.06     0.07     1 
0130323014   40.25548    -74.21391     0.11     -0.06     0.13     1 
0130323015   40.25523    -74.17723     0.15      0.05     0.16     1 
0130323016   40.25496    -74.14054     0.19     -0.05     0.20     1 
0130323017   40.25468    -74.10386     0.09     -0.02     0.09     1 
0130323018   40.25439    -74.06718     0.24     -0.10     0.26     1 
0130323019   40.25409    -74.03049     0.24     -0.00     0.24     1 
0130323082   40.23153    -74.47091     0.16     -0.06     0.17     1 
0130323083   40.23136    -74.43424     0.21     -0.10     0.23     1 
0130323084   40.23118    -74.39757     0.15     -0.04     0.16     1 
0130323085   40.23098    -74.36089     0.27      0.03     0.27     1 
0130323086   40.23077    -74.32422     0.14     -0.06     0.16     1 
0130323087   40.23055    -74.28755     0.10     -0.04     0.10     1 
0130323088   40.23032    -74.25087     0.14      0.01     0.14     1 
0130323089   40.23008    -74.21420     0.10      0.05     0.11     1 
0130323090   40.22982    -74.17753     0.17     -0.02     0.18     1 
0130323091   40.22955    -74.14086     0.10     -0.05     0.11     1 
0130323092   40.22928    -74.10419     0.10     -0.10     0.14     1 
0130323093   40.22899    -74.06752     0.10     -0.04     0.10     1 
0130323094   40.22869    -74.03086     0.06     -0.04     0.07     1 
0130323095   40.22837    -73.99419    -0.11     -0.20     0.23     1 
0130323157   40.20613    -74.47111     0.21     -0.11     0.23     1 
0130323158   40.20596    -74.43445     0.12      0.03     0.12     1 
0130323159   40.20577    -74.39779     0.27     -0.04     0.27     1 
0130323160   40.20557    -74.36113     0.16     -0.11     0.20     1 
0130323161   40.20537    -74.32447     0.15     -0.23     0.27     1 
0130323162   40.20515    -74.28781     0.29     -0.04     0.29     1 
0130323163   40.20491    -74.25115     0.35      0.01     0.35     1 
0130323164   40.20467    -74.21450     0.27      0.02     0.27     1 
0130323165   40.20442    -74.17784     0.26      0.03     0.26     1 
0130323166   40.20415    -74.14118     0.13     -0.09     0.16     1 
0130323167   40.20387    -74.10453     0.13     -0.06     0.15     1 
0130323168   40.20358    -74.06787     0.16     -0.04     0.16     1 
0130323169   40.20328    -74.03122    -0.04     -0.07     0.07     1 
0130323232   40.18072    -74.47131     0.21      0.04     0.22     1 
0130323233   40.18055    -74.43466     0.28     -0.09     0.30     1 
0130323234   40.18037    -74.39802     0.21     -0.01     0.21     1 
0130323235   40.18017    -74.36137     0.08     -0.10     0.13     1 
0130323236   40.17996    -74.32472     0.19     -0.11     0.22     1 
0130323237   40.17974    -74.28808     0.41     -0.05     0.41     1 
0130323238   40.17951    -74.25144     0.27      0.00     0.27     1 
0130323239   40.17927    -74.21479    -0.10     -0.08     0.13     1 
0130323240   40.17901    -74.17815     0.23     -0.06     0.24     1 
0130323241   40.17875    -74.14150     0.10     -0.06     0.12     1 
0130323242   40.17847    -74.10486     0.25     -0.31     0.40     1 
0130323243   40.17818    -74.06822     0.11     -0.02     0.11     1 
0130323244   40.17788    -74.03158     0.01     -0.01     0.01     1 
0130323307   40.15532    -74.47150     0.06     -0.04     0.07     1 
0130323308   40.15514    -74.43487     0.33     -0.02     0.33     1 
0130323309   40.15496    -74.39824     0.13     -0.02     0.13     1 
0130323310   40.15476    -74.36161     0.06     -0.02     0.06     1 
0130323311   40.15456    -74.32497     0.16     -0.05     0.17     1 
0130323312   40.15434    -74.28834     0.21     -0.15     0.26     1 
0130323313   40.15411    -74.25171     0.13     -0.10     0.16     1 
0130323314   40.15386    -74.21508     0.17     -0.04     0.18     1 
0130323315   40.15361    -74.17845     0.25     -0.00     0.25     1 
0130323316   40.15334    -74.14182     0.24     -0.07     0.25     1 
0130323317   40.15307    -74.10519     0.09     -0.05     0.10     1 
0130323318   40.15278    -74.06857     0.14     -0.06     0.15     1 
0130323319   40.15248    -74.03194     0.03      0.10     0.11     1 
0130323381   40.13007    -74.50832     0.19     -0.01     0.19     1 
0130323382   40.12991    -74.47170     0.34      0.06     0.34     1 
0130323383   40.12974    -74.43508     0.01     -0.04     0.04     1 
0130323384   40.12955    -74.39846     0.21     -0.16     0.27     1 
0130323385   40.12936    -74.36185     0.27     -0.03     0.27     1 
0130323386   40.12915    -74.32523     0.08     -0.02     0.09     1 
0130323387   40.12893    -74.28861     0.11      0.13     0.17     1 
0130323388   40.12870    -74.25199     0.21      0.00     0.21     1 
0130323389   40.12846    -74.21537     0.13     -0.04     0.14     1 
0130323390   40.12820    -74.17876     0.21      0.00     0.21     1 
0130323391   40.12794    -74.14214     0.24      0.00     0.24     1 
0130323392   40.12766    -74.10553     0.09     -0.07     0.12     1 
0130323393   40.12737    -74.06891     0.11     -0.10     0.15     1 
0130323394   40.12707    -74.03230     0.08     -0.21     0.22     1 
0130323456   40.10467    -74.50850     0.24     -0.03     0.24     1 
0130323457   40.10451    -74.47190     0.28      0.02     0.28     1 
0130323458   40.10433    -74.43529    -0.07     -0.01     0.07     1 
0130323461   40.10375    -74.32548     0.24     -0.06     0.25     1 
0130323462   40.10353    -74.28887     0.26     -0.02     0.26     1 
0130323463   40.10330    -74.25227     0.30     -0.01     0.30     1 
0130323464   40.10305    -74.21567     0.10     -0.06     0.12     1 
0130323465   40.10280    -74.17906     0.27      0.02     0.27     1 
0130323466   40.10254    -74.14246     0.11     -0.08     0.14     1 
0130323467   40.10226    -74.10586     0.05     -0.04     0.06     1 
0130323468   40.10197    -74.06926    -0.01     -0.21     0.21     1 
0130323469   40.10167    -74.03266    -0.16     -0.17     0.23     1 
0130323531   40.07926    -74.50869     0.18      0.03     0.19     1 
0130323532   40.07910    -74.47209     0.37     -0.08     0.38     1 
0130323533   40.07893    -74.43550     0.14      0.03     0.14     1 
0130323534   40.07874    -74.39891     0.30     -0.04     0.30     1 
0130323535   40.07855    -74.36232     0.23      0.03     0.23     1 
0130323536   40.07834    -74.32573    -0.10      0.03     0.10     1 
0130323537   40.07812    -74.28914     0.16      0.03     0.16     1 
0130323538   40.07789    -74.25255     0.37      0.06     0.38     1 
0130323539   40.07765    -74.21596     0.14      0.07     0.15     1 
0130323540   40.07740    -74.17937    -0.06     -0.01     0.06     1 
0130323541   40.07713    -74.14278     0.10     -0.03     0.11     1 
0130323542   40.07685    -74.10619     0.04      0.01     0.04     1 
0130323543   40.07657    -74.06961     0.08     -0.00     0.08     1 
0130323606   40.05385    -74.50887     0.30     -0.12     0.32     1 
0130323607   40.05369    -74.47229     0.19     -0.04     0.19     1 
0130323608   40.05352    -74.43571    -0.05      0.02     0.05     1 
0130323609   40.05334    -74.39913     0.01      0.07     0.07     1 
0130323610   40.05314    -74.36256     0.13      0.05     0.14     1 
0130323611   40.05293    -74.32598     0.06     -0.18     0.19     1 
0130323612   40.05271    -74.28940     0.18      0.01     0.18     1 
0130323613   40.05248    -74.25283    -0.01      0.02     0.02     1 
0130323614   40.05224    -74.21625     0.18      0.06     0.19     1 
0130323615   40.05199    -74.17968     0.02      0.02     0.02     1 
0130323616   40.05173    -74.14310     0.02      0.08     0.08     1 
0130323617   40.05145    -74.10653    -0.10      0.02     0.10     1 
0130323618   40.05116    -74.06995    -0.03     -0.02     0.03     1 
0130323681   40.02845    -74.50905     0.01     -0.07     0.07     1 
0130323682   40.02829    -74.47249    -0.11     -0.02     0.11     1 
0130323683   40.02811    -74.43592     0.15     -0.02     0.15     1 
0130323684   40.02793    -74.39936     0.10      0.00     0.10     1 
0130323685   40.02773    -74.36279    -0.03     -0.04     0.05     1 
0130323686   40.02753    -74.32623    -0.01     -0.00     0.01     1 
0130323687   40.02731    -74.28967     0.19      0.06     0.20     1 
0130323688   40.02708    -74.25310     0.18     -0.17     0.25     1 
0130323689   40.02684    -74.21654     0.22     -0.01     0.22     1 
0130323690   40.02659    -74.17998     0.13     -0.02     0.13     1 
0130323691   40.02632    -74.14342    -0.04      0.03     0.05     1 
0130323692   40.02605    -74.10686    -0.04      0.02     0.05     1 
0130323693   40.02576    -74.07030    -0.13     -0.03     0.13     1 
0130323755   40.00319    -74.54578    -0.05     -0.11     0.12     1 
0130323756   40.00304    -74.50923     0.01     -0.14     0.14     1 
0130323758   40.00271    -74.43613     0.05     -0.05     0.08     1 
0130323759   40.00252    -74.39958     0.14     -0.06     0.15     1 
0130323760   40.00233    -74.36303     0.12     -0.00     0.12     1 
0130323761   40.00212    -74.32648     0.00     -0.09     0.09     1 
0130323762   40.00190    -74.28993     0.10      0.02     0.11     1 
0130323763   40.00167    -74.25338     0.07      0.14     0.15     1 
0130323764   40.00143    -74.21683     0.24      0.06     0.25     1 
0130323765   40.00118    -74.18028     0.19     -0.04     0.19     1 
0130323766   40.00092    -74.14374    -0.09      0.02     0.10     1 
0130323767   40.00064    -74.10719    -0.08      0.02     0.08     1 
0130323768   40.00035    -74.07064    -0.10     -0.08     0.13     1 
0130323830   39.97778    -74.54595    -0.08     -0.03     0.08     1 
0130323831   39.97763    -74.50941    -0.02     -0.09     0.09     1 
0130323832   39.97747    -74.47288    -0.00      0.03     0.03     1 
0130323833   39.97730    -74.43634     0.02     -0.06     0.06     1 
0130323834   39.97712    -74.39980     0.11     -0.04     0.12     1 
0130323835   39.97692    -74.36326     0.02     -0.03     0.04     1 
0130323836   39.97672    -74.32673     0.04     -0.04     0.05     1 
0130323837   39.97650    -74.29019     0.12     -0.06     0.13     1 
0130323838   39.97627    -74.25366    -0.03     -0.02     0.04     1 
0130323839   39.97603    -74.21712     0.25     -0.09     0.27     1 
0130323840   39.97577    -74.18059     0.11      0.01     0.11     1 
0130323841   39.97551    -74.14405     0.14     -0.02     0.14     1 
0130323842   39.97524    -74.10752     0.01     -0.11     0.11     1 
0130323843   39.97495    -74.07098    -0.05     -0.07     0.09     1 
0130323905   39.95238    -74.54612    -0.24     -0.14     0.28     1 
0130323906   39.95223    -74.50960    -0.02     -0.07     0.07     1 
0130323907   39.95207    -74.47307     0.04      0.11     0.12     1 
0130323908   39.95190    -74.43655     0.15     -0.03     0.15     1 
0130323909   39.95171    -74.40002     0.10     -0.13     0.17     1 
0130323910   39.95152    -74.36350     0.09     -0.04     0.10     1 
0130323911   39.95131    -74.32698    -0.06      0.08     0.10     1 
0130323912   39.95109    -74.29045     0.08     -0.05     0.09     1 
0130323913   39.95086    -74.25393     0.06     -0.09     0.10     1 
0130323914   39.95062    -74.21741     0.15     -0.01     0.15     1 
0130323915   39.95037    -74.18089     0.02     -0.04     0.05     1 
0130323916   39.95011    -74.14437    -0.03      0.00     0.03     1 
0130323917   39.94983    -74.10785    -0.05     -0.07     0.08     1 
0130323983   39.92649    -74.43676     0.11     -0.08     0.14     1 
0130323984   39.92630    -74.40025     0.17     -0.15     0.23     1 
0130323985   39.92611    -74.36374     0.02      0.00     0.02     1 
0130323986   39.92590    -74.32723    -0.01     -0.12     0.12     1 
0130323987   39.92569    -74.29072     0.10     -0.05     0.11     1 
0130323988   39.92546    -74.25421     0.05      0.03     0.06     1 
0130323989   39.92522    -74.21770     0.05     -0.02     0.06     1 
0130323990   39.92497    -74.18119     0.16      0.04     0.16     1 
0130323991   39.92470    -74.14468     0.05     -0.02     0.05     1 
0130323992   39.92443    -74.10818    -0.04     -0.01     0.04     1 
0130324056   39.90141    -74.50996    -0.03     -0.06     0.06     1 
0130324057   39.90125    -74.47346     0.05     -0.09     0.10     1 
0130324059   39.90090    -74.40047     0.12      0.02     0.12     1 
0130324060   39.90070    -74.36397     0.09      0.03     0.09     1 
0130324061   39.90050    -74.32748     0.06     -0.02     0.06     1 
0130324062   39.90028    -74.29098     0.29     -0.01     0.29     1 
0130324063   39.90005    -74.25448     0.24      0.03     0.24     1 
0130324064   39.89981    -74.21799     0.20     -0.08     0.22     1 
0130324065   39.89956    -74.18149     0.19     -0.04     0.19     1 
0130324066   39.89930    -74.14500    -0.01     -0.06     0.06     1 
0130324129   39.87629    -74.58311     0.06     -0.17     0.18     1 
0130324130   39.87615    -74.54662     0.12     -0.07     0.14     1 
0130324131   39.87600    -74.51014    -0.04     -0.32     0.32     1 
0130324132   39.87585    -74.47365     0.13     -0.07     0.15     1 
0130324134   39.87549    -74.40069     0.06     -0.03     0.07     1 
0130324135   39.87530    -74.36421     0.04      0.01     0.04     1 
0130324136   39.87509    -74.32772    -0.08     -0.01     0.08     1 
0130324138   39.87465    -74.25476     0.02     -0.01     0.02     1 
0130324139   39.87441    -74.21828    -0.04     -0.03     0.05     1 
0130324140   39.87415    -74.18180     0.11     -0.02     0.11     1 
0130324141   39.87389    -74.14532    -0.02     -0.14     0.15     1 
0130324205   39.85075    -74.54679     0.02     -0.17     0.17     1 
0130324207   39.85044    -74.47385     0.08     -0.11     0.13     1 
0130324208   39.85027    -74.43738     0.16      0.04     0.16     1 
0130324209   39.85008    -74.40091     0.14     -0.04     0.15     1 
0130324210   39.84989    -74.36444     0.11     -0.05     0.12     1 
0130324211   39.84969    -74.32797     0.18      0.04     0.18     1 
0130324212   39.84947    -74.29150     0.11     -0.03     0.12     1 
0130324213   39.84924    -74.25503     0.09     -0.09     0.13     1 
0130324214   39.84900    -74.21857     0.10      0.04     0.11     1 
0130324215   39.84875    -74.18210     0.19     -0.10     0.22     1 
0130324216   39.84849    -74.14563    -0.07     -0.02     0.08     1 
0130324279   39.82548    -74.58342     0.15      0.00     0.15     1 
0130324280   39.82534    -74.54696     0.05     -0.04     0.06     1 
0130324281   39.82519    -74.51050     0.10      0.03     0.11     1 
0130324282   39.82503    -74.47404     0.18     -0.01     0.18     1 
0130324283   39.82486    -74.43759     0.05      0.03     0.06     1 
0130324284   39.82468    -74.40113     0.15      0.00     0.15     1 
0130324285   39.82448    -74.36467     0.15     -0.02     0.15     1 
0130324286   39.82428    -74.32822     0.13     -0.06     0.14     1 
0130324287   39.82406    -74.29176     0.02     -0.02     0.03     1 
0130324288   39.82383    -74.25531     0.09     -0.04     0.09     1 
0130324289   39.82359    -74.21885     0.03     -0.00     0.03     1 
0130324290   39.82334    -74.18240    -0.05     -0.03     0.05     1 
0130324354   39.80007    -74.58357     0.07      0.09     0.11     1 
0130324355   39.79993    -74.54712     0.03     -0.00     0.03     1 
0130324356   39.79978    -74.51068     0.14     -0.07     0.16     1 
0130324357   39.79962    -74.47424     0.16     -0.01     0.16     1 
0130324359   39.79927    -74.40135     0.01      0.06     0.06     1 
0130324360   39.79908    -74.36491     0.05      0.17     0.18     1 
0130324361   39.79887    -74.32847     0.11      0.02     0.12     1 
0130324362   39.79865    -74.29202     0.24      0.18     0.30     1 
0130324363   39.79843    -74.25558     0.09     -0.03     0.09     1 
0130324364   39.79819    -74.21914    -0.10      0.01     0.10     1 
0130324365   39.79794    -74.18270    -0.00     -0.04     0.04     1 
0130324367   39.79740    -74.10982    -0.01      0.04     0.04     1 
0130324429   39.77466    -74.58372     0.22     -0.03     0.23     1 
0130324430   39.77452    -74.54729    -0.01      0.14     0.14     1 
0130324431   39.77438    -74.51086     0.11      0.17     0.20     1 
0130324432   39.77422    -74.47443     0.05      0.03     0.05     1 
0130324434   39.77386    -74.40157     0.39      0.02     0.39     1 
0130324435   39.77367    -74.36514    -0.08      0.29     0.30     1 
0130324436   39.77347    -74.32871     0.21     -0.02     0.21     1 
0130324437   39.77325    -74.29229    -0.05     -0.26     0.26     1 
0130324440   39.77253    -74.18300    -0.08     -0.00     0.08     1 
0130324441   39.77227    -74.14657     0.04      0.04     0.05     1 
0130324442   39.77199    -74.11015    -0.21      0.03     0.22     1 
0130324504   39.74925    -74.58387     0.03      0.01     0.03     1 
0130324505   39.74912    -74.54746    -0.03     -0.04     0.05     1 
0130324506   39.74897    -74.51104     0.22      0.06     0.23     1 
0130324507   39.74881    -74.47462     0.26      0.10     0.28     1 
0130324508   39.74864    -74.43821    -0.01      0.06     0.06     1 
0130324509   39.74846    -74.40179     0.10      0.02     0.10     1 
0130324510   39.74826    -74.36538     0.08      0.09     0.12     1 
0130324511   39.74806    -74.32896     0.13      0.07     0.15     1 
0130324512   39.74784    -74.29255     0.14      0.02     0.14     1 
0130324513   39.74761    -74.25613     0.27      0.03     0.27     1 
0130324514   39.74737    -74.21972     0.23      0.15     0.28     1 
0130324515   39.74712    -74.18330     0.06      0.15     0.16     1 
0130324516   39.74686    -74.14689    -0.01      0.02     0.02     1 
0130324517   39.74659    -74.11048     0.19      0.09     0.20     1 
0130324578   39.72397    -74.62043     0.18      0.04     0.18     1 
0130324579   39.72384    -74.58403    -0.13     -0.03     0.13     1 
0130324580   39.72371    -74.54762    -0.04     -0.10     0.11     1 
0130324581   39.72356    -74.51122     0.10      0.02     0.10     1 
0130324582   39.72340    -74.47482     0.06      0.12     0.13     1 
0130324583   39.72323    -74.43841     0.01      0.01     0.01     1 
0130324584   39.72305    -74.40201     0.08     -0.00     0.08     1 
0130324586   39.72265    -74.32921     0.10      0.13     0.17     1 
0130324587   39.72243    -74.29280     0.05      0.03     0.06     1 
0130324588   39.72221    -74.25640     0.19     -0.01     0.19     1 
0130324589   39.72197    -74.22000     0.14      0.09     0.16     1 
0130324590   39.72172    -74.18360     0.02      0.06     0.06     1 
0130324591   39.72146    -74.14720     0.10     -0.02     0.10     1 
0130324653   39.69856    -74.62057     0.16      0.01     0.16     1 
0130324654   39.69844    -74.58418     0.01      0.08     0.08     1 
0130324655   39.69830    -74.54779     0.02     -0.01     0.02     1 
0130324656   39.69815    -74.51140     0.13      0.00     0.13     1 
0130324657   39.69799    -74.47501    -0.02     -0.08     0.08     1 
0130324658   39.69782    -74.43862     0.10      0.12     0.16     1 
0130324659   39.69764    -74.40223     0.04     -0.01     0.04     1 
0130324660   39.69745    -74.36584     0.09      0.02     0.09     1 
0130324661   39.69724    -74.32945     0.10      0.09     0.14     1 
0130324662   39.69703    -74.29306     0.21      0.00     0.21     1 
0130324663   39.69680    -74.25668     0.15      0.09     0.18     1 
0130324664   39.69656    -74.22029     0.04      0.05     0.06     1 
0130324665   39.69631    -74.18390     0.02      0.06     0.06     1 
0130324666   39.69605    -74.14751    -0.10      0.01     0.10     1 
0130324732   39.67258    -74.47520     0.18      0.10     0.21     1 
0130324733   39.67242    -74.43882     0.12      0.01     0.12     1 
0130324734   39.67223    -74.40245     0.06     -0.06     0.09     1 
0130324735   39.67204    -74.36607     0.07     -0.00     0.07     1 
0130324736   39.67184    -74.32970    -0.02     -0.09     0.10     1 
0130324737   39.67162    -74.29332     0.05     -0.03     0.06     1 
0130324738   39.67139    -74.25695     0.03      0.00     0.03     1 
0130324739   39.67115    -74.22057    -0.02      0.09     0.10     1 
0130324740   39.67091    -74.18420    -0.13     -0.19     0.23     1 
0130324811   39.64643    -74.32994     0.18      0.04     0.18     1 
0130324812   39.64621    -74.29358     0.09      0.00     0.09     1 
0130324813   39.64599    -74.25722     0.01      0.05     0.05     1 
0130324814   39.64575    -74.22086    -0.06      0.01     0.06     1 
0130324815   39.64550    -74.18450    -0.06     -0.03     0.06     1 
----------------------------------------------------------------------
---------------------------------------------------
Total correlated GCPs in Upper Left Quadrant: 625

GCP statistics this quadrant only (in Pixels)
Line residual statistics:
  Mean: 0.029
  Median: 0.019
  Standard Deviation: 0.148

Sample residual statistics:
  Mean: 0.021
  Median: 0.021
  Standard Deviation: 0.075

Quadrant RMSE: 0.170

---------------------------------------------------
Total correlated GCPs in Upper Right Quadrant: 192

GCP statistics this quadrant only (in Pixels)
Line residual statistics:
  Mean: 0.034
  Median: 0.045
  Standard Deviation: 0.126

Sample residual statistics:
  Mean: -0.027
  Median: -0.023
  Standard Deviation: 0.062

Quadrant RMSE: 0.147

---------------------------------------------------
Total correlated GCPs in Lower Left Quadrant: 383

GCP statistics this quadrant only (in Pixels)
Line residual statistics:
  Mean: 0.105
  Median: 0.106
  Standard Deviation: 0.120

Sample residual statistics:
  Mean: -0.020
  Median: -0.019
  Standard Deviation: 0.074

Quadrant RMSE: 0.177

---------------------------------------------------
Total correlated GCPs in Lower Right Quadrant: 0

GCP statistics this quadrant only (in Pixels)
Line residual statistics:
  Mean: 0.000
  Median: 0.000
  Standard Deviation: 0.000

Sample residual statistics:
  Mean: 0.000
  Median: 0.000
  Standard Deviation: 0.000

Quadrant RMSE: 0.000

---------------------------------------------------
---------------------------------------------------
Total correlated GCPs in scene: 1200

GCP statistics entire scene (in Pixels)
Line residual statistics:
  Mean: 0.054
  Median: 0.055
  Standard Deviation: 0.141

Sample residual statistics:
  Mean: -0.000
  Median: -0.000
  Standard Deviation: 0.076

Scene RMSE: 0.169

