==============================================================================
==============================================================================
 Sep. 17 2016                  LANDSAT 5                       Time: 15:17
                            Image Assessment System
                            GEOMETRIC VERIFY Report
==============================================================================
Order ID: 0501609161483_09007                          Path / Row - 13 / 32
Reference Image: L51LGS1001208150100_HDF.L1G

Color mapping per rank
----------------------
Rank  1 is Green: total residual <= 0.5
Rank  2 is Cyan: 0.5 < total residual <=  1
Rank  3 is Blue:  1 < total residual <=  2
Rank  4 is Yellow:  2 < total residual <=  3
Rank  5 is Red:  3 < total residual

Percentage of residuals by rank
-------------------------------
Rank   1 -- 100.0%
Rank   2 --  0.0%
Rank   3 --  0.0%
Rank   4 --  0.0%
Rank   5 --  0.0%

       GCP    Latitude    Longitude  Sample   Line     Total    Rank
        ID                           Residual Residual Residual
              (Degree)    (Degree)   (Pixel)  (Pixel)  (Pixel)
----------------------------------------------------------------------
0130320093   41.26115    -74.10958     0.17      0.01     0.17     1 
0130320094   41.26086    -74.07269     0.30     -0.08     0.31     1 
0130320095   41.26055    -74.03581     0.16      0.13     0.21     1 
0130320096   41.26024    -73.99893     0.33      0.03     0.33     1 
0130320167   41.23576    -74.14679    -0.05      0.10     0.11     1 
0130320168   41.23548    -74.10993    -0.18      0.09     0.20     1 
0130320169   41.23519    -74.07306     0.27      0.06     0.28     1 
0130320171   41.23457    -73.99932     0.29      0.06     0.29     1 
0130320172   41.23425    -73.96246    -0.24      0.15     0.28     1 
0130320173   41.23391    -73.92559     0.03      0.04     0.05     1 
0130320174   41.23356    -73.88872     0.05      0.05     0.07     1 
0130320175   41.23320    -73.85186    -0.18      0.00     0.18     1 
0130320176   41.23282    -73.81500    -0.21     -0.04     0.22     1 
0130320242   41.21009    -74.14713    -0.08      0.04     0.09     1 
0130320243   41.20981    -74.11027     0.18     -0.07     0.19     1 
0130320244   41.20952    -74.07342    -0.11      0.06     0.12     1 
0130320245   41.20922    -74.03657     0.17      0.12     0.21     1 
0130320246   41.20890    -73.99971     0.13      0.05     0.14     1 
0130320247   41.20858    -73.96286    -0.01      0.06     0.07     1 
0130320249   41.20789    -73.88916     0.10      0.10     0.14     1 
0130320250   41.20753    -73.85231     0.22      0.02     0.22     1 
0130320251   41.20716    -73.81546     0.22     -0.06     0.23     1 
0130320253   41.20637    -73.74176     0.21     -0.01     0.21     1 
0130320254   41.20596    -73.70492     0.42      0.02     0.42     1 
0130320255   41.20555    -73.66807     0.37     -0.07     0.38     1 
0130320256   41.20511    -73.63122     0.26     -0.05     0.27     1 
0130320257   41.20467    -73.59438    -0.09     -0.02     0.09     1 
0130320316   41.18469    -74.18430     0.06      0.03     0.06     1 
0130320317   41.18442    -74.14746     0.18      0.00     0.18     1 
0130320318   41.18414    -74.11062     0.12     -0.02     0.12     1 
0130320319   41.18385    -74.07378     0.29      0.08     0.30     1 
0130320320   41.18355    -74.03694     0.35      0.16     0.39     1 
0130320321   41.18323    -74.00011     0.14      0.07     0.15     1 
0130320322   41.18291    -73.96327     0.03      0.20     0.20     1 
0130320324   41.18222    -73.88959    -0.01      0.02     0.02     1 
0130320325   41.18186    -73.85276     0.25      0.06     0.26     1 
0130320326   41.18149    -73.81592     0.25      0.02     0.25     1 
0130320327   41.18110    -73.77909     0.13      0.06     0.14     1 
0130320328   41.18071    -73.74226     0.28      0.04     0.28     1 
0130320329   41.18030    -73.70542     0.35     -0.01     0.35     1 
0130320330   41.17988    -73.66859     0.14     -0.00     0.14     1 
0130320331   41.17945    -73.63176     0.11      0.02     0.12     1 
0130320332   41.17900    -73.59493     0.01      0.02     0.02     1 
0130320333   41.17855    -73.55810    -0.32     -0.16     0.36     1 
0130320334   41.17808    -73.52127     0.18      0.02     0.18     1 
0130320335   41.17760    -73.48444     0.20      0.01     0.20     1 
0130320336   41.17711    -73.44761     0.07     -0.11     0.13     1 
0130320337   41.17661    -73.41079     0.11      0.06     0.13     1 
0130320391   41.15902    -74.18462     0.14      0.04     0.14     1 
0130320392   41.15875    -74.14779    -0.15     -0.04     0.15     1 
0130320393   41.15847    -74.11097     0.15      0.06     0.17     1 
0130320394   41.15818    -74.07414     0.40      0.14     0.42     1 
0130320396   41.15757    -74.00050     0.25      0.12     0.27     1 
0130320397   41.15724    -73.96367     0.01      0.00     0.01     1 
0130320398   41.15690    -73.92685     0.14      0.16     0.21     1 
0130320400   41.15619    -73.85321     0.23      0.07     0.24     1 
0130320401   41.15582    -73.81638     0.20      0.05     0.21     1 
0130320402   41.15544    -73.77957     0.10      0.11     0.15     1 
0130320403   41.15504    -73.74275     0.29      0.03     0.29     1 
0130320404   41.15463    -73.70593     0.27      0.04     0.28     1 
0130320405   41.15421    -73.66911     0.05      0.07     0.09     1 
0130320406   41.15378    -73.63229     0.25      0.02     0.25     1 
0130320407   41.15334    -73.59548     0.08      0.06     0.10     1 
0130320408   41.15288    -73.55866     0.22     -0.02     0.22     1 
0130320409   41.15242    -73.52185     0.31      0.06     0.31     1 
0130320410   41.15194    -73.48503     0.26      0.05     0.27     1 
0130320411   41.15145    -73.44822     0.26      0.03     0.27     1 
0130320412   41.15095    -73.41141     0.18      0.01     0.18     1 
0130320413   41.15043    -73.37460     0.17      0.02     0.17     1 
0130320414   41.14991    -73.33779     0.32     -0.02     0.32     1 
0130320415   41.14937    -73.30098     0.32     -0.02     0.32     1 
0130320416   41.14882    -73.26417     0.09     -0.03     0.09     1 
0130320417   41.14826    -73.22737    -0.11     -0.06     0.13     1 
0130320466   41.13335    -74.18494     0.32      0.11     0.34     1 
0130320469   41.13251    -74.07450     0.37      0.05     0.37     1 
0130320470   41.13221    -74.03769     0.21      0.01     0.21     1 
0130320471   41.13190    -74.00088     0.27      0.06     0.28     1 
0130320472   41.13157    -73.96408     0.30     -0.07     0.31     1 
0130320473   41.13123    -73.92727     0.26      0.00     0.26     1 
0130320476   41.13015    -73.81685     0.30      0.02     0.30     1 
0130320477   41.12977    -73.78004     0.15      0.07     0.16     1 
0130320478   41.12937    -73.74324     0.23      0.06     0.24     1 
0130320479   41.12897    -73.70643     0.25      0.04     0.26     1 
0130320480   41.12855    -73.66963     0.23     -0.01     0.23     1 
0130320481   41.12812    -73.63283     0.27      0.05     0.28     1 
0130320482   41.12767    -73.59602     0.04      0.04     0.06     1 
0130320483   41.12722    -73.55922     0.17      0.07     0.18     1 
0130320484   41.12675    -73.52242     0.28      0.09     0.29     1 
0130320485   41.12627    -73.48562     0.33      0.05     0.33     1 
0130320486   41.12579    -73.44882     0.30      0.12     0.32     1 
0130320487   41.12528    -73.41203     0.09      0.08     0.12     1 
0130320488   41.12477    -73.37523     0.13     -0.00     0.13     1 
0130320489   41.12425    -73.33844    -0.04      0.02     0.04     1 
0130320490   41.12371    -73.30164    -0.01      0.01     0.02     1 
0130320491   41.12316    -73.26485    -0.12      0.03     0.12     1 
0130320492   41.12260    -73.22806    -0.00      0.00     0.00     1 
0130320541   41.10768    -74.18525     0.15     -0.00     0.15     1 
0130320542   41.10741    -74.14846     0.13      0.06     0.14     1 
0130320543   41.10713    -74.11166     0.31      0.07     0.32     1 
0130320544   41.10684    -74.07487     0.23      0.07     0.25     1 
0130320545   41.10654    -74.03807     0.14      0.02     0.14     1 
0130320546   41.10623    -74.00127     0.14      0.04     0.15     1 
0130320547   41.10590    -73.96448     0.03     -0.04     0.05     1 
0130320548   41.10557    -73.92768     0.25     -0.02     0.25     1 
0130320550   41.10486    -73.85410     0.39      0.00     0.39     1 
0130320551   41.10449    -73.81731     0.29     -0.00     0.29     1 
0130320552   41.10410    -73.78052     0.20      0.00     0.20     1 
0130320553   41.10371    -73.74372    -0.17      0.01     0.17     1 
0130320554   41.10330    -73.70694     0.22      0.07     0.23     1 
0130320555   41.10288    -73.67015     0.22      0.06     0.23     1 
0130320556   41.10245    -73.63336     0.14     -0.03     0.14     1 
0130320557   41.10201    -73.59657     0.20      0.03     0.21     1 
0130320558   41.10155    -73.55978     0.14      0.10     0.17     1 
0130320559   41.10109    -73.52300     0.15      0.06     0.16     1 
0130320560   41.10061    -73.48621     0.28      0.06     0.28     1 
0130320561   41.10012    -73.44943     0.05      0.12     0.13     1 
0130320562   41.09962    -73.41265    -0.06      0.07     0.09     1 
0130320563   41.09911    -73.37586    -0.15      0.03     0.16     1 
0130320564   41.09858    -73.33908     0.08     -0.11     0.13     1 
0130320616   41.08201    -74.18557     0.07      0.06     0.09     1 
0130320617   41.08174    -74.14879     0.06      0.07     0.09     1 
0130320618   41.08146    -74.11201     0.38      0.05     0.39     1 
0130320619   41.08117    -74.07523     0.40      0.05     0.40     1 
0130320620   41.08087    -74.03844     0.29      0.11     0.31     1 
0130320621   41.08056    -74.00166     0.23     -0.03     0.23     1 
0130320622   41.08023    -73.96488     0.03     -0.02     0.03     1 
0130320625   41.07919    -73.85455     0.23      0.01     0.23     1 
0130320626   41.07882    -73.81777     0.15      0.02     0.16     1 
0130320627   41.07843    -73.78099     0.20      0.06     0.20     1 
0130320628   41.07804    -73.74421    -0.18      0.00     0.18     1 
0130320629   41.07763    -73.70744     0.16      0.05     0.16     1 
0130320630   41.07722    -73.67066     0.16     -0.02     0.16     1 
0130320631   41.07679    -73.63389     0.20      0.02     0.20     1 
0130320632   41.07634    -73.59712     0.10     -0.01     0.10     1 
0130320633   41.07589    -73.56034     0.18      0.03     0.18     1 
0130320634   41.07542    -73.52357     0.05      0.07     0.08     1 
0130320635   41.07495    -73.48680     0.11      0.03     0.11     1 
0130320636   41.07446    -73.45003     0.11      0.06     0.12     1 
0130320637   41.07396    -73.41326    -0.06      0.04     0.07     1 
0130320638   41.07344    -73.37650    -0.15      0.04     0.15     1 
0130320690   41.05659    -74.22266     0.14      0.02     0.14     1 
0130320692   41.05607    -74.14912     0.20      0.03     0.21     1 
0130320693   41.05579    -74.11235     0.11      0.01     0.11     1 
0130320694   41.05550    -74.07558     0.28     -0.02     0.28     1 
0130320695   41.05520    -74.03882     0.28     -0.03     0.28     1 
0130320696   41.05489    -74.00205     0.31     -0.04     0.31     1 
0130320697   41.05456    -73.96528     0.22      0.04     0.23     1 
0130320698   41.05423    -73.92852     0.21      0.14     0.25     1 
0130320700   41.05352    -73.85499     0.17      0.06     0.19     1 
0130320701   41.05315    -73.81823     0.18      0.11     0.21     1 
0130320702   41.05277    -73.78146     0.28      0.01     0.28     1 
0130320703   41.05237    -73.74470     0.10     -0.06     0.11     1 
0130320704   41.05197    -73.70794     0.22     -0.05     0.23     1 
0130320705   41.05155    -73.67118     0.10      0.01     0.10     1 
0130320706   41.05112    -73.63442     0.20     -0.03     0.20     1 
0130320707   41.05068    -73.59766     0.11     -0.04     0.12     1 
0130320708   41.05022    -73.56090     0.06     -0.04     0.07     1 
0130320709   41.04976    -73.52415     0.06      0.00     0.06     1 
0130320710   41.04928    -73.48739    -0.07     -0.02     0.07     1 
0130320711   41.04879    -73.45064    -0.15      0.03     0.15     1 
0130320712   41.04829    -73.41388    -0.13     -0.02     0.13     1 
0130320737   41.03199    -72.49538    -0.10      0.04     0.11     1 
0130320738   41.03118    -72.45866    -0.10     -0.05     0.11     1 
0130320739   41.03037    -72.42193    -0.18     -0.14     0.23     1 
0130320765   41.03092    -74.22296     0.21      0.11     0.24     1 
0130320766   41.03066    -74.18621     0.23      0.08     0.24     1 
0130320767   41.03040    -74.14945     0.23     -0.10     0.25     1 
0130320768   41.03012    -74.11270     0.27      0.05     0.28     1 
0130320769   41.02983    -74.07594     0.28      0.05     0.28     1 
0130320770   41.02953    -74.03919     0.11     -0.01     0.11     1 
0130320772   41.02890    -73.96569     0.26      0.03     0.26     1 
0130320773   41.02856    -73.92894     0.18     -0.01     0.18     1 
0130320775   41.02785    -73.85543     0.21     -0.07     0.23     1 
0130320776   41.02748    -73.81869     0.23     -0.00     0.23     1 
0130320777   41.02710    -73.78194     0.09     -0.02     0.09     1 
0130320778   41.02671    -73.74519     0.22     -0.03     0.22     1 
0130320779   41.02630    -73.70844     0.14     -0.03     0.14     1 
0130320780   41.02588    -73.67170     0.09      0.04     0.10     1 
0130320781   41.02545    -73.63495     0.02      0.05     0.06     1 
0130320782   41.02501    -73.59821    -0.01      0.01     0.01     1 
0130320783   41.02456    -73.56146    -0.02      0.05     0.05     1 
0130320784   41.02409    -73.52472    -0.14      0.01     0.14     1 
0130320810   41.00791    -72.56977     0.00     -0.08     0.08     1 
0130320811   41.00713    -72.53306     0.10     -0.07     0.12     1 
0130320812   41.00634    -72.49635     0.07     -0.02     0.07     1 
0130320813   41.00553    -72.45964    -0.31     -0.00     0.31     1 
0130320816   41.00305    -72.34952    -0.21     -0.07     0.22     1 
0130320817   41.00220    -72.31282    -0.26     -0.05     0.27     1 
0130320818   41.00134    -72.27612    -0.07     -0.09     0.11     1 
0130320819   41.00047    -72.23942    -0.01     -0.07     0.07     1 
0130320840   41.00525    -74.22326     0.15      0.16     0.23     1 
0130320841   41.00499    -74.18652     0.23      0.13     0.26     1 
0130320842   41.00473    -74.14978     0.23      0.04     0.23     1 
0130320843   41.00445    -74.11304     0.12      0.11     0.17     1 
0130320844   41.00416    -74.07630     0.35      0.07     0.36     1 
0130320845   41.00386    -74.03956     0.24      0.14     0.28     1 
0130320846   41.00355    -74.00283     0.27      0.06     0.27     1 
0130320847   41.00323    -73.96609     0.37      0.01     0.37     1 
0130320848   41.00289    -73.92935     0.22      0.11     0.25     1 
0130320850   41.00218    -73.85588     0.22      0.04     0.23     1 
0130320851   41.00182    -73.81915     0.23      0.00     0.23     1 
0130320852   41.00143    -73.78241     0.26      0.04     0.26     1 
0130320853   41.00104    -73.74568     0.24      0.01     0.24     1 
0130320854   41.00063    -73.70894     0.20      0.08     0.22     1 
0130320855   41.00022    -73.67221     0.01     -0.00     0.01     1 
0130320856   40.99979    -73.63548    -0.10     -0.03     0.11     1 
0130320858   40.99889    -73.56202    -0.10     -0.08     0.13     1 
0130320882   40.98453    -72.68082     0.20      0.13     0.24     1 
0130320884   40.98303    -72.60742     0.04      0.02     0.05     1 
0130320885   40.98226    -72.57072     0.01      0.21     0.21     1 
0130320886   40.98148    -72.53402    -0.12      0.01     0.13     1 
0130320887   40.98069    -72.49732    -0.30     -0.00     0.30     1 
0130320888   40.97989    -72.46063    -0.06      0.12     0.14     1 
0130320889   40.97907    -72.42393    -0.00      0.00     0.00     1 
0130320891   40.97741    -72.35055     0.21      0.04     0.21     1 
0130320892   40.97656    -72.31386    -0.00     -0.03     0.03     1 
0130320893   40.97570    -72.27718     0.16      0.03     0.16     1 
0130320894   40.97482    -72.24049    -0.01     -0.02     0.02     1 
0130320895   40.97394    -72.20381     0.01      0.01     0.01     1 
0130320896   40.97304    -72.16712     0.03     -0.03     0.04     1 
0130320897   40.97213    -72.13044    -0.36     -0.00     0.36     1 
0130320915   40.97957    -74.22356    -0.09      0.14     0.16     1 
0130320916   40.97932    -74.18684     0.19      0.21     0.28     1 
0130320917   40.97906    -74.15011     0.29      0.05     0.30     1 
0130320918   40.97878    -74.11338     0.15      0.04     0.16     1 
0130320919   40.97849    -74.07666     0.16      0.03     0.17     1 
0130320920   40.97819    -74.03994     0.21     -0.01     0.21     1 
0130320921   40.97788    -74.00321    -0.03      0.04     0.05     1 
0130320922   40.97756    -73.96649     0.04      0.05     0.07     1 
0130320925   40.97652    -73.85632     0.16      0.00     0.16     1 
0130320926   40.97615    -73.81960     0.20      0.07     0.21     1 
0130320927   40.97577    -73.78288     0.22     -0.04     0.22     1 
0130320928   40.97537    -73.74616     0.19      0.07     0.20     1 
0130320929   40.97497    -73.70945     0.05     -0.02     0.05     1 
0130320930   40.97455    -73.67273    -0.17     -0.02     0.17     1 
0130320931   40.97412    -73.63601    -0.06     -0.10     0.11     1 
0130320944   40.96749    -73.15877     0.05      0.20     0.21     1 
0130320945   40.96689    -73.12207    -0.04     -0.02     0.04     1 
0130320946   40.96629    -73.08536    -0.11      0.00     0.11     1 
0130320947   40.96567    -73.04866     0.05      0.05     0.07     1 
0130320953   40.96173    -72.82848     0.25      0.00     0.25     1 
0130320954   40.96104    -72.79179     0.08      0.01     0.08     1 
0130320956   40.95961    -72.71841    -0.01     -0.11     0.11     1 
0130320958   40.95813    -72.64503     0.02     -0.08     0.08     1 
0130320959   40.95738    -72.60834     0.07      0.05     0.08     1 
0130320960   40.95661    -72.57166     0.04     -0.04     0.06     1 
0130320963   40.95424    -72.46161    -0.38     -0.08     0.39     1 
0130320964   40.95342    -72.42493    -0.17      0.05     0.18     1 
0130320965   40.95260    -72.38825    -0.17      0.07     0.19     1 
0130320966   40.95176    -72.35158    -0.07      0.01     0.07     1 
0130320967   40.95091    -72.31490     0.04      0.13     0.14     1 
0130320968   40.95005    -72.27823    -0.08     -0.07     0.10     1 
0130320969   40.94918    -72.24156    -0.05      0.01     0.05     1 
0130320970   40.94830    -72.20489    -0.17      0.01     0.17     1 
0130320971   40.94740    -72.16822    -0.38      0.16     0.42     1 
0130320990   40.95390    -74.22386     0.09      0.11     0.14     1 
0130320991   40.95365    -74.18715     0.19      0.08     0.21     1 
0130320992   40.95339    -74.15044     0.07      0.03     0.08     1 
0130320993   40.95311    -74.11373     0.28      0.02     0.28     1 
0130320994   40.95282    -74.07702     0.11      0.02     0.11     1 
0130320995   40.95252    -74.04031     0.22      0.01     0.22     1 
0130320996   40.95221    -74.00360     0.27      0.02     0.27     1 
0130320997   40.95189    -73.96689     0.22      0.06     0.23     1 
0130320998   40.95155    -73.93018     0.42      0.03     0.42     1 
0130320999   40.95121    -73.89347    -0.06     -0.00     0.06     1 
0130321000   40.95085    -73.85677     0.07      0.05     0.08     1 
0130321001   40.95048    -73.82006     0.07      0.04     0.08     1 
0130321002   40.95010    -73.78335     0.27     -0.03     0.27     1 
0130321003   40.94970    -73.74665     0.02     -0.00     0.02     1 
0130321004   40.94930    -73.70995    -0.10     -0.06     0.12     1 
0130321005   40.94888    -73.67324    -0.18     -0.01     0.18     1 
0130321010   40.94662    -73.48974    -0.08      0.05     0.10     1 
0130321013   40.94513    -73.37964    -0.00      0.00     0.00     1 
0130321020   40.94123    -73.12279     0.32      0.09     0.33     1 
0130321021   40.94063    -73.08611     0.22      0.09     0.24     1 
0130321022   40.94001    -73.04942     0.12      0.05     0.13     1 
0130321023   40.93939    -73.01273     0.18     -0.05     0.19     1 
0130321024   40.93875    -72.97605     0.18      0.10     0.20     1 
0130321025   40.93810    -72.93936     0.11      0.00     0.11     1 
0130321026   40.93744    -72.90268     0.11     -0.01     0.11     1 
0130321027   40.93677    -72.86600     0.17     -0.01     0.17     1 
0130321028   40.93608    -72.82932     0.20      0.01     0.20     1 
0130321029   40.93538    -72.79264     0.16      0.09     0.19     1 
0130321030   40.93467    -72.75596     0.13     -0.11     0.17     1 
0130321031   40.93395    -72.71929     0.03     -0.04     0.05     1 
0130321032   40.93322    -72.68261    -0.03     -0.02     0.03     1 
0130321033   40.93248    -72.64594     0.03      0.02     0.03     1 
0130321034   40.93173    -72.60927    -0.16     -0.04     0.17     1 
0130321035   40.93096    -72.57260    -0.21     -0.01     0.21     1 
0130321039   40.92778    -72.42593    -0.17      0.04     0.18     1 
0130321040   40.92695    -72.38926     0.09      0.05     0.10     1 
0130321041   40.92611    -72.35260    -0.03      0.11     0.12     1 
0130321042   40.92527    -72.31594    -0.09      0.04     0.10     1 
0130321043   40.92441    -72.27928    -0.13     -0.01     0.13     1 
0130321044   40.92354    -72.24263    -0.30      0.25     0.39     1 
0130321064   40.92847    -74.26086     0.13     -0.02     0.13     1 
0130321065   40.92823    -74.22416     0.13      0.05     0.14     1 
0130321066   40.92798    -74.18747     0.12      0.06     0.13     1 
0130321067   40.92772    -74.15077    -0.07     -0.07     0.09     1 
0130321068   40.92744    -74.11407     0.09      0.00     0.09     1 
0130321069   40.92715    -74.07738     0.09      0.03     0.09     1 
0130321070   40.92685    -74.04068     0.17      0.03     0.17     1 
0130321071   40.92654    -74.00398     0.18      0.02     0.18     1 
0130321072   40.92622    -73.96729     0.12      0.08     0.15     1 
0130321073   40.92588    -73.93059     0.24      0.01     0.24     1 
0130321074   40.92554    -73.89390     0.06      0.01     0.06     1 
0130321075   40.92518    -73.85721    -0.00      0.05     0.05     1 
0130321076   40.92481    -73.82052     0.11     -0.03     0.11     1 
0130321077   40.92443    -73.78382     0.12     -0.09     0.15     1 
0130321078   40.92404    -73.74714    -0.11     -0.07     0.13     1 
0130321083   40.92190    -73.56369     0.03      0.16     0.16     1 
0130321084   40.92143    -73.52701     0.01     -0.15     0.16     1 
0130321085   40.92096    -73.49032     0.05      0.15     0.16     1 
0130321086   40.92047    -73.45364    -0.06      0.06     0.08     1 
0130321087   40.91998    -73.41695    -0.17      0.08     0.19     1 
0130321088   40.91947    -73.38027    -0.10      0.03     0.11     1 
0130321089   40.91895    -73.34359     0.02      0.05     0.05     1 
0130321090   40.91841    -73.30691     0.21      0.01     0.21     1 
0130321092   40.91731    -73.23355     0.12      0.30     0.32     1 
0130321094   40.91616    -73.16020    -0.02      0.03     0.03     1 
0130321095   40.91557    -73.12352     0.19      0.01     0.20     1 
0130321096   40.91497    -73.08685     0.12      0.01     0.12     1 
0130321097   40.91436    -73.05017     0.14     -0.01     0.14     1 
0130321098   40.91373    -73.01350     0.17      0.03     0.17     1 
0130321099   40.91309    -72.97683     0.04     -0.01     0.04     1 
0130321100   40.91244    -72.94016     0.22     -0.04     0.22     1 
0130321101   40.91178    -72.90349     0.21      0.01     0.21     1 
0130321102   40.91111    -72.86683     0.08      0.02     0.08     1 
0130321103   40.91042    -72.83016     0.17      0.09     0.19     1 
0130321104   40.90973    -72.79349     0.04      0.02     0.05     1 
0130321105   40.90902    -72.75683     0.12     -0.05     0.12     1 
0130321106   40.90830    -72.72017    -0.04      0.03     0.05     1 
0130321107   40.90757    -72.68351     0.05      0.07     0.08     1 
0130321108   40.90683    -72.64685     0.01     -0.02     0.02     1 
0130321109   40.90607    -72.61019    -0.02     -0.06     0.06     1 
0130321110   40.90531    -72.57354    -0.12     -0.06     0.14     1 
0130321112   40.90374    -72.50023    -0.14     -0.31     0.34     1 
0130321113   40.90294    -72.46357    -0.16     -0.03     0.17     1 
0130321114   40.90213    -72.42692     0.12     -0.02     0.12     1 
0130321115   40.90130    -72.39027    -0.07     -0.04     0.08     1 
0130321116   40.90047    -72.35363    -0.21      0.04     0.22     1 
0130321139   40.90280    -74.26115     0.05     -0.00     0.05     1 
0130321140   40.90256    -74.22446     0.05      0.08     0.09     1 
0130321141   40.90231    -74.18778     0.08      0.03     0.08     1 
0130321142   40.90205    -74.15110    -0.11      0.05     0.12     1 
0130321143   40.90177    -74.11441    -0.01     -0.01     0.02     1 
0130321144   40.90148    -74.07773     0.01      0.01     0.02     1 
0130321145   40.90118    -74.04105     0.06     -0.02     0.06     1 
0130321146   40.90087    -74.00437     0.21      0.05     0.21     1 
0130321147   40.90055    -73.96769     0.10      0.04     0.11     1 
0130321149   40.89987    -73.89433     0.22      0.01     0.22     1 
0130321150   40.89951    -73.85765    -0.10     -0.01     0.10     1 
0130321151   40.89914    -73.82097    -0.03     -0.04     0.05     1 
0130321152   40.89876    -73.78430    -0.03     -0.04     0.05     1 
0130321156   40.89712    -73.63759    -0.02     -0.08     0.08     1 
0130321157   40.89668    -73.60092     0.01      0.00     0.01     1 
0130321158   40.89623    -73.56425    -0.04     -0.02     0.04     1 
0130321159   40.89577    -73.52758     0.02     -0.06     0.06     1 
0130321160   40.89529    -73.49090    -0.02     -0.04     0.05     1 
0130321161   40.89481    -73.45423     0.24      0.05     0.24     1 
0130321162   40.89431    -73.41756    -0.04      0.08     0.09     1 
0130321163   40.89380    -73.38090     0.11      0.10     0.15     1 
0130321164   40.89328    -73.34423     0.14      0.03     0.14     1 
0130321165   40.89275    -73.30756     0.36      0.06     0.37     1 
0130321166   40.89220    -73.27090     0.28      0.08     0.29     1 
0130321167   40.89165    -73.23423     0.27      0.09     0.28     1 
0130321168   40.89108    -73.19757     0.19      0.25     0.32     1 
0130321169   40.89050    -73.16091     0.17      0.06     0.18     1 
0130321170   40.88991    -73.12425     0.17     -0.03     0.17     1 
0130321171   40.88931    -73.08759     0.09     -0.07     0.11     1 
0130321172   40.88870    -73.05093     0.18     -0.01     0.18     1 
0130321173   40.88807    -73.01427     0.17      0.01     0.17     1 
0130321174   40.88743    -72.97761     0.29      0.02     0.29     1 
0130321175   40.88679    -72.94096     0.11     -0.00     0.11     1 
0130321176   40.88612    -72.90430     0.22     -0.02     0.22     1 
0130321177   40.88545    -72.86765     0.17      0.02     0.17     1 
0130321178   40.88477    -72.83100     0.05      0.08     0.09     1 
0130321179   40.88407    -72.79435     0.16      0.02     0.16     1 
0130321180   40.88337    -72.75770     0.35     -0.06     0.36     1 
0130321181   40.88265    -72.72105     0.05      0.03     0.06     1 
0130321182   40.88192    -72.68440     0.10      0.04     0.10     1 
0130321183   40.88117    -72.64776     0.05      0.06     0.08     1 
0130321184   40.88042    -72.61111     0.12     -0.02     0.12     1 
0130321185   40.87966    -72.57447     0.04     -0.01     0.05     1 
0130321186   40.87888    -72.53783     0.07      0.01     0.07     1 
0130321187   40.87809    -72.50119    -0.05      0.01     0.06     1 
0130321189   40.87648    -72.42792    -0.07      0.01     0.07     1 
0130321190   40.87566    -72.39128    -0.14     -0.03     0.15     1 
0130321214   40.87713    -74.26143     0.11      0.05     0.12     1 
0130321215   40.87689    -74.22476     0.08      0.13     0.15     1 
0130321216   40.87664    -74.18809     0.00      0.03     0.03     1 
0130321217   40.87637    -74.15143     0.00      0.06     0.06     1 
0130321218   40.87610    -74.11476    -0.06      0.06     0.09     1 
0130321219   40.87581    -74.07809    -0.02      0.03     0.04     1 
0130321220   40.87551    -74.04142    -0.09      0.01     0.09     1 
0130321221   40.87520    -74.00475    -0.01     -0.01     0.01     1 
0130321224   40.87420    -73.89476    -0.03     -0.00     0.03     1 
0130321225   40.87384    -73.85809    -0.06     -0.06     0.09     1 
0130321226   40.87347    -73.82143     0.15     -0.08     0.17     1 
0130321227   40.87309    -73.78476    -0.13     -0.11     0.17     1 
0130321228   40.87270    -73.74810    -0.13      0.19     0.23     1 
0130321229   40.87230    -73.71144     0.03     -0.03     0.04     1 
0130321231   40.87145    -73.63812     0.13      0.05     0.14     1 
0130321232   40.87102    -73.60146     0.28      0.03     0.28     1 
0130321233   40.87056    -73.56480     0.23      0.01     0.23     1 
0130321234   40.87010    -73.52814     0.13      0.02     0.13     1 
0130321235   40.86963    -73.49149     0.12      0.05     0.13     1 
0130321236   40.86914    -73.45483     0.10      0.03     0.10     1 
0130321237   40.86865    -73.41818     0.15      0.02     0.16     1 
0130321238   40.86814    -73.38152     0.13      0.05     0.14     1 
0130321239   40.86762    -73.34487     0.11      0.03     0.11     1 
0130321240   40.86709    -73.30822     0.23      0.01     0.23     1 
0130321241   40.86654    -73.27157     0.18      0.06     0.18     1 
0130321242   40.86599    -73.23492     0.22      0.05     0.22     1 
0130321243   40.86542    -73.19827     0.13     -0.04     0.13     1 
0130321244   40.86484    -73.16162     0.14      0.04     0.14     1 
0130321245   40.86425    -73.12497    -0.00      0.02     0.02     1 
0130321246   40.86365    -73.08832     0.22      0.09     0.23     1 
0130321247   40.86304    -73.05168     0.10      0.05     0.11     1 
0130321248   40.86241    -73.01504     0.18      0.10     0.20     1 
0130321249   40.86178    -72.97839     0.28      0.09     0.30     1 
0130321250   40.86113    -72.94175     0.15      0.03     0.16     1 
0130321251   40.86047    -72.90511     0.30      0.05     0.30     1 
0130321252   40.85980    -72.86847     0.19      0.04     0.19     1 
0130321253   40.85911    -72.83184     0.21      0.02     0.21     1 
0130321254   40.85842    -72.79520     0.17     -0.03     0.17     1 
0130321255   40.85771    -72.75857     0.12     -0.07     0.14     1 
0130321256   40.85699    -72.72193    -0.02      0.13     0.13     1 
0130321257   40.85626    -72.68530    -0.01     -0.05     0.05     1 
0130321258   40.85552    -72.64867    -0.10     -0.02     0.10     1 
0130321259   40.85477    -72.61204     0.02      0.01     0.02     1 
0130321260   40.85401    -72.57541    -0.01      0.06     0.06     1 
0130321261   40.85323    -72.53878    -0.20      0.05     0.20     1 
0130321262   40.85244    -72.50216    -0.17      0.03     0.18     1 
0130321289   40.85146    -74.26172     0.23      0.07     0.24     1 
0130321290   40.85122    -74.22506     0.19     -0.01     0.19     1 
0130321291   40.85097    -74.18841     0.15      0.00     0.15     1 
0130321292   40.85070    -74.15175     0.06      0.04     0.07     1 
0130321293   40.85043    -74.11510    -0.01     -0.04     0.04     1 
0130321294   40.85014    -74.07845    -0.02     -0.02     0.03     1 
0130321295   40.84984    -74.04179    -0.00      0.02     0.02     1 
0130321296   40.84953    -74.00514    -0.05     -0.02     0.06     1 
0130321297   40.84921    -73.96849     0.03     -0.01     0.04     1 
0130321298   40.84887    -73.93183    -0.04     -0.08     0.09     1 
0130321299   40.84853    -73.89518    -0.07      0.01     0.07     1 
0130321300   40.84817    -73.85853    -0.05      0.02     0.05     1 
0130321301   40.84781    -73.82188     0.01      0.05     0.05     1 
0130321302   40.84743    -73.78523    -0.14      0.03     0.14     1 
0130321303   40.84703    -73.74859    -0.28      0.20     0.35     1 
0130321304   40.84663    -73.71194     0.04      0.00     0.04     1 
0130321305   40.84621    -73.67529     0.27      0.05     0.27     1 
0130321306   40.84579    -73.63865     0.10     -0.01     0.10     1 
0130321307   40.84535    -73.60200     0.17      0.01     0.17     1 
0130321308   40.84490    -73.56536     0.34      0.00     0.34     1 
0130321309   40.84444    -73.52871     0.23      0.06     0.23     1 
0130321310   40.84396    -73.49207     0.20      0.03     0.20     1 
0130321311   40.84348    -73.45543     0.18      0.14     0.23     1 
0130321312   40.84298    -73.41879     0.06      0.04     0.07     1 
0130321313   40.84248    -73.38215     0.16      0.03     0.16     1 
0130321314   40.84195    -73.34551     0.19      0.05     0.20     1 
0130321315   40.84142    -73.30887     0.03      0.03     0.04     1 
0130321316   40.84088    -73.27223     0.13      0.03     0.13     1 
0130321317   40.84033    -73.23560     0.09     -0.01     0.10     1 
0130321318   40.83976    -73.19896     0.17      0.07     0.18     1 
0130321319   40.83918    -73.16233     0.18      0.06     0.19     1 
0130321320   40.83859    -73.12569     0.06     -0.05     0.08     1 
0130321321   40.83799    -73.08906     0.19      0.04     0.19     1 
0130321322   40.83738    -73.05243     0.12      0.03     0.13     1 
0130321323   40.83675    -73.01580     0.17      0.08     0.19     1 
0130321324   40.83612    -72.97917     0.20      0.06     0.21     1 
0130321325   40.83547    -72.94255     0.20      0.07     0.22     1 
0130321326   40.83481    -72.90592     0.20      0.13     0.24     1 
0130321327   40.83414    -72.86930     0.22      0.06     0.23     1 
0130321328   40.83346    -72.83267     0.21     -0.00     0.21     1 
0130321329   40.83276    -72.79605     0.13      0.02     0.13     1 
0130321330   40.83206    -72.75943     0.20      0.07     0.21     1 
0130321331   40.83134    -72.72281     0.11      0.00     0.11     1 
0130321332   40.83061    -72.68619     0.00      0.05     0.05     1 
0130321333   40.82987    -72.64957    -0.07      0.05     0.08     1 
0130321334   40.82912    -72.61296     0.08      0.02     0.09     1 
0130321335   40.82835    -72.57634    -0.22     -0.03     0.22     1 
0130321336   40.82758    -72.53973    -0.15     -0.00     0.15     1 
0130321364   40.82579    -74.26200     0.29      0.10     0.30     1 
0130321365   40.82555    -74.22536     0.13      0.07     0.15     1 
0130321366   40.82529    -74.18872     0.18      0.04     0.19     1 
0130321367   40.82503    -74.15208     0.12      0.05     0.13     1 
0130321368   40.82476    -74.11544     0.03     -0.04     0.05     1 
0130321369   40.82447    -74.07880    -0.08      0.03     0.08     1 
0130321370   40.82417    -74.04216    -0.06      0.02     0.06     1 
0130321371   40.82386    -74.00552    -0.03     -0.03     0.04     1 
0130321373   40.82321    -73.93225    -0.10     -0.06     0.11     1 
0130321374   40.82286    -73.89561    -0.06     -0.07     0.09     1 
0130321375   40.82250    -73.85897    -0.02     -0.09     0.09     1 
0130321376   40.82214    -73.82234    -0.12     -0.04     0.12     1 
0130321377   40.82176    -73.78570     0.03      0.06     0.07     1 
0130321378   40.82137    -73.74907     0.11      0.00     0.11     1 
0130321379   40.82096    -73.71243    -0.13      0.05     0.13     1 
0130321380   40.82055    -73.67580     0.12      0.02     0.12     1 
0130321381   40.82012    -73.63917     0.15      0.04     0.15     1 
0130321382   40.81968    -73.60254     0.28      0.09     0.29     1 
0130321383   40.81923    -73.56591     0.28      0.10     0.30     1 
0130321384   40.81877    -73.52928     0.32      0.09     0.33     1 
0130321385   40.81830    -73.49265     0.12      0.02     0.12     1 
0130321386   40.81781    -73.45602     0.13      0.05     0.14     1 
0130321387   40.81732    -73.41940     0.14      0.02     0.14     1 
0130321388   40.81681    -73.38277     0.20      0.07     0.22     1 
0130321389   40.81629    -73.34615     0.21      0.04     0.21     1 
0130321390   40.81576    -73.30952     0.21      0.11     0.24     1 
0130321391   40.81522    -73.27290    -0.00      0.05     0.05     1 
0130321392   40.81466    -73.23628    -0.04     -0.01     0.04     1 
0130321393   40.81410    -73.19966    -0.05      0.01     0.05     1 
0130321394   40.81352    -73.16304    -0.01      0.01     0.01     1 
0130321395   40.81293    -73.12642     0.18      0.05     0.19     1 
0130321396   40.81233    -73.08980     0.15     -0.02     0.15     1 
0130321397   40.81172    -73.05318     0.00      0.05     0.05     1 
0130321398   40.81110    -73.01657     0.10      0.03     0.11     1 
0130321399   40.81046    -72.97995     0.12      0.06     0.13     1 
0130321400   40.80981    -72.94334    -0.01      0.04     0.04     1 
0130321401   40.80915    -72.90673     0.19      0.06     0.20     1 
0130321402   40.80848    -72.87012     0.13      0.05     0.14     1 
0130321403   40.80780    -72.83351     0.11      0.06     0.12     1 
0130321404   40.80711    -72.79690     0.20      0.07     0.21     1 
0130321405   40.80640    -72.76029     0.08      0.03     0.09     1 
0130321406   40.80569    -72.72369    -0.13      0.04     0.13     1 
0130321407   40.80496    -72.68708    -0.09      0.07     0.11     1 
0130321408   40.80422    -72.65048    -0.12      0.02     0.12     1 
0130321409   40.80347    -72.61388     0.07      0.06     0.09     1 
0130321438   40.80034    -74.29892     0.16      0.03     0.16     1 
0130321439   40.80011    -74.26229     0.11      0.01     0.11     1 
0130321440   40.79987    -74.22566     0.18      0.03     0.19     1 
0130321441   40.79962    -74.18903     0.09      0.03     0.10     1 
0130321442   40.79936    -74.15241     0.06     -0.01     0.06     1 
0130321443   40.79908    -74.11578    -0.05     -0.01     0.05     1 
0130321444   40.79880    -74.07916    -0.07     -0.02     0.07     1 
0130321445   40.79850    -74.04253    -0.14     -0.01     0.14     1 
0130321446   40.79819    -74.00590    -0.04     -0.04     0.06     1 
0130321447   40.79787    -73.96928     0.13     -0.04     0.14     1 
0130321448   40.79754    -73.93266    -0.09     -0.07     0.11     1 
0130321449   40.79719    -73.89603    -0.20      0.03     0.21     1 
0130321450   40.79684    -73.85941    -0.21      0.02     0.21     1 
0130321451   40.79647    -73.82279    -0.13     -0.08     0.15     1 
0130321452   40.79609    -73.78617    -0.17     -0.06     0.18     1 
0130321453   40.79570    -73.74955    -0.04      0.04     0.06     1 
0130321454   40.79529    -73.71293     0.04     -0.00     0.04     1 
0130321455   40.79488    -73.67631     0.06      0.01     0.06     1 
0130321456   40.79445    -73.63970     0.08      0.05     0.09     1 
0130321457   40.79402    -73.60308     0.27      0.07     0.28     1 
0130321458   40.79357    -73.56646     0.28      0.08     0.29     1 
0130321459   40.79311    -73.52985     0.04      0.05     0.06     1 
0130321460   40.79263    -73.49323     0.10      0.07     0.12     1 
0130321461   40.79215    -73.45662    -0.03      0.11     0.11     1 
0130321462   40.79165    -73.42001     0.02      0.07     0.07     1 
0130321463   40.79115    -73.38339     0.18      0.10     0.21     1 
0130321464   40.79063    -73.34678     0.11      0.06     0.13     1 
0130321465   40.79010    -73.31017     0.15      0.05     0.16     1 
0130321466   40.78956    -73.27356     0.07      0.03     0.08     1 
0130321467   40.78900    -73.23696     0.11      0.03     0.11     1 
0130321468   40.78844    -73.20035     0.04      0.02     0.05     1 
0130321469   40.78786    -73.16374     0.29      0.05     0.29     1 
0130321470   40.78727    -73.12714    -0.03      0.04     0.06     1 
0130321471   40.78667    -73.09054    -0.04      0.03     0.05     1 
0130321472   40.78606    -73.05393     0.11      0.03     0.12     1 
0130321473   40.78544    -73.01733     0.09      0.02     0.09     1 
0130321474   40.78480    -72.98073     0.13      0.02     0.13     1 
0130321475   40.78415    -72.94413     0.10      0.05     0.12     1 
0130321476   40.78350    -72.90753     0.18      0.14     0.23     1 
0130321477   40.78283    -72.87094     0.18     -0.00     0.18     1 
0130321478   40.78214    -72.83434    -0.03      0.10     0.10     1 
0130321479   40.78145    -72.79775    -0.14      0.07     0.16     1 
0130321480   40.78075    -72.76116    -0.13      0.09     0.16     1 
0130321482   40.77930    -72.68797     0.07     -0.12     0.14     1 
0130321513   40.77467    -74.29919     0.13      0.09     0.16     1 
0130321514   40.77444    -74.26257     0.25     -0.01     0.25     1 
0130321515   40.77420    -74.22596    -0.02     -0.04     0.05     1 
0130321516   40.77395    -74.18935     0.00     -0.02     0.02     1 
0130321517   40.77369    -74.15273    -0.08     -0.06     0.10     1 
0130321518   40.77341    -74.11612    -0.14     -0.16     0.21     1 
0130321519   40.77313    -74.07951    -0.11     -0.01     0.11     1 
0130321520   40.77283    -74.04290    -0.09     -0.08     0.12     1 
0130321522   40.77220    -73.96968     0.05     -0.05     0.07     1 
0130321523   40.77187    -73.93307    -0.14     -0.13     0.19     1 
0130321524   40.77152    -73.89646    -0.07     -0.03     0.07     1 
0130321525   40.77117    -73.85985    -0.14     -0.06     0.15     1 
0130321526   40.77080    -73.82325    -0.07     -0.03     0.07     1 
0130321527   40.77042    -73.78664     0.07      0.00     0.07     1 
0130321528   40.77003    -73.75003     0.04      0.03     0.05     1 
0130321529   40.76963    -73.71343     0.12      0.02     0.12     1 
0130321530   40.76921    -73.67682     0.11     -0.05     0.12     1 
0130321531   40.76879    -73.64022     0.09      0.03     0.09     1 
0130321532   40.76835    -73.60362     0.18     -0.01     0.18     1 
0130321533   40.76790    -73.56701     0.03     -0.08     0.09     1 
0130321534   40.76744    -73.53041    -0.11     -0.01     0.11     1 
0130321535   40.76697    -73.49381    -0.02     -0.06     0.06     1 
0130321536   40.76648    -73.45721     0.13      0.01     0.13     1 
0130321537   40.76599    -73.42061    -0.05     -0.06     0.08     1 
0130321538   40.76548    -73.38402     0.20      0.05     0.21     1 
0130321539   40.76496    -73.34742     0.07      0.06     0.09     1 
0130321540   40.76443    -73.31082    -0.01      0.08     0.08     1 
0130321541   40.76389    -73.27423     0.04      0.05     0.06     1 
0130321542   40.76334    -73.23763     0.17      0.10     0.20     1 
0130321543   40.76277    -73.20104     0.11      0.08     0.13     1 
0130321544   40.76220    -73.16445     0.17      0.06     0.18     1 
0130321545   40.76161    -73.12786     0.17      0.02     0.17     1 
0130321546   40.76101    -73.09127     0.14      0.08     0.16     1 
0130321547   40.76040    -73.05468     0.09      0.01     0.09     1 
0130321548   40.75978    -73.01809     0.03      0.03     0.05     1 
0130321549   40.75914    -72.98151     0.04     -0.03     0.05     1 
0130321550   40.75850    -72.94492     0.12      0.01     0.12     1 
0130321551   40.75784    -72.90834     0.05      0.04     0.06     1 
0130321552   40.75717    -72.87176     0.13      0.10     0.17     1 
0130321553   40.75649    -72.83518    -0.07      0.00     0.07     1 
0130321554   40.75580    -72.79860    -0.22      0.14     0.26     1 
0130321588   40.74900    -74.29946     0.24      0.04     0.24     1 
0130321589   40.74877    -74.26286     0.15      0.04     0.16     1 
0130321590   40.74853    -74.22626     0.02      0.01     0.02     1 
0130321591   40.74828    -74.18966    -0.01      0.01     0.01     1 
0130321592   40.74802    -74.15306    -0.07     -0.03     0.08     1 
0130321593   40.74774    -74.11646    -0.20     -0.03     0.20     1 
0130321594   40.74746    -74.07986    -0.13     -0.09     0.16     1 
0130321595   40.74716    -74.04327    -0.02     -0.13     0.13     1 
0130321597   40.74653    -73.97007     0.12     -0.14     0.19     1 
0130321598   40.74620    -73.93348    -0.07     -0.10     0.12     1 
0130321599   40.74585    -73.89688    -0.08     -0.04     0.09     1 
0130321600   40.74550    -73.86029    -0.00     -0.04     0.04     1 
0130321601   40.74513    -73.82370    -0.01     -0.01     0.01     1 
0130321602   40.74475    -73.78710    -0.05     -0.01     0.06     1 
0130321603   40.74436    -73.75051     0.13     -0.03     0.13     1 
0130321604   40.74396    -73.71392    -0.09     -0.01     0.09     1 
0130321605   40.74354    -73.67733    -0.02     -0.03     0.03     1 
0130321606   40.74312    -73.64074    -0.02      0.00     0.02     1 
0130321607   40.74268    -73.60415    -0.06      0.03     0.07     1 
0130321608   40.74223    -73.56757     0.09      0.06     0.11     1 
0130321609   40.74177    -73.53098     0.07      0.03     0.07     1 
0130321610   40.74130    -73.49439    -0.03      0.02     0.04     1 
0130321611   40.74082    -73.45781     0.30      0.03     0.30     1 
0130321612   40.74032    -73.42122    -0.06     -0.00     0.06     1 
0130321613   40.73982    -73.38464    -0.03     -0.02     0.03     1 
0130321614   40.73930    -73.34806     0.22      0.05     0.23     1 
0130321615   40.73877    -73.31147     0.04      0.05     0.07     1 
0130321616   40.73823    -73.27489     0.05      0.04     0.06     1 
0130321617   40.73768    -73.23831     0.02      0.01     0.02     1 
0130321618   40.73711    -73.20173     0.10      0.02     0.10     1 
0130321619   40.73654    -73.16516     0.10      0.06     0.12     1 
0130321620   40.73595    -73.12858    -0.05      0.05     0.07     1 
0130321621   40.73535    -73.09200     0.11      0.05     0.13     1 
0130321622   40.73474    -73.05543    -0.03      0.06     0.07     1 
0130321623   40.73412    -73.01886    -0.09      0.14     0.17     1 
0130321625   40.73284    -72.94571    -0.22     -0.04     0.22     1 
0130321626   40.73218    -72.90914    -0.11     -0.12     0.16     1 
0130321627   40.73151    -72.87257    -0.09     -0.01     0.09     1 
0130321663   40.72333    -74.29972     0.03      0.05     0.06     1 
0130321664   40.72310    -74.26314     0.10      0.05     0.11     1 
0130321665   40.72286    -74.22655    -0.02     -0.01     0.02     1 
0130321666   40.72261    -74.18997    -0.01      0.02     0.02     1 
0130321667   40.72234    -74.15339    -0.06      0.04     0.07     1 
0130321668   40.72207    -74.11680    -0.06      0.00     0.06     1 
0130321669   40.72178    -74.08022     0.06     -0.02     0.06     1 
0130321670   40.72149    -74.04363    -0.01     -0.02     0.02     1 
0130321671   40.72118    -74.00705     0.13     -0.09     0.16     1 
0130321672   40.72086    -73.97047     0.02     -0.07     0.07     1 
0130321673   40.72053    -73.93389    -0.10      0.01     0.10     1 
0130321674   40.72018    -73.89731    -0.05      0.02     0.05     1 
0130321675   40.71983    -73.86073     0.03     -0.00     0.03     1 
0130321676   40.71946    -73.82415    -0.04     -0.01     0.04     1 
0130321677   40.71908    -73.78757    -0.05      0.01     0.05     1 
0130321678   40.71869    -73.75099     0.02     -0.01     0.02     1 
0130321679   40.71829    -73.71442    -0.11      0.05     0.12     1 
0130321680   40.71788    -73.67784     0.07     -0.05     0.09     1 
0130321681   40.71745    -73.64126    -0.00     -0.06     0.06     1 
0130321682   40.71702    -73.60469    -0.08     -0.01     0.08     1 
0130321683   40.71657    -73.56812     0.05     -0.05     0.07     1 
0130321684   40.71611    -73.53154     0.11      0.00     0.11     1 
0130321685   40.71564    -73.49497     0.06      0.04     0.07     1 
0130321686   40.71515    -73.45840     0.13      0.01     0.13     1 
0130321687   40.71466    -73.42183    -0.03      0.04     0.05     1 
0130321688   40.71415    -73.38526    -0.05      0.00     0.05     1 
0130321689   40.71364    -73.34869     0.02      0.05     0.05     1 
0130321690   40.71311    -73.31212     0.04     -0.00     0.04     1 
0130321691   40.71257    -73.27555     0.15     -0.04     0.16     1 
0130321692   40.71201    -73.23899    -0.11     -0.03     0.12     1 
0130321693   40.71145    -73.20243    -0.05     -0.03     0.06     1 
0130321694   40.71088    -73.16586     0.20     -0.04     0.21     1 
0130321699   40.70782    -72.98306    -0.11     -0.19     0.22     1 
0130321700   40.70718    -72.94650    -0.24     -0.06     0.25     1 
0130321737   40.69787    -74.33657     0.27      0.07     0.28     1 
0130321738   40.69765    -74.29999     0.04      0.11     0.11     1 
0130321739   40.69742    -74.26342     0.08      0.06     0.10     1 
0130321740   40.69718    -74.22685    -0.12      0.07     0.14     1 
0130321741   40.69693    -74.19028    -0.03     -0.01     0.03     1 
0130321742   40.69667    -74.15371    -0.21      0.04     0.21     1 
0130321743   40.69640    -74.11714    -0.17     -0.01     0.17     1 
0130321744   40.69611    -74.08057    -0.05      0.06     0.08     1 
0130321745   40.69582    -74.04400    -0.18      0.11     0.22     1 
0130321746   40.69551    -74.00743    -0.18      0.01     0.18     1 
0130321747   40.69519    -73.97087     0.01     -0.00     0.01     1 
0130321748   40.69485    -73.93430    -0.00      0.00     0.00     1 
0130321749   40.69451    -73.89773     0.02      0.03     0.03     1 
0130321750   40.69416    -73.86117     0.15      0.03     0.15     1 
0130321751   40.69379    -73.82460    -0.07     -0.02     0.07     1 
0130321752   40.69341    -73.78804    -0.06     -0.00     0.06     1 
0130321753   40.69302    -73.75147    -0.05     -0.06     0.08     1 
0130321754   40.69262    -73.71491     0.03     -0.02     0.04     1 
0130321755   40.69221    -73.67835     0.06     -0.03     0.07     1 
0130321756   40.69178    -73.64178    -0.02     -0.01     0.03     1 
0130321757   40.69135    -73.60523     0.10      0.01     0.10     1 
0130321758   40.69090    -73.56866     0.10      0.00     0.10     1 
0130321759   40.69044    -73.53211     0.07     -0.02     0.08     1 
0130321760   40.68997    -73.49555     0.14      0.02     0.14     1 
0130321761   40.68949    -73.45899     0.10      0.01     0.10     1 
0130321762   40.68899    -73.42243     0.17      0.01     0.17     1 
0130321763   40.68849    -73.38588     0.01      0.01     0.01     1 
0130321764   40.68797    -73.34932    -0.03     -0.01     0.03     1 
0130321765   40.68744    -73.31277    -0.10     -0.01     0.10     1 
0130321766   40.68690    -73.27622    -0.06      0.05     0.08     1 
0130321812   40.67220    -74.33682     0.04      0.01     0.04     1 
0130321813   40.67198    -74.30026     0.05      0.00     0.05     1 
0130321814   40.67175    -74.26371     0.05     -0.07     0.09     1 
0130321815   40.67151    -74.22715     0.04     -0.03     0.05     1 
0130321816   40.67126    -74.19059    -0.01      0.02     0.03     1 
0130321817   40.67100    -74.15403    -0.19      0.12     0.22     1 
0130321818   40.67073    -74.11748    -0.10      0.01     0.10     1 
0130321819   40.67044    -74.08092    -0.15     -0.05     0.15     1 
0130321821   40.66984    -74.00781    -0.08      0.04     0.09     1 
0130321822   40.66952    -73.97126     0.08      0.02     0.09     1 
0130321823   40.66918    -73.93471    -0.08     -0.01     0.08     1 
0130321824   40.66884    -73.89816    -0.04     -0.03     0.05     1 
0130321825   40.66849    -73.86160    -0.02      0.02     0.03     1 
0130321826   40.66812    -73.82505    -0.16     -0.07     0.17     1 
0130321827   40.66774    -73.78850    -0.08      0.03     0.09     1 
0130321828   40.66735    -73.75195    -0.00     -0.04     0.04     1 
0130321829   40.66695    -73.71540    -0.04     -0.05     0.06     1 
0130321830   40.66654    -73.67885     0.08      0.04     0.09     1 
0130321831   40.66612    -73.64231     0.05     -0.02     0.06     1 
0130321832   40.66568    -73.60576     0.10      0.04     0.10     1 
0130321833   40.66523    -73.56921     0.11     -0.00     0.11     1 
0130321834   40.66477    -73.53267     0.08     -0.02     0.09     1 
0130321835   40.66430    -73.49612     0.01      0.01     0.02     1 
0130321836   40.66382    -73.45958    -0.02     -0.03     0.03     1 
0130321837   40.66333    -73.42304    -0.03     -0.02     0.04     1 
0130321838   40.66282    -73.38650    -0.10     -0.05     0.11     1 
0130321839   40.66231    -73.34996    -0.04     -0.10     0.11     1 
0130321841   40.66124    -73.27688    -0.14      0.04     0.14     1 
0130321842   40.66069    -73.24034    -0.05     -0.03     0.06     1 
0130321843   40.66013    -73.20380    -0.12      0.08     0.14     1 
0130321844   40.65955    -73.16727    -0.02     -0.07     0.07     1 
0130321845   40.65897    -73.13073     0.04     -0.10     0.11     1 
0130321887   40.64652    -74.33707     0.00      0.06     0.06     1 
0130321888   40.64631    -74.30053     0.18     -0.02     0.18     1 
0130321889   40.64608    -74.26399     0.16      0.03     0.17     1 
0130321890   40.64584    -74.22744    -0.08     -0.00     0.08     1 
0130321891   40.64559    -74.19090    -0.14      0.04     0.15     1 
0130321892   40.64533    -74.15436    -0.14     -0.04     0.15     1 
0130321893   40.64505    -74.11782    -0.07      0.01     0.07     1 
0130321894   40.64477    -74.08128    -0.13     -0.00     0.13     1 
0130321896   40.64417    -74.00819    -0.11     -0.10     0.15     1 
0130321897   40.64384    -73.97165    -0.06     -0.08     0.10     1 
0130321898   40.64351    -73.93511    -0.01     -0.03     0.03     1 
0130321899   40.64317    -73.89858    -0.12      0.01     0.12     1 
0130321900   40.64282    -73.86204    -0.06      0.02     0.07     1 
0130321901   40.64245    -73.82550    -0.17      0.03     0.18     1 
0130321902   40.64207    -73.78897    -0.07      0.01     0.07     1 
0130321903   40.64169    -73.75243    -0.13      0.02     0.13     1 
0130321904   40.64128    -73.71590    -0.01      0.02     0.02     1 
0130321905   40.64087    -73.67936     0.07     -0.05     0.08     1 
0130321906   40.64045    -73.64283     0.04      0.01     0.04     1 
0130321907   40.64001    -73.60629    -0.01      0.06     0.06     1 
0130321908   40.63957    -73.56976    -0.04      0.07     0.08     1 
0130321909   40.63911    -73.53323    -0.08      0.03     0.08     1 
0130321910   40.63864    -73.49670    -0.04     -0.00     0.04     1 
0130321912   40.63766    -73.42364    -0.06      0.01     0.06     1 
0130321913   40.63716    -73.38711    -0.13      0.04     0.14     1 
0130321914   40.63664    -73.35059    -0.15     -0.05     0.15     1 
0130321915   40.63612    -73.31406    -0.12      0.18     0.21     1 
0130321916   40.63558    -73.27754    -0.07      0.04     0.08     1 
0130321917   40.63503    -73.24101    -0.11     -0.03     0.11     1 
0130321962   40.62085    -74.33733     0.25      0.04     0.26     1 
0130321963   40.62063    -74.30080     0.02      0.03     0.04     1 
0130321964   40.62041    -74.26427    -0.11      0.00     0.11     1 
0130321965   40.62017    -74.22774    -0.09      0.02     0.09     1 
0130321966   40.61992    -74.19121    -0.09     -0.03     0.10     1 
0130321967   40.61966    -74.15468    -0.06      0.05     0.08     1 
0130321968   40.61938    -74.11816     0.07      0.03     0.08     1 
0130321969   40.61910    -74.08163    -0.04      0.02     0.05     1 
0130321971   40.61849    -74.00857     0.00     -0.07     0.07     1 
0130321972   40.61817    -73.97205    -0.05     -0.03     0.06     1 
0130321973   40.61784    -73.93552    -0.15     -0.06     0.16     1 
0130321974   40.61750    -73.89900    -0.09     -0.03     0.10     1 
0130321975   40.61715    -73.86248    -0.11      0.02     0.11     1 
0130321976   40.61678    -73.82595    -0.19     -0.03     0.19     1 
0130321977   40.61640    -73.78943    -0.08      0.01     0.08     1 
0130321978   40.61602    -73.75291    -0.08     -0.03     0.09     1 
0130321979   40.61561    -73.71639    -0.02      0.00     0.03     1 
0130321980   40.61520    -73.67987    -0.11      0.01     0.11     1 
0130321981   40.61478    -73.64335    -0.12      0.04     0.13     1 
0130321982   40.61435    -73.60683    -0.06      0.02     0.06     1 
0130321983   40.61390    -73.57031    -0.13      0.05     0.14     1 
0130321984   40.61344    -73.53379    -0.14     -0.00     0.14     1 
0130321985   40.61297    -73.49728    -0.12     -0.02     0.12     1 
0130321986   40.61249    -73.46076    -0.02     -0.02     0.03     1 
0130321987   40.61200    -73.42425    -0.05     -0.02     0.06     1 
0130322037   40.59517    -74.33758     0.28      0.01     0.28     1 
0130322038   40.59496    -74.30107     0.08     -0.05     0.09     1 
0130322039   40.59473    -74.26455    -0.12     -0.05     0.13     1 
0130322040   40.59449    -74.22804    -0.15     -0.08     0.17     1 
0130322041   40.59424    -74.19152    -0.17     -0.08     0.19     1 
0130322042   40.59398    -74.15501    -0.11     -0.00     0.11     1 
0130322043   40.59371    -74.11849     0.18      0.01     0.18     1 
0130322044   40.59343    -74.08198     0.03     -0.06     0.07     1 
0130322045   40.59313    -74.04547     0.07     -0.22     0.23     1 
0130322046   40.59282    -74.00895    -0.17      0.04     0.17     1 
0130322047   40.59250    -73.97244    -0.07     -0.02     0.07     1 
0130322048   40.59217    -73.93593    -0.13     -0.03     0.13     1 
0130322049   40.59183    -73.89942    -0.03     -0.01     0.03     1 
0130322050   40.59148    -73.86291    -0.11     -0.12     0.17     1 
0130322051   40.59111    -73.82640    -0.09     -0.07     0.11     1 
0130322052   40.59074    -73.78989    -0.04     -0.07     0.08     1 
0130322053   40.59035    -73.75338     0.07     -0.19     0.21     1 
0130322055   40.58953    -73.68037    -0.15     -0.03     0.15     1 
0130322056   40.58911    -73.64387    -0.19      0.02     0.19     1 
0130322057   40.58868    -73.60736    -0.21      0.04     0.21     1 
0130322058   40.58823    -73.57086    -0.11      0.08     0.13     1 
0130322111   40.56970    -74.37434     0.22     -0.03     0.22     1 
0130322112   40.56950    -74.33783    -0.02     -0.05     0.06     1 
0130322113   40.56929    -74.30133     0.09     -0.11     0.14     1 
0130322114   40.56906    -74.26483    -0.06     -0.10     0.12     1 
0130322115   40.56882    -74.22833    -0.09     -0.08     0.12     1 
0130322116   40.56857    -74.19183    -0.34     -0.21     0.40     1 
0130322117   40.56831    -74.15533    -0.01     -0.11     0.11     1 
0130322118   40.56804    -74.11883    -0.05     -0.13     0.14     1 
0130322120   40.56746    -74.04583    -0.22      0.01     0.22     1 
0130322121   40.56715    -74.00933     0.13     -0.02     0.13     1 
0130322186   40.54403    -74.37458     0.08     -0.04     0.09     1 
0130322187   40.54383    -74.33809     0.09     -0.05     0.10     1 
0130322188   40.54361    -74.30160    -0.02     -0.06     0.06     1 
0130322189   40.54339    -74.26511    -0.12     -0.01     0.12     1 
0130322190   40.54315    -74.22862    -0.05     -0.07     0.09     1 
0130322191   40.54290    -74.19214     0.23     -0.09     0.25     1 
0130322192   40.54264    -74.15565     0.06     -0.10     0.12     1 
0130322193   40.54236    -74.11916    -0.00     -0.07     0.07     1 
0130322198   40.54083    -73.93674    -0.19     -0.07     0.21     1 
0130322261   40.51836    -74.37482    -0.01     -0.10     0.11     1 
0130322262   40.51815    -74.33834    -0.12     -0.10     0.15     1 
0130322263   40.51794    -74.30187    -0.09     -0.05     0.10     1 
0130322264   40.51771    -74.26539     0.01     -0.07     0.07     1 
0130322265   40.51747    -74.22892     0.06     -0.02     0.06     1 
0130322266   40.51723    -74.19245    -0.09     -0.06     0.11     1 
0130322336   40.49268    -74.37505    -0.28     -0.04     0.28     1 
0130322337   40.49248    -74.33859    -0.12     -0.02     0.12     1 
0130322338   40.49227    -74.30213    -0.15     -0.14     0.20     1 
0130322339   40.49204    -74.26567    -0.06     -0.06     0.08     1 
0130322340   40.49180    -74.22921    -0.05     -0.15     0.16     1 
0130322411   40.46701    -74.37529    -0.18     -0.07     0.19     1 
0130322412   40.46681    -74.33885     0.12      0.03     0.12     1 
0130322413   40.46659    -74.30240     0.12     -0.03     0.12     1 
0130322414   40.46637    -74.26595     0.03     -0.09     0.09     1 
0130322421   40.46446    -74.01084     0.01     -0.03     0.03     1 
0130322485   40.44152    -74.41196     0.05     -0.04     0.07     1 
0130322486   40.44133    -74.37553     0.07     -0.07     0.10     1 
0130322487   40.44113    -74.33910     0.05     -0.01     0.06     1 
0130322488   40.44092    -74.30266     0.10     -0.12     0.16     1 
0130322489   40.44069    -74.26623     0.01     -0.07     0.07     1 
0130322490   40.44045    -74.22980     0.09      0.02     0.09     1 
0130322491   40.44021    -74.19337    -0.05     -0.12     0.13     1 
0130322492   40.43995    -74.15694     0.01     -0.12     0.12     1 
0130322493   40.43968    -74.12051     0.01     -0.03     0.03     1 
0130322494   40.43939    -74.08408    -0.11     -0.09     0.14     1 
0130322497   40.43847    -73.97479    -0.07     -0.05     0.09     1 
0130322560   40.41585    -74.41219     0.11     -0.03     0.11     1 
0130322561   40.41566    -74.37577     0.12     -0.01     0.12     1 
0130322562   40.41546    -74.33935    -0.07     -0.07     0.10     1 
0130322563   40.41524    -74.30293     0.32     -0.03     0.32     1 
0130322564   40.41502    -74.26651     0.24     -0.04     0.25     1 
0130322565   40.41478    -74.23009    -0.02     -0.07     0.07     1 
0130322566   40.41453    -74.19367     0.09      0.03     0.10     1 
0130322567   40.41427    -74.15726     0.22     -0.04     0.22     1 
0130322568   40.41400    -74.12084     0.20      0.05     0.21     1 
0130322569   40.41372    -74.08442     0.25     -0.00     0.25     1 
0130322570   40.41342    -74.04801     0.04     -0.02     0.04     1 
0130322572   40.41280    -73.97518    -0.12      0.01     0.12     1 
0130322635   40.39017    -74.41241     0.26      0.00     0.26     1 
0130322636   40.38998    -74.37600     0.06     -0.02     0.06     1 
0130322637   40.38978    -74.33960     0.21     -0.01     0.21     1 
0130322638   40.38957    -74.30319     0.24     -0.03     0.24     1 
0130322639   40.38934    -74.26679     0.27     -0.09     0.28     1 
0130322640   40.38911    -74.23038     0.22     -0.03     0.23     1 
0130322642   40.38860    -74.15758     0.30     -0.07     0.31     1 
0130322643   40.38833    -74.12118     0.38     -0.03     0.38     1 
0130322644   40.38805    -74.08477     0.28     -0.02     0.28     1 
0130322645   40.38775    -74.04837     0.36     -0.06     0.36     1 
0130322646   40.38745    -74.01197    -0.11     -0.00     0.11     1 
0130322647   40.38713    -73.97557    -0.09     -0.11     0.14     1 
0130322710   40.36450    -74.41263     0.14      0.17     0.22     1 
0130322711   40.36431    -74.37624     0.31      0.04     0.31     1 
0130322712   40.36411    -74.33985     0.23      0.10     0.25     1 
0130322713   40.36389    -74.30346     0.25      0.01     0.25     1 
0130322714   40.36367    -74.26707     0.23     -0.05     0.24     1 
0130322715   40.36343    -74.23068     0.32     -0.10     0.33     1 
0130322716   40.36319    -74.19429     0.32     -0.12     0.34     1 
0130322717   40.36293    -74.15790     0.20     -0.07     0.21     1 
0130322718   40.36265    -74.12151     0.13     -0.08     0.15     1 
0130322719   40.36237    -74.08512     0.11     -0.09     0.14     1 
0130322721   40.36177    -74.01234     0.20     -0.03     0.21     1 
0130322722   40.36146    -73.97596    -0.11      0.03     0.11     1 
0130322785   40.33882    -74.41286     0.33     -0.05     0.33     1 
0130322786   40.33863    -74.37648     0.21     -0.01     0.21     1 
0130322787   40.33843    -74.34010     0.13     -0.15     0.20     1 
0130322788   40.33822    -74.30372     0.19     -0.04     0.20     1 
0130322789   40.33799    -74.26735     0.26     -0.11     0.28     1 
0130322790   40.33776    -74.23097     0.28     -0.12     0.30     1 
0130322791   40.33751    -74.19459     0.30      0.01     0.30     1 
0130322792   40.33725    -74.15822     0.11      0.06     0.13     1 
0130322793   40.33698    -74.12184     0.24     -0.01     0.24     1 
0130322794   40.33670    -74.08547    -0.01     -0.10     0.10     1 
0130322795   40.33641    -74.04909     0.22     -0.03     0.22     1 
0130322796   40.33610    -74.01272    -0.16     -0.14     0.22     1 
0130322797   40.33579    -73.97635    -0.06     -0.03     0.07     1 
0130322859   40.31333    -74.44944    -0.08     -0.08     0.11     1 
0130322860   40.31315    -74.41308     0.14     -0.09     0.17     1 
0130322861   40.31296    -74.37671     0.10     -0.04     0.11     1 
0130322862   40.31276    -74.34035     0.26     -0.11     0.28     1 
0130322863   40.31255    -74.30399     0.28     -0.14     0.31     1 
0130322864   40.31232    -74.26762     0.17     -0.05     0.17     1 
0130322865   40.31209    -74.23126     0.18     -0.06     0.19     1 
0130322866   40.31184    -74.19490     0.24     -0.06     0.25     1 
0130322867   40.31158    -74.15854     0.16      0.01     0.16     1 
0130322868   40.31131    -74.12217    -0.00     -0.14     0.14     1 
0130322869   40.31103    -74.08581     0.23     -0.05     0.23     1 
0130322870   40.31073    -74.04945     0.06     -0.06     0.09     1 
0130322871   40.31043    -74.01309    -0.01     -0.09     0.09     1 
0130322934   40.28765    -74.44965     0.26     -0.06     0.27     1 
0130322935   40.28748    -74.41330     0.36     -0.04     0.36     1 
0130322936   40.28728    -74.37695     0.26     -0.06     0.26     1 
0130322937   40.28708    -74.34060     0.17     -0.02     0.17     1 
0130322938   40.28687    -74.30425     0.14     -0.02     0.14     1 
0130322939   40.28665    -74.26790     0.22     -0.08     0.24     1 
0130322940   40.28641    -74.23155     0.18     -0.04     0.18     1 
0130322941   40.28616    -74.19520     0.06     -0.09     0.11     1 
0130322942   40.28590    -74.15886     0.11     -0.06     0.12     1 
0130322943   40.28563    -74.12251     0.30     -0.18     0.35     1 
0130322944   40.28535    -74.08616     0.21     -0.06     0.22     1 
0130322945   40.28506    -74.04981     0.04     -0.07     0.08     1 
0130322946   40.28476    -74.01347     0.14     -0.07     0.15     1 
0130323009   40.26198    -74.44986     0.40      0.01     0.40     1 
0130323010   40.26180    -74.41352     0.19     -0.06     0.20     1 
0130323011   40.26161    -74.37718     0.03     -0.03     0.04     1 
0130323012   40.26141    -74.34085     0.16      0.11     0.20     1 
0130323013   40.26120    -74.30451     0.07     -0.10     0.12     1 
0130323014   40.26097    -74.26818     0.06      0.02     0.06     1 
0130323015   40.26074    -74.23184     0.35     -0.06     0.36     1 
0130323016   40.26049    -74.19551     0.33     -0.05     0.34     1 
0130323017   40.26023    -74.15917     0.13     -0.07     0.15     1 
0130323018   40.25996    -74.12284     0.16     -0.14     0.21     1 
0130323019   40.25968    -74.08651     0.10     -0.06     0.11     1 
0130323020   40.25939    -74.05017     0.06     -0.03     0.07     1 
0130323021   40.25908    -74.01384     0.24     -0.05     0.24     1 
0130323084   40.23630    -74.45007     0.24      0.04     0.24     1 
0130323085   40.23612    -74.41374     0.26      0.07     0.27     1 
0130323086   40.23593    -74.37742     0.26     -0.07     0.27     1 
0130323087   40.23573    -74.34110     0.21     -0.00     0.21     1 
0130323088   40.23552    -74.30478     0.14     -0.06     0.15     1 
0130323089   40.23530    -74.26845     0.06     -0.03     0.07     1 
0130323090   40.23506    -74.23213     0.24     -0.09     0.26     1 
0130323091   40.23481    -74.19581     0.17     -0.05     0.18     1 
0130323092   40.23456    -74.15949     0.18     -0.08     0.20     1 
0130323093   40.23429    -74.12317     0.08     -0.04     0.09     1 
0130323094   40.23401    -74.08685     0.07     -0.08     0.11     1 
0130323095   40.23371    -74.05053     0.05     -0.07     0.09     1 
0130323096   40.23341    -74.01421    -0.03     -0.04     0.05     1 
0130323159   40.21063    -74.45028     0.30     -0.04     0.30     1 
0130323160   40.21045    -74.41397     0.17     -0.04     0.18     1 
0130323161   40.21026    -74.37766     0.25     -0.02     0.25     1 
0130323162   40.21006    -74.34135     0.20     -0.11     0.23     1 
0130323163   40.20985    -74.30504     0.29     -0.11     0.31     1 
0130323164   40.20962    -74.26873     0.15     -0.06     0.16     1 
0130323165   40.20939    -74.23242     0.30     -0.06     0.31     1 
0130323166   40.20914    -74.19611     0.08     -0.07     0.11     1 
0130323167   40.20888    -74.15981     0.18     -0.00     0.18     1 
0130323168   40.20861    -74.12350     0.11     -0.11     0.16     1 
0130323169   40.20833    -74.08719     0.28      0.03     0.29     1 
0130323170   40.20804    -74.05089     0.10     -0.15     0.18     1 
0130323171   40.20774    -74.01458    -0.06     -0.13     0.15     1 
0130323233   40.18512    -74.48678     0.29     -0.05     0.30     1 
0130323234   40.18495    -74.45048     0.30     -0.09     0.31     1 
0130323235   40.18477    -74.41419     0.34     -0.09     0.35     1 
0130323236   40.18458    -74.37789     0.18      0.02     0.18     1 
0130323237   40.18438    -74.34159     0.18     -0.07     0.20     1 
0130323238   40.18417    -74.30530     0.22     -0.05     0.22     1 
0130323239   40.18395    -74.26901     0.35     -0.08     0.36     1 
0130323240   40.18371    -74.23271     0.34     -0.05     0.34     1 
0130323241   40.18347    -74.19642     0.12     -0.16     0.20     1 
0130323242   40.18321    -74.16012     0.25     -0.11     0.28     1 
0130323243   40.18294    -74.12383     0.04     -0.07     0.09     1 
0130323244   40.18266    -74.08754     0.19     -0.04     0.19     1 
0130323245   40.18237    -74.05125    -0.01      0.01     0.01     1 
0130323246   40.18206    -74.01496    -0.05     -0.09     0.10     1 
0130323308   40.15944    -74.48697     0.15     -0.07     0.17     1 
0130323309   40.15928    -74.45069     0.34      0.05     0.35     1 
0130323310   40.15910    -74.41441     0.12     -0.02     0.12     1 
0130323311   40.15891    -74.37812     0.08     -0.01     0.09     1 
0130323312   40.15871    -74.34184     0.11      0.03     0.11     1 
0130323313   40.15850    -74.30556     0.14     -0.07     0.16     1 
0130323314   40.15827    -74.26928     0.23     -0.08     0.24     1 
0130323315   40.15804    -74.23300     0.15     -0.03     0.16     1 
0130323316   40.15779    -74.19672     0.27     -0.06     0.28     1 
0130323317   40.15753    -74.16044     0.28     -0.08     0.29     1 
0130323318   40.15727    -74.12416     0.16     -0.12     0.21     1 
0130323319   40.15698    -74.08788     0.12     -0.11     0.16     1 
0130323320   40.15669    -74.05160     0.01     -0.09     0.09     1 
0130323383   40.13376    -74.48717     0.22     -0.03     0.22     1 
0130323384   40.13360    -74.45090    -0.15     -0.00     0.15     1 
0130323385   40.13342    -74.41463     0.01     -0.09     0.09     1 
0130323386   40.13323    -74.37836     0.20     -0.03     0.20     1 
0130323387   40.13303    -74.34209     0.29     -0.12     0.31     1 
0130323388   40.13282    -74.30582     0.18     -0.13     0.22     1 
0130323389   40.13260    -74.26956     0.20      0.00     0.20     1 
0130323390   40.13236    -74.23329     0.11     -0.16     0.20     1 
0130323391   40.13212    -74.19702     0.16      0.01     0.16     1 
0130323392   40.13186    -74.16076     0.20     -0.08     0.21     1 
0130323393   40.13159    -74.12449     0.22     -0.03     0.22     1 
0130323394   40.13131    -74.08823     0.07     -0.07     0.10     1 
0130323395   40.13102    -74.05196     0.09     -0.02     0.09     1 
0130323458   40.10809    -74.48736     0.24      0.04     0.25     1 
0130323459   40.10792    -74.45110     0.10      0.02     0.11     1 
0130323460   40.10775    -74.41485     0.07     -0.01     0.07     1 
0130323462   40.10736    -74.34234     0.23     -0.09     0.24     1 
0130323463   40.10714    -74.30608     0.21     -0.13     0.25     1 
0130323464   40.10692    -74.26983     0.26     -0.07     0.27     1 
0130323465   40.10669    -74.23358     0.26     -0.02     0.26     1 
0130323466   40.10644    -74.19733     0.18     -0.07     0.19     1 
0130323467   40.10619    -74.16107     0.21     -0.01     0.21     1 
0130323468   40.10592    -74.12482     0.19     -0.03     0.19     1 
0130323469   40.10564    -74.08857    -0.02     -0.04     0.04     1 
0130323470   40.10535    -74.05232    -0.09     -0.04     0.10     1 
0130323532   40.08257    -74.52379     0.10      0.15     0.18     1 
0130323533   40.08241    -74.48755     0.25      0.06     0.25     1 
0130323534   40.08225    -74.45131     0.11     -0.01     0.11     1 
0130323535   40.08207    -74.41507     0.06      0.02     0.06     1 
0130323536   40.08188    -74.37883     0.23      0.03     0.24     1 
0130323537   40.08168    -74.34258     0.07     -0.05     0.09     1 
0130323538   40.08147    -74.30634     0.24     -0.05     0.25     1 
0130323539   40.08125    -74.27011     0.19      0.04     0.20     1 
0130323540   40.08101    -74.23386    -0.02     -0.09     0.09     1 
0130323541   40.08077    -74.19763     0.05     -0.10     0.11     1 
0130323542   40.08051    -74.16139    -0.02      0.01     0.03     1 
0130323543   40.08024    -74.12515     0.02     -0.03     0.04     1 
0130323544   40.07996    -74.08891     0.03     -0.01     0.03     1 
0130323545   40.07967    -74.05267    -0.02     -0.07     0.07     1 
0130323607   40.05689    -74.52397     0.20     -0.04     0.20     1 
0130323608   40.05674    -74.48774     0.15     -0.01     0.15     1 
0130323609   40.05657    -74.45152     0.05      0.07     0.09     1 
0130323610   40.05639    -74.41529     0.07     -0.04     0.08     1 
0130323611   40.05620    -74.37906     0.08      0.08     0.11     1 
0130323612   40.05600    -74.34283    -0.10     -0.01     0.10     1 
0130323613   40.05579    -74.30661     0.07      0.00     0.07     1 
0130323614   40.05557    -74.27038     0.04      0.02     0.04     1 
0130323615   40.05534    -74.23415     0.06      0.07     0.10     1 
0130323616   40.05509    -74.19793     0.03     -0.02     0.03     1 
0130323617   40.05483    -74.16170     0.07     -0.03     0.07     1 
0130323618   40.05457    -74.12548    -0.02     -0.02     0.03     1 
0130323619   40.05429    -74.08925    -0.11      0.00     0.11     1 
0130323620   40.05400    -74.05303    -0.04     -0.10     0.11     1 
0130323682   40.03121    -74.52415    -0.01     -0.03     0.03     1 
0130323683   40.03106    -74.48793     0.07      0.03     0.08     1 
0130323684   40.03089    -74.45172    -0.01     -0.02     0.02     1 
0130323685   40.03072    -74.41551     0.10      0.02     0.11     1 
0130323686   40.03053    -74.37929     0.03      0.02     0.03     1 
0130323687   40.03033    -74.34308    -0.06     -0.00     0.06     1 
0130323688   40.03012    -74.30687     0.06     -0.02     0.06     1 
0130323689   40.02990    -74.27065    -0.02      0.01     0.03     1 
0130323690   40.02966    -74.23444     0.13     -0.10     0.17     1 
0130323691   40.02942    -74.19823     0.25      0.00     0.25     1 
0130323692   40.02916    -74.16202     0.01     -0.03     0.03     1 
0130323693   40.02889    -74.12581    -0.03      0.03     0.04     1 
0130323694   40.02861    -74.08960    -0.04      0.00     0.04     1 
0130323695   40.02832    -74.05339    -0.07     -0.08     0.10     1 
0130323757   40.00554    -74.52433     0.04      0.02     0.04     1 
0130323758   40.00538    -74.48813    -0.06     -0.03     0.07     1 
0130323759   40.00522    -74.45193    -0.01     -0.02     0.02     1 
0130323760   40.00504    -74.41572     0.15      0.00     0.15     1 
0130323761   40.00485    -74.37953     0.07     -0.05     0.09     1 
0130323762   40.00465    -74.34332    -0.14     -0.07     0.15     1 
0130323763   40.00444    -74.30712     0.13     -0.04     0.14     1 
0130323764   40.00422    -74.27093     0.11     -0.06     0.13     1 
0130323765   40.00399    -74.23473     0.19     -0.05     0.19     1 
0130323766   40.00374    -74.19853     0.16      0.01     0.16     1 
0130323767   40.00348    -74.16233     0.12     -0.04     0.13     1 
0130323768   40.00322    -74.12613    -0.08      0.01     0.08     1 
0130323769   40.00294    -74.08994    -0.06     -0.01     0.06     1 
0130323832   39.97986    -74.52451    -0.06     -0.05     0.08     1 
0130323833   39.97971    -74.48832    -0.05     -0.03     0.06     1 
0130323834   39.97954    -74.45213     0.01      0.03     0.03     1 
0130323835   39.97936    -74.41594     0.01      0.00     0.02     1 
0130323836   39.97917    -74.37976     0.09     -0.03     0.10     1 
0130323837   39.97897    -74.34357     0.06     -0.06     0.08     1 
0130323838   39.97877    -74.30738     0.01     -0.06     0.06     1 
0130323839   39.97854    -74.27120     0.00      0.02     0.02     1 
0130323840   39.97831    -74.23501     0.07     -0.02     0.07     1 
0130323841   39.97807    -74.19883     0.19     -0.01     0.19     1 
0130323842   39.97781    -74.16264     0.21      0.02     0.21     1 
0130323843   39.97754    -74.12646     0.02     -0.03     0.04     1 
0130323844   39.97726    -74.09028    -0.16      0.16     0.22     1 
0130323906   39.95432    -74.56086     0.03     -0.07     0.07     1 
0130323907   39.95418    -74.52468     0.02     -0.06     0.06     1 
0130323908   39.95403    -74.48851    -0.08     -0.01     0.08     1 
0130323909   39.95386    -74.45234     0.06      0.03     0.07     1 
0130323910   39.95369    -74.41616     0.14     -0.04     0.15     1 
0130323911   39.95350    -74.37999     0.12     -0.06     0.13     1 
0130323912   39.95330    -74.34382     0.09      0.01     0.09     1 
0130323913   39.95309    -74.30764     0.11     -0.02     0.11     1 
0130323914   39.95287    -74.27147     0.03     -0.02     0.04     1 
0130323915   39.95263    -74.23530     0.13     -0.01     0.13     1 
0130323916   39.95239    -74.19913     0.01      0.04     0.04     1 
0130323917   39.95213    -74.16296     0.04      0.02     0.05     1 
0130323918   39.95187    -74.12679    -0.02     -0.04     0.04     1 
0130323919   39.95159    -74.09062    -0.05     -0.06     0.08     1 
0130323981   39.92865    -74.56102    -0.06      0.00     0.06     1 
0130323982   39.92850    -74.52486     0.09     -0.03     0.09     1 
0130323983   39.92835    -74.48870     0.07      0.00     0.07     1 
0130323984   39.92818    -74.45254    -0.02      0.01     0.03     1 
0130323985   39.92801    -74.41638     0.15     -0.10     0.18     1 
0130323986   39.92782    -74.38022     0.03     -0.03     0.05     1 
0130323987   39.92762    -74.34406     0.11      0.03     0.11     1 
0130323988   39.92741    -74.30790     0.03     -0.00     0.03     1 
0130323989   39.92719    -74.27174     0.09     -0.00     0.09     1 
0130323990   39.92696    -74.23559     0.03     -0.03     0.04     1 
0130323991   39.92671    -74.19943     0.23      0.03     0.23     1 
0130323992   39.92646    -74.16327     0.10     -0.01     0.10     1 
0130323993   39.92619    -74.12711    -0.02     -0.04     0.05     1 
0130323994   39.92591    -74.09096    -0.00      0.08     0.08     1 
0130324056   39.90297    -74.56119    -0.12     -0.07     0.14     1 
0130324057   39.90283    -74.52504    -0.06      0.01     0.06     1 
0130324058   39.90267    -74.48889     0.02     -0.02     0.03     1 
0130324059   39.90251    -74.45274    -0.04      0.02     0.05     1 
0130324060   39.90233    -74.41660     0.16      0.00     0.16     1 
0130324061   39.90214    -74.38045     0.05      0.04     0.06     1 
0130324062   39.90195    -74.34431    -0.00      0.01     0.01     1 
0130324064   39.90152    -74.27202    -0.04      0.00     0.04     1 
0130324065   39.90128    -74.23587     0.15     -0.03     0.15     1 
0130324066   39.90104    -74.19973     0.03     -0.02     0.03     1 
0130324067   39.90078    -74.16358     0.19      0.01     0.19     1 
0130324068   39.90052    -74.12744    -0.02     -0.02     0.03     1 
0130324131   39.87729    -74.56135     0.06      0.07     0.09     1 
0130324132   39.87715    -74.52522     0.07      0.05     0.09     1 
0130324133   39.87700    -74.48908     0.05     -0.05     0.07     1 
0130324134   39.87683    -74.45295    -0.08      0.04     0.09     1 
0130324135   39.87665    -74.41682     0.09     -0.01     0.09     1 
0130324136   39.87647    -74.38068     0.01      0.01     0.01     1 
0130324138   39.87606    -74.30842    -0.17      0.06     0.18     1 
0130324139   39.87584    -74.27229    -0.05      0.03     0.06     1 
0130324140   39.87561    -74.23616    -0.03      0.03     0.04     1 
0130324141   39.87536    -74.20002     0.23     -0.05     0.24     1 
0130324142   39.87511    -74.16389     0.05     -0.03     0.05     1 
0130324143   39.87484    -74.12776    -0.07     -0.02     0.08     1 
0130324144   39.87456    -74.09163    -0.03      0.02     0.04     1 
0130324206   39.85161    -74.56151     0.10      0.04     0.11     1 
0130324207   39.85147    -74.52539     0.04     -0.05     0.07     1 
0130324208   39.85132    -74.48927     0.01     -0.02     0.02     1 
0130324209   39.85115    -74.45315    -0.03      0.08     0.09     1 
0130324210   39.85098    -74.41703     0.12     -0.03     0.12     1 
0130324211   39.85079    -74.38091     0.02     -0.07     0.07     1 
0130324212   39.85059    -74.34480     0.09     -0.02     0.09     1 
0130324213   39.85038    -74.30868    -0.04     -0.01     0.04     1 
0130324214   39.85016    -74.27256     0.06     -0.01     0.06     1 
0130324215   39.84993    -74.23644     0.07     -0.15     0.16     1 
0130324216   39.84969    -74.20032     0.09      0.04     0.10     1 
0130324217   39.84943    -74.16421    -0.04     -0.03     0.05     1 
0130324218   39.84917    -74.12809    -0.11      0.00     0.11     1 
0130324219   39.84889    -74.09197    -0.06      0.06     0.09     1 
0130324280   39.82607    -74.59779     0.03      0.11     0.11     1 
0130324281   39.82594    -74.56168     0.10      0.14     0.17     1 
0130324282   39.82579    -74.52557     0.01     -0.00     0.01     1 
0130324283   39.82564    -74.48946     0.10      0.00     0.10     1 
0130324284   39.82548    -74.45336     0.06     -0.05     0.07     1 
0130324285   39.82530    -74.41725     0.06      0.03     0.06     1 
0130324286   39.82511    -74.38115     0.01     -0.04     0.04     1 
0130324287   39.82491    -74.34504     0.05      0.01     0.05     1 
0130324288   39.82471    -74.30893     0.07      0.09     0.12     1 
0130324289   39.82449    -74.27283     0.13     -0.10     0.16     1 
0130324290   39.82425    -74.23673    -0.01     -0.01     0.01     1 
0130324291   39.82401    -74.20062    -0.01     -0.00     0.01     1 
0130324292   39.82376    -74.16452    -0.08     -0.00     0.08     1 
0130324355   39.80039    -74.59793     0.11      0.05     0.12     1 
0130324356   39.80026    -74.56184    -0.04      0.01     0.04     1 
0130324357   39.80012    -74.52575     0.07      0.00     0.07     1 
0130324358   39.79996    -74.48965    -0.05     -0.04     0.07     1 
0130324359   39.79980    -74.45356     0.18      0.05     0.19     1 
0130324360   39.79962    -74.41747    -0.13      0.05     0.14     1 
0130324361   39.79944    -74.38138     0.04      0.06     0.08     1 
0130324363   39.79903    -74.30919     0.18     -0.03     0.18     1 
0130324365   39.79858    -74.23701     0.13      0.01     0.13     1 
0130324366   39.79833    -74.20092     0.10      0.01     0.10     1 
0130324368   39.79781    -74.12874    -0.08      0.12     0.14     1 
0130324369   39.79754    -74.09265    -0.03      0.03     0.04     1 
0130324430   39.77471    -74.59808     0.06      0.14     0.15     1 
0130324431   39.77458    -74.56200     0.14      0.08     0.16     1 
0130324433   39.77428    -74.48984     0.01      0.13     0.13     1 
0130324434   39.77412    -74.45376     0.02      0.14     0.15     1 
0130324435   39.77395    -74.41768    -0.11      0.09     0.14     1 
0130324436   39.77376    -74.38160    -0.02     -0.02     0.03     1 
0130324437   39.77356    -74.34553     0.21      0.11     0.24     1 
0130324438   39.77335    -74.30945     0.15      0.04     0.16     1 
0130324439   39.77313    -74.27337     0.12      0.04     0.13     1 
0130324440   39.77290    -74.23729     0.19     -0.01     0.19     1 
0130324441   39.77266    -74.20122    -0.00      0.06     0.06     1 
0130324443   39.77214    -74.12906     0.01      0.04     0.04     1 
0130324444   39.77186    -74.09299    -0.01      0.26     0.26     1 
0130324505   39.74903    -74.59823     0.20      0.09     0.22     1 
0130324506   39.74890    -74.56217     0.25      0.04     0.25     1 
0130324507   39.74876    -74.52610    -0.09      0.01     0.09     1 
0130324509   39.74844    -74.45397    -0.13      0.07     0.14     1 
0130324510   39.74827    -74.41790     0.25      0.14     0.29     1 
0130324513   39.74768    -74.30970     0.17      0.09     0.20     1 
0130324515   39.74722    -74.23758     0.18      0.05     0.18     1 
0130324516   39.74698    -74.20151    -0.04      0.06     0.07     1 
0130324518   39.74646    -74.12939    -0.04      0.10     0.11     1 
0130324580   39.72335    -74.59838     0.04      0.10     0.11     1 
0130324581   39.72322    -74.56233     0.06      0.12     0.14     1 
0130324582   39.72308    -74.52627    -0.01     -0.01     0.02     1 
0130324583   39.72293    -74.49022    -0.09      0.07     0.12     1 
0130324585   39.72259    -74.41812     0.02      0.06     0.07     1 
0130324587   39.72221    -74.34601     0.26      0.12     0.29     1 
0130324588   39.72200    -74.30996     0.19      0.06     0.20     1 
0130324590   39.72155    -74.23786     0.20      0.17     0.27     1 
0130324591   39.72130    -74.20181    -0.01      0.10     0.10     1 
0130324592   39.72105    -74.16576     0.01      0.12     0.13     1 
0130324593   39.72079    -74.12971    -0.03      0.12     0.12     1 
0130324654   39.69779    -74.63457    -0.03      0.04     0.05     1 
0130324655   39.69767    -74.59853    -0.00      0.09     0.09     1 
0130324656   39.69754    -74.56249    -0.02      0.06     0.06     1 
0130324657   39.69740    -74.52645     0.08      0.04     0.09     1 
0130324662   39.69653    -74.34625     0.11      0.12     0.16     1 
0130324663   39.69632    -74.31022     0.09      0.14     0.16     1 
0130324664   39.69610    -74.27418     0.16     -0.07     0.18     1 
0130324665   39.69587    -74.23814     0.27      0.12     0.29     1 
0130324666   39.69563    -74.20210    -0.02      0.04     0.05     1 
0130324667   39.69537    -74.16607     0.04      0.11     0.11     1 
0130324733   39.67157    -74.49060     0.06      0.03     0.07     1 
0130324734   39.67141    -74.45457     0.02      0.11     0.11     1 
0130324735   39.67123    -74.41855     0.10      0.01     0.10     1 
0130324737   39.67085    -74.34650    -0.10      0.21     0.24     1 
0130324738   39.67064    -74.31047     0.15      0.01     0.15     1 
0130324739   39.67042    -74.27445     0.19      0.06     0.20     1 
0130324740   39.67019    -74.23842    -0.04      0.06     0.08     1 
0130324741   39.66995    -74.20240    -0.06      0.13     0.14     1 
0130324742   39.66970    -74.16638    -0.04      0.04     0.06     1 
0130324812   39.64517    -74.34674     0.14     -0.00     0.14     1 
0130324813   39.64496    -74.31073     0.13      0.03     0.13     1 
0130324814   39.64475    -74.27472    -0.01      0.02     0.02     1 
0130324815   39.64451    -74.23870    -0.02      0.04     0.05     1 
0130324816   39.64427    -74.20270     0.00      0.04     0.04     1 
----------------------------------------------------------------------
---------------------------------------------------
Total correlated GCPs in Upper Left Quadrant: 625

GCP statistics this quadrant only (in Pixels)
Line residual statistics:
  Mean: 0.061
  Median: 0.056
  Standard Deviation: 0.144

Sample residual statistics:
  Mean: 0.010
  Median: 0.012
  Standard Deviation: 0.059

Quadrant RMSE: 0.168

---------------------------------------------------
Total correlated GCPs in Upper Right Quadrant: 231

GCP statistics this quadrant only (in Pixels)
Line residual statistics:
  Mean: 0.036
  Median: 0.046
  Standard Deviation: 0.141

Sample residual statistics:
  Mean: 0.021
  Median: 0.019
  Standard Deviation: 0.068

Quadrant RMSE: 0.162

---------------------------------------------------
Total correlated GCPs in Lower Left Quadrant: 394

GCP statistics this quadrant only (in Pixels)
Line residual statistics:
  Mean: 0.095
  Median: 0.090
  Standard Deviation: 0.120

Sample residual statistics:
  Mean: -0.013
  Median: -0.017
  Standard Deviation: 0.067

Quadrant RMSE: 0.168

---------------------------------------------------
Total correlated GCPs in Lower Right Quadrant: 0

GCP statistics this quadrant only (in Pixels)
Line residual statistics:
  Mean: 0.000
  Median: 0.000
  Standard Deviation: 0.000

Sample residual statistics:
  Mean: 0.000
  Median: 0.000
  Standard Deviation: 0.000

Quadrant RMSE: 0.000

---------------------------------------------------
---------------------------------------------------
Total correlated GCPs in scene: 1250

GCP statistics entire scene (in Pixels)
Line residual statistics:
  Mean: 0.067
  Median: 0.066
  Standard Deviation: 0.138

Sample residual statistics:
  Mean: 0.005
  Median: 0.006
  Standard Deviation: 0.065

Scene RMSE: 0.167

