==============================================================================
==============================================================================
Thu. Sep. 29 2016                  LANDSAT 5                       Time: 12:13
                            Image Assessment System
                            GEOMETRIC VERIFY Report
==============================================================================
Order ID: 0501609283367_07377                          Path / Row - 13 / 32
Reference Image: L51XXX1091197140100_HDF.L1G

Color mapping per rank
----------------------
Rank  1 is Green: total residual <= 0.5
Rank  2 is Cyan: 0.5 < total residual <=  1
Rank  3 is Blue:  1 < total residual <=  2
Rank  4 is Yellow:  2 < total residual <=  3
Rank  5 is Red:  3 < total residual

Percentage of residuals by rank
-------------------------------
Rank   1 -- 99.9%
Rank   2 --  0.1%
Rank   3 --  0.0%
Rank   4 --  0.0%
Rank   5 --  0.0%

       GCP    Latitude    Longitude  Sample   Line     Total    Rank
        ID                           Residual Residual Residual
              (Degree)    (Degree)   (Pixel)  (Pixel)  (Pixel)
----------------------------------------------------------------------
0130320092   41.25649    -74.13685    -0.19      0.21     0.28     1 
0130320093   41.25621    -74.09962    -0.31      0.12     0.33     1 
0130320094   41.25591    -74.06238     0.34     -0.22     0.40     1 
0130320095   41.25560    -74.02514    -0.10      0.21     0.23     1 
0130320096   41.25528    -73.98791     0.45     -0.08     0.46     1 
0130320166   41.23137    -74.17441    -0.05      0.30     0.30     1 
0130320167   41.23109    -74.13719    -0.32      0.14     0.35     1 
0130320168   41.23081    -74.09997    -0.16      0.18     0.24     1 
0130320169   41.23051    -74.06274     0.13      0.08     0.16     1 
0130320170   41.23020    -74.02552     0.42      0.00     0.42     1 
0130320171   41.22988    -73.98830     0.12      0.03     0.13     1 
0130320172   41.22955    -73.95108    -0.28      0.13     0.31     1 
0130320173   41.22920    -73.91385     0.02      0.21     0.21     1 
0130320174   41.22885    -73.87663     0.27      0.03     0.27     1 
0130320175   41.22848    -73.83942    -0.28     -0.01     0.28     1 
0130320176   41.22810    -73.80220    -0.07     -0.02     0.07     1 
0130320177   41.22770    -73.76498     0.28     -0.25     0.38     1 
0130320241   41.20597    -74.17473    -0.06      0.01     0.06     1 
0130320242   41.20569    -74.13752    -0.27      0.06     0.28     1 
0130320243   41.20541    -74.10031    -0.25     -0.00     0.25     1 
0130320244   41.20511    -74.06310     0.08      0.21     0.23     1 
0130320245   41.20480    -74.02590     0.25      0.06     0.26     1 
0130320246   41.20448    -73.98869     0.14      0.10     0.18     1 
0130320247   41.20415    -73.95148    -0.12     -0.10     0.16     1 
0130320249   41.20345    -73.87707     0.00      0.01     0.01     1 
0130320250   41.20308    -73.83986     0.04     -0.04     0.05     1 
0130320251   41.20270    -73.80266     0.16     -0.00     0.16     1 
0130320252   41.20231    -73.76546     0.31      0.03     0.31     1 
0130320253   41.20190    -73.72825     0.13      0.05     0.14     1 
0130320254   41.20148    -73.69105     0.37      0.00     0.37     1 
0130320255   41.20106    -73.65385     0.32     -0.09     0.34     1 
0130320256   41.20061    -73.61665     0.08      0.03     0.08     1 
0130320316   41.18057    -74.17505     0.14     -0.04     0.15     1 
0130320317   41.18030    -74.13786    -0.08     -0.04     0.09     1 
0130320318   41.18001    -74.10066     0.23      0.10     0.25     1 
0130320319   41.17971    -74.06347     0.38     -0.07     0.39     1 
0130320320   41.17941    -74.02627     0.45     -0.07     0.45     1 
0130320321   41.17909    -73.98908     0.18     -0.01     0.18     1 
0130320324   41.17805    -73.87750     0.04      0.04     0.06     1 
0130320325   41.17768    -73.84031     0.21      0.02     0.21     1 
0130320326   41.17730    -73.80312     0.24     -0.08     0.25     1 
0130320327   41.17691    -73.76593     0.08     -0.03     0.09     1 
0130320328   41.17650    -73.72874     0.28     -0.06     0.29     1 
0130320329   41.17609    -73.69156    -0.03      0.10     0.10     1 
0130320331   41.17522    -73.61718     0.09      0.00     0.09     1 
0130320332   41.17477    -73.58000     0.10     -0.08     0.13     1 
0130320333   41.17430    -73.54281    -0.38      0.07     0.39     1 
0130320334   41.17383    -73.50563     0.19      0.03     0.19     1 
0130320335   41.17334    -73.46845     0.04      0.01     0.05     1 
0130320336   41.17284    -73.43126     0.15      0.01     0.15     1 
0130320391   41.15517    -74.17537    -0.03      0.12     0.12     1 
0130320392   41.15490    -74.13819     0.25      0.00     0.25     1 
0130320393   41.15461    -74.10101     0.11      0.06     0.12     1 
0130320394   41.15431    -74.06383     0.40      0.11     0.41     1 
0130320395   41.15401    -74.02665     0.41      0.01     0.41     1 
0130320396   41.15369    -73.98947     0.12      0.03     0.12     1 
0130320397   41.15335    -73.95229    -0.00     -0.00     0.00     1 
0130320399   41.15265    -73.87794    -0.15     -0.05     0.16     1 
0130320400   41.15228    -73.84076     0.20     -0.03     0.20     1 
0130320401   41.15190    -73.80358     0.10      0.08     0.13     1 
0130320402   41.15151    -73.76641     0.17      0.10     0.19     1 
0130320403   41.15111    -73.72924     0.15      0.12     0.19     1 
0130320404   41.15069    -73.69206     0.22      0.11     0.24     1 
0130320405   41.15026    -73.65489    -0.02      0.03     0.04     1 
0130320406   41.14982    -73.61772    -0.04      0.01     0.04     1 
0130320407   41.14937    -73.58055    -0.01     -0.01     0.01     1 
0130320408   41.14891    -73.54338     0.32     -0.11     0.34     1 
0130320409   41.14843    -73.50621     0.14      0.03     0.14     1 
0130320410   41.14794    -73.46904     0.27      0.06     0.28     1 
0130320411   41.14744    -73.43187     0.21     -0.02     0.21     1 
0130320412   41.14693    -73.39470     0.20      0.04     0.21     1 
0130320413   41.14641    -73.35754     0.18     -0.03     0.18     1 
0130320414   41.14587    -73.32037     0.29      0.07     0.29     1 
0130320415   41.14532    -73.28321     0.14     -0.04     0.15     1 
0130320416   41.14476    -73.24605    -0.01     -0.13     0.13     1 
0130320417   41.14419    -73.20889     0.01     -0.07     0.07     1 
0130320466   41.12977    -74.17569     0.13      0.06     0.14     1 
0130320467   41.12949    -74.13852    -0.01      0.06     0.06     1 
0130320469   41.12891    -74.06419     0.27     -0.07     0.28     1 
0130320470   41.12861    -74.02702     0.22      0.00     0.22     1 
0130320471   41.12829    -73.98986     0.19      0.05     0.20     1 
0130320473   41.12761    -73.91553     0.18     -0.08     0.20     1 
0130320475   41.12689    -73.84121     0.33     -0.01     0.33     1 
0130320476   41.12651    -73.80405     0.20      0.06     0.21     1 
0130320477   41.12612    -73.76689     0.24      0.05     0.24     1 
0130320478   41.12571    -73.72973    -0.03      0.05     0.05     1 
0130320479   41.12530    -73.69257     0.24     -0.01     0.24     1 
0130320480   41.12487    -73.65541    -0.03     -0.05     0.06     1 
0130320481   41.12443    -73.61825     0.15      0.01     0.15     1 
0130320482   41.12398    -73.58109    -0.10      0.04     0.11     1 
0130320483   41.12351    -73.54394    -0.03      0.05     0.05     1 
0130320484   41.12304    -73.50678     0.14      0.15     0.20     1 
0130320485   41.12255    -73.46963     0.23      0.11     0.25     1 
0130320486   41.12205    -73.43247     0.19      0.06     0.20     1 
0130320487   41.12154    -73.39532     0.08      0.06     0.10     1 
0130320488   41.12102    -73.35817     0.11      0.01     0.11     1 
0130320489   41.12048    -73.32102    -0.07     -0.07     0.10     1 
0130320490   41.11993    -73.28387    -0.09      0.04     0.10     1 
0130320491   41.11937    -73.24672    -0.20     -0.02     0.20     1 
0130320541   41.10437    -74.17601     0.21      0.16     0.26     1 
0130320543   41.10381    -74.10170     0.39      0.02     0.39     1 
0130320546   41.10289    -73.99025     0.11      0.06     0.13     1 
0130320547   41.10256    -73.95310    -0.04      0.00     0.04     1 
0130320549   41.10186    -73.87880    -0.08      0.01     0.08     1 
0130320550   41.10149    -73.84165     0.47      0.01     0.47     1 
0130320551   41.10111    -73.80451     0.29     -0.08     0.30     1 
0130320552   41.10072    -73.76736     0.03     -0.01     0.03     1 
0130320553   41.10032    -73.73022    -0.05     -0.02     0.05     1 
0130320554   41.09990    -73.69307     0.21     -0.02     0.21     1 
0130320555   41.09947    -73.65593     0.17     -0.03     0.17     1 
0130320556   41.09903    -73.61878     0.04     -0.07     0.08     1 
0130320557   41.09858    -73.58164     0.18     -0.00     0.18     1 
0130320558   41.09812    -73.54450     0.48     -0.12     0.49     1 
0130320559   41.09764    -73.50736     0.23     -0.00     0.23     1 
0130320560   41.09716    -73.47022     0.24     -0.08     0.26     1 
0130320561   41.09666    -73.43308     0.09     -0.14     0.16     1 
0130320562   41.09615    -73.39594    -0.08     -0.06     0.10     1 
0130320563   41.09562    -73.35880    -0.20      0.10     0.22     1 
0130320615   41.07923    -74.21346    -0.07      0.07     0.09     1 
0130320616   41.07897    -74.17632     0.19      0.14     0.24     1 
0130320618   41.07841    -74.10205     0.26      0.08     0.27     1 
0130320619   41.07812    -74.06491     0.46     -0.09     0.47     1 
0130320620   41.07781    -74.02777     0.35      0.01     0.35     1 
0130320622   41.07716    -73.95350     0.09      0.07     0.12     1 
0130320624   41.07646    -73.87923    -0.25     -0.39     0.46     1 
0130320625   41.07609    -73.84210    -0.04     -0.03     0.05     1 
0130320626   41.07571    -73.80497     0.09     -0.06     0.10     1 
0130320627   41.07532    -73.76784    -0.03      0.04     0.05     1 
0130320628   41.07492    -73.73070    -0.40     -0.12     0.42     1 
0130320629   41.07450    -73.69357     0.18     -0.04     0.18     1 
0130320630   41.07408    -73.65644     0.18     -0.01     0.18     1 
0130320631   41.07364    -73.61931     0.28     -0.03     0.28     1 
0130320632   41.07319    -73.58219     0.14      0.00     0.14     1 
0130320633   41.07272    -73.54506     0.09      0.00     0.09     1 
0130320634   41.07225    -73.50793     0.06     -0.02     0.06     1 
0130320635   41.07176    -73.47081     0.04     -0.02     0.04     1 
0130320636   41.07126    -73.43368     0.08     -0.03     0.09     1 
0130320637   41.07075    -73.39656    -0.18      0.02     0.18     1 
0130320690   41.05383    -74.21376     0.22      0.01     0.22     1 
0130320691   41.05357    -74.17664     0.37      0.06     0.38     1 
0130320692   41.05329    -74.13952     0.13     -0.00     0.13     1 
0130320693   41.05301    -74.10239     0.28      0.04     0.29     1 
0130320694   41.05272    -74.06527     0.09      0.02     0.09     1 
0130320695   41.05241    -74.02815     0.20      0.00     0.20     1 
0130320696   41.05209    -73.99103     0.06     -0.01     0.06     1 
0130320697   41.05176    -73.95391    -0.01      0.09     0.10     1 
0130320699   41.05106    -73.87967    -0.03     -0.00     0.03     1 
0130320700   41.05069    -73.84255     0.11     -0.15     0.18     1 
0130320701   41.05032    -73.80543     0.21      0.01     0.21     1 
0130320702   41.04993    -73.76831    -0.03     -0.09     0.09     1 
0130320703   41.04952    -73.73119     0.28      0.02     0.29     1 
0130320704   41.04911    -73.69408     0.11      0.05     0.11     1 
0130320705   41.04868    -73.65696     0.15      0.04     0.16     1 
0130320706   41.04824    -73.61984     0.23      0.02     0.23     1 
0130320707   41.04779    -73.58273    -0.01     -0.10     0.10     1 
0130320708   41.04733    -73.54562    -0.04     -0.10     0.10     1 
0130320709   41.04686    -73.50851    -0.11     -0.08     0.14     1 
0130320710   41.04637    -73.47140    -0.10     -0.11     0.15     1 
0130320711   41.04587    -73.43429    -0.05      0.08     0.10     1 
0130320712   41.04536    -73.39718    -0.13      0.09     0.16     1 
0130320737   41.02873    -72.46981    -0.01     -0.10     0.10     1 
0130320738   41.02790    -72.43273    -0.23     -0.20     0.31     1 
0130320765   41.02842    -74.21407     0.19      0.10     0.21     1 
0130320766   41.02817    -74.17696     0.16      0.13     0.20     1 
0130320767   41.02790    -74.13985     0.24     -0.00     0.24     1 
0130320768   41.02761    -74.10274     0.29      0.16     0.33     1 
0130320769   41.02732    -74.06563     0.21      0.11     0.24     1 
0130320770   41.02701    -74.02852     0.11      0.07     0.14     1 
0130320771   41.02669    -73.99141     0.17     -0.20     0.26     1 
0130320772   41.02636    -73.95431     0.23      0.03     0.23     1 
0130320773   41.02602    -73.91720     0.21     -0.11     0.23     1 
0130320775   41.02530    -73.84299     0.15     -0.07     0.17     1 
0130320776   41.02492    -73.80589     0.19      0.01     0.19     1 
0130320778   41.02413    -73.73168     0.12     -0.04     0.13     1 
0130320779   41.02371    -73.69458     0.24     -0.05     0.24     1 
0130320780   41.02329    -73.65748     0.06     -0.00     0.06     1 
0130320781   41.02285    -73.62038    -0.05     -0.03     0.06     1 
0130320782   41.02240    -73.58328    -0.15     -0.07     0.17     1 
0130320783   41.02193    -73.54618    -0.22     -0.08     0.23     1 
0130320784   41.02146    -73.50908    -0.01     -0.12     0.12     1 
0130320810   41.00495    -72.54491    -0.11     -0.09     0.14     1 
0130320811   41.00415    -72.50785     0.20     -0.06     0.21     1 
0130320812   41.00335    -72.47078    -0.29     -0.08     0.30     1 
0130320815   41.00085    -72.35960    -0.33     -0.05     0.34     1 
0130320816   41.00000    -72.32254    -0.20     -0.03     0.20     1 
0130320817   40.99913    -72.28548    -0.06     -0.07     0.09     1 
0130320818   40.99825    -72.24843    -0.13     -0.20     0.24     1 
0130320840   41.00302    -74.21437     0.19      0.07     0.20     1 
0130320841   41.00277    -74.17727     0.14      0.02     0.15     1 
0130320842   41.00250    -74.14018     0.09      0.08     0.12     1 
0130320843   41.00221    -74.10308     0.18      0.07     0.19     1 
0130320844   41.00192    -74.06599     0.26      0.01     0.26     1 
0130320845   41.00161    -74.02890     0.10      0.03     0.11     1 
0130320846   41.00129    -73.99180     0.04     -0.04     0.06     1 
0130320847   41.00096    -73.95471     0.09      0.01     0.09     1 
0130320848   41.00062    -73.91762     0.20      0.00     0.20     1 
0130320849   41.00026    -73.88053     0.11     -0.06     0.12     1 
0130320850   40.99990    -73.84343     0.21      0.09     0.23     1 
0130320851   40.99952    -73.80634     0.14      0.00     0.14     1 
0130320852   40.99913    -73.76926     0.10     -0.06     0.12     1 
0130320853   40.99873    -73.73217     0.20      0.03     0.20     1 
0130320854   40.99831    -73.69508     0.07      0.06     0.09     1 
0130320855   40.99789    -73.65799    -0.12     -0.05     0.13     1 
0130320856   40.99745    -73.62091    -0.31     -0.05     0.31     1 
0130320857   40.99700    -73.58382    -0.16     -0.08     0.18     1 
0130320883   40.98112    -72.61996     0.04     -0.26     0.27     1 
0130320885   40.97957    -72.54586     0.11     -0.12     0.16     1 
0130320886   40.97878    -72.50880    -0.22      0.09     0.24     1 
0130320887   40.97797    -72.47175    -0.21     -0.02     0.21     1 
0130320890   40.97548    -72.36061     0.21     -0.05     0.21     1 
0130320892   40.97375    -72.28652    -0.11     -0.07     0.13     1 
0130320894   40.97199    -72.21245     0.20      0.11     0.23     1 
0130320895   40.97108    -72.17541     0.19      0.02     0.20     1 
0130320914   40.97787    -74.25175    -0.20      0.04     0.20     1 
0130320915   40.97762    -74.21467    -0.31      0.29     0.43     1 
0130320917   40.97709    -74.14051     0.17      0.16     0.23     1 
0130320918   40.97681    -74.10343     0.09      0.06     0.11     1 
0130320919   40.97652    -74.06635     0.20      0.03     0.20     1 
0130320920   40.97621    -74.02927     0.20      0.00     0.20     1 
0130320921   40.97589    -73.99219    -0.25      0.05     0.26     1 
0130320922   40.97556    -73.95511     0.07      0.06     0.09     1 
0130320923   40.97522    -73.91803     0.13     -0.13     0.18     1 
0130320925   40.97450    -73.84388     0.10      0.02     0.10     1 
0130320926   40.97412    -73.80680     0.29     -0.02     0.29     1 
0130320927   40.97373    -73.76973     0.23     -0.05     0.23     1 
0130320928   40.97333    -73.73265     0.08      0.04     0.09     1 
0130320929   40.97292    -73.69558     0.03     -0.01     0.03     1 
0130320930   40.97249    -73.65851    -0.21     -0.01     0.21     1 
0130320931   40.97206    -73.62144     0.09      0.23     0.25     1 
0130320944   40.96529    -73.13958    -0.21     -0.06     0.21     1 
0130320945   40.96468    -73.10252    -0.26     -0.07     0.27     1 
0130320946   40.96406    -73.06547     0.08      0.08     0.12     1 
0130320947   40.96344    -73.02841    -0.02     -0.02     0.03     1 
0130320952   40.96012    -72.84315    -0.04     -0.02     0.05     1 
0130320953   40.95942    -72.80610     0.06      0.01     0.06     1 
0130320954   40.95871    -72.76905    -0.06      0.08     0.10     1 
0130320955   40.95799    -72.73201     0.21     -0.23     0.32     1 
0130320958   40.95574    -72.62087     0.22     -0.18     0.28     1 
0130320959   40.95497    -72.58383     0.11     -0.07     0.13     1 
0130320960   40.95419    -72.54680    -0.16     -0.01     0.16     1 
0130320963   40.95177    -72.43569    -0.22      0.04     0.22     1 
0130320964   40.95094    -72.39866    -0.04      0.03     0.05     1 
0130320965   40.95010    -72.36162     0.06      0.02     0.07     1 
0130320967   40.94838    -72.28757     0.14     -0.12     0.18     1 
0130320968   40.94750    -72.25054    -0.07     -0.03     0.08     1 
0130320969   40.94661    -72.21351    -0.26     -0.15     0.30     1 
0130320970   40.94571    -72.17649    -0.30     -0.13     0.33     1 
0130320989   40.95247    -74.25204     0.17      0.03     0.17     1 
0130320990   40.95222    -74.21497     0.07      0.02     0.08     1 
0130320991   40.95196    -74.17790     0.16      0.02     0.16     1 
0130320992   40.95169    -74.14084     0.08     -0.00     0.08     1 
0130320993   40.95141    -74.10377     0.29      0.05     0.30     1 
0130320994   40.95112    -74.06670     0.04     -0.01     0.05     1 
0130320995   40.95081    -74.02964     0.06     -0.09     0.11     1 
0130320996   40.95049    -73.99258     0.22      0.01     0.22     1 
0130320997   40.95016    -73.95551     0.23      0.06     0.24     1 
0130320999   40.94947    -73.88138    -0.18     -0.02     0.18     1 
0130321000   40.94910    -73.84432     0.08     -0.04     0.09     1 
0130321001   40.94873    -73.80726     0.04     -0.06     0.07     1 
0130321002   40.94834    -73.77020     0.10     -0.01     0.10     1 
0130321003   40.94794    -73.73314    -0.21     -0.09     0.22     1 
0130321004   40.94752    -73.69608    -0.14     -0.08     0.16     1 
0130321012   40.94379    -73.39963     0.20     -0.00     0.20     1 
0130321013   40.94327    -73.36258    -0.16      0.07     0.18     1 
0130321019   40.93989    -73.14029     0.11     -0.07     0.13     1 
0130321020   40.93929    -73.10325     0.32      0.01     0.32     1 
0130321021   40.93868    -73.06621     0.24     -0.04     0.24     1 
0130321022   40.93805    -73.02917     0.28     -0.16     0.32     1 
0130321023   40.93741    -72.99213     0.20     -0.20     0.29     1 
0130321024   40.93676    -72.95508     0.13     -0.07     0.15     1 
0130321025   40.93610    -72.91805     0.21      0.02     0.21     1 
0130321026   40.93542    -72.88101     0.15      0.07     0.17     1 
0130321027   40.93473    -72.84397     0.20      0.02     0.20     1 
0130321029   40.93332    -72.76991     0.18     -0.04     0.19     1 
0130321030   40.93260    -72.73287     0.12     -0.05     0.13     1 
0130321031   40.93187    -72.69584     0.14     -0.21     0.26     1 
0130321032   40.93112    -72.65881     0.04      0.02     0.05     1 
0130321033   40.93036    -72.62179    -0.10     -0.04     0.10     1 
0130321034   40.92959    -72.58476    -0.20      0.08     0.21     1 
0130321038   40.92639    -72.43667    -0.14     -0.09     0.16     1 
0130321039   40.92556    -72.39965     0.16      0.02     0.16     1 
0130321040   40.92472    -72.36263     0.37     -0.15     0.40     1 
0130321041   40.92387    -72.32562    -0.02     -0.06     0.06     1 
0130321042   40.92301    -72.28860    -0.12     -0.23     0.26     1 
0130321064   40.92707    -74.25233     0.07      0.01     0.07     1 
0130321065   40.92682    -74.21527     0.19      0.10     0.21     1 
0130321066   40.92656    -74.17822    -0.09     -0.04     0.10     1 
0130321067   40.92629    -74.14117    -0.19     -0.02     0.19     1 
0130321068   40.92601    -74.10411     0.10      0.01     0.10     1 
0130321069   40.92572    -74.06706     0.02     -0.02     0.03     1 
0130321070   40.92541    -74.03001     0.07     -0.00     0.07     1 
0130321071   40.92509    -73.99296     0.14      0.10     0.17     1 
0130321072   40.92477    -73.95591     0.15     -0.09     0.17     1 
0130321074   40.92407    -73.88181     0.05     -0.06     0.07     1 
0130321075   40.92370    -73.84476     0.03      0.01     0.03     1 
0130321076   40.92333    -73.80772    -0.00     -0.02     0.02     1 
0130321077   40.92294    -73.77067     0.10     -0.05     0.12     1 
0130321078   40.92254    -73.73362    -0.20     -0.00     0.20     1 
0130321082   40.92081    -73.58545    -0.38      0.11     0.40     1 
0130321084   40.91988    -73.51136    -0.20     -0.08     0.22     1 
0130321085   40.91940    -73.47432     0.02     -0.03     0.04     1 
0130321086   40.91890    -73.43729    -0.24     -0.07     0.25     1 
0130321087   40.91839    -73.40025    -0.16     -0.03     0.17     1 
0130321088   40.91787    -73.36321    -0.06      0.03     0.07     1 
0130321089   40.91734    -73.32617     0.15      0.07     0.17     1 
0130321090   40.91680    -73.28914     0.07      0.08     0.10     1 
0130321093   40.91510    -73.17804    -0.05     -0.14     0.15     1 
0130321094   40.91450    -73.14101     0.02     -0.13     0.13     1 
0130321095   40.91390    -73.10398     0.32      0.10     0.34     1 
0130321096   40.91329    -73.06695     0.13      0.09     0.16     1 
0130321097   40.91266    -73.02992     0.17     -0.07     0.18     1 
0130321098   40.91202    -72.99289     0.21     -0.04     0.22     1 
0130321099   40.91137    -72.95587     0.34     -0.05     0.34     1 
0130321100   40.91071    -72.91884     0.37     -0.01     0.37     1 
0130321101   40.91003    -72.88182     0.41     -0.01     0.41     1 
0130321102   40.90935    -72.84480    -0.04     -0.13     0.14     1 
0130321103   40.90865    -72.80778     0.02     -0.13     0.13     1 
0130321104   40.90794    -72.77076     0.22      0.03     0.22     1 
0130321105   40.90722    -72.73374     0.06     -0.09     0.11     1 
0130321106   40.90648    -72.69673     0.05     -0.04     0.06     1 
0130321107   40.90574    -72.65971     0.06     -0.05     0.08     1 
0130321108   40.90498    -72.62270    -0.03     -0.09     0.09     1 
0130321109   40.90421    -72.58568    -0.23     -0.07     0.24     1 
0130321110   40.90343    -72.54867    -0.17     -0.06     0.18     1 
0130321111   40.90264    -72.51166    -0.12     -0.14     0.18     1 
0130321112   40.90183    -72.47466    -0.08     -0.16     0.18     1 
0130321113   40.90102    -72.43765    -0.02     -0.10     0.10     1 
0130321114   40.90019    -72.40064     0.01      0.01     0.02     1 
0130321115   40.89935    -72.36364    -0.21      0.02     0.21     1 
0130321116   40.89849    -72.32664    -0.16     -0.17     0.23     1 
0130321139   40.90167    -74.25261    -0.06      0.03     0.07     1 
0130321140   40.90142    -74.21557    -0.03      0.08     0.09     1 
0130321141   40.90116    -74.17853    -0.03      0.04     0.05     1 
0130321142   40.90089    -74.14150    -0.02     -0.03     0.04     1 
0130321143   40.90061    -74.10446    -0.03     -0.08     0.08     1 
0130321144   40.90032    -74.06742    -0.01     -0.02     0.02     1 
0130321145   40.90001    -74.03038    -0.05     -0.14     0.15     1 
0130321146   40.89969    -73.99335     0.21     -0.05     0.21     1 
0130321147   40.89937    -73.95631     0.09      0.04     0.10     1 
0130321149   40.89867    -73.88224     0.31     -0.00     0.31     1 
0130321150   40.89831    -73.84521    -0.09      0.03     0.10     1 
0130321151   40.89793    -73.80817    -0.00     -0.05     0.05     1 
0130321152   40.89754    -73.77114    -0.11     -0.05     0.12     1 
0130321156   40.89587    -73.62302    -0.15     -0.08     0.17     1 
0130321157   40.89542    -73.58599     0.17      0.00     0.17     1 
0130321158   40.89496    -73.54896     0.08     -0.06     0.10     1 
0130321159   40.89449    -73.51193    -0.17      0.00     0.17     1 
0130321161   40.89351    -73.43788    -0.02      0.06     0.07     1 
0130321162   40.89300    -73.40086     0.25      0.08     0.27     1 
0130321163   40.89248    -73.36384    -0.12     -0.03     0.12     1 
0130321164   40.89195    -73.32681     0.31     -0.07     0.31     1 
0130321165   40.89141    -73.28979     0.45      0.10     0.46     1 
0130321166   40.89085    -73.25277     0.16     -0.03     0.16     1 
0130321167   40.89028    -73.21575     0.12      0.02     0.12     1 
0130321168   40.88970    -73.17874     0.14      0.05     0.15     1 
0130321169   40.88911    -73.14172     0.18      0.00     0.18     1 
0130321170   40.88851    -73.10470     0.14      0.01     0.14     1 
0130321171   40.88790    -73.06769     0.12     -0.01     0.12     1 
0130321172   40.88727    -73.03067     0.21     -0.05     0.22     1 
0130321173   40.88663    -72.99366     0.39     -0.00     0.39     1 
0130321175   40.88532    -72.91964     0.22     -0.12     0.25     1 
0130321176   40.88465    -72.88263     0.21     -0.02     0.21     1 
0130321177   40.88396    -72.84562     0.10     -0.03     0.10     1 
0130321178   40.88326    -72.80862     0.29     -0.07     0.30     1 
0130321179   40.88255    -72.77161     0.19     -0.01     0.19     1 
0130321180   40.88183    -72.73461     0.05     -0.12     0.13     1 
0130321181   40.88110    -72.69761     0.20     -0.12     0.24     1 
0130321182   40.88036    -72.66061     0.10      0.04     0.11     1 
0130321183   40.87960    -72.62360     0.19     -0.00     0.19     1 
0130321185   40.87805    -72.54961     0.01     -0.04     0.04     1 
0130321186   40.87726    -72.51262     0.07     -0.07     0.10     1 
0130321188   40.87564    -72.43863    -0.09     -0.13     0.16     1 
0130321189   40.87481    -72.40164     0.41      0.04     0.41     1 
0130321214   40.87626    -74.25290     0.04      0.06     0.07     1 
0130321215   40.87602    -74.21587     0.13      0.00     0.13     1 
0130321216   40.87576    -74.17885    -0.14     -0.05     0.15     1 
0130321217   40.87549    -74.14182    -0.20      0.07     0.22     1 
0130321218   40.87521    -74.10480     0.00      0.05     0.05     1 
0130321220   40.87461    -74.03075    -0.14      0.02     0.14     1 
0130321221   40.87430    -73.99373    -0.10      0.01     0.10     1 
0130321222   40.87397    -73.95671     0.09     -0.10     0.13     1 
0130321223   40.87362    -73.91969    -0.13     -0.02     0.13     1 
0130321226   40.87253    -73.80863     0.03     -0.03     0.05     1 
0130321227   40.87214    -73.77161    -0.27      0.07     0.28     1 
0130321228   40.87174    -73.73459    -0.07      0.12     0.14     1 
0130321230   40.87091    -73.66056    -0.03     -0.03     0.04     1 
0130321231   40.87047    -73.62354     0.06     -0.04     0.07     1 
0130321232   40.87002    -73.58653     0.27      0.05     0.28     1 
0130321233   40.86956    -73.54952     0.31     -0.01     0.31     1 
0130321234   40.86909    -73.51250     0.13     -0.03     0.14     1 
0130321235   40.86861    -73.47549    -0.16     -0.08     0.18     1 
0130321236   40.86811    -73.43848     0.16      0.04     0.16     1 
0130321237   40.86761    -73.40147     0.09      0.10     0.13     1 
0130321238   40.86709    -73.36446     0.05      0.01     0.05     1 
0130321239   40.86656    -73.32745     0.11      0.09     0.14     1 
0130321240   40.86601    -73.29045     0.04     -0.09     0.10     1 
0130321241   40.86546    -73.25344     0.15      0.06     0.17     1 
0130321242   40.86489    -73.21644     0.25     -0.07     0.26     1 
0130321243   40.86431    -73.17943     0.38     -0.01     0.38     1 
0130321244   40.86372    -73.14243     0.08      0.08     0.11     1 
0130321245   40.86312    -73.10543     0.18     -0.03     0.18     1 
0130321246   40.86251    -73.06843     0.23      0.01     0.23     1 
0130321247   40.86188    -73.03143     0.23      0.02     0.23     1 
0130321248   40.86124    -72.99443     0.09     -0.07     0.12     1 
0130321251   40.85926    -72.88344     0.20      0.01     0.20     1 
0130321252   40.85858    -72.84645     0.27     -0.03     0.27     1 
0130321253   40.85788    -72.80945     0.17     -0.07     0.18     1 
0130321255   40.85645    -72.73547     0.02      0.08     0.08     1 
0130321256   40.85572    -72.69849     0.19      0.03     0.19     1 
0130321258   40.85422    -72.62451    -0.09     -0.02     0.09     1 
0130321259   40.85345    -72.58753     0.06     -0.08     0.10     1 
0130321260   40.85267    -72.55055     0.01     -0.13     0.13     1 
0130321261   40.85188    -72.51357    -0.18     -0.10     0.20     1 
0130321289   40.85086    -74.25318     0.32     -0.03     0.32     1 
0130321291   40.85036    -74.17916     0.14     -0.04     0.15     1 
0130321292   40.85009    -74.14215     0.06      0.05     0.08     1 
0130321293   40.84981    -74.10514    -0.06     -0.08     0.10     1 
0130321294   40.84952    -74.06813    -0.26      0.00     0.26     1 
0130321295   40.84921    -74.03112    -0.12      0.01     0.12     1 
0130321296   40.84889    -73.99411    -0.02      0.03     0.03     1 
0130321298   40.84822    -73.92010     0.34     -0.31     0.46     1 
0130321299   40.84787    -73.88309     0.06     -0.05     0.08     1 
0130321300   40.84751    -73.84609     0.04      0.04     0.06     1 
0130321301   40.84713    -73.80908    -0.31     -0.03     0.31     1 
0130321302   40.84674    -73.77208    -0.16     -0.05     0.16     1 
0130321303   40.84634    -73.73508    -0.22     -0.10     0.25     1 
0130321304   40.84593    -73.69807     0.07      0.05     0.09     1 
0130321305   40.84551    -73.66107    -0.16     -0.17     0.23     1 
0130321306   40.84507    -73.62407     0.18     -0.02     0.18     1 
0130321307   40.84463    -73.58707     0.26     -0.03     0.26     1 
0130321308   40.84417    -73.55007     0.31     -0.02     0.31     1 
0130321309   40.84370    -73.51307     0.24      0.04     0.25     1 
0130321310   40.84321    -73.47607     0.17      0.07     0.19     1 
0130321311   40.84272    -73.43908     0.40     -0.05     0.40     1 
0130321312   40.84221    -73.40208     0.10     -0.03     0.11     1 
0130321313   40.84169    -73.36509     0.31      0.08     0.32     1 
0130321314   40.84116    -73.32809     0.10     -0.02     0.10     1 
0130321315   40.84062    -73.29110     0.13     -0.03     0.13     1 
0130321316   40.84007    -73.25411     0.37      0.02     0.37     1 
0130321317   40.83950    -73.21712     0.02     -0.04     0.05     1 
0130321318   40.83892    -73.18013     0.12      0.07     0.13     1 
0130321319   40.83833    -73.14314     0.09     -0.06     0.11     1 
0130321320   40.83773    -73.10615     0.17      0.01     0.17     1 
0130321321   40.83712    -73.06916     0.21      0.04     0.21     1 
0130321322   40.83649    -73.03218     0.00     -0.06     0.06     1 
0130321323   40.83586    -72.99519     0.05     -0.10     0.11     1 
0130321325   40.83455    -72.92123    -0.00     -0.08     0.08     1 
0130321326   40.83387    -72.88425     0.20      0.02     0.20     1 
0130321327   40.83319    -72.84727     0.27     -0.08     0.28     1 
0130321328   40.83249    -72.81029     0.26      0.03     0.27     1 
0130321329   40.83179    -72.77331     0.20      0.14     0.24     1 
0130321330   40.83107    -72.73634     0.09     -0.03     0.09     1 
0130321331   40.83033    -72.69936     0.21     -0.04     0.21     1 
0130321333   40.82883    -72.62542    -0.02     -0.09     0.09     1 
0130321334   40.82807    -72.58845    -0.16      0.01     0.16     1 
0130321363   40.82570    -74.29047     0.19     -0.00     0.19     1 
0130321364   40.82546    -74.25347     0.22     -0.06     0.23     1 
0130321365   40.82522    -74.21647     0.07      0.00     0.07     1 
0130321366   40.82496    -74.17947     0.12      0.02     0.12     1 
0130321367   40.82469    -74.14248     0.03     -0.03     0.04     1 
0130321368   40.82441    -74.10548    -0.05     -0.00     0.05     1 
0130321369   40.82412    -74.06849    -0.17     -0.02     0.17     1 
0130321370   40.82381    -74.03149    -0.23     -0.02     0.23     1 
0130321371   40.82350    -73.99450     0.09     -0.00     0.09     1 
0130321372   40.82317    -73.95750    -0.11     -0.17     0.20     1 
0130321373   40.82283    -73.92051     0.12     -0.11     0.17     1 
0130321374   40.82247    -73.88352    -0.05      0.00     0.05     1 
0130321375   40.82211    -73.84653     0.01     -0.10     0.10     1 
0130321378   40.82095    -73.73556    -0.17     -0.02     0.17     1 
0130321379   40.82054    -73.69857    -0.01     -0.06     0.06     1 
0130321380   40.82011    -73.66158     0.05      0.02     0.06     1 
0130321381   40.81968    -73.62459     0.23      0.03     0.23     1 
0130321382   40.81923    -73.58761     0.28      0.11     0.30     1 
0130321383   40.81877    -73.55062     0.30      0.01     0.30     1 
0130321384   40.81830    -73.51364     0.08     -0.05     0.10     1 
0130321385   40.81782    -73.47665     0.10     -0.03     0.10     1 
0130321386   40.81732    -73.43967     0.27     -0.02     0.27     1 
0130321388   40.81630    -73.36571     0.21      0.14     0.25     1 
0130321389   40.81577    -73.32873     0.43      0.01     0.43     1 
0130321390   40.81523    -73.29175     0.21      0.01     0.21     1 
0130321392   40.81411    -73.21780     0.00     -0.07     0.07     1 
0130321393   40.81353    -73.18082    -0.05     -0.07     0.08     1 
0130321394   40.81294    -73.14384     0.25     -0.00     0.25     1 
0130321395   40.81234    -73.10687     0.17     -0.06     0.18     1 
0130321396   40.81173    -73.06990     0.03     -0.08     0.08     1 
0130321398   40.81047    -72.99596     0.09     -0.04     0.10     1 
0130321399   40.80982    -72.95899     0.18      0.13     0.22     1 
0130321400   40.80916    -72.92202     0.12     -0.17     0.21     1 
0130321401   40.80849    -72.88505     0.26      0.07     0.27     1 
0130321402   40.80780    -72.84809     0.19     -0.01     0.19     1 
0130321403   40.80711    -72.81113     0.29      0.01     0.29     1 
0130321404   40.80640    -72.77416     0.13     -0.00     0.13     1 
0130321405   40.80568    -72.73720    -0.15     -0.02     0.15     1 
0130321406   40.80495    -72.70024    -0.04      0.04     0.06     1 
0130321407   40.80421    -72.66328    -0.10     -0.06     0.11     1 
0130321408   40.80345    -72.62632    -0.30     -0.06     0.30     1 
0130321438   40.80029    -74.29074     0.27     -0.05     0.27     1 
0130321439   40.80006    -74.25375    -0.07     -0.07     0.10     1 
0130321440   40.79981    -74.21677     0.19     -0.03     0.19     1 
0130321441   40.79956    -74.17979     0.09     -0.01     0.09     1 
0130321442   40.79929    -74.14281    -0.08     -0.03     0.09     1 
0130321444   40.79872    -74.06884    -0.25     -0.01     0.25     1 
0130321445   40.79841    -74.03186    -0.24     -0.09     0.26     1 
0130321447   40.79777    -73.95790     0.33     -0.22     0.40     1 
0130321448   40.79743    -73.92092    -0.14     -0.11     0.18     1 
0130321449   40.79707    -73.88395    -0.26     -0.11     0.28     1 
0130321450   40.79671    -73.84697    -0.32      0.03     0.32     1 
0130321452   40.79595    -73.77302    -0.25     -0.02     0.25     1 
0130321453   40.79555    -73.73604     0.02      0.05     0.06     1 
0130321454   40.79514    -73.69907     0.02      0.01     0.03     1 
0130321455   40.79471    -73.66209     0.03     -0.01     0.03     1 
0130321456   40.79428    -73.62512     0.15      0.01     0.15     1 
0130321457   40.79383    -73.58815     0.23     -0.08     0.24     1 
0130321458   40.79338    -73.55118     0.15     -0.04     0.16     1 
0130321459   40.79291    -73.51421    -0.05      0.00     0.05     1 
0130321460   40.79242    -73.47724     0.07      0.03     0.07     1 
0130321461   40.79193    -73.44027     0.32      0.29     0.43     1 
0130321462   40.79142    -73.40330     0.08      0.16     0.17     1 
0130321463   40.79091    -73.36633     0.16      0.04     0.17     1 
0130321464   40.79038    -73.32937     0.11      0.05     0.12     1 
0130321465   40.78984    -73.29240     0.05     -0.02     0.05     1 
0130321466   40.78928    -73.25544     0.04     -0.03     0.05     1 
0130321467   40.78872    -73.21847     0.01     -0.03     0.03     1 
0130321468   40.78814    -73.18151     0.10      0.03     0.10     1 
0130321470   40.78695    -73.10759    -0.04     -0.04     0.06     1 
0130321471   40.78634    -73.07063     0.10      0.01     0.10     1 
0130321472   40.78572    -73.03368     0.04     -0.01     0.04     1 
0130321473   40.78508    -72.99672     0.12      0.07     0.14     1 
0130321474   40.78443    -72.95977     0.10     -0.18     0.21     1 
0130321475   40.78377    -72.92281     0.15     -0.09     0.17     1 
0130321476   40.78310    -72.88586    -0.07     -0.18     0.19     1 
0130321477   40.78242    -72.84891    -0.01     -0.12     0.12     1 
0130321478   40.78172    -72.81196    -0.13     -0.03     0.13     1 
0130321479   40.78102    -72.77501    -0.07      0.07     0.10     1 
0130321513   40.77489    -74.29101     0.01      0.12     0.12     1 
0130321514   40.77466    -74.25404     0.12     -0.05     0.13     1 
0130321515   40.77441    -74.21707    -0.06      0.08     0.10     1 
0130321516   40.77416    -74.18010     0.01      0.07     0.07     1 
0130321517   40.77389    -74.14313    -0.12      0.00     0.12     1 
0130321518   40.77361    -74.10617    -0.27     -0.16     0.31     1 
0130321522   40.77237    -73.95830    -0.19     -0.20     0.27     1 
0130321523   40.77203    -73.92133    -0.21     -0.21     0.30     1 
0130321524   40.77168    -73.88437    -0.27     -0.06     0.27     1 
0130321525   40.77131    -73.84741    -0.34     -0.17     0.38     1 
0130321526   40.77094    -73.81045    -0.05     -0.04     0.06     1 
0130321527   40.77055    -73.77348    -0.01      0.10     0.10     1 
0130321528   40.77015    -73.73652     0.03     -0.06     0.07     1 
0130321529   40.76974    -73.69956     0.18     -0.03     0.18     1 
0130321530   40.76932    -73.66260     0.04     -0.12     0.13     1 
0130321531   40.76888    -73.62564     0.13     -0.02     0.13     1 
0130321532   40.76844    -73.58868     0.17     -0.02     0.17     1 
0130321533   40.76798    -73.55173    -0.17      0.06     0.18     1 
0130321534   40.76751    -73.51477    -0.12      0.00     0.12     1 
0130321535   40.76703    -73.47782    -0.02     -0.02     0.03     1 
0130321536   40.76653    -73.44086    -0.12      0.16     0.20     1 
0130321537   40.76603    -73.40391     0.03      0.06     0.07     1 
0130321538   40.76551    -73.36696     0.21      0.09     0.22     1 
0130321539   40.76498    -73.33000    -0.11     -0.06     0.12     1 
0130321540   40.76444    -73.29305    -0.11      0.05     0.12     1 
0130321541   40.76389    -73.25610    -0.08     -0.03     0.09     1 
0130321542   40.76333    -73.21915     0.14      0.04     0.14     1 
0130321543   40.76275    -73.18221     0.19     -0.05     0.20     1 
0130321544   40.76216    -73.14526     0.08     -0.04     0.09     1 
0130321545   40.76156    -73.10831     0.10     -0.08     0.13     1 
0130321546   40.76095    -73.07137     0.02     -0.09     0.09     1 
0130321547   40.76033    -73.03443    -0.02      0.01     0.02     1 
0130321548   40.75969    -72.99748    -0.05     -0.05     0.07     1 
0130321549   40.75904    -72.96054     0.14     -0.01     0.14     1 
0130321550   40.75838    -72.92360    -0.07     -0.09     0.11     1 
0130321551   40.75771    -72.88666     0.02     -0.11     0.11     1 
0130321552   40.75703    -72.84973     0.04      0.01     0.04     1 
0130321553   40.75634    -72.81279    -0.04     -0.06     0.07     1 
0130321588   40.74949    -74.29128     0.21      0.00     0.21     1 
0130321589   40.74925    -74.25432     0.08      0.01     0.08     1 
0130321590   40.74901    -74.21737     0.04     -0.06     0.07     1 
0130321591   40.74875    -74.18041    -0.13     -0.09     0.16     1 
0130321592   40.74849    -74.14346    -0.12      0.00     0.12     1 
0130321593   40.74820    -74.10650    -0.16      0.08     0.18     1 
0130321594   40.74791    -74.06955    -0.21     -0.02     0.21     1 
0130321595   40.74761    -74.03260    -0.07      0.07     0.10     1 
0130321596   40.74729    -73.99565     0.07      0.01     0.07     1 
0130321600   40.74591    -73.84785    -0.03     -0.02     0.03     1 
0130321601   40.74554    -73.81090     0.14     -0.08     0.16     1 
0130321602   40.74515    -73.77395    -0.02     -0.03     0.04     1 
0130321603   40.74475    -73.73700     0.06     -0.07     0.09     1 
0130321604   40.74434    -73.70006    -0.02     -0.02     0.03     1 
0130321605   40.74392    -73.66311    -0.09     -0.06     0.11     1 
0130321606   40.74349    -73.62617    -0.15      0.04     0.15     1 
0130321607   40.74304    -73.58922     0.04      0.04     0.06     1 
0130321608   40.74258    -73.55228     0.06     -0.04     0.07     1 
0130321609   40.74211    -73.51534     0.07     -0.01     0.07     1 
0130321610   40.74163    -73.47840     0.08     -0.11     0.14     1 
0130321611   40.74114    -73.44145     0.27     -0.05     0.27     1 
0130321612   40.74063    -73.40452    -0.02      0.03     0.03     1 
0130321613   40.74012    -73.36758     0.04     -0.03     0.05     1 
0130321614   40.73959    -73.33064     0.01     -0.10     0.10     1 
0130321615   40.73905    -73.29370     0.16     -0.03     0.17     1 
0130321616   40.73850    -73.25677     0.07     -0.06     0.10     1 
0130321617   40.73793    -73.21983    -0.04      0.01     0.04     1 
0130321618   40.73736    -73.18290    -0.01     -0.05     0.05     1 
0130321619   40.73677    -73.14597    -0.09     -0.08     0.12     1 
0130321620   40.73617    -73.10903     0.04      0.03     0.05     1 
0130321621   40.73556    -73.07210     0.06     -0.04     0.07     1 
0130321622   40.73494    -73.03517    -0.06      0.01     0.06     1 
0130321624   40.73366    -72.96132    -0.04     -0.25     0.25     1 
0130321625   40.73300    -72.92439    -0.07     -0.42     0.43     1 
0130321626   40.73233    -72.88747     0.11     -0.24     0.27     1 
0130321663   40.72409    -74.29155     0.16     -0.04     0.17     1 
0130321664   40.72385    -74.25460    -0.09     -0.07     0.11     1 
0130321665   40.72361    -74.21766    -0.06     -0.04     0.07     1 
0130321666   40.72335    -74.18072    -0.04     -0.05     0.06     1 
0130321667   40.72308    -74.14378    -0.07     -0.03     0.08     1 
0130321668   40.72280    -74.10685    -0.12     -0.04     0.13     1 
0130321669   40.72251    -74.06991     0.07     -0.08     0.11     1 
0130321672   40.72157    -73.95909    -0.12     -0.17     0.21     1 
0130321673   40.72123    -73.92216    -0.25      0.06     0.25     1 
0130321674   40.72088    -73.88522     0.03      0.04     0.05     1 
0130321675   40.72051    -73.84829    -0.11     -0.09     0.14     1 
0130321677   40.71975    -73.77442    -0.02     -0.03     0.03     1 
0130321678   40.71936    -73.73748     0.01     -0.06     0.06     1 
0130321679   40.71894    -73.70055    -0.09     -0.02     0.09     1 
0130321680   40.71852    -73.66362    -0.02     -0.10     0.10     1 
0130321681   40.71809    -73.62669     0.09     -0.15     0.18     1 
0130321682   40.71764    -73.58976    -0.13      0.05     0.14     1 
0130321683   40.71719    -73.55283    -0.11     -0.11     0.16     1 
0130321684   40.71672    -73.51590     0.03     -0.18     0.18     1 
0130321685   40.71624    -73.47897     0.01     -0.02     0.03     1 
0130321686   40.71574    -73.44205     0.06     -0.07     0.09     1 
0130321687   40.71524    -73.40512    -0.21     -0.07     0.22     1 
0130321688   40.71472    -73.36820     0.04      0.01     0.04     1 
0130321689   40.71420    -73.33127     0.10      0.02     0.10     1 
0130321690   40.71366    -73.29435     0.13     -0.04     0.14     1 
0130321691   40.71310    -73.25743    -0.08      0.02     0.09     1 
0130321692   40.71254    -73.22051    -0.18     -0.10     0.21     1 
0130321693   40.71197    -73.18359     0.02     -0.07     0.07     1 
0130321694   40.71138    -73.14667    -0.08     -0.09     0.12     1 
0130321695   40.71078    -73.10975    -0.05      0.05     0.07     1 
0130321737   40.69890    -74.32874     0.17      0.02     0.17     1 
0130321738   40.69868    -74.29182    -0.04     -0.04     0.06     1 
0130321739   40.69845    -74.25489    -0.05     -0.10     0.11     1 
0130321740   40.69821    -74.21796    -0.17      0.11     0.20     1 
0130321741   40.69795    -74.18103    -0.21     -0.04     0.21     1 
0130321742   40.69768    -74.14411    -0.29      0.03     0.29     1 
0130321744   40.69711    -74.07026    -0.06     -0.04     0.07     1 
0130321745   40.69681    -74.03333    -0.25      0.08     0.26     1 
0130321746   40.69649    -73.99641    -0.25      0.02     0.26     1 
0130321749   40.69548    -73.88564    -0.03     -0.06     0.07     1 
0130321752   40.69435    -73.77488     0.02     -0.04     0.04     1 
0130321753   40.69396    -73.73796    -0.06      0.03     0.06     1 
0130321754   40.69355    -73.70104     0.09      0.01     0.09     1 
0130321755   40.69313    -73.66413     0.04     -0.02     0.05     1 
0130321756   40.69269    -73.62721     0.07     -0.03     0.08     1 
0130321757   40.69225    -73.59029     0.05     -0.05     0.06     1 
0130321758   40.69179    -73.55338     0.04      0.05     0.06     1 
0130321759   40.69132    -73.51646    -0.01     -0.09     0.09     1 
0130321760   40.69084    -73.47955     0.05     -0.06     0.07     1 
0130321761   40.69035    -73.44264     0.05     -0.22     0.22     1 
0130321762   40.68985    -73.40573    -0.07     -0.05     0.09     1 
0130321763   40.68933    -73.36882     0.08      0.01     0.08     1 
0130321764   40.68880    -73.33191    -0.13     -0.06     0.14     1 
0130321765   40.68826    -73.29500    -0.24      0.01     0.24     1 
0130321766   40.68771    -73.25809    -0.12      0.03     0.13     1 
0130321812   40.67350    -74.32900     0.03     -0.01     0.03     1 
0130321813   40.67328    -74.29209     0.06     -0.11     0.13     1 
0130321814   40.67305    -74.25517     0.10      0.01     0.11     1 
0130321815   40.67280    -74.21826     0.04     -0.02     0.04     1 
0130321816   40.67255    -74.18135    -0.18     -0.04     0.19     1 
0130321817   40.67228    -74.14443    -0.30      0.12     0.32     1 
0130321818   40.67200    -74.10752    -0.20     -0.05     0.20     1 
0130321819   40.67171    -74.07061    -0.22     -0.03     0.22     1 
0130321821   40.67109    -73.99679    -0.17     -0.08     0.19     1 
0130321822   40.67077    -73.95988     0.12     -0.10     0.15     1 
0130321825   40.66971    -73.84916    -0.10      0.04     0.11     1 
0130321826   40.66934    -73.81225    -0.22      0.03     0.23     1 
0130321827   40.66895    -73.77535     0.01     -0.09     0.09     1 
0130321828   40.66856    -73.73844     0.07     -0.13     0.14     1 
0130321829   40.66815    -73.70154    -0.11     -0.08     0.14     1 
0130321830   40.66773    -73.66463     0.02     -0.09     0.10     1 
0130321831   40.66730    -73.62773     0.09     -0.03     0.10     1 
0130321832   40.66685    -73.59083     0.09     -0.02     0.09     1 
0130321833   40.66639    -73.55393     0.04     -0.02     0.04     1 
0130321834   40.66593    -73.51703    -0.09      0.07     0.11     1 
0130321835   40.66545    -73.48013    -0.10     -0.00     0.10     1 
0130321836   40.66495    -73.44323     0.02     -0.02     0.03     1 
0130321837   40.66445    -73.40633    -0.11     -0.03     0.12     1 
0130321838   40.66394    -73.36943    -0.12     -0.05     0.13     1 
0130321841   40.66232    -73.25875    -0.19     -0.06     0.20     1 
0130321842   40.66176    -73.22186    -0.04     -0.20     0.20     1 
0130321843   40.66118    -73.18497    -0.16     -0.08     0.17     1 
0130321887   40.64810    -74.32925    -0.12      0.05     0.13     1 
0130321888   40.64788    -74.29235    -0.04      0.03     0.05     1 
0130321889   40.64764    -74.25545     0.18      0.02     0.18     1 
0130321890   40.64740    -74.21855    -0.11     -0.15     0.18     1 
0130321891   40.64715    -74.18166    -0.26     -0.07     0.27     1 
0130321892   40.64688    -74.14476    -0.22     -0.07     0.23     1 
0130321893   40.64660    -74.10786    -0.18     -0.03     0.18     1 
0130321894   40.64631    -74.07097    -0.10     -0.00     0.10     1 
0130321896   40.64569    -73.99717    -0.01     -0.13     0.13     1 
0130321897   40.64536    -73.96028     0.07     -0.12     0.14     1 
0130321898   40.64503    -73.92338    -0.21      0.01     0.21     1 
0130321899   40.64468    -73.88649    -0.08      0.09     0.12     1 
0130321900   40.64431    -73.84960    -0.36     -0.08     0.37     1 
0130321902   40.64356    -73.77581    -0.22     -0.01     0.22     1 
0130321903   40.64316    -73.73892    -0.26     -0.04     0.26     1 
0130321904   40.64275    -73.70203     0.03     -0.08     0.08     1 
0130321905   40.64233    -73.66514    -0.09     -0.04     0.10     1 
0130321906   40.64190    -73.62825     0.06      0.02     0.07     1 
0130321907   40.64145    -73.59136    -0.04      0.05     0.06     1 
0130321908   40.64100    -73.55448    -0.13      0.01     0.13     1 
0130321909   40.64053    -73.51759    -0.16     -0.11     0.20     1 
0130321910   40.64005    -73.48070    -0.13     -0.06     0.14     1 
0130321911   40.63956    -73.44382    -0.21     -0.15     0.26     1 
0130321912   40.63906    -73.40694    -0.21     -0.09     0.23     1 
0130321913   40.63854    -73.37005    -0.20     -0.01     0.20     1 
0130321914   40.63802    -73.33317    -0.40      0.10     0.41     1 
0130321915   40.63748    -73.29629    -0.23     -0.07     0.24     1 
0130321916   40.63693    -73.25941    -0.23      0.27     0.36     1 
0130321962   40.62270    -74.32951     0.07     -0.01     0.07     1 
0130321963   40.62248    -74.29262     0.03     -0.00     0.03     1 
0130321965   40.62200    -74.21885    -0.12      0.00     0.12     1 
0130321966   40.62174    -74.18197    -0.21      0.01     0.21     1 
0130321967   40.62148    -74.14508    -0.04     -0.08     0.09     1 
0130321968   40.62120    -74.10820     0.09      0.04     0.10     1 
0130321973   40.61963    -73.92379    -0.08     -0.13     0.16     1 
0130321974   40.61928    -73.88691    -0.25     -0.05     0.25     1 
0130321975   40.61892    -73.85003    -0.07     -0.09     0.11     1 
0130321976   40.61854    -73.81315    -0.33     -0.06     0.33     1 
0130321977   40.61816    -73.77627    -0.24     -0.04     0.25     1 
0130321978   40.61776    -73.73940    -0.08     -0.10     0.13     1 
0130321979   40.61735    -73.70252    -0.13     -0.09     0.16     1 
0130321980   40.61693    -73.66565    -0.21     -0.06     0.22     1 
0130321981   40.61650    -73.62877    -0.18     -0.04     0.18     1 
0130321982   40.61606    -73.59190    -0.20      0.03     0.20     1 
0130321983   40.61560    -73.55502    -0.21     -0.05     0.22     1 
0130321984   40.61513    -73.51815    -0.26      0.00     0.26     1 
0130321985   40.61465    -73.48128    -0.14      0.04     0.15     1 
0130321986   40.61416    -73.44441    -0.10     -0.00     0.10     1 
0130322036   40.59750    -74.36663     0.09      0.03     0.10     1 
0130322037   40.59729    -74.32976     0.20     -0.08     0.21     1 
0130322038   40.59707    -74.29289    -0.05     -0.04     0.06     1 
0130322039   40.59684    -74.25602    -0.17      0.00     0.17     1 
0130322040   40.59660    -74.21915    -0.25     -0.04     0.25     1 
0130322041   40.59634    -74.18228    -0.22     -0.11     0.24     1 
0130322042   40.59607    -74.14541     0.34     -0.19     0.39     1 
0130322043   40.59580    -74.10854     0.24     -0.09     0.26     1 
0130322044   40.59551    -74.07167    -0.15     -0.21     0.25     1 
0130322048   40.59423    -73.92420    -0.25     -0.10     0.27     1 
0130322049   40.59388    -73.88733    -0.04     -0.08     0.09     1 
0130322050   40.59352    -73.85047    -0.24     -0.25     0.35     1 
0130322051   40.59314    -73.81360    -0.26     -0.18     0.32     1 
0130322052   40.59276    -73.77674    -0.28     -0.19     0.34     1 
0130322054   40.59195    -73.70301    -0.49      0.03     0.49     1 
0130322055   40.59153    -73.66615    -0.38      0.07     0.38     1 
0130322111   40.57210    -74.36687     0.16     -0.09     0.18     1 
0130322112   40.57189    -74.33002     0.11     -0.03     0.11     1 
0130322113   40.57167    -74.29316     0.16     -0.13     0.21     1 
0130322114   40.57144    -74.25630    -0.24     -0.09     0.25     1 
0130322115   40.57119    -74.21944    -0.35     -0.18     0.39     1 
0130322116   40.57094    -74.18259    -0.34     -0.18     0.38     1 
0130322117   40.57067    -74.14573     0.17     -0.08     0.19     1 
0130322118   40.57039    -74.10887    -0.05     -0.12     0.13     1 
0130322119   40.57010    -74.07202    -0.00     -0.00     0.00     1 
0130322186   40.54669    -74.36711     0.04     -0.06     0.07     1 
0130322187   40.54648    -74.33027     0.08     -0.08     0.11     1 
0130322188   40.54626    -74.29342    -0.10     -0.03     0.10     1 
0130322189   40.54603    -74.25658    -0.25     -0.03     0.25     1 
0130322190   40.54579    -74.21974    -0.17     -0.04     0.18     1 
0130322191   40.54554    -74.18290     0.19     -0.22     0.29     1 
0130322192   40.54527    -74.14605    -0.13     -0.22     0.25     1 
0130322193   40.54499    -74.10921    -0.17     -0.25     0.30     1 
0130322263   40.52086    -74.29369    -0.23     -0.06     0.24     1 
0130322264   40.52063    -74.25686    -0.11     -0.08     0.13     1 
0130322265   40.52039    -74.22003     0.04     -0.14     0.15     1 
0130322266   40.52013    -74.18320    -0.25     -0.15     0.29     1 
0130322336   40.49589    -74.36759    -0.20     -0.00     0.20     1 
0130322338   40.49546    -74.29396    -0.31      0.06     0.31     1 
0130322339   40.49523    -74.25714    -0.23      0.14     0.27     1 
0130322340   40.49498    -74.22033    -0.32      0.02     0.32     1 
0130322410   40.47068    -74.40463    -0.11      0.00     0.11     1 
0130322411   40.47048    -74.36783    -0.29     -0.11     0.31     1 
0130322412   40.47027    -74.33103     0.17     -0.08     0.18     1 
0130322413   40.47006    -74.29422     0.20      0.00     0.20     1 
0130322414   40.46982    -74.25742     0.01     -0.10     0.10     1 
0130322485   40.44527    -74.40485     0.04     -0.00     0.04     1 
0130322486   40.44508    -74.36807    -0.12     -0.09     0.15     1 
0130322487   40.44487    -74.33128    -0.05     -0.03     0.05     1 
0130322489   40.44442    -74.25770    -0.08     -0.05     0.09     1 
0130322490   40.44418    -74.22091    -0.26      0.02     0.26     1 
0130322491   40.44393    -74.18413    -0.20     -0.19     0.28     1 
0130322492   40.44366    -74.14734    -0.15     -0.00     0.15     1 
0130322493   40.44338    -74.11055    -0.17      0.00     0.17     1 
0130322496   40.44248    -74.00020    -0.24     -0.21     0.32     1 
0130322560   40.41987    -74.40508     0.01     -0.00     0.01     1 
0130322561   40.41967    -74.36830    -0.13      0.11     0.17     1 
0130322563   40.41925    -74.29475     0.50     -0.01     0.50     2 
0130322564   40.41902    -74.25798     0.30     -0.00     0.30     1 
0130322565   40.41877    -74.22121    -0.05     -0.12     0.13     1 
0130322566   40.41852    -74.18443     0.06      0.05     0.08     1 
0130322567   40.41826    -74.14766     0.01     -0.08     0.08     1 
0130322568   40.41798    -74.11089     0.19     -0.07     0.20     1 
0130322569   40.41769    -74.07412    -0.04     -0.05     0.07     1 
0130322570   40.41739    -74.03735     0.02     -0.13     0.13     1 
0130322635   40.39446    -74.40530     0.21      0.07     0.22     1 
0130322636   40.39427    -74.36854     0.03      0.01     0.03     1 
0130322637   40.39406    -74.33178     0.19      0.05     0.20     1 
0130322638   40.39384    -74.29502     0.17     -0.07     0.18     1 
0130322639   40.39361    -74.25826     0.29     -0.12     0.31     1 
0130322640   40.39337    -74.22150     0.12     -0.01     0.12     1 
0130322641   40.39312    -74.18474     0.23      0.02     0.24     1 
0130322643   40.39258    -74.11122     0.19      0.05     0.20     1 
0130322644   40.39229    -74.07447     0.26     -0.01     0.27     1 
0130322645   40.39199    -74.03771     0.31     -0.07     0.32     1 
0130322646   40.39168    -74.00095    -0.17     -0.01     0.17     1 
0130322710   40.36906    -74.40553     0.08      0.01     0.08     1 
0130322711   40.36886    -74.36878     0.33     -0.05     0.33     1 
0130322712   40.36866    -74.33203     0.39     -0.02     0.39     1 
0130322713   40.36844    -74.29528     0.06      0.19     0.20     1 
0130322714   40.36821    -74.25854     0.35     -0.02     0.35     1 
0130322715   40.36797    -74.22179     0.26     -0.11     0.28     1 
0130322716   40.36771    -74.18505     0.32     -0.12     0.34     1 
0130322717   40.36745    -74.14830     0.18     -0.08     0.20     1 
0130322718   40.36717    -74.11156     0.22     -0.10     0.25     1 
0130322719   40.36689    -74.07481     0.06     -0.14     0.16     1 
0130322720   40.36659    -74.03807    -0.21     -0.02     0.21     1 
0130322721   40.36627    -74.00133     0.23     -0.02     0.23     1 
0130322784   40.34384    -74.44248    -0.06      0.13     0.15     1 
0130322785   40.34365    -74.40575     0.20     -0.00     0.20     1 
0130322786   40.34346    -74.36902     0.39     -0.07     0.40     1 
0130322788   40.34304    -74.29555     0.35     -0.04     0.35     1 
0130322790   40.34256    -74.22208     0.30     -0.07     0.31     1 
0130322791   40.34231    -74.18535     0.15     -0.07     0.16     1 
0130322792   40.34205    -74.14862     0.07      0.03     0.08     1 
0130322793   40.34177    -74.11189     0.27      0.02     0.27     1 
0130322794   40.34148    -74.07516    -0.05     -0.15     0.16     1 
0130322795   40.34118    -74.03843     0.03     -0.08     0.09     1 
0130322796   40.34087    -74.00170    -0.24     -0.22     0.33     1 
0130322859   40.31843    -74.44269    -0.08     -0.03     0.08     1 
0130322861   40.31806    -74.36925     0.22     -0.07     0.23     1 
0130322862   40.31785    -74.33253     0.29     -0.02     0.29     1 
0130322863   40.31763    -74.29581     0.33      0.02     0.33     1 
0130322864   40.31740    -74.25909     0.28      0.01     0.28     1 
0130322865   40.31716    -74.22238     0.16     -0.01     0.16     1 
0130322866   40.31691    -74.18566     0.18     -0.00     0.18     1 
0130322867   40.31664    -74.14894    -0.02     -0.01     0.02     1 
0130322868   40.31637    -74.11222    -0.00     -0.14     0.14     1 
0130322869   40.31608    -74.07551     0.18     -0.04     0.18     1 
0130322870   40.31578    -74.03879    -0.11     -0.12     0.16     1 
0130322871   40.31547    -74.00208    -0.13     -0.14     0.19     1 
0130322934   40.29303    -74.44290     0.44     -0.01     0.44     1 
0130322935   40.29284    -74.40619     0.37     -0.07     0.38     1 
0130322936   40.29265    -74.36949     0.19      0.10     0.22     1 
0130322937   40.29244    -74.33278     0.25      0.03     0.25     1 
0130322938   40.29223    -74.29608     0.17     -0.02     0.17     1 
0130322939   40.29200    -74.25937     0.26      0.19     0.32     1 
0130322940   40.29176    -74.22267     0.24      0.09     0.25     1 
0130322941   40.29150    -74.18596     0.17      0.03     0.17     1 
0130322942   40.29124    -74.14926     0.17     -0.12     0.21     1 
0130322943   40.29096    -74.11256     0.25     -0.02     0.26     1 
0130322944   40.29068    -74.07585     0.23     -0.09     0.25     1 
0130322945   40.29038    -74.03915     0.11     -0.07     0.13     1 
0130322946   40.29007    -74.00245     0.16     -0.02     0.16     1 
0130323010   40.26744    -74.40642     0.29     -0.04     0.30     1 
0130323011   40.26725    -74.36972     0.24     -0.08     0.25     1 
0130323012   40.26704    -74.33303     0.20      0.00     0.20     1 
0130323013   40.26682    -74.29634     0.32     -0.03     0.32     1 
0130323014   40.26659    -74.25965     0.22     -0.06     0.23     1 
0130323015   40.26635    -74.22296     0.22      0.08     0.23     1 
0130323016   40.26610    -74.18627     0.31      0.02     0.31     1 
0130323017   40.26584    -74.14958     0.17     -0.04     0.18     1 
0130323018   40.26556    -74.11289     0.11      0.18     0.21     1 
0130323019   40.26527    -74.07620     0.19     -0.01     0.19     1 
0130323020   40.26497    -74.03951     0.06     -0.03     0.07     1 
0130323021   40.26467    -74.00282     0.17     -0.01     0.17     1 
0130323084   40.24222    -74.44332     0.26      0.06     0.27     1 
0130323085   40.24203    -74.40664     0.31      0.02     0.31     1 
0130323086   40.24184    -74.36996     0.32     -0.04     0.32     1 
0130323087   40.24164    -74.33328     0.34      0.04     0.35     1 
0130323088   40.24142    -74.29660     0.05     -0.13     0.14     1 
0130323089   40.24119    -74.25993     0.02     -0.06     0.06     1 
0130323090   40.24095    -74.22325     0.24     -0.04     0.25     1 
0130323091   40.24070    -74.18657     0.11     -0.17     0.20     1 
0130323092   40.24043    -74.14990     0.16     -0.15     0.22     1 
0130323094   40.23987    -74.07654     0.22      0.01     0.22     1 
0130323095   40.23957    -74.03987    -0.01     -0.01     0.02     1 
0130323096   40.23926    -74.00320    -0.13     -0.14     0.19     1 
0130323158   40.21698    -74.48019     0.44      0.00     0.44     1 
0130323159   40.21681    -74.44353     0.43     -0.06     0.44     1 
0130323160   40.21663    -74.40686     0.39     -0.04     0.40     1 
0130323161   40.21643    -74.37019     0.14     -0.05     0.15     1 
0130323162   40.21623    -74.33353     0.06     -0.08     0.10     1 
0130323163   40.21601    -74.29687     0.29     -0.09     0.30     1 
0130323164   40.21578    -74.26020     0.14     -0.17     0.22     1 
0130323165   40.21554    -74.22354     0.33      0.03     0.33     1 
0130323166   40.21529    -74.18688     0.22     -0.09     0.24     1 
0130323167   40.21503    -74.15021     0.24     -0.00     0.24     1 
0130323168   40.21475    -74.11355     0.13      0.02     0.13     1 
0130323170   40.21417    -74.04023     0.02     -0.05     0.06     1 
0130323233   40.19158    -74.48039     0.24      0.01     0.24     1 
0130323234   40.19141    -74.44373     0.26     -0.08     0.27     1 
0130323235   40.19122    -74.40708     0.30     -0.04     0.30     1 
0130323236   40.19103    -74.37043     0.21      0.06     0.21     1 
0130323237   40.19082    -74.33378     0.19     -0.04     0.19     1 
0130323238   40.19061    -74.29713     0.08      0.08     0.12     1 
0130323239   40.19038    -74.26048     0.33     -0.00     0.33     1 
0130323240   40.19014    -74.22383     0.17      0.14     0.22     1 
0130323241   40.18989    -74.18718     0.25     -0.08     0.26     1 
0130323242   40.18962    -74.15053     0.24     -0.11     0.27     1 
0130323243   40.18935    -74.11388    -0.01     -0.16     0.16     1 
0130323244   40.18906    -74.07723     0.31     -0.26     0.40     1 
0130323245   40.18877    -74.04059    -0.21     -0.06     0.22     1 
0130323308   40.16617    -74.48058     0.22     -0.04     0.22     1 
0130323309   40.16600    -74.44394     0.19     -0.01     0.19     1 
0130323310   40.16582    -74.40730     0.23     -0.03     0.23     1 
0130323311   40.16562    -74.37067    -0.01      0.00     0.01     1 
0130323312   40.16542    -74.33403     0.07      0.01     0.07     1 
0130323313   40.16520    -74.29739     0.27     -0.14     0.31     1 
0130323314   40.16497    -74.26075     0.24     -0.10     0.26     1 
0130323315   40.16474    -74.22412    -0.02     -0.11     0.11     1 
0130323316   40.16448    -74.18748     0.29     -0.07     0.30     1 
0130323317   40.16422    -74.15085     0.20     -0.11     0.22     1 
0130323318   40.16395    -74.11421     0.25     -0.18     0.31     1 
0130323319   40.16366    -74.07758     0.12     -0.12     0.17     1 
0130323320   40.16336    -74.04094     0.00     -0.06     0.06     1 
0130323384   40.14059    -74.44415    -0.18     -0.01     0.18     1 
0130323387   40.14001    -74.33428     0.28      0.01     0.28     1 
0130323389   40.13957    -74.26103     0.34     -0.04     0.35     1 
0130323390   40.13933    -74.22441     0.20      0.02     0.20     1 
0130323391   40.13908    -74.18779     0.25     -0.03     0.25     1 
0130323392   40.13882    -74.15116     0.26     -0.09     0.27     1 
0130323393   40.13854    -74.11454     0.12     -0.06     0.13     1 
0130323394   40.13826    -74.07792     0.23     -0.13     0.26     1 
0130323395   40.13796    -74.04130    -0.13     -0.03     0.13     1 
0130323459   40.11519    -74.44436     0.23     -0.04     0.23     1 
0130323460   40.11501    -74.40774     0.17      0.00     0.17     1 
0130323462   40.11461    -74.33452     0.29     -0.09     0.30     1 
0130323463   40.11439    -74.29791     0.20      0.01     0.20     1 
0130323464   40.11416    -74.26130     0.36     -0.07     0.37     1 
0130323465   40.11393    -74.22469     0.16     -0.02     0.16     1 
0130323466   40.11368    -74.18809     0.25     -0.05     0.25     1 
0130323467   40.11341    -74.15148     0.21     -0.02     0.21     1 
0130323468   40.11314    -74.11487     0.31      0.05     0.31     1 
0130323532   40.09011    -74.51776     0.22     -0.10     0.24     1 
0130323533   40.08995    -74.48116     0.26     -0.04     0.27     1 
0130323534   40.08978    -74.44456     0.13      0.01     0.13     1 
0130323535   40.08960    -74.40797     0.12     -0.03     0.12     1 
0130323536   40.08941    -74.37137     0.13      0.20     0.24     1 
0130323537   40.08920    -74.33477     0.04     -0.01     0.04     1 
0130323539   40.08876    -74.26158     0.15     -0.15     0.21     1 
0130323540   40.08852    -74.22498    -0.11      0.10     0.14     1 
0130323541   40.08827    -74.18839     0.10     -0.01     0.10     1 
0130323542   40.08801    -74.15179     0.23     -0.07     0.24     1 
0130323543   40.08773    -74.11520     0.02     -0.07     0.08     1 
0130323544   40.08745    -74.07861    -0.07     -0.08     0.11     1 
0130323545   40.08715    -74.04201    -0.09     -0.25     0.26     1 
0130323607   40.06470    -74.51794     0.37     -0.12     0.39     1 
0130323608   40.06455    -74.48135     0.22     -0.12     0.25     1 
0130323609   40.06438    -74.44477     0.08      0.02     0.08     1 
0130323610   40.06419    -74.40819    -0.11      0.04     0.12     1 
0130323611   40.06400    -74.37160     0.18      0.12     0.21     1 
0130323612   40.06380    -74.33502    -0.17      0.36     0.40     1 
0130323613   40.06358    -74.29844    -0.03     -0.03     0.04     1 
0130323614   40.06336    -74.26185     0.25      0.02     0.25     1 
0130323615   40.06312    -74.22527     0.23      0.10     0.24     1 
0130323616   40.06287    -74.18869    -0.17     -0.09     0.19     1 
0130323617   40.06260    -74.15211     0.14      0.00     0.14     1 
0130323618   40.06233    -74.11553     0.04      0.01     0.04     1 
0130323619   40.06204    -74.07895    -0.21     -0.05     0.22     1 
0130323620   40.06175    -74.04237    -0.15      0.02     0.15     1 
0130323682   40.03930    -74.51812     0.06      0.01     0.06     1 
0130323683   40.03914    -74.48154    -0.03      0.03     0.05     1 
0130323684   40.03897    -74.44497     0.07      0.00     0.07     1 
0130323685   40.03879    -74.40840     0.08     -0.04     0.09     1 
0130323686   40.03860    -74.37184    -0.02     -0.09     0.09     1 
0130323687   40.03839    -74.33527    -0.05     -0.11     0.12     1 
0130323688   40.03818    -74.29870     0.19      0.01     0.19     1 
0130323690   40.03771    -74.22556     0.27      0.02     0.27     1 
0130323691   40.03746    -74.18899     0.08     -0.03     0.09     1 
0130323692   40.03720    -74.15242     0.04     -0.08     0.09     1 
0130323693   40.03693    -74.11586     0.11      0.01     0.11     1 
0130323694   40.03664    -74.07929    -0.06     -0.07     0.09     1 
0130323757   40.01389    -74.51829    -0.03     -0.13     0.14     1 
0130323759   40.01356    -74.44518     0.02     -0.05     0.05     1 
0130323760   40.01338    -74.40862    -0.11     -0.05     0.12     1 
0130323761   40.01319    -74.37207     0.01      0.02     0.02     1 
0130323762   40.01299    -74.33551    -0.10     -0.01     0.10     1 
0130323763   40.01277    -74.29896     0.23      0.08     0.25     1 
0130323764   40.01254    -74.26240     0.11     -0.17     0.20     1 
0130323765   40.01230    -74.22585     0.33     -0.03     0.33     1 
0130323766   40.01206    -74.18929     0.27     -0.10     0.29     1 
0130323767   40.01179    -74.15274     0.11     -0.01     0.11     1 
0130323768   40.01152    -74.11619    -0.11     -0.06     0.13     1 
0130323769   40.01124    -74.07963    -0.15     -0.12     0.19     1 
0130323832   39.98848    -74.51847    -0.13     -0.09     0.15     1 
0130323833   39.98833    -74.48193     0.01     -0.01     0.02     1 
0130323834   39.98816    -74.44539    -0.04      0.05     0.06     1 
0130323835   39.98798    -74.40884     0.04     -0.02     0.04     1 
0130323836   39.98778    -74.37230     0.21     -0.10     0.23     1 
0130323837   39.98758    -74.33576    -0.06     -0.07     0.09     1 
0130323838   39.98736    -74.29922    -0.15     -0.12     0.19     1 
0130323839   39.98714    -74.26268    -0.08     -0.06     0.10     1 
0130323840   39.98690    -74.22613     0.11     -0.06     0.12     1 
0130323841   39.98665    -74.18959     0.02     -0.05     0.06     1 
0130323842   39.98639    -74.15305     0.03      0.01     0.04     1 
0130323843   39.98612    -74.11651    -0.12     -0.04     0.13     1 
0130323844   39.98583    -74.07997    -0.15     -0.08     0.17     1 
0130323906   39.96322    -74.55518     0.16     -0.01     0.16     1 
0130323907   39.96308    -74.51865     0.18     -0.01     0.18     1 
0130323908   39.96292    -74.48212    -0.24     -0.36     0.44     1 
0130323909   39.96275    -74.44559    -0.04     -0.03     0.05     1 
0130323910   39.96257    -74.40906     0.03     -0.05     0.06     1 
0130323911   39.96238    -74.37253     0.01     -0.02     0.02     1 
0130323912   39.96217    -74.33600     0.08     -0.03     0.08     1 
0130323914   39.96173    -74.26295    -0.07      0.03     0.08     1 
0130323915   39.96149    -74.22642     0.13     -0.01     0.13     1 
0130323916   39.96124    -74.18989     0.05     -0.11     0.12     1 
0130323917   39.96098    -74.15337     0.25      0.03     0.26     1 
0130323918   39.96071    -74.11684    -0.18     -0.10     0.21     1 
0130323919   39.96043    -74.08031    -0.15     -0.09     0.18     1 
0130323981   39.93782    -74.55535     0.06     -0.08     0.10     1 
0130323982   39.93767    -74.51883     0.09     -0.13     0.16     1 
0130323983   39.93751    -74.48231     0.16      0.06     0.17     1 
0130323984   39.93734    -74.44580     0.14     -0.09     0.17     1 
0130323986   39.93697    -74.37277     0.07     -0.03     0.07     1 
0130323987   39.93677    -74.33625    -0.12     -0.34     0.36     1 
0130323988   39.93655    -74.29973     0.05      0.03     0.06     1 
0130323989   39.93633    -74.26322     0.08     -0.08     0.11     1 
0130323990   39.93609    -74.22671    -0.00     -0.05     0.05     1 
0130323991   39.93584    -74.19019     0.04      0.00     0.04     1 
0130323992   39.93558    -74.15368    -0.11     -0.07     0.13     1 
0130323993   39.93531    -74.11717    -0.12     -0.05     0.13     1 
0130323994   39.93502    -74.08065    -0.11     -0.01     0.11     1 
0130324056   39.91241    -74.55551     0.22      0.24     0.33     1 
0130324057   39.91226    -74.51901     0.07     -0.06     0.09     1 
0130324058   39.91210    -74.48250     0.05      0.14     0.15     1 
0130324059   39.91194    -74.44600    -0.15     -0.18     0.23     1 
0130324060   39.91176    -74.40950    -0.01      0.09     0.09     1 
0130324062   39.91136    -74.33649    -0.00     -0.06     0.06     1 
0130324063   39.91115    -74.29999     0.11     -0.05     0.12     1 
0130324064   39.91092    -74.26349     0.14      0.05     0.15     1 
0130324065   39.91068    -74.22699     0.07     -0.03     0.08     1 
0130324066   39.91043    -74.19049     0.01     -0.10     0.10     1 
0130324067   39.91017    -74.15399     0.22     -0.13     0.26     1 
0130324068   39.90990    -74.11749    -0.20     -0.14     0.24     1 
0130324069   39.90962    -74.08099    -0.16     -0.10     0.19     1 
0130324131   39.88700    -74.55567     0.04     -0.01     0.04     1 
0130324132   39.88685    -74.51918     0.14     -0.01     0.14     1 
0130324133   39.88670    -74.48270     0.11     -0.04     0.12     1 
0130324134   39.88653    -74.44621     0.22      0.00     0.22     1 
0130324136   39.88616    -74.37323    -0.05      0.05     0.07     1 
0130324137   39.88596    -74.33674     0.04     -0.14     0.14     1 
0130324138   39.88574    -74.30025    -0.04      0.01     0.05     1 
0130324139   39.88551    -74.26376    -0.01      0.26     0.26     1 
0130324140   39.88528    -74.22728     0.05     -0.11     0.12     1 
0130324141   39.88503    -74.19079     0.23     -0.15     0.27     1 
0130324142   39.88477    -74.15430     0.28     -0.06     0.28     1 
0130324207   39.86145    -74.51936     0.11     -0.04     0.11     1 
0130324208   39.86129    -74.48289    -0.05     -0.01     0.05     1 
0130324210   39.86094    -74.40994     0.16     -0.05     0.17     1 
0130324211   39.86075    -74.37346     0.01      0.04     0.04     1 
0130324212   39.86055    -74.33698     0.24     -0.15     0.28     1 
0130324213   39.86033    -74.30051    -0.04     -0.05     0.07     1 
0130324214   39.86011    -74.26404     0.01     -0.22     0.22     1 
0130324215   39.85987    -74.22756    -0.06     -0.06     0.08     1 
0130324216   39.85962    -74.19109    -0.08      0.09     0.12     1 
0130324217   39.85936    -74.15462    -0.06     -0.04     0.08     1 
0130324218   39.85909    -74.11814     0.29     -0.33     0.44     1 
0130324219   39.85881    -74.08167    -0.15     -0.02     0.16     1 
0130324280   39.83632    -74.59247     0.25      0.08     0.26     1 
0130324281   39.83619    -74.55600     0.20      0.06     0.21     1 
0130324282   39.83604    -74.51954     0.03     -0.11     0.11     1 
0130324283   39.83588    -74.48308     0.02      0.04     0.05     1 
0130324284   39.83572    -74.44661     0.21     -0.01     0.21     1 
0130324285   39.83554    -74.41015     0.09      0.07     0.11     1 
0130324286   39.83534    -74.37369     0.11      0.01     0.11     1 
0130324287   39.83514    -74.33723     0.13     -0.18     0.22     1 
0130324288   39.83493    -74.30077     0.02     -0.07     0.07     1 
0130324289   39.83470    -74.26431     0.12     -0.00     0.12     1 
0130324290   39.83447    -74.22785    -0.09     -0.04     0.10     1 
0130324291   39.83422    -74.19139    -0.10     -0.09     0.13     1 
0130324292   39.83396    -74.15493    -0.12     -0.07     0.14     1 
0130324294   39.83340    -74.08201    -0.19      0.05     0.19     1 
0130324355   39.81091    -74.59261     0.12      0.02     0.12     1 
0130324356   39.81078    -74.55617    -0.04     -0.02     0.04     1 
0130324357   39.81063    -74.51972    -0.02     -0.07     0.07     1 
0130324358   39.81048    -74.48327     0.16      0.00     0.16     1 
0130324359   39.81031    -74.44682     0.10      0.03     0.11     1 
0130324360   39.81013    -74.41037     0.16     -0.00     0.16     1 
0130324361   39.80994    -74.37392    -0.01     -0.10     0.10     1 
0130324364   39.80930    -74.26458    -0.11     -0.11     0.15     1 
0130324365   39.80906    -74.22813     0.04      0.01     0.04     1 
0130324366   39.80881    -74.19169    -0.03     -0.03     0.04     1 
0130324430   39.78550    -74.59276     0.15      0.01     0.15     1 
0130324431   39.78537    -74.55633    -0.03      0.06     0.07     1 
0130324432   39.78522    -74.51989    -0.14     -0.38     0.40     1 
0130324433   39.78507    -74.48346     0.03      0.01     0.03     1 
0130324434   39.78490    -74.44702    -0.04      0.06     0.07     1 
0130324435   39.78472    -74.41059    -0.07     -0.06     0.09     1 
0130324436   39.78453    -74.37415    -0.05     -0.03     0.06     1 
0130324437   39.78433    -74.33772     0.30     -0.05     0.30     1 
0130324438   39.78411    -74.30128     0.05     -0.02     0.05     1 
0130324439   39.78389    -74.26485     0.09     -0.05     0.10     1 
0130324440   39.78365    -74.22841     0.12     -0.06     0.14     1 
0130324441   39.78341    -74.19198     0.05      0.03     0.06     1 
0130324443   39.78287    -74.11912    -0.07      0.03     0.08     1 
0130324505   39.76010    -74.59292    -0.02      0.05     0.06     1 
0130324506   39.75996    -74.55649     0.38      0.04     0.38     1 
0130324507   39.75982    -74.52007    -0.03      0.11     0.11     1 
0130324508   39.75966    -74.48365     0.01      0.04     0.05     1 
0130324509   39.75949    -74.44723     0.04      0.04     0.05     1 
0130324510   39.75931    -74.41080     0.09      0.03     0.10     1 
0130324511   39.75912    -74.37438     0.02     -0.04     0.05     1 
0130324512   39.75892    -74.33796     0.39      0.00     0.39     1 
0130324513   39.75871    -74.30154     0.15      0.00     0.15     1 
0130324514   39.75848    -74.26512     0.39     -0.05     0.39     1 
0130324515   39.75825    -74.22870     0.20      0.07     0.21     1 
0130324516   39.75800    -74.19228    -0.11      0.02     0.11     1 
0130324517   39.75774    -74.15586    -0.24     -0.07     0.25     1 
0130324518   39.75747    -74.11944    -0.08     -0.10     0.13     1 
0130324580   39.73469    -74.59306    -0.30     -0.12     0.32     1 
0130324581   39.73456    -74.55666     0.05      0.14     0.15     1 
0130324582   39.73441    -74.52025    -0.11     -0.02     0.11     1 
0130324583   39.73425    -74.48384     0.01      0.00     0.01     1 
0130324584   39.73409    -74.44743    -0.03     -0.12     0.12     1 
0130324585   39.73391    -74.41102    -0.15     -0.01     0.15     1 
0130324586   39.73372    -74.37461     0.34     -0.13     0.37     1 
0130324587   39.73351    -74.33820     0.10      0.08     0.13     1 
0130324588   39.73330    -74.30180     0.39      0.13     0.41     1 
0130324589   39.73308    -74.26539     0.24      0.04     0.24     1 
0130324590   39.73284    -74.22898     0.27     -0.01     0.27     1 
0130324591   39.73259    -74.19258    -0.09     -0.04     0.10     1 
0130324592   39.73233    -74.15617    -0.18      0.14     0.23     1 
0130324654   39.70940    -74.62961     0.35      0.03     0.35     1 
0130324656   39.70915    -74.55682     0.01     -0.01     0.01     1 
0130324657   39.70900    -74.52042     0.18      0.02     0.18     1 
0130324658   39.70885    -74.48403    -0.01     -0.04     0.04     1 
0130324660   39.70850    -74.41124    -0.33      0.11     0.35     1 
0130324661   39.70831    -74.37484    -0.04      0.05     0.06     1 
0130324662   39.70811    -74.33845    -0.09     -0.01     0.09     1 
0130324663   39.70790    -74.30205     0.08     -0.02     0.08     1 
0130324664   39.70767    -74.26566     0.26      0.16     0.30     1 
0130324665   39.70743    -74.22926     0.37     -0.11     0.38     1 
0130324666   39.70719    -74.19287    -0.06      0.04     0.07     1 
0130324667   39.70693    -74.15648    -0.08      0.10     0.13     1 
0130324731   39.68374    -74.55698     0.03      0.36     0.36     1 
0130324732   39.68359    -74.52060    -0.23     -0.17     0.29     1 
0130324733   39.68344    -74.48422    -0.20      0.26     0.33     1 
0130324735   39.68309    -74.41145    -0.00     -0.05     0.05     1 
0130324736   39.68290    -74.37507    -0.07     -0.11     0.13     1 
0130324737   39.68270    -74.33869    -0.05     -0.20     0.21     1 
0130324739   39.68226    -74.26593     0.04      0.03     0.05     1 
0130324740   39.68203    -74.22955    -0.01     -0.06     0.06     1 
0130324741   39.68178    -74.19317    -0.06      0.03     0.07     1 
0130324742   39.68152    -74.15679    -0.16      0.03     0.16     1 
0130324810   39.65768    -74.41167    -0.02     -0.05     0.05     1 
0130324811   39.65749    -74.37530     0.21      0.02     0.21     1 
0130324812   39.65729    -74.33893    -0.00      0.06     0.06     1 
0130324813   39.65708    -74.30256     0.21      0.05     0.21     1 
0130324814   39.65686    -74.26620    -0.03     -0.04     0.05     1 
0130324815   39.65662    -74.22983    -0.06     -0.03     0.07     1 
0130324816   39.65637    -74.19346    -0.13     -0.09     0.16     1 
0130324891   39.63097    -74.19376    -0.17     -0.14     0.22     1 
----------------------------------------------------------------------
---------------------------------------------------
Total correlated GCPs in Upper Left Quadrant: 580

GCP statistics this quadrant only (in Pixels)
Line residual statistics:
  Mean: 0.022
  Median: 0.036
  Standard Deviation: 0.178

Sample residual statistics:
  Mean: -0.014
  Median: -0.012
  Standard Deviation: 0.082

Quadrant RMSE: 0.198

---------------------------------------------------
Total correlated GCPs in Upper Right Quadrant: 202

GCP statistics this quadrant only (in Pixels)
Line residual statistics:
  Mean: 0.048
  Median: 0.056
  Standard Deviation: 0.164

Sample residual statistics:
  Mean: -0.043
  Median: -0.040
  Standard Deviation: 0.083

Quadrant RMSE: 0.194

---------------------------------------------------
Total correlated GCPs in Lower Left Quadrant: 379

GCP statistics this quadrant only (in Pixels)
Line residual statistics:
  Mean: 0.087
  Median: 0.082
  Standard Deviation: 0.163

Sample residual statistics:
  Mean: -0.029
  Median: -0.029
  Standard Deviation: 0.088

Quadrant RMSE: 0.207

---------------------------------------------------
Total correlated GCPs in Lower Right Quadrant: 0

GCP statistics this quadrant only (in Pixels)
Line residual statistics:
  Mean: 0.000
  Median: 0.000
  Standard Deviation: 0.000

Sample residual statistics:
  Mean: 0.000
  Median: 0.000
  Standard Deviation: 0.000

Quadrant RMSE: 0.000

---------------------------------------------------
---------------------------------------------------
Total correlated GCPs in scene: 1161

GCP statistics entire scene (in Pixels)
Line residual statistics:
  Mean: 0.048
  Median: 0.051
  Standard Deviation: 0.173

Sample residual statistics:
  Mean: -0.024
  Median: -0.022
  Standard Deviation: 0.085

Scene RMSE: 0.200

