Sun. Sep. 11, 2016             LANDSAT 5                 Time: 22:24
                         Image Assessment System
                           GCP Residual Report
----------------------------------------------------------------------------
WOID: L19613983            Path/Row: 014 / 032

L0R Reference Image: L51GNC1005226150100_HDF.162560322
Acquisition Date: Aug 14, 2005

Band Number:  5

GLS date for each WRS-2 path/row used:
Path  Row   Date
014   032   09-23-1999


Point_ID         Latitude  Longitude    Height       Across    Along    Residual  Residual
                                                      Scan      Scan      In y      in x
                                                    Residual  Residual    dir       dir
                   (deg)     (deg)     (meters)     (meters)  (meters)  (meters)  (meters)

0140320001_01   39.805434  -75.427445   -32.455      -0.332    -3.831     0.391    -3.824
0140320002_01   40.844760  -73.788842   -27.396      -2.821    -0.180    -2.740    -0.703
0140320004_01   40.978516  -73.787468    47.304      -2.286     1.660    -2.556     1.204
0140320005_01   39.597576  -74.342643   -30.984      -1.148    -0.180    -1.095    -0.392
0140320007_01   40.869077  -74.151518    -4.729       3.341     1.910     2.924     2.497
0140320008_01   40.462764  -74.295361    -1.381       2.564    -2.855     3.048    -2.325
0140320009_01   40.348343  -74.123108   -16.496      -3.428     2.902    -3.909     2.209
0140320010_01   40.600232  -75.454805    41.220       3.139    -3.789     3.790    -3.136
0140320011_01   40.627047  -74.167714   -25.800       1.417    -2.998     1.947    -2.680
0140320012_01   39.992673  -75.274339    41.869       0.241     1.677    -0.075     1.691
0140320013_01   40.876867  -74.352585    25.543      -2.666     1.702    -2.935     1.175
0140320014_01   41.034599  -75.065550   265.632       0.762     3.256     0.144     3.337
0140320015_01   40.732542  -73.708102    -4.949       3.385     0.015     3.318     0.645
0140320016_01   39.989676  -74.158986   -27.474      -2.834     2.748    -3.297     2.168
0140320018_01   40.362150  -74.024706   -18.215      -2.427    -0.532    -2.286    -0.976
0140320019_01   41.002140  -74.203678   125.341      -2.761     3.955    -3.447     3.369
0140320020_01   40.098094  -74.091837   -27.866      -1.262     1.352    -1.494     1.091
0140320021_01   40.155362  -75.136205    49.267      -0.210    -0.166    -0.174    -0.202
0140320022_01   40.260332  -74.001827   -22.602      -2.776    -2.530    -2.257    -3.004
0140320023_01   40.207880  -74.441131    51.843       0.848    -3.269     1.440    -3.051
0140320024_01   40.171667  -75.246519    38.178      -3.813    -0.043    -3.735    -0.753
0140320025_01   39.957452  -75.178311   -28.973      -0.802    -0.326    -0.727    -0.469
0140320026_01   40.603280  -74.097800    16.189      -0.152     0.127    -0.175     0.096
0140320027_01   40.482680  -74.484165    -1.784       1.402    -1.113     1.582    -0.832
0140320028_01   40.569220  -74.938214   144.014      -5.714    -0.675    -5.483    -1.726
0140320030_01   39.894887  -74.752838   -18.246      -0.193     1.200    -0.414     1.142
0140320031_01   39.881033  -75.875588   125.109      -1.504     0.908    -1.643     0.611
0140320032_01   40.330097  -74.257896    13.724      -1.596     1.457    -1.841     1.132
0140320033_01   40.003845  -75.232910    52.481       1.855     3.761     1.119     4.039
0140320034_01   40.535374  -74.198250    -6.496      -2.083     0.436    -2.128     0.040
0140320035_01   39.870199  -75.139147   -27.239       3.899     2.227     3.413     2.915
0140320036_01   40.001070  -75.091614   -24.348       1.920     4.075     1.124     4.360
0140320037_01   39.575384  -74.752579    -7.417       1.247    -0.776     1.368    -0.529
0140320038_01   40.890743  -73.900892     7.681      -0.189    -3.087     0.386    -3.067
0140320039_01   40.269896  -74.815696    13.164       4.552    -1.256     4.703    -0.385
0140320040_01   40.796170  -74.619726   175.825      -1.433     4.774    -2.295     4.420
0140320041_01   40.998681  -75.557052   469.341       4.185    -0.596     4.220     0.191
0140320043_01   40.361513  -75.731967    69.510      -1.565     0.901    -1.702     0.593
0140320044_01   39.857539  -75.095281   -28.243       3.064     1.779     2.676     2.319
0140320045_01   40.451689  -74.342177    -5.624       0.749    -0.592     0.844    -0.442
0140320046_01   40.685601  -74.318581    -1.702       0.342     0.376     0.265     0.433
0140320047_01   39.699187  -75.558709   -18.511       3.100    -0.141     3.071     0.441
0140320048_01   40.336427  -75.155640    96.453      -2.012     0.322    -2.035    -0.058
0140320049_01   40.788161  -74.002499    -1.738      -0.301    -1.041    -0.104    -1.078
0140320050_01   40.675469  -75.347048    64.468       4.284    -1.661     4.517    -0.834
0140320051_01   40.597285  -74.376918    -7.258      -1.507     1.447    -1.751     1.140
0140320052_01   40.369305  -74.586092     0.020       1.186    -1.486     1.440    -1.238
0140320053_01   40.856112  -75.180698   173.073       2.489     4.419     1.623     4.801
0140320055_01   40.510479  -75.296268   109.912      -1.272    -0.081    -1.232    -0.316
0140320056_01   40.300870  -74.252215    29.689      -4.643    -0.663    -4.437    -1.518
0140320057_01   40.030276  -75.260073    68.982      -1.144    -0.756    -0.982    -0.956
0140320058_01   40.484142  -74.509639     4.000       1.515    -0.375     1.556    -0.086
0140320059_01   40.902666  -75.128109   122.481      -1.260     0.543    -1.337     0.299
0140320061_01   40.520817  -74.633328    -8.987      -2.366     4.497    -3.161     3.975
0140320062_01   40.610151  -74.463327    -6.471      -3.014    -3.852    -2.244    -4.344
0140320063_01   40.947799  -74.549354   220.724       3.197     0.335     3.075     0.923
0140320064_01   40.056895  -74.111730   -31.615      -1.368     2.289    -1.773     1.991
0140320065_01   40.950594  -73.704930   -13.516      -2.927    -0.455    -2.793    -0.993
0140320066_01   40.403094  -75.212714   103.118      -2.049     0.376    -2.081    -0.012
0140320067_01   40.389696  -75.284427   135.939       0.690     0.915     0.508     1.026
0140320068_01   40.547533  -74.424500    -1.385       2.542    -1.780     2.826    -1.274
0140320070_01   39.663913  -75.771067    -4.805       4.946    -0.478     4.948     0.455
0140320071_01   39.781890  -75.708972    46.435       2.287    -2.161     2.651    -1.694
0140320073_01   40.653594  -75.423230    85.425       5.371     1.564     4.984     2.535
0140320074_01   40.253826  -75.004116    25.831       0.406     2.907    -0.143     2.930
0140320076_01   39.749436  -76.094175    63.500      -1.762     0.338    -1.790     0.003
0140320077_01   40.042458  -75.355071    79.994      -1.222    -0.620    -1.083    -0.837
0140320078_01   40.647365  -74.003179    17.815       2.830    -6.726     4.027    -6.077
0140320079_01   39.841734  -76.051108   105.121       1.478     3.188     0.858     3.406
0140320080_01   39.698992  -75.856837    71.774      -3.660     0.359    -3.658    -0.331
0140320081_01   40.156785  -76.001704   144.577      -3.252     0.976    -3.372     0.353
0140320082_01   39.981445  -74.784500   -17.666       1.483    -0.320     1.515    -0.037
0140320083_01   40.135578  -74.189587   -12.000      -1.517     0.563    -1.597     0.269
0140320084_01   39.960343  -75.699571   106.569      -3.230    -0.257    -3.121    -0.854
0140320085_01   40.578708  -74.252320   -21.684       4.232    -3.621     4.827    -2.767
0140320086_01   40.312531  -75.487469    80.078      -3.921     3.204    -4.446     2.415
0140320087_01   40.004607  -75.503549   109.849      -1.653    -0.354    -1.555    -0.655
0140320089_01   40.670550  -75.265739    79.887       2.530    -0.764     2.628    -0.279
0140320090_01   40.639498  -73.881963   -30.612       2.458    -3.674     3.095    -3.150
0140320091_01   40.381208  -75.480896    71.216       0.733     1.307     0.478     1.420
0140320092_01   41.113810  -75.555881   487.482      -1.339     0.917    -1.482     0.651
0140320093_01   40.322671  -75.132656    75.205      -0.426    -2.023    -0.040    -2.065
0140320094_01   40.832035  -73.866282   -22.096      -0.433    -1.038    -0.235    -1.100
0140320095_01   40.717101  -73.805011     1.958       0.939     3.632     0.243     3.741
0140320096_01   40.254028  -75.279625    70.075       2.781     0.650     2.610     1.157
0140320097_01   40.773997  -74.158062   -24.319       2.962    -2.050     3.288    -1.462
0140320098_01   40.309000  -75.232542    74.660      -5.229    -2.915    -4.589    -3.836
0140320099_01   40.474566  -74.717103   133.476      -6.659     1.501    -6.817     0.233
0140320100_01   40.063315  -74.345224    -3.424       3.301    -4.906     4.154    -4.201
0140320101_01   40.212760  -74.758033   -21.440       2.210    -1.477     2.444    -1.038
0140320102_01   40.428235  -74.518888     1.000       2.920    -2.367     3.306    -1.780
0140320104_01   40.791652  -74.952587   127.661      -4.177    -2.563    -3.623    -3.293
0140320105_01   40.254409  -74.299644    18.888       0.450    -1.114     0.647    -1.010
0140320106_01   40.704794  -74.193381   -29.595       4.164     2.471     3.627     3.202
0140320107_01   40.479406  -74.321379   -24.555      -0.025    -1.272     0.211    -1.254
0140320108_01   40.735811  -75.691287   173.733      -5.144     3.192    -5.642     2.178
0140320109_01   40.817986  -73.839486   -29.568      -2.820     0.747    -2.911     0.208
0140320110_01   40.900594  -74.572825   165.435       1.246    -1.212     1.448    -0.958
0140320111_01   39.952023  -75.592018    88.933       3.099     0.073     3.030     0.650
0140320112_01   40.528496  -75.214881   150.581      -2.294    -3.204    -1.655    -3.572
0140320113_01   40.725801  -73.733809    -6.983       0.040     3.010    -0.524     2.962
0140320114_01   40.280053  -74.032592   -16.000      -3.788    -0.391    -3.649    -1.091
0140320115_01   40.269180  -74.890854    37.984      -2.096    -1.620    -1.756    -1.981
0140320116_01   39.760487  -75.110907   -16.325       2.027     5.122     1.033     5.408
0140320117_01   40.327078  -74.134683    -9.000      -3.548     0.566    -3.592    -0.107
0140320118_01   40.347979  -74.799234    29.081       1.402    -0.693     1.505    -0.419
0140320119_01   40.286497  -75.264935    68.530      -1.337    -1.423    -1.046    -1.646
0140320120_01   40.412426  -75.110909   123.086      -0.804    -1.201    -0.565    -1.329
0140320121_01   40.057739  -75.809959   162.289      -1.868     3.582    -2.500     3.168
0140320122_01   39.775908  -75.568087    48.602       1.911     0.119     1.855     0.474
0140320124_01   40.260965  -74.044859   -15.000      -3.159    -0.299    -3.049    -0.884
0140320125_01   40.090599  -74.761985   -19.718       0.304     1.604    -0.002     1.632
0140320126_01   40.782797  -74.039200   -29.000       4.842     0.616     4.638     1.506
0140320127_01   40.842410  -73.934073    29.268       4.402    -5.915     5.419    -4.989
0140320129_01   39.928058  -74.123579   -31.000       2.020    -0.090     1.998     0.289
0140320130_01   39.872511  -75.217380   -31.000       4.671     3.730     3.890     4.534
0140320131_01   40.207776  -74.019167   -27.000      -1.020    -0.814    -0.852    -0.991
0140320132_01   39.577394  -74.225817   -31.025      -1.762    -2.003    -1.358    -2.297
0140320133_01   40.139070  -74.810416   -32.000       5.148     2.270     4.631     3.189
0140320134_01   40.384341  -75.082235   121.076      -0.356     1.971    -0.716     1.869
0140320135_01   40.858007  -74.604423   243.915       1.084     1.040     0.870     1.223
0140320136_01   41.142711  -75.030982   319.000      -0.695    -0.693    -0.553    -0.809
0140320137_01   40.194471  -76.049486   119.148      -2.529     0.786    -2.626     0.301
0140320138_01   40.676477  -74.284596    -0.594      -1.189    -0.831    -1.014    -1.037
0140320139_01   40.089761  -74.988621    -2.654       2.776    -0.256     2.773     0.267
0140320140_01   40.218996  -74.102918    -5.409      -3.131    -1.894    -2.724    -2.445
0140320141_01   39.930005  -75.056409   -28.000       1.598     0.423     1.490     0.714
0140320142_01   40.223492  -74.722734   -19.000       1.220    -0.095     1.215     0.134
0140320143_01   40.328658  -75.939968    33.652       0.932     0.106     0.898     0.279
0140320144_01   40.224945  -74.138805     3.529      -2.298    -0.536    -2.159    -0.956
0140320145_01   40.639411  -74.236033   -26.267       3.638     0.897     3.404     1.558
0140320146_01   40.353276  -75.937130    61.609       5.786     1.595     5.386     2.643
0140320147_01   39.849263  -75.697741    77.010       1.866    -0.483     1.924    -0.126
0140320149_01   40.035091  -75.801955   141.802      -2.931    -1.101    -2.669    -1.627
0140320150_01   40.151009  -74.155238   -19.789      -1.465     1.098    -1.646     0.804
0140320151_01   40.694316  -73.905547   -11.117       0.299     2.108    -0.101     2.125
0140320152_01   39.752212  -75.225056    -5.000       2.268    -0.152     2.256     0.275
0140320153_01   39.946933  -75.983185   107.179      -0.193     0.940    -0.362     0.887
0140320154_01   40.061203  -74.145443   -28.296      -2.188     1.996    -2.523     1.550
0140320155_01   40.679373  -74.016902   -31.000       3.522     1.277     3.218     1.910
0140320156_01   40.545954  -74.556664   -14.713      -1.043    -4.071    -0.267    -4.192
0140320158_01   40.054038  -74.897177   -24.000      -0.260     2.222    -0.671     2.133
0140320159_01   40.130289  -74.562193     8.223      -2.931     1.785    -3.212     1.205
0140320160_01   40.863265  -73.999593   -30.000      -0.682    -0.090    -0.655    -0.216
0140320161_01   40.751314  -74.373350    23.838      -2.118     6.162    -3.227     5.656
0140320162_01   40.038203  -75.217202    58.313       0.388     0.956     0.203     1.011
0140320163_01   40.245369  -75.378350    34.762      -4.402    -1.808    -3.983    -2.596
0140320164_01   40.756094  -73.687744     6.704       2.575     4.784     1.636     5.178
0140320165_01   39.752684  -76.149555    83.637      -1.132    -6.423     0.094    -6.517
0140320166_01   40.180768  -75.454458    11.792       0.155    -0.705     0.285    -0.664
0140320167_01   40.047982  -74.685815   -13.844      -2.349     4.177    -3.087     3.663
0140320168_01   40.725186  -75.556897   100.790       5.196    -5.920     6.206    -4.846
0140320169_01   40.482150  -74.627521    -6.990       0.113    -4.566     0.960    -4.463
0140320170_01   40.510584  -74.969075   128.033       0.415     0.226     0.366     0.299
0140320171_01   40.738841  -73.956691   -29.439      -0.538     0.801    -0.680     0.686
0140320173_01   40.275648  -75.127271    32.041      -0.793    -3.346    -0.154    -3.433
0140320174_01   40.536326  -74.667604    -2.483      -0.181    -4.109     0.587    -4.068
0140320175_01   40.136247  -74.966428    18.302      -1.090     0.847    -1.228     0.628
0140320176_01   39.781216  -75.811963    87.145       0.598    -1.180     0.810    -1.046
0140320178_01   40.324814  -76.011246    78.057      -1.612    -3.560    -0.915    -3.795
0140320179_01   40.809197  -75.617710   157.267      -0.392    -0.167    -0.351    -0.236
0140320180_01   39.911319  -76.037781   182.398      -5.276    -1.104    -4.970    -2.068
0140320181_01   40.684581  -75.447922    84.718       1.899     0.385     1.795     0.731
0140320182_01   40.615281  -73.760014   -30.019      -0.954    -1.661    -0.631    -1.809
0140320183_01   39.935350  -75.131554   -31.000       0.819    -5.029     1.743    -4.785
0140320184_01   40.303536  -74.639447    -4.498      -3.276     0.943    -3.393     0.315
0140320185_01   40.051410  -74.655903     3.968       0.005     3.911    -0.726     3.840
0140320186_01   40.409024  -74.513721    -3.080       0.342    -0.616     0.450    -0.542
0140320187_01   40.780757  -74.370584    21.494       4.258     3.170     3.590     3.905
0140320188_01   40.470472  -75.389520   144.556      -2.517     2.487    -2.933     1.973
0140320189_01   39.950619  -74.778275   -19.052       1.737     1.824     1.365     2.115
0140320190_01   41.070605  -75.782626   392.013      -1.196     4.180    -1.947     3.881
0140320191_01   40.620949  -75.478000    48.317       3.101    -4.632     3.909    -3.971
0140320192_01   40.289450  -74.126693   -15.000      -4.262    -2.532    -3.716    -3.282
0140320193_01   40.086216  -74.913316   -28.990       6.533    -2.329     6.849    -1.068
0140320194_01   40.077526  -75.130068    25.598      -1.574     0.791    -1.693     0.483
0140320195_01   40.067056  -74.978071   -21.573       1.817     1.863     1.436     2.168
0140320196_01   40.804703  -75.648610   192.210      -3.809    -3.570    -3.072    -4.212
0140320197_01   39.942830  -74.184843   -32.886      -3.909    -0.966    -3.660    -1.680
0140320198_01   40.472393  -74.857966    14.866      -2.050    -0.707    -1.881    -1.076
0140320200_01   40.637419  -74.074636   -28.778      -0.688    -0.807    -0.528    -0.921
0140320201_01   40.297003  -74.374743    -3.412      -0.399     0.873    -0.556     0.782
0140320202_01   39.968397  -75.560543    98.338      -0.407    -1.350    -0.146    -1.401
0140320203_01   40.148954  -75.013971    35.787       1.726    -2.562     2.172    -2.194
0140320204_01   40.572870  -75.588949   106.261       6.196    -0.096     6.103     1.058
0140320205_01   40.149740  -74.333476     0.859       0.254     1.007     0.060     1.035
0140320206_01   39.565970  -74.775314   -17.062       3.164    -2.768     3.622    -2.126
0140320207_01   40.200172  -75.468687    49.100       1.210    -2.572     1.670    -2.299
0140320208_01   40.909406  -74.123574   -10.782      -1.746    -0.737    -1.580    -1.049
0140320209_01   40.522565  -74.520339    -8.094      -1.478    -0.801    -1.303    -1.062
0140320210_01   40.209449  -75.569575     8.166       2.368    -0.974     2.509    -0.515
0140320211_01   39.936623  -74.811678   -24.896      -0.960     3.085    -1.519     2.850
0140320212_01   39.798738  -74.181290   -31.000      -2.444     1.813    -2.741     1.322
0140320213_01   40.594835  -74.280858   -25.276       2.220     1.057     1.982     1.452
0140320214_01   39.538679  -74.258016   -31.000       0.691    -2.797     1.199    -2.617
0140320215_01   40.043780  -75.086747    -2.464       4.340    -0.247     4.307     0.568
0140320216_01   40.217498  -75.296750    75.995      -0.178    -2.734     0.336    -2.717
0140320217_01   40.197160  -75.202200    54.415      -1.028     1.449    -1.279     1.232
0140320218_01   40.093001  -75.033668    13.399       2.794     0.969     2.562     1.473
0140320219_01   39.796021  -75.740303    91.852       1.195    -0.933     1.350    -0.693
0140320220_01   39.770279  -75.499035    28.196      -2.021     1.115    -2.191     0.718
0140320221_01   39.679485  -75.932856    70.882      -2.981    -2.026    -2.545    -2.546
0140320223_01   40.286308  -75.488693    60.200       2.335     1.831     1.952     2.233
0140320224_01   40.350552  -75.265186   100.892      -4.476    -0.438    -4.311    -1.264
0140320225_01   39.975758  -74.582504    -7.995       1.282     0.999     1.071     1.220
0140320226_01   40.196717  -74.864888    24.075       1.697    -1.071     1.866    -0.735
0140320227_01   39.831415  -75.548209    80.896       2.359    -2.506     2.785    -2.020
0140320228_01   40.094673  -74.661316    -8.178      -2.946     4.267    -3.689     3.640
0140320229_01   40.738885  -74.160992   -25.810       2.067     1.649     1.721     2.004
0140320231_01   39.746889  -74.531364   -16.000       0.605     1.206     0.367     1.297
0140320232_01   40.782947  -74.125950    -4.197       2.177    -0.245     2.182     0.164
0140320233_01   40.714229  -74.229495    16.515       2.557     2.150     2.109     2.587
0140320234_01   39.645427  -74.507924   -28.248       0.492    -0.010     0.483     0.082
0140320235_01   40.406302  -75.700632   117.102      -4.926     1.111    -5.041     0.175
0140320236_01   39.670713  -74.157270   -31.040      -1.330    -1.949    -0.945    -2.163
0140320237_01   40.336631  -74.594416    -9.970      -0.657    -1.456    -0.375    -1.552
0140320238_01   39.605302  -74.863598   -10.390       1.469     0.388     1.368     0.655
0140320239_01   39.997234  -75.947357   189.926      -0.436     3.439    -1.068     3.295
0140320240_01   40.338783  -74.183275    -7.460      -2.903     2.786    -3.372     2.193
0140320241_01   39.790937  -75.921746   117.178      -2.664     2.502    -3.080     1.960
0140320242_01   40.088858  -75.764932   125.467      -2.194     2.997    -2.711     2.534
0140320243_01   39.730341  -74.260167   -16.282       1.016    -1.276     1.233    -1.063
0140320244_01   40.357070  -74.976918     8.311      -1.379    -0.344    -1.290    -0.595
0140320245_01   40.306679  -75.391401    69.328       1.464     2.230     1.023     2.462
0140320246_01   39.646675  -75.375066   -19.949       5.419     1.442     5.052     2.429
0140320247_01   40.664464  -73.950398    -8.931       1.132    -1.946     1.471    -1.701
0140320248_01   40.649103  -75.769519   147.981      -4.340    -4.247    -3.467    -4.976
0140320249_01   40.139349  -75.986305    96.092      -0.825    -0.161    -0.777    -0.312
