==============================================================================
==============================================================================
Mon. Sep. 19 2016                  LANDSAT 5                       Time: 06:07
                            Image Assessment System
                            GEOMETRIC VERIFY Report
==============================================================================
Order ID: 0501609181821_03841                          Path / Row - 13 / 32
Reference Image: L51AAA1099235151400_HDF.L1G

Color mapping per rank
----------------------
Rank  1 is Green: total residual <= 0.5
Rank  2 is Cyan: 0.5 < total residual <=  1
Rank  3 is Blue:  1 < total residual <=  2
Rank  4 is Yellow:  2 < total residual <=  3
Rank  5 is Red:  3 < total residual

Percentage of residuals by rank
-------------------------------
Rank   1 -- 100.0%
Rank   2 --  0.0%
Rank   3 --  0.0%
Rank   4 --  0.0%
Rank   5 --  0.0%

       GCP    Latitude    Longitude  Sample   Line     Total    Rank
        ID                           Residual Residual Residual
              (Degree)    (Degree)   (Pixel)  (Pixel)  (Pixel)
----------------------------------------------------------------------
0130320094   41.26706    -74.10520     0.06      0.09     0.10     1 
0130320095   41.26676    -74.06795     0.24     -0.16     0.29     1 
0130320168   41.24194    -74.14278     0.07      0.14     0.16     1 
0130320169   41.24166    -74.10555    -0.05      0.15     0.16     1 
0130320172   41.24074    -73.99386     0.25      0.10     0.26     1 
0130320175   41.23971    -73.88218     0.11      0.00     0.11     1 
0130320176   41.23934    -73.84495    -0.07      0.00     0.07     1 
0130320243   41.21654    -74.14311     0.32     -0.07     0.33     1 
0130320244   41.21626    -74.10589     0.34     -0.01     0.34     1 
0130320245   41.21597    -74.06868     0.11      0.07     0.13     1 
0130320246   41.21566    -74.03146     0.34      0.10     0.35     1 
0130320247   41.21534    -73.99425     0.24      0.13     0.27     1 
0130320248   41.21501    -73.95703     0.13      0.02     0.13     1 
0130320250   41.21431    -73.88261     0.31      0.08     0.32     1 
0130320251   41.21395    -73.84540     0.25     -0.05     0.26     1 
0130320252   41.21357    -73.80819     0.27     -0.05     0.27     1 
0130320253   41.21317    -73.77098     0.15      0.01     0.15     1 
0130320254   41.21277    -73.73377     0.20     -0.05     0.21     1 
0130320255   41.21236    -73.69656     0.31     -0.05     0.32     1 
0130320317   41.19142    -74.18064     0.04      0.12     0.13     1 
0130320318   41.19114    -74.14344     0.09      0.00     0.09     1 
0130320320   41.19057    -74.06904     0.23      0.20     0.30     1 
0130320321   41.19026    -74.03184     0.24      0.10     0.26     1 
0130320322   41.18994    -73.99464     0.20      0.02     0.21     1 
0130320323   41.18961    -73.95744    -0.01      0.01     0.01     1 
0130320325   41.18891    -73.88304    -0.06      0.01     0.06     1 
0130320326   41.18855    -73.84584     0.23      0.06     0.24     1 
0130320328   41.18778    -73.77145     0.18      0.00     0.18     1 
0130320329   41.18738    -73.73426     0.22      0.07     0.23     1 
0130320330   41.18696    -73.69706     0.27      0.10     0.29     1 
0130320331   41.18653    -73.65987     0.08     -0.03     0.09     1 
0130320332   41.18610    -73.62268     0.16     -0.03     0.16     1 
0130320333   41.18564    -73.58549    -0.01      0.03     0.03     1 
0130320334   41.18518    -73.54829     0.10     -0.09     0.13     1 
0130320335   41.18471    -73.51111     0.19      0.05     0.19     1 
0130320336   41.18422    -73.47392     0.09     -0.02     0.09     1 
0130320392   41.16602    -74.18096     0.19      0.12     0.22     1 
0130320393   41.16575    -74.14377    -0.03      0.04     0.05     1 
0130320394   41.16546    -74.10658     0.15      0.14     0.20     1 
0130320397   41.16454    -73.99502     0.28      0.02     0.28     1 
0130320400   41.16352    -73.88347    -0.22      0.12     0.24     1 
0130320401   41.16315    -73.84629     0.19     -0.00     0.19     1 
0130320402   41.16277    -73.80911     0.10      0.01     0.10     1 
0130320403   41.16238    -73.77193     0.15      0.09     0.18     1 
0130320404   41.16198    -73.73475     0.29      0.02     0.29     1 
0130320405   41.16156    -73.69757     0.32      0.07     0.32     1 
0130320406   41.16114    -73.66039     0.14      0.00     0.14     1 
0130320407   41.16070    -73.62321     0.16      0.19     0.25     1 
0130320408   41.16025    -73.58603     0.15      0.00     0.15     1 
0130320409   41.15979    -73.54886     0.14     -0.09     0.16     1 
0130320410   41.15931    -73.51168     0.23      0.00     0.23     1 
0130320411   41.15883    -73.47451     0.27     -0.00     0.27     1 
0130320412   41.15833    -73.43733     0.23     -0.02     0.23     1 
0130320413   41.15782    -73.40016     0.27     -0.05     0.28     1 
0130320414   41.15729    -73.36299     0.20     -0.01     0.20     1 
0130320415   41.15676    -73.32582     0.31     -0.07     0.32     1 
0130320416   41.15621    -73.28865     0.27     -0.09     0.29     1 
0130320417   41.15566    -73.25148     0.15     -0.14     0.20     1 
0130320467   41.14062    -74.18127     0.24      0.13     0.28     1 
0130320468   41.14035    -74.14410     0.21      0.16     0.26     1 
0130320470   41.13977    -74.06976     0.31      0.10     0.32     1 
0130320472   41.13914    -73.99541     0.25      0.11     0.27     1 
0130320474   41.13847    -73.92107     0.04      0.03     0.05     1 
0130320476   41.13775    -73.84673     0.26     -0.00     0.26     1 
0130320477   41.13737    -73.80957     0.20     -0.02     0.20     1 
0130320478   41.13699    -73.77240     0.19      0.02     0.20     1 
0130320479   41.13658    -73.73524     0.11     -0.02     0.11     1 
0130320480   41.13617    -73.69807     0.27      0.06     0.27     1 
0130320481   41.13574    -73.66090     0.10     -0.03     0.10     1 
0130320482   41.13530    -73.62374     0.17      0.17     0.24     1 
0130320483   41.13485    -73.58658     0.05      0.02     0.06     1 
0130320484   41.13439    -73.54942     0.15      0.05     0.16     1 
0130320485   41.13392    -73.51225     0.15      0.08     0.17     1 
0130320486   41.13343    -73.47509     0.21      0.02     0.21     1 
0130320487   41.13293    -73.43793     0.08      0.08     0.11     1 
0130320488   41.13242    -73.40078     0.18      0.07     0.20     1 
0130320489   41.13190    -73.36362     0.05      0.01     0.05     1 
0130320490   41.13137    -73.32646     0.27      0.03     0.27     1 
0130320491   41.13082    -73.28931    -0.21      0.03     0.22     1 
0130320542   41.11522    -74.18159     0.12      0.08     0.15     1 
0130320543   41.11495    -74.14443     0.06      0.11     0.12     1 
0130320544   41.11466    -74.10727     0.22      0.14     0.26     1 
0130320545   41.11437    -74.07011     0.15      0.05     0.16     1 
0130320546   41.11406    -74.03296     0.15      0.02     0.15     1 
0130320548   41.11342    -73.95864     0.00      0.13     0.13     1 
0130320549   41.11308    -73.92149     0.16     -0.11     0.20     1 
0130320551   41.11236    -73.84718     0.21     -0.04     0.22     1 
0130320552   41.11198    -73.81003     0.33     -0.00     0.33     1 
0130320553   41.11159    -73.77287     0.18      0.03     0.18     1 
0130320554   41.11119    -73.73572    -0.09      0.00     0.09     1 
0130320555   41.11077    -73.69857     0.12      0.03     0.12     1 
0130320556   41.11035    -73.66142     0.15     -0.02     0.15     1 
0130320557   41.10991    -73.62427     0.31      0.02     0.31     1 
0130320558   41.10946    -73.58712     0.11     -0.06     0.13     1 
0130320559   41.10900    -73.54998     0.07     -0.02     0.07     1 
0130320560   41.10852    -73.51283     0.14     -0.00     0.14     1 
0130320561   41.10804    -73.47568     0.24     -0.03     0.24     1 
0130320562   41.10754    -73.43854     0.09     -0.01     0.09     1 
0130320563   41.10703    -73.40139     0.03     -0.04     0.05     1 
0130320564   41.10651    -73.36425    -0.15      0.00     0.15     1 
0130320616   41.09007    -74.21905     0.15      0.22     0.27     1 
0130320617   41.08982    -74.18190     0.21      0.14     0.25     1 
0130320618   41.08955    -74.14476     0.10      0.11     0.15     1 
0130320620   41.08897    -74.07047     0.36      0.06     0.36     1 
0130320621   41.08866    -74.03333     0.35      0.04     0.35     1 
0130320622   41.08835    -73.99619     0.23      0.04     0.24     1 
0130320623   41.08802    -73.95905     0.03      0.02     0.03     1 
0130320624   41.08768    -73.92190    -0.04     -0.04     0.06     1 
0130320625   41.08732    -73.88476    -0.24     -0.06     0.25     1 
0130320626   41.08696    -73.84762     0.22     -0.03     0.23     1 
0130320627   41.08658    -73.81048     0.14     -0.07     0.15     1 
0130320628   41.08619    -73.77335     0.13     -0.05     0.14     1 
0130320629   41.08579    -73.73621    -0.15     -0.05     0.16     1 
0130320630   41.08538    -73.69907     0.26      0.01     0.26     1 
0130320631   41.08495    -73.66194     0.16     -0.01     0.16     1 
0130320632   41.08451    -73.62480     0.21     -0.00     0.21     1 
0130320633   41.08406    -73.58767     0.13      0.01     0.13     1 
0130320634   41.08360    -73.55053     0.12      0.03     0.12     1 
0130320635   41.08313    -73.51340     0.08      0.05     0.10     1 
0130320636   41.08264    -73.47627     0.12      0.01     0.12     1 
0130320637   41.08215    -73.43914     0.15     -0.04     0.16     1 
0130320638   41.08164    -73.40201    -0.21     -0.23     0.31     1 
0130320639   41.08112    -73.36488    -0.12     -0.33     0.36     1 
0130320691   41.06467    -74.21935     0.17      0.10     0.20     1 
0130320692   41.06442    -74.18222     0.35      0.05     0.36     1 
0130320693   41.06415    -74.14509     0.21      0.12     0.24     1 
0130320694   41.06386    -74.10796     0.31      0.10     0.32     1 
0130320695   41.06357    -74.07083     0.23      0.08     0.24     1 
0130320696   41.06327    -74.03370     0.23      0.06     0.24     1 
0130320697   41.06295    -73.99657     0.34      0.12     0.36     1 
0130320698   41.06262    -73.95945     0.16      0.08     0.18     1 
0130320701   41.06156    -73.84807     0.09      0.04     0.10     1 
0130320702   41.06118    -73.81094     0.06      0.02     0.07     1 
0130320703   41.06079    -73.77382     0.24     -0.05     0.24     1 
0130320704   41.06039    -73.73669     0.18     -0.01     0.18     1 
0130320705   41.05998    -73.69957     0.13     -0.08     0.15     1 
0130320706   41.05956    -73.66245     0.23     -0.05     0.23     1 
0130320707   41.05912    -73.62533     0.17      0.01     0.17     1 
0130320708   41.05867    -73.58821     0.12     -0.04     0.13     1 
0130320709   41.05821    -73.55109     0.10     -0.05     0.11     1 
0130320710   41.05774    -73.51397    -0.02      0.02     0.03     1 
0130320711   41.05725    -73.47686    -0.06     -0.09     0.11     1 
0130320712   41.05675    -73.43974    -0.22     -0.05     0.23     1 
0130320766   41.03927    -74.21965     0.13      0.14     0.20     1 
0130320767   41.03901    -74.18253     0.21      0.13     0.25     1 
0130320768   41.03875    -74.14542     0.36      0.07     0.37     1 
0130320769   41.03847    -74.10830     0.21      0.08     0.22     1 
0130320770   41.03817    -74.07119     0.11      0.10     0.15     1 
0130320771   41.03787    -74.03407     0.17      0.05     0.18     1 
0130320773   41.03722    -73.95985     0.20      0.09     0.22     1 
0130320774   41.03688    -73.92273     0.17      0.01     0.17     1 
0130320776   41.03616    -73.84851     0.09     -0.03     0.09     1 
0130320777   41.03578    -73.81140     0.24     -0.07     0.25     1 
0130320778   41.03540    -73.77429     0.07      0.01     0.07     1 
0130320779   41.03500    -73.73718     0.13     -0.03     0.13     1 
0130320780   41.03458    -73.70007     0.21      0.02     0.22     1 
0130320781   41.03416    -73.66297     0.11      0.00     0.11     1 
0130320782   41.03372    -73.62586     0.10     -0.00     0.10     1 
0130320783   41.03327    -73.58875    -0.05     -0.00     0.05     1 
0130320784   41.03281    -73.55165    -0.07     -0.07     0.10     1 
0130320811   41.01587    -72.55022    -0.09      0.10     0.14     1 
0130320812   41.01508    -72.51314     0.02     -0.05     0.06     1 
0130320813   41.01427    -72.47607    -0.15      0.03     0.15     1 
0130320814   41.01345    -72.43900    -0.11     -0.07     0.13     1 
0130320816   41.01178    -72.36487    -0.00     -0.00     0.00     1 
0130320817   41.01093    -72.32780    -0.26      0.08     0.27     1 
0130320841   41.01387    -74.21995     0.23      0.11     0.25     1 
0130320842   41.01362    -74.18285     0.17      0.19     0.26     1 
0130320843   41.01335    -74.14575     0.25      0.15     0.29     1 
0130320844   41.01306    -74.10864     0.26      0.18     0.31     1 
0130320845   41.01277    -74.07154     0.28      0.10     0.30     1 
0130320846   41.01247    -74.03444     0.19      0.04     0.19     1 
0130320847   41.01215    -73.99734    -0.04     -0.01     0.04     1 
0130320848   41.01182    -73.96025     0.26      0.04     0.26     1 
0130320849   41.01148    -73.92315     0.31     -0.00     0.31     1 
0130320851   41.01076    -73.84895     0.12     -0.01     0.12     1 
0130320852   41.01039    -73.81186     0.19     -0.02     0.19     1 
0130320853   41.01000    -73.77476     0.19      0.03     0.19     1 
0130320854   41.00960    -73.73767     0.18      0.00     0.18     1 
0130320855   41.00919    -73.70057     0.10      0.01     0.11     1 
0130320856   41.00876    -73.66348     0.07     -0.03     0.07     1 
0130320857   41.00833    -73.62639    -0.17     -0.16     0.23     1 
0130320858   41.00788    -73.58930    -0.30      0.02     0.30     1 
0130320885   40.99127    -72.58822     0.08     -0.02     0.08     1 
0130320886   40.99049    -72.55116    -0.17      0.05     0.18     1 
0130320887   40.98970    -72.51410    -0.32     -0.04     0.33     1 
0130320888   40.98889    -72.47704    -0.33     -0.03     0.33     1 
0130320891   40.98640    -72.36588    -0.17      0.03     0.17     1 
0130320892   40.98555    -72.32883     0.00      0.16     0.16     1 
0130320893   40.98469    -72.29178    -0.08      0.05     0.09     1 
0130320894   40.98381    -72.25473    -0.00      0.04     0.04     1 
0130320895   40.98292    -72.21769    -0.01      0.04     0.04     1 
0130320896   40.98202    -72.18065     0.05      0.00     0.05     1 
0130320897   40.98111    -72.14360     0.01     -0.11     0.11     1 
0130320916   40.98847    -74.22025     0.09      0.15     0.17     1 
0130320917   40.98821    -74.18316     0.27      0.12     0.30     1 
0130320918   40.98795    -74.14607     0.15      0.12     0.19     1 
0130320919   40.98766    -74.10899     0.15      0.06     0.16     1 
0130320920   40.98737    -74.07190     0.27      0.06     0.27     1 
0130320921   40.98707    -74.03481     0.16      0.03     0.16     1 
0130320922   40.98675    -73.99773     0.15      0.12     0.19     1 
0130320923   40.98642    -73.96064     0.16      0.01     0.16     1 
0130320924   40.98608    -73.92356     0.30      0.08     0.31     1 
0130320926   40.98537    -73.84940     0.18     -0.05     0.18     1 
0130320927   40.98499    -73.81231     0.19     -0.01     0.19     1 
0130320928   40.98460    -73.77523     0.17     -0.00     0.17     1 
0130320929   40.98420    -73.73815     0.12      0.04     0.12     1 
0130320930   40.98379    -73.70107     0.21      0.00     0.21     1 
0130320931   40.98337    -73.66399    -0.18     -0.19     0.26     1 
0130320932   40.98293    -73.62691    -0.00     -0.06     0.06     1 
0130320946   40.97558    -73.10792    -0.08     -0.19     0.20     1 
0130320947   40.97496    -73.07085     0.13     -0.08     0.15     1 
0130320955   40.96962    -72.77439     0.15     -0.02     0.16     1 
0130320956   40.96890    -72.73734     0.23     -0.16     0.29     1 
0130320957   40.96816    -72.70028     0.14     -0.03     0.14     1 
0130320958   40.96742    -72.66324     0.00     -0.08     0.08     1 
0130320959   40.96666    -72.62619    -0.02      0.02     0.02     1 
0130320961   40.96511    -72.55209    -0.11     -0.08     0.14     1 
0130320965   40.96187    -72.40393    -0.20      0.22     0.30     1 
0130320966   40.96103    -72.36689    -0.06      0.12     0.13     1 
0130320967   40.96018    -72.32985    -0.00      0.13     0.13     1 
0130320968   40.95931    -72.29282    -0.06      0.09     0.11     1 
0130320969   40.95844    -72.25579     0.03      0.13     0.13     1 
0130320970   40.95755    -72.21876     0.05      0.07     0.09     1 
0130320971   40.95665    -72.18173    -0.14      0.08     0.16     1 
0130320991   40.96307    -74.22055     0.17      0.15     0.23     1 
0130320992   40.96281    -74.18347     0.24      0.10     0.26     1 
0130320993   40.96254    -74.14640     0.15      0.05     0.16     1 
0130320994   40.96227    -74.10933     0.24      0.04     0.25     1 
0130320995   40.96197    -74.07226     0.03      0.03     0.04     1 
0130320996   40.96167    -74.03518     0.21      0.05     0.21     1 
0130320997   40.96135    -73.99811     0.17     -0.00     0.17     1 
0130320998   40.96102    -73.96104     0.31      0.03     0.31     1 
0130320999   40.96068    -73.92397     0.19     -0.07     0.21     1 
0130321001   40.95997    -73.84984    -0.04     -0.03     0.05     1 
0130321002   40.95959    -73.81277     0.13      0.01     0.13     1 
0130321003   40.95920    -73.77570     0.16     -0.03     0.16     1 
0130321005   40.95839    -73.70157     0.05     -0.08     0.09     1 
0130321013   40.95467    -73.40507     0.20      0.14     0.25     1 
0130321021   40.95019    -73.10864    -0.10     -0.04     0.11     1 
0130321022   40.94958    -73.07159     0.01      0.14     0.14     1 
0130321023   40.94895    -73.03454    -0.01     -0.04     0.04     1 
0130321024   40.94831    -72.99750     0.10     -0.02     0.10     1 
0130321025   40.94766    -72.96045     0.11     -0.04     0.12     1 
0130321026   40.94700    -72.92341     0.16     -0.06     0.17     1 
0130321027   40.94633    -72.88636     0.13     -0.05     0.14     1 
0130321028   40.94564    -72.84932     0.03      0.07     0.08     1 
0130321029   40.94494    -72.81228     0.14     -0.00     0.14     1 
0130321030   40.94424    -72.77524     0.09     -0.06     0.11     1 
0130321032   40.94278    -72.70117     0.09     -0.12     0.15     1 
0130321033   40.94204    -72.66413     0.10      0.09     0.13     1 
0130321034   40.94128    -72.62710     0.01      0.00     0.01     1 
0130321035   40.94051    -72.59006    -0.22      0.08     0.23     1 
0130321039   40.93732    -72.44195    -0.11     -0.01     0.11     1 
0130321040   40.93649    -72.40492    -0.13      0.04     0.13     1 
0130321041   40.93565    -72.36790    -0.17      0.05     0.17     1 
0130321042   40.93480    -72.33088    -0.15     -0.04     0.16     1 
0130321043   40.93394    -72.29386    -0.04      0.03     0.06     1 
0130321044   40.93306    -72.25684    -0.15      0.09     0.18     1 
0130321045   40.93217    -72.21982    -0.09     -0.02     0.09     1 
0130321065   40.93791    -74.25791     0.17      0.08     0.18     1 
0130321066   40.93767    -74.22085     0.17      0.09     0.19     1 
0130321067   40.93741    -74.18379     0.09      0.04     0.09     1 
0130321068   40.93714    -74.14673    -0.09      0.07     0.11     1 
0130321069   40.93686    -74.10967     0.17      0.03     0.18     1 
0130321070   40.93657    -74.07261     0.13      0.05     0.14     1 
0130321071   40.93627    -74.03555     0.17      0.06     0.18     1 
0130321072   40.93595    -73.99850     0.14      0.06     0.15     1 
0130321073   40.93562    -73.96144     0.14      0.03     0.14     1 
0130321075   40.93493    -73.88733     0.01      0.03     0.03     1 
0130321076   40.93457    -73.85028    -0.01      0.02     0.02     1 
0130321077   40.93419    -73.81322     0.11     -0.06     0.13     1 
0130321078   40.93381    -73.77617     0.15      0.00     0.15     1 
0130321079   40.93341    -73.73912     0.02     -0.10     0.10     1 
0130321080   40.93300    -73.70207    -0.27     -0.04     0.28     1 
0130321086   40.93028    -73.47978     0.20     -0.07     0.22     1 
0130321090   40.92823    -73.33160     0.20     -0.07     0.21     1 
0130321091   40.92769    -73.29456     0.34     -0.08     0.34     1 
0130321094   40.92599    -73.18344     0.17     -0.17     0.25     1 
0130321095   40.92540    -73.14640     0.06     -0.04     0.07     1 
0130321096   40.92480    -73.10936     0.16      0.03     0.17     1 
0130321097   40.92419    -73.07233     0.15     -0.04     0.15     1 
0130321098   40.92356    -73.03530     0.15     -0.01     0.15     1 
0130321099   40.92292    -72.99826     0.24      0.11     0.26     1 
0130321100   40.92227    -72.96123     0.26     -0.03     0.27     1 
0130321101   40.92161    -72.92420     0.13      0.05     0.14     1 
0130321102   40.92094    -72.88717     0.18     -0.02     0.18     1 
0130321103   40.92026    -72.85014    -0.05      0.03     0.06     1 
0130321104   40.91956    -72.81312     0.14     -0.03     0.15     1 
0130321105   40.91885    -72.77609     0.08      0.07     0.11     1 
0130321106   40.91813    -72.73907    -0.03     -0.06     0.06     1 
0130321107   40.91740    -72.70205    -0.03     -0.02     0.03     1 
0130321108   40.91665    -72.66502    -0.01     -0.03     0.03     1 
0130321109   40.91590    -72.62801    -0.13     -0.03     0.13     1 
0130321110   40.91513    -72.59099    -0.09     -0.08     0.12     1 
0130321111   40.91435    -72.55397    -0.09      0.08     0.11     1 
0130321114   40.91194    -72.44293    -0.17      0.09     0.19     1 
0130321115   40.91111    -72.40592     0.04      0.08     0.09     1 
0130321116   40.91027    -72.36891    -0.06      0.09     0.11     1 
0130321117   40.90942    -72.33190    -0.24      0.03     0.24     1 
0130321118   40.90856    -72.29489    -0.05     -0.04     0.07     1 
0130321140   40.91251    -74.25819     0.10      0.08     0.13     1 
0130321141   40.91227    -74.22115     0.23      0.05     0.23     1 
0130321142   40.91201    -74.18410     0.03      0.07     0.07     1 
0130321143   40.91174    -74.14705     0.07      0.07     0.10     1 
0130321144   40.91146    -74.11001     0.10      0.04     0.10     1 
0130321145   40.91117    -74.07297     0.08      0.05     0.10     1 
0130321146   40.91087    -74.03592    -0.01     -0.01     0.01     1 
0130321147   40.91055    -73.99888     0.15      0.04     0.15     1 
0130321148   40.91022    -73.96184     0.21      0.05     0.21     1 
0130321150   40.90953    -73.88776     0.16      0.00     0.16     1 
0130321151   40.90917    -73.85072    -0.01     -0.05     0.05     1 
0130321152   40.90880    -73.81368     0.07     -0.02     0.07     1 
0130321153   40.90841    -73.77664    -0.01     -0.06     0.06     1 
0130321157   40.90674    -73.62849     0.30     -0.11     0.32     1 
0130321158   40.90630    -73.59146     0.12      0.13     0.18     1 
0130321159   40.90584    -73.55442     0.15     -0.26     0.30     1 
0130321160   40.90537    -73.51739    -0.06     -0.19     0.20     1 
0130321161   40.90489    -73.48036    -0.14      0.28     0.31     1 
0130321162   40.90439    -73.44333     0.17     -0.15     0.23     1 
0130321163   40.90389    -73.40630     0.33      0.05     0.33     1 
0130321164   40.90337    -73.36927     0.14     -0.02     0.14     1 
0130321165   40.90284    -73.33224     0.09      0.04     0.10     1 
0130321166   40.90230    -73.29521     0.19      0.00     0.19     1 
0130321167   40.90174    -73.25818     0.06      0.04     0.07     1 
0130321168   40.90118    -73.22116     0.10      0.07     0.12     1 
0130321169   40.90060    -73.18413     0.21     -0.02     0.21     1 
0130321170   40.90001    -73.14711     0.18     -0.05     0.19     1 
0130321171   40.89941    -73.11009     0.08     -0.03     0.09     1 
0130321172   40.89880    -73.07307     0.07      0.00     0.07     1 
0130321173   40.89817    -73.03605     0.13     -0.01     0.13     1 
0130321174   40.89754    -72.99903     0.11      0.00     0.11     1 
0130321175   40.89689    -72.96201     0.24      0.06     0.25     1 
0130321176   40.89623    -72.92500     0.09      0.05     0.10     1 
0130321177   40.89556    -72.88798     0.09     -0.02     0.09     1 
0130321178   40.89487    -72.85097     0.13      0.06     0.14     1 
0130321179   40.89417    -72.81395     0.19      0.06     0.20     1 
0130321180   40.89347    -72.77694     0.07      0.08     0.11     1 
0130321181   40.89275    -72.73993     0.09      0.01     0.09     1 
0130321182   40.89202    -72.70292    -0.04      0.07     0.08     1 
0130321183   40.89127    -72.66592    -0.05      0.03     0.06     1 
0130321184   40.89052    -72.62891     0.05      0.05     0.07     1 
0130321185   40.88975    -72.59191    -0.07      0.01     0.07     1 
0130321186   40.88897    -72.55491    -0.19      0.00     0.19     1 
0130321187   40.88818    -72.51790     0.16     -0.13     0.20     1 
0130321189   40.88656    -72.44391    -0.17     -0.02     0.17     1 
0130321190   40.88574    -72.40691    -0.02      0.04     0.05     1 
0130321191   40.88490    -72.36991     0.11      0.08     0.14     1 
0130321192   40.88405    -72.33292    -0.11      0.14     0.18     1 
0130321215   40.88711    -74.25847     0.00      0.09     0.09     1 
0130321216   40.88687    -74.22144    -0.05      0.13     0.14     1 
0130321217   40.88661    -74.18441     0.05      0.07     0.09     1 
0130321218   40.88634    -74.14738    -0.02      0.10     0.10     1 
0130321219   40.88606    -74.11035     0.01     -0.07     0.07     1 
0130321220   40.88577    -74.07332     0.02      0.02     0.03     1 
0130321221   40.88547    -74.03629    -0.02      0.00     0.02     1 
0130321222   40.88515    -73.99926     0.07     -0.02     0.07     1 
0130321223   40.88482    -73.96224     0.21      0.04     0.21     1 
0130321226   40.88377    -73.85116    -0.01     -0.07     0.07     1 
0130321227   40.88340    -73.81413     0.09     -0.03     0.09     1 
0130321228   40.88301    -73.77711    -0.31     -0.20     0.37     1 
0130321232   40.88135    -73.62902     0.13      0.03     0.13     1 
0130321233   40.88090    -73.59199     0.19     -0.00     0.19     1 
0130321234   40.88044    -73.55497     0.19     -0.09     0.21     1 
0130321235   40.87997    -73.51796    -0.07      0.02     0.08     1 
0130321236   40.87949    -73.48094     0.09     -0.09     0.13     1 
0130321237   40.87900    -73.44392     0.19      0.08     0.21     1 
0130321238   40.87849    -73.40690     0.11      0.06     0.13     1 
0130321239   40.87797    -73.36989     0.10      0.05     0.11     1 
0130321240   40.87744    -73.33288     0.06      0.06     0.08     1 
0130321241   40.87690    -73.29586     0.08      0.02     0.09     1 
0130321242   40.87635    -73.25885     0.13      0.07     0.15     1 
0130321243   40.87579    -73.22184     0.20     -0.00     0.20     1 
0130321244   40.87521    -73.18483     0.06     -0.06     0.08     1 
0130321245   40.87462    -73.14782     0.05      0.05     0.07     1 
0130321246   40.87402    -73.11081     0.11      0.01     0.11     1 
0130321247   40.87341    -73.07380     0.14      0.03     0.14     1 
0130321248   40.87278    -73.03680     0.08      0.06     0.10     1 
0130321249   40.87215    -72.99979     0.07     -0.00     0.07     1 
0130321250   40.87150    -72.96279     0.18      0.00     0.18     1 
0130321251   40.87084    -72.92579     0.13     -0.05     0.14     1 
0130321252   40.87017    -72.88879     0.07     -0.02     0.07     1 
0130321253   40.86948    -72.85179     0.17      0.03     0.18     1 
0130321254   40.86879    -72.81479     0.11      0.03     0.11     1 
0130321255   40.86808    -72.77779     0.04     -0.02     0.05     1 
0130321256   40.86736    -72.74080    -0.07      0.12     0.14     1 
0130321257   40.86663    -72.70380     0.05      0.06     0.08     1 
0130321258   40.86589    -72.66681    -0.12     -0.06     0.13     1 
0130321259   40.86514    -72.62982    -0.06      0.07     0.09     1 
0130321260   40.86437    -72.59283    -0.03      0.06     0.06     1 
0130321261   40.86359    -72.55584    -0.01      0.04     0.04     1 
0130321262   40.86280    -72.51885    -0.00      0.10     0.10     1 
0130321264   40.86118    -72.44488    -0.17     -0.03     0.17     1 
0130321265   40.86036    -72.40790    -0.12     -0.10     0.15     1 
0130321290   40.86171    -74.25876     0.18      0.13     0.22     1 
0130321291   40.86147    -74.22174     0.07      0.01     0.07     1 
0130321292   40.86121    -74.18472     0.13      0.06     0.14     1 
0130321293   40.86094    -74.14771    -0.09      0.04     0.10     1 
0130321294   40.86066    -74.11069    -0.05      0.01     0.05     1 
0130321295   40.86037    -74.07367    -0.02      0.00     0.02     1 
0130321296   40.86007    -74.03666    -0.06      0.05     0.08     1 
0130321297   40.85975    -73.99965    -0.07      0.01     0.07     1 
0130321298   40.85943    -73.96263    -0.00     -0.05     0.05     1 
0130321299   40.85909    -73.92562    -0.01     -0.02     0.02     1 
0130321300   40.85874    -73.88861     0.03     -0.04     0.05     1 
0130321301   40.85837    -73.85160     0.09     -0.01     0.09     1 
0130321302   40.85800    -73.81458     0.00     -0.06     0.06     1 
0130321303   40.85761    -73.77757    -0.08     -0.23     0.25     1 
0130321305   40.85681    -73.70355     0.20      0.03     0.20     1 
0130321306   40.85638    -73.66655     0.20     -0.31     0.37     1 
0130321307   40.85595    -73.62954     0.03     -0.01     0.03     1 
0130321308   40.85550    -73.59253     0.26      0.00     0.26     1 
0130321309   40.85505    -73.55553     0.23      0.04     0.23     1 
0130321310   40.85458    -73.51852     0.24      0.06     0.24     1 
0130321311   40.85410    -73.48152     0.17      0.02     0.17     1 
0130321312   40.85360    -73.44452     0.24     -0.02     0.24     1 
0130321313   40.85310    -73.40751     0.10      0.07     0.12     1 
0130321314   40.85258    -73.37051     0.13      0.01     0.13     1 
0130321315   40.85205    -73.33351     0.12     -0.03     0.13     1 
0130321316   40.85151    -73.29651     0.12      0.02     0.12     1 
0130321317   40.85096    -73.25951     0.14     -0.01     0.14     1 
0130321318   40.85039    -73.22252     0.05      0.02     0.06     1 
0130321319   40.84982    -73.18552     0.04     -0.00     0.04     1 
0130321320   40.84923    -73.14853     0.06     -0.04     0.07     1 
0130321321   40.84863    -73.11153     0.17     -0.03     0.17     1 
0130321322   40.84802    -73.07454     0.15      0.07     0.17     1 
0130321323   40.84739    -73.03755     0.16      0.07     0.17     1 
0130321324   40.84676    -73.00056     0.07      0.02     0.08     1 
0130321325   40.84611    -72.96357     0.07      0.02     0.07     1 
0130321326   40.84545    -72.92658     0.02     -0.03     0.04     1 
0130321327   40.84478    -72.88959     0.08      0.04     0.09     1 
0130321328   40.84410    -72.85261     0.11     -0.04     0.11     1 
0130321329   40.84340    -72.81562     0.16     -0.04     0.17     1 
0130321330   40.84270    -72.77864     0.13      0.10     0.16     1 
0130321331   40.84198    -72.74166     0.06      0.05     0.08     1 
0130321332   40.84125    -72.70468     0.10      0.10     0.14     1 
0130321333   40.84051    -72.66770     0.05      0.07     0.08     1 
0130321334   40.83975    -72.63072    -0.05      0.05     0.07     1 
0130321335   40.83899    -72.59375    -0.00      0.10     0.10     1 
0130321336   40.83821    -72.55677    -0.20      0.01     0.20     1 
0130321337   40.83742    -72.51980    -0.13      0.01     0.13     1 
0130321338   40.83662    -72.48283    -0.23      0.12     0.26     1 
0130321365   40.83631    -74.25904     0.12      0.11     0.17     1 
0130321366   40.83606    -74.22204     0.13      0.05     0.14     1 
0130321367   40.83581    -74.18503     0.15      0.07     0.17     1 
0130321368   40.83554    -74.14803    -0.01      0.03     0.03     1 
0130321369   40.83526    -74.11103     0.08     -0.00     0.08     1 
0130321370   40.83497    -74.07403    -0.07      0.02     0.07     1 
0130321371   40.83467    -74.03703    -0.07      0.03     0.07     1 
0130321372   40.83435    -74.00003    -0.05     -0.01     0.05     1 
0130321373   40.83403    -73.96303    -0.01     -0.13     0.13     1 
0130321374   40.83369    -73.92603    -0.06     -0.03     0.07     1 
0130321375   40.83334    -73.88903     0.01     -0.01     0.01     1 
0130321376   40.83297    -73.85203    -0.06     -0.00     0.06     1 
0130321377   40.83260    -73.81504     0.05     -0.31     0.32     1 
0130321380   40.83141    -73.70405    -0.19      0.13     0.23     1 
0130321381   40.83099    -73.66706     0.15     -0.11     0.18     1 
0130321382   40.83055    -73.63006     0.12      0.04     0.13     1 
0130321383   40.83011    -73.59307     0.19      0.00     0.19     1 
0130321384   40.82965    -73.55608     0.27     -0.03     0.27     1 
0130321385   40.82918    -73.51909     0.23      0.07     0.24     1 
0130321386   40.82870    -73.48210     0.19     -0.02     0.19     1 
0130321387   40.82821    -73.44511     0.18     -0.01     0.18     1 
0130321388   40.82770    -73.40812     0.05     -0.03     0.06     1 
0130321389   40.82719    -73.37113     0.15     -0.01     0.15     1 
0130321390   40.82666    -73.33415     0.18      0.00     0.18     1 
0130321391   40.82612    -73.29716     0.09     -0.00     0.09     1 
0130321392   40.82557    -73.26018     0.01      0.06     0.06     1 
0130321393   40.82500    -73.22320     0.11      0.01     0.11     1 
0130321394   40.82443    -73.18621     0.11      0.01     0.11     1 
0130321395   40.82384    -73.14923     0.13      0.05     0.14     1 
0130321396   40.82324    -73.11225     0.05      0.04     0.06     1 
0130321397   40.82263    -73.07528     0.03      0.00     0.03     1 
0130321398   40.82201    -73.03830     0.05      0.00     0.05     1 
0130321399   40.82137    -73.00132     0.07     -0.01     0.07     1 
0130321400   40.82072    -72.96435     0.14      0.08     0.16     1 
0130321401   40.82006    -72.92737     0.04     -0.04     0.05     1 
0130321402   40.81940    -72.89040     0.09      0.07     0.11     1 
0130321403   40.81871    -72.85343     0.10      0.01     0.10     1 
0130321404   40.81802    -72.81646     0.05      0.05     0.08     1 
0130321405   40.81731    -72.77949     0.03      0.15     0.15     1 
0130321406   40.81659    -72.74252    -0.00      0.10     0.10     1 
0130321407   40.81587    -72.70556     0.09      0.02     0.09     1 
0130321408   40.81512    -72.66859    -0.03      0.02     0.04     1 
0130321409   40.81437    -72.63163    -0.10      0.06     0.12     1 
0130321410   40.81361    -72.59466    -0.05      0.07     0.09     1 
0130321439   40.81114    -74.29631     0.14      0.04     0.15     1 
0130321440   40.81090    -74.25932     0.13      0.06     0.14     1 
0130321441   40.81066    -74.22233     0.05      0.03     0.06     1 
0130321442   40.81041    -74.18534     0.17      0.06     0.18     1 
0130321443   40.81014    -74.14836     0.06      0.01     0.06     1 
0130321444   40.80986    -74.11137    -0.08      0.03     0.09     1 
0130321445   40.80957    -74.07438    -0.09      0.08     0.12     1 
0130321446   40.80927    -74.03740    -0.15     -0.02     0.15     1 
0130321447   40.80895    -74.00041    -0.02      0.02     0.02     1 
0130321449   40.80829    -73.92644    -0.07     -0.05     0.09     1 
0130321450   40.80794    -73.88945    -0.18     -0.07     0.20     1 
0130321451   40.80758    -73.85247    -0.31     -0.14     0.34     1 
0130321454   40.80642    -73.74152     0.03      0.02     0.04     1 
0130321455   40.80601    -73.70454     0.06      0.08     0.10     1 
0130321456   40.80559    -73.66756    -0.02     -0.02     0.03     1 
0130321457   40.80515    -73.63058     0.11      0.03     0.11     1 
0130321458   40.80471    -73.59361     0.30      0.02     0.30     1 
0130321459   40.80425    -73.55663     0.15      0.00     0.15     1 
0130321460   40.80378    -73.51965    -0.01      0.01     0.02     1 
0130321461   40.80331    -73.48268    -0.02     -0.01     0.02     1 
0130321462   40.80281    -73.44570     0.10      0.04     0.10     1 
0130321463   40.80231    -73.40873     0.04      0.05     0.06     1 
0130321464   40.80179    -73.37175     0.19      0.02     0.19     1 
0130321465   40.80127    -73.33478     0.05      0.00     0.05     1 
0130321466   40.80072    -73.29781     0.10     -0.04     0.11     1 
0130321467   40.80017    -73.26084     0.00      0.08     0.08     1 
0130321468   40.79961    -73.22387     0.01     -0.02     0.03     1 
0130321469   40.79904    -73.18691    -0.00     -0.03     0.03     1 
0130321470   40.79845    -73.14994    -0.03     -0.05     0.06     1 
0130321471   40.79785    -73.11297    -0.04     -0.06     0.07     1 
0130321472   40.79724    -73.07601     0.09     -0.01     0.09     1 
0130321473   40.79662    -73.03905     0.09      0.03     0.10     1 
0130321474   40.79598    -73.00208     0.08      0.03     0.09     1 
0130321475   40.79534    -72.96512     0.06      0.01     0.06     1 
0130321476   40.79468    -72.92816     0.05      0.06     0.08     1 
0130321477   40.79401    -72.89120     0.03      0.04     0.05     1 
0130321478   40.79333    -72.85425     0.11      0.02     0.11     1 
0130321479   40.79263    -72.81729    -0.09      0.07     0.12     1 
0130321480   40.79193    -72.78033    -0.06      0.05     0.08     1 
0130321481   40.79121    -72.74338    -0.11      0.02     0.12     1 
0130321482   40.79048    -72.70643    -0.19     -0.10     0.21     1 
0130321483   40.78974    -72.66948     0.06     -0.07     0.09     1 
0130321514   40.78574    -74.29658     0.20      0.03     0.20     1 
0130321515   40.78550    -74.25961     0.22      0.02     0.22     1 
0130321516   40.78526    -74.22263     0.06      0.02     0.06     1 
0130321517   40.78500    -74.18566    -0.01     -0.01     0.01     1 
0130321518   40.78474    -74.14868    -0.01     -0.01     0.02     1 
0130321519   40.78446    -74.11171    -0.24     -0.06     0.25     1 
0130321520   40.78417    -74.07474    -0.18      0.01     0.18     1 
0130321521   40.78387    -74.03776    -0.03     -0.01     0.03     1 
0130321523   40.78323    -73.96382     0.04     -0.01     0.04     1 
0130321524   40.78289    -73.92685    -0.08     -0.08     0.12     1 
0130321525   40.78254    -73.88988    -0.21     -0.01     0.21     1 
0130321526   40.78218    -73.85291    -0.08     -0.02     0.08     1 
0130321527   40.78180    -73.81594    -0.01      0.01     0.01     1 
0130321528   40.78142    -73.77897     0.01     -0.13     0.13     1 
0130321529   40.78102    -73.74200    -0.09      0.09     0.12     1 
0130321530   40.78061    -73.70504     0.15      0.04     0.16     1 
0130321531   40.78019    -73.66807     0.04      0.01     0.04     1 
0130321532   40.77976    -73.63111     0.10     -0.04     0.10     1 
0130321533   40.77931    -73.59414     0.17      0.02     0.17     1 
0130321534   40.77886    -73.55718    -0.05     -0.03     0.06     1 
0130321535   40.77839    -73.52022    -0.11     -0.01     0.11     1 
0130321536   40.77791    -73.48325     0.05     -0.00     0.05     1 
0130321537   40.77742    -73.44629     0.08     -0.00     0.08     1 
0130321538   40.77691    -73.40933    -0.01      0.03     0.03     1 
0130321539   40.77640    -73.37238     0.17      0.01     0.17     1 
0130321540   40.77587    -73.33542     0.08      0.00     0.08     1 
0130321541   40.77533    -73.29846    -0.08     -0.02     0.08     1 
0130321542   40.77478    -73.26150     0.01      0.04     0.04     1 
0130321543   40.77422    -73.22455     0.15      0.04     0.15     1 
0130321544   40.77364    -73.18760     0.07     -0.01     0.07     1 
0130321545   40.77306    -73.15064     0.14      0.05     0.15     1 
0130321546   40.77246    -73.11369     0.08     -0.05     0.09     1 
0130321547   40.77185    -73.07674     0.00      0.05     0.05     1 
0130321548   40.77123    -73.03979     0.02      0.03     0.03     1 
0130321549   40.77059    -73.00284     0.04      0.01     0.04     1 
0130321550   40.76995    -72.96590     0.05      0.03     0.06     1 
0130321551   40.76929    -72.92895     0.01      0.02     0.02     1 
0130321552   40.76862    -72.89201    -0.04      0.01     0.04     1 
0130321553   40.76794    -72.85506     0.09      0.03     0.09     1 
0130321554   40.76725    -72.81812    -0.09      0.03     0.10     1 
0130321555   40.76654    -72.78118     0.23      0.05     0.23     1 
0130321556   40.76583    -72.74424    -0.18      0.15     0.23     1 
0130321589   40.76033    -74.29685     0.12      0.19     0.22     1 
0130321590   40.76010    -74.25989     0.16      0.06     0.17     1 
0130321591   40.75986    -74.22293     0.07      0.07     0.10     1 
0130321592   40.75960    -74.18597     0.04      0.04     0.06     1 
0130321593   40.75934    -74.14901    -0.02     -0.05     0.06     1 
0130321594   40.75906    -74.11205    -0.16      0.01     0.16     1 
0130321595   40.75877    -74.07509    -0.03      0.01     0.03     1 
0130321596   40.75847    -74.03813    -0.06     -0.08     0.10     1 
0130321598   40.75783    -73.96421     0.08     -0.15     0.17     1 
0130321599   40.75749    -73.92726    -0.06     -0.03     0.07     1 
0130321600   40.75714    -73.89030    -0.04     -0.02     0.04     1 
0130321601   40.75678    -73.85335    -0.04     -0.01     0.04     1 
0130321602   40.75641    -73.81639    -0.05     -0.00     0.05     1 
0130321603   40.75602    -73.77944     0.01      0.05     0.05     1 
0130321604   40.75562    -73.74248     0.05     -0.01     0.05     1 
0130321605   40.75521    -73.70553     0.02      0.00     0.02     1 
0130321606   40.75479    -73.66858    -0.01      0.00     0.01     1 
0130321607   40.75436    -73.63163     0.04     -0.00     0.04     1 
0130321608   40.75392    -73.59468    -0.05      0.02     0.06     1 
0130321609   40.75346    -73.55773    -0.09     -0.05     0.10     1 
0130321610   40.75299    -73.52078     0.00      0.01     0.01     1 
0130321611   40.75251    -73.48383     0.00     -0.01     0.01     1 
0130321612   40.75202    -73.44689     0.13      0.02     0.13     1 
0130321613   40.75152    -73.40994    -0.06      0.00     0.06     1 
0130321614   40.75100    -73.37300     0.01      0.02     0.02     1 
0130321615   40.75048    -73.33605     0.08      0.01     0.08     1 
0130321616   40.74994    -73.29911     0.06      0.02     0.06     1 
0130321617   40.74939    -73.26217     0.12      0.02     0.12     1 
0130321618   40.74883    -73.22523     0.15      0.03     0.15     1 
0130321619   40.74825    -73.18829     0.13      0.00     0.13     1 
0130321620   40.74767    -73.15135    -0.00      0.06     0.06     1 
0130321621   40.74707    -73.11441     0.00      0.10     0.10     1 
0130321622   40.74646    -73.07747     0.07      0.05     0.09     1 
0130321623   40.74584    -73.04054     0.08     -0.00     0.08     1 
0130321624   40.74520    -73.00360    -0.10      0.06     0.12     1 
0130321627   40.74323    -72.89281    -0.13      0.13     0.18     1 
0130321628   40.74255    -72.85588    -0.19      0.05     0.20     1 
0130321664   40.73493    -74.29712     0.06      0.08     0.09     1 
0130321665   40.73470    -74.26017     0.05      0.12     0.13     1 
0130321666   40.73446    -74.22322     0.00     -0.03     0.03     1 
0130321667   40.73420    -74.18628    -0.02      0.02     0.03     1 
0130321668   40.73394    -74.14933    -0.13      0.03     0.14     1 
0130321669   40.73366    -74.11238    -0.06      0.02     0.06     1 
0130321670   40.73337    -74.07544    -0.03      0.01     0.03     1 
0130321671   40.73307    -74.03849    -0.04      0.00     0.04     1 
0130321672   40.73275    -74.00155    -0.01     -0.01     0.01     1 
0130321673   40.73243    -73.96461    -0.07     -0.02     0.07     1 
0130321674   40.73209    -73.92767    -0.11      0.04     0.12     1 
0130321675   40.73174    -73.89072    -0.08     -0.04     0.09     1 
0130321676   40.73138    -73.85378    -0.04     -0.06     0.07     1 
0130321677   40.73101    -73.81684    -0.06     -0.05     0.08     1 
0130321678   40.73062    -73.77990     0.09     -0.03     0.09     1 
0130321679   40.73022    -73.74296    -0.03     -0.06     0.06     1 
0130321680   40.72982    -73.70602    -0.10     -0.00     0.10     1 
0130321681   40.72940    -73.66908    -0.04     -0.07     0.08     1 
0130321682   40.72896    -73.63215     0.04      0.02     0.04     1 
0130321683   40.72852    -73.59521    -0.11      0.02     0.11     1 
0130321684   40.72807    -73.55828     0.00      0.06     0.06     1 
0130321685   40.72760    -73.52134    -0.00      0.04     0.04     1 
0130321686   40.72712    -73.48441     0.02      0.05     0.06     1 
0130321687   40.72663    -73.44748    -0.01     -0.03     0.03     1 
0130321688   40.72613    -73.41054    -0.13      0.04     0.14     1 
0130321689   40.72561    -73.37361     0.03     -0.00     0.03     1 
0130321690   40.72508    -73.33668     0.02      0.01     0.03     1 
0130321691   40.72455    -73.29976     0.05      0.00     0.05     1 
0130321692   40.72400    -73.26283    -0.01      0.01     0.02     1 
0130321693   40.72343    -73.22590    -0.01     -0.00     0.01     1 
0130321694   40.72286    -73.18897     0.14      0.05     0.15     1 
0130321695   40.72228    -73.15205    -0.01     -0.06     0.06     1 
0130321696   40.72168    -73.11513    -0.13      0.11     0.16     1 
0130321697   40.72107    -73.07820    -0.16     -0.03     0.16     1 
0130321701   40.71851    -72.93053     0.12      0.04     0.13     1 
0130321738   40.70975    -74.33432     0.16      0.01     0.16     1 
0130321739   40.70953    -74.29738     0.05      0.11     0.12     1 
0130321740   40.70930    -74.26045     0.09     -0.00     0.09     1 
0130321741   40.70905    -74.22352    -0.02      0.04     0.05     1 
0130321742   40.70880    -74.18658    -0.10     -0.01     0.11     1 
0130321743   40.70853    -74.14965    -0.14     -0.03     0.14     1 
0130321744   40.70826    -74.11272    -0.10     -0.04     0.11     1 
0130321745   40.70797    -74.07579    -0.04      0.02     0.04     1 
0130321746   40.70766    -74.03886    -0.02     -0.05     0.06     1 
0130321747   40.70735    -74.00193     0.03     -0.06     0.07     1 
0130321748   40.70703    -73.96500    -0.00      0.02     0.02     1 
0130321749   40.70669    -73.92807    -0.07     -0.04     0.08     1 
0130321750   40.70634    -73.89114    -0.08     -0.02     0.08     1 
0130321751   40.70598    -73.85422     0.04      0.04     0.06     1 
0130321752   40.70561    -73.81729    -0.04     -0.00     0.04     1 
0130321753   40.70522    -73.78037    -0.11     -0.05     0.12     1 
0130321754   40.70483    -73.74344    -0.06     -0.07     0.10     1 
0130321755   40.70442    -73.70651    -0.00     -0.05     0.05     1 
0130321756   40.70400    -73.66959     0.04     -0.06     0.07     1 
0130321757   40.70357    -73.63267    -0.02     -0.03     0.04     1 
0130321758   40.70312    -73.59575     0.03     -0.04     0.05     1 
0130321759   40.70267    -73.55882     0.07     -0.04     0.08     1 
0130321760   40.70220    -73.52191     0.05     -0.05     0.07     1 
0130321761   40.70172    -73.48498    -0.01      0.01     0.02     1 
0130321762   40.70123    -73.44807     0.07      0.02     0.07     1 
0130321763   40.70073    -73.41115     0.09     -0.02     0.09     1 
0130321764   40.70022    -73.37423    -0.02     -0.03     0.04     1 
0130321765   40.69969    -73.33732     0.01      0.03     0.03     1 
0130321766   40.69915    -73.30040    -0.07      0.02     0.07     1 
0130321767   40.69860    -73.26349    -0.06     -0.02     0.06     1 
0130321768   40.69804    -73.22657    -0.05     -0.02     0.05     1 
0130321769   40.69747    -73.18966     0.00      0.16     0.16     1 
0130321770   40.69688    -73.15275    -0.12     -0.03     0.12     1 
0130321775   40.69378    -72.96822     0.08      0.10     0.13     1 
0130321813   40.68434    -74.33457     0.08      0.03     0.08     1 
0130321814   40.68413    -74.29765    -0.00      0.05     0.05     1 
0130321815   40.68389    -74.26073     0.13      0.02     0.13     1 
0130321816   40.68365    -74.22381     0.12      0.01     0.12     1 
0130321817   40.68340    -74.18689    -0.09      0.01     0.09     1 
0130321818   40.68313    -74.14998    -0.17      0.02     0.17     1 
0130321819   40.68285    -74.11306    -0.08     -0.02     0.09     1 
0130321820   40.68256    -74.07614    -0.13      0.05     0.14     1 
0130321821   40.68226    -74.03923    -0.13      0.09     0.16     1 
0130321822   40.68195    -74.00231    -0.08     -0.03     0.09     1 
0130321823   40.68162    -73.96539    -0.01     -0.02     0.02     1 
0130321824   40.68129    -73.92848    -0.02     -0.02     0.03     1 
0130321825   40.68094    -73.89157     0.01     -0.03     0.04     1 
0130321826   40.68058    -73.85465    -0.08     -0.02     0.08     1 
0130321827   40.68021    -73.81774     0.00     -0.09     0.09     1 
0130321828   40.67982    -73.78083     0.03     -0.04     0.06     1 
0130321829   40.67943    -73.74392     0.01     -0.03     0.03     1 
0130321830   40.67902    -73.70701    -0.01     -0.03     0.03     1 
0130321831   40.67860    -73.67010     0.08     -0.02     0.08     1 
0130321832   40.67817    -73.63319     0.09     -0.03     0.09     1 
0130321833   40.67773    -73.59628     0.07      0.02     0.07     1 
0130321834   40.67727    -73.55937     0.14     -0.02     0.15     1 
0130321835   40.67681    -73.52247     0.06     -0.06     0.08     1 
0130321836   40.67633    -73.48556     0.03     -0.00     0.03     1 
0130321837   40.67584    -73.44866     0.02     -0.00     0.02     1 
0130321838   40.67534    -73.41175     0.02      0.04     0.05     1 
0130321839   40.67482    -73.37485    -0.02      0.06     0.06     1 
0130321840   40.67430    -73.33795    -0.11     -0.00     0.11     1 
0130321848   40.66967    -73.04277     0.10     -0.03     0.10     1 
0130321888   40.65894    -74.33482     0.01      0.14     0.15     1 
0130321889   40.65872    -74.29792     0.06      0.07     0.09     1 
0130321890   40.65849    -74.26101     0.09      0.06     0.11     1 
0130321891   40.65825    -74.22411    -0.07      0.04     0.08     1 
0130321892   40.65799    -74.18720    -0.05      0.10     0.11     1 
0130321893   40.65773    -74.15030    -0.13      0.09     0.15     1 
0130321894   40.65745    -74.11339    -0.09      0.01     0.09     1 
0130321895   40.65716    -74.07649    -0.15     -0.05     0.16     1 
0130321897   40.65655    -74.00269    -0.07      0.02     0.07     1 
0130321898   40.65622    -73.96579    -0.02      0.01     0.02     1 
0130321899   40.65589    -73.92889    -0.07     -0.04     0.08     1 
0130321900   40.65554    -73.89199    -0.05     -0.01     0.05     1 
0130321901   40.65518    -73.85509    -0.19     -0.01     0.19     1 
0130321902   40.65481    -73.81819    -0.08     -0.01     0.08     1 
0130321903   40.65443    -73.78129    -0.14     -0.08     0.16     1 
0130321904   40.65403    -73.74439    -0.10      0.03     0.10     1 
0130321905   40.65362    -73.70750    -0.05      0.00     0.05     1 
0130321906   40.65320    -73.67060    -0.08     -0.03     0.08     1 
0130321907   40.65277    -73.63371    -0.01     -0.02     0.02     1 
0130321908   40.65233    -73.59681    -0.01      0.02     0.02     1 
0130321909   40.65188    -73.55992    -0.05      0.02     0.05     1 
0130321910   40.65141    -73.52303    -0.10      0.02     0.10     1 
0130321911   40.65093    -73.48614    -0.09     -0.01     0.09     1 
0130321912   40.65044    -73.44924    -0.10      0.00     0.10     1 
0130321913   40.64994    -73.41235    -0.11     -0.03     0.12     1 
0130321914   40.64943    -73.37547    -0.16      0.05     0.17     1 
0130321915   40.64890    -73.33858    -0.14     -0.05     0.15     1 
0130321916   40.64837    -73.30169    -0.07     -0.04     0.08     1 
0130321917   40.64782    -73.26480    -0.10     -0.04     0.10     1 
0130321918   40.64726    -73.22792    -0.05     -0.16     0.17     1 
0130321919   40.64668    -73.19104     0.04     -0.00     0.04     1 
0130321963   40.63354    -74.33508     0.27      0.07     0.28     1 
0130321964   40.63332    -74.29818     0.05      0.02     0.05     1 
0130321965   40.63309    -74.26129     0.03      0.09     0.09     1 
0130321966   40.63285    -74.22440    -0.14      0.03     0.15     1 
0130321967   40.63259    -74.18751    -0.11      0.04     0.12     1 
0130321968   40.63233    -74.15062    -0.06      0.06     0.09     1 
0130321969   40.63205    -74.11373     0.04     -0.01     0.04     1 
0130321971   40.63146    -74.03995     0.04      0.02     0.05     1 
0130321972   40.63115    -74.00307    -0.14     -0.00     0.14     1 
0130321973   40.63082    -73.96618    -0.05     -0.04     0.06     1 
0130321974   40.63049    -73.92929    -0.04      0.01     0.04     1 
0130321975   40.63014    -73.89241    -0.18      0.02     0.18     1 
0130321976   40.62978    -73.85552    -0.22     -0.12     0.25     1 
0130321977   40.62941    -73.81864    -0.27      0.07     0.27     1 
0130321978   40.62902    -73.78175    -0.10     -0.06     0.11     1 
0130321979   40.62863    -73.74487    -0.11     -0.08     0.14     1 
0130321980   40.62822    -73.70799    -0.02     -0.00     0.02     1 
0130321981   40.62781    -73.67110    -0.11     -0.06     0.13     1 
0130321982   40.62738    -73.63422    -0.06     -0.02     0.06     1 
0130321983   40.62693    -73.59734    -0.09     -0.04     0.10     1 
0130321984   40.62648    -73.56046    -0.14     -0.02     0.14     1 
0130321985   40.62601    -73.52359    -0.15     -0.02     0.16     1 
0130321986   40.62554    -73.48671    -0.11      0.02     0.11     1 
0130321987   40.62505    -73.44983    -0.12      0.01     0.12     1 
0130321988   40.62455    -73.41296    -0.06      0.01     0.06     1 
0130321991   40.62297    -73.30233     0.02     -0.23     0.23     1 
0130322038   40.60813    -74.33533     0.22      0.03     0.22     1 
0130322039   40.60792    -74.29845     0.10      0.05     0.11     1 
0130322040   40.60769    -74.26157    -0.11      0.02     0.11     1 
0130322041   40.60744    -74.22469    -0.13      0.01     0.13     1 
0130322042   40.60719    -74.18782    -0.05     -0.07     0.08     1 
0130322043   40.60693    -74.15094     0.18     -0.02     0.19     1 
0130322044   40.60665    -74.11407    -0.03      0.01     0.03     1 
0130322045   40.60636    -74.07719    -0.03     -0.09     0.10     1 
0130322047   40.60575    -74.00344    -0.06     -0.03     0.06     1 
0130322048   40.60542    -73.96657    -0.00      0.01     0.01     1 
0130322049   40.60509    -73.92970    -0.02      0.07     0.07     1 
0130322050   40.60474    -73.89283    -0.17     -0.01     0.17     1 
0130322051   40.60438    -73.85595    -0.25      0.04     0.25     1 
0130322052   40.60401    -73.81908    -0.17      0.02     0.17     1 
0130322053   40.60363    -73.78221    -0.11     -0.06     0.12     1 
0130322054   40.60323    -73.74534    -0.03     -0.03     0.04     1 
0130322055   40.60283    -73.70848    -0.12      0.01     0.12     1 
0130322056   40.60241    -73.67161    -0.14      0.08     0.16     1 
0130322057   40.60198    -73.63474    -0.09     -0.01     0.09     1 
0130322058   40.60153    -73.59788    -0.09     -0.01     0.09     1 
0130322059   40.60108    -73.56101    -0.05      0.05     0.07     1 
0130322061   40.60014    -73.48728    -0.08     -0.04     0.09     1 
0130322112   40.58294    -74.37244     0.33      0.14     0.36     1 
0130322113   40.58273    -74.33558     0.24      0.03     0.24     1 
0130322114   40.58251    -74.29871     0.15      0.06     0.16     1 
0130322115   40.58228    -74.26185    -0.13     -0.03     0.13     1 
0130322116   40.58204    -74.22499    -0.02      0.01     0.02     1 
0130322117   40.58179    -74.18812    -0.14     -0.09     0.16     1 
0130322118   40.58152    -74.15126     0.27     -0.02     0.27     1 
0130322119   40.58125    -74.11440     0.10     -0.01     0.10     1 
0130322120   40.58096    -74.07754    -0.00     -0.09     0.09     1 
0130322122   40.58035    -74.00382    -0.04     -0.09     0.10     1 
0130322123   40.58002    -73.96696    -0.02     -0.06     0.06     1 
0130322124   40.57969    -73.93010    -0.10     -0.02     0.10     1 
0130322125   40.57934    -73.89324    -0.06     -0.09     0.11     1 
0130322127   40.57861    -73.81953     0.11     -0.01     0.11     1 
0130322129   40.57783    -73.74582     0.08     -0.01     0.08     1 
0130322132   40.57658    -73.63526     0.00     -0.04     0.04     1 
0130322134   40.57569    -73.56155    -0.07     -0.10     0.12     1 
0130322187   40.55753    -74.37268     0.18      0.04     0.18     1 
0130322188   40.55733    -74.33583    -0.00     -0.10     0.10     1 
0130322189   40.55711    -74.29898     0.06     -0.09     0.11     1 
0130322190   40.55688    -74.26213    -0.10     -0.06     0.11     1 
0130322191   40.55664    -74.22528    -0.14     -0.06     0.15     1 
0130322192   40.55639    -74.18843     0.13     -0.12     0.17     1 
0130322193   40.55612    -74.15158     0.06     -0.03     0.06     1 
0130322194   40.55584    -74.11474    -0.01     -0.07     0.08     1 
0130322199   40.55429    -73.93051    -0.07     -0.07     0.10     1 
0130322262   40.53213    -74.37292     0.00     -0.05     0.05     1 
0130322263   40.53192    -74.33608     0.01     -0.06     0.07     1 
0130322264   40.53171    -74.29924     0.01     -0.07     0.07     1 
0130322265   40.53148    -74.26241    -0.10     -0.02     0.10     1 
0130322266   40.53124    -74.22557     0.11     -0.09     0.14     1 
0130322267   40.53098    -74.18874     0.13     -0.06     0.14     1 
0130322268   40.53072    -74.15190     0.03     -0.20     0.20     1 
0130322337   40.50673    -74.37315    -0.05      0.03     0.06     1 
0130322338   40.50652    -74.33633    -0.07      0.00     0.07     1 
0130322339   40.50630    -74.29951    -0.10      0.03     0.11     1 
0130322340   40.50607    -74.26269    -0.01     -0.09     0.09     1 
0130322341   40.50583    -74.22587     0.06     -0.07     0.09     1 
0130322342   40.50558    -74.18904    -0.06      0.02     0.07     1 
0130322412   40.48132    -74.37339    -0.00     -0.05     0.05     1 
0130322413   40.48112    -74.33658    -0.11      0.02     0.11     1 
0130322414   40.48090    -74.29977     0.05     -0.08     0.09     1 
0130322415   40.48067    -74.26296    -0.08      0.10     0.13     1 
0130322486   40.45611    -74.41042    -0.10     -0.08     0.13     1 
0130322487   40.45592    -74.37363    -0.15     -0.06     0.16     1 
0130322488   40.45571    -74.33683     0.03     -0.05     0.06     1 
0130322489   40.45549    -74.30004    -0.03     -0.07     0.07     1 
0130322490   40.45527    -74.26324    -0.09     -0.07     0.11     1 
0130322491   40.45503    -74.22645    -0.13     -0.11     0.17     1 
0130322492   40.45477    -74.18966    -0.11     -0.16     0.20     1 
0130322493   40.45451    -74.15286    -0.14     -0.18     0.23     1 
0130322496   40.45365    -74.04249    -0.18      0.13     0.22     1 
0130322497   40.45334    -74.00570    -0.01     -0.11     0.11     1 
0130322561   40.43071    -74.41064     0.13      0.03     0.14     1 
0130322562   40.43051    -74.37386     0.12      0.05     0.13     1 
0130322563   40.43031    -74.33708    -0.06     -0.02     0.06     1 
0130322564   40.43009    -74.30030     0.18     -0.07     0.19     1 
0130322565   40.42986    -74.26352     0.14     -0.01     0.14     1 
0130322566   40.42962    -74.22674     0.04     -0.05     0.07     1 
0130322567   40.42937    -74.18996     0.04     -0.07     0.08     1 
0130322568   40.42911    -74.15318     0.06     -0.08     0.10     1 
0130322569   40.42883    -74.11640     0.09     -0.06     0.11     1 
0130322570   40.42854    -74.07963    -0.14     -0.10     0.17     1 
0130322572   40.42794    -74.00607    -0.23     -0.18     0.29     1 
0130322636   40.40530    -74.41086     0.11      0.00     0.11     1 
0130322637   40.40511    -74.37410    -0.00     -0.01     0.01     1 
0130322638   40.40490    -74.33733     0.09     -0.09     0.13     1 
0130322639   40.40469    -74.30056     0.16     -0.04     0.16     1 
0130322640   40.40446    -74.26380     0.17      0.02     0.17     1 
0130322641   40.40422    -74.22703     0.12      0.00     0.12     1 
0130322642   40.40397    -74.19027     0.12      0.02     0.12     1 
0130322643   40.40371    -74.15350     0.23     -0.18     0.29     1 
0130322644   40.40343    -74.11674     0.14      0.00     0.14     1 
0130322645   40.40314    -74.07997     0.26     -0.01     0.26     1 
0130322646   40.40284    -74.04321     0.21     -0.05     0.22     1 
0130322647   40.40254    -74.00645    -0.05     -0.03     0.06     1 
0130322648   40.40221    -73.96968    -0.32     -0.02     0.32     1 
0130322711   40.37990    -74.41109     0.28      0.05     0.28     1 
0130322712   40.37971    -74.37433     0.14      0.05     0.14     1 
0130322713   40.37950    -74.33758     0.24      0.01     0.24     1 
0130322714   40.37928    -74.30083     0.10     -0.07     0.12     1 
0130322715   40.37906    -74.26407     0.17     -0.09     0.20     1 
0130322717   40.37857    -74.19057     0.19     -0.04     0.19     1 
0130322718   40.37830    -74.15382     0.17     -0.07     0.19     1 
0130322719   40.37803    -74.11707     0.23      0.13     0.26     1 
0130322720   40.37774    -74.08032     0.24     -0.04     0.24     1 
0130322721   40.37744    -74.04357     0.05     -0.07     0.08     1 
0130322723   40.37681    -73.97007    -0.03      0.21     0.21     1 
0130322786   40.35449    -74.41131     0.16      0.00     0.16     1 
0130322787   40.35430    -74.37457     0.31      0.02     0.31     1 
0130322788   40.35410    -74.33783     0.28      0.08     0.29     1 
0130322789   40.35388    -74.30109     0.18     -0.02     0.19     1 
0130322790   40.35365    -74.26435     0.24     -0.06     0.24     1 
0130322791   40.35341    -74.22761     0.26     -0.06     0.27     1 
0130322792   40.35316    -74.19087     0.11     -0.14     0.18     1 
0130322793   40.35290    -74.15414     0.25     -0.05     0.25     1 
0130322794   40.35262    -74.11740     0.27     -0.08     0.28     1 
0130322795   40.35234    -74.08066    -0.11     -0.09     0.14     1 
0130322796   40.35204    -74.04393     0.13     -0.08     0.15     1 
0130322797   40.35173    -74.00719     0.03     -0.08     0.08     1 
0130322798   40.35141    -73.97046    -0.11      0.06     0.12     1 
0130322860   40.32927    -74.44825     0.05      0.08     0.09     1 
0130322861   40.32909    -74.41153     0.18     -0.00     0.18     1 
0130322862   40.32890    -74.37480     0.18     -0.08     0.19     1 
0130322863   40.32869    -74.33808     0.20     -0.09     0.22     1 
0130322864   40.32847    -74.30135     0.22     -0.07     0.23     1 
0130322865   40.32825    -74.26463     0.16     -0.08     0.18     1 
0130322866   40.32801    -74.22790     0.26     -0.11     0.28     1 
0130322867   40.32776    -74.19118     0.12      0.03     0.12     1 
0130322868   40.32749    -74.15445     0.09      0.07     0.12     1 
0130322869   40.32722    -74.11773     0.27     -0.01     0.27     1 
0130322870   40.32693    -74.08101    -0.00     -0.10     0.10     1 
0130322871   40.32664    -74.04429    -0.03     -0.09     0.09     1 
0130322872   40.32633    -74.00756    -0.04     -0.13     0.14     1 
0130322935   40.30386    -74.44846    -0.03     -0.01     0.03     1 
0130322936   40.30368    -74.41175     0.14      0.01     0.14     1 
0130322937   40.30349    -74.37504     0.15      0.02     0.15     1 
0130322938   40.30329    -74.33832     0.22     -0.02     0.22     1 
0130322939   40.30307    -74.30161     0.23     -0.03     0.23     1 
0130322940   40.30284    -74.26490     0.17     -0.03     0.17     1 
0130322941   40.30260    -74.22819     0.15     -0.05     0.15     1 
0130322942   40.30235    -74.19148     0.09     -0.01     0.09     1 
0130322943   40.30209    -74.15477     0.12     -0.04     0.13     1 
0130322944   40.30182    -74.11806     0.05     -0.10     0.11     1 
0130322945   40.30153    -74.08135     0.14     -0.04     0.14     1 
0130322946   40.30123    -74.04465     0.15     -0.09     0.18     1 
0130322947   40.30092    -74.00794    -0.00     -0.12     0.12     1 
0130323010   40.27846    -74.44867     0.09     -0.09     0.13     1 
0130323011   40.27828    -74.41197     0.28      0.02     0.28     1 
0130323012   40.27809    -74.37527     0.23     -0.06     0.24     1 
0130323013   40.27788    -74.33857     0.19     -0.03     0.19     1 
0130323014   40.27767    -74.30187     0.13     -0.00     0.13     1 
0130323015   40.27744    -74.26518     0.13     -0.04     0.14     1 
0130323016   40.27720    -74.22848     0.09     -0.06     0.11     1 
0130323017   40.27695    -74.19178     0.16     -0.11     0.19     1 
0130323018   40.27669    -74.15509     0.17     -0.05     0.18     1 
0130323019   40.27641    -74.11839     0.19     -0.15     0.24     1 
0130323020   40.27613    -74.08170     0.15     -0.17     0.22     1 
0130323021   40.27583    -74.04500     0.10     -0.06     0.12     1 
0130323022   40.27552    -74.00831     0.15     -0.04     0.16     1 
0130323085   40.25305    -74.44887     0.21      0.04     0.22     1 
0130323086   40.25287    -74.41219     0.19     -0.02     0.19     1 
0130323087   40.25268    -74.37550     0.06     -0.06     0.08     1 
0130323088   40.25248    -74.33882     0.10      0.01     0.10     1 
0130323089   40.25226    -74.30214    -0.01     -0.05     0.05     1 
0130323090   40.25203    -74.26545     0.03     -0.02     0.04     1 
0130323091   40.25180    -74.22877     0.20     -0.10     0.22     1 
0130323092   40.25155    -74.19209     0.17     -0.05     0.18     1 
0130323093   40.25128    -74.15540     0.08     -0.06     0.10     1 
0130323094   40.25101    -74.11872    -0.07     -0.06     0.09     1 
0130323095   40.25073    -74.08204     0.09     -0.03     0.09     1 
0130323096   40.25043    -74.04536     0.11     -0.06     0.12     1 
0130323097   40.25012    -74.00868     0.17      0.01     0.17     1 
0130323160   40.22765    -74.44908     0.16     -0.01     0.16     1 
0130323161   40.22747    -74.41241     0.18      0.03     0.19     1 
0130323162   40.22728    -74.37574     0.07     -0.11     0.13     1 
0130323163   40.22707    -74.33907     0.17     -0.02     0.17     1 
0130323164   40.22686    -74.30240     0.15     -0.07     0.16     1 
0130323165   40.22663    -74.26573     0.09     -0.04     0.10     1 
0130323166   40.22639    -74.22906     0.08     -0.09     0.13     1 
0130323167   40.22614    -74.19239     0.19     -0.03     0.20     1 
0130323168   40.22588    -74.15572     0.19     -0.03     0.19     1 
0130323169   40.22561    -74.11905     0.10     -0.00     0.10     1 
0130323170   40.22532    -74.08238     0.08     -0.03     0.08     1 
0130323171   40.22503    -74.04572     0.06     -0.09     0.11     1 
0130323172   40.22472    -74.00905    -0.09     -0.01     0.09     1 
0130323234   40.20241    -74.48594    -0.04     -0.08     0.09     1 
0130323235   40.20224    -74.44929     0.16     -0.02     0.16     1 
0130323236   40.20206    -74.41263     0.02     -0.10     0.10     1 
0130323237   40.20187    -74.37597     0.20     -0.08     0.22     1 
0130323238   40.20167    -74.33931     0.13     -0.11     0.17     1 
0130323239   40.20145    -74.30266     0.17     -0.10     0.20     1 
0130323240   40.20123    -74.26600     0.21     -0.07     0.23     1 
0130323241   40.20099    -74.22934     0.28     -0.09     0.29     1 
0130323242   40.20074    -74.19269     0.16     -0.10     0.19     1 
0130323243   40.20048    -74.15603     0.16      0.02     0.16     1 
0130323244   40.20020    -74.11938     0.09     -0.05     0.10     1 
0130323245   40.19992    -74.08273     0.16     -0.15     0.22     1 
0130323246   40.19962    -74.04607     0.05     -0.08     0.09     1 
0130323309   40.17701    -74.48614     0.16     -0.15     0.22     1 
0130323310   40.17684    -74.44949     0.09     -0.05     0.11     1 
0130323311   40.17666    -74.41285     0.18     -0.03     0.18     1 
0130323312   40.17647    -74.37620     0.03      0.08     0.08     1 
0130323313   40.17626    -74.33956     0.10     -0.03     0.10     1 
0130323314   40.17605    -74.30292     0.20     -0.04     0.20     1 
0130323315   40.17582    -74.26627     0.28      0.02     0.28     1 
0130323316   40.17558    -74.22963    -0.01     -0.01     0.02     1 
0130323317   40.17533    -74.19299     0.23     -0.25     0.34     1 
0130323318   40.17507    -74.15635     0.20     -0.12     0.23     1 
0130323319   40.17480    -74.11971     0.01     -0.15     0.15     1 
0130323320   40.17451    -74.08307     0.15     -0.14     0.20     1 
0130323321   40.17422    -74.04643     0.06     -0.01     0.06     1 
0130323384   40.15160    -74.48633     0.12     -0.10     0.16     1 
0130323385   40.15143    -74.44970     0.19     -0.17     0.26     1 
0130323386   40.15125    -74.41307     0.10      0.02     0.10     1 
0130323387   40.15106    -74.37644     0.18     -0.06     0.19     1 
0130323388   40.15086    -74.33981     0.16     -0.00     0.16     1 
0130323389   40.15064    -74.30318     0.19     -0.01     0.19     1 
0130323390   40.15042    -74.26655     0.21     -0.01     0.21     1 
0130323391   40.15018    -74.22992     0.11     -0.00     0.11     1 
0130323392   40.14993    -74.19329     0.17     -0.08     0.19     1 
0130323393   40.14967    -74.15666     0.13     -0.08     0.15     1 
0130323394   40.14940    -74.12004     0.04     -0.09     0.10     1 
0130323395   40.14911    -74.08341     0.16     -0.08     0.18     1 
0130323396   40.14882    -74.04678     0.02     -0.08     0.08     1 
0130323459   40.12619    -74.48652     0.17     -0.04     0.17     1 
0130323460   40.12603    -74.44990    -0.13     -0.01     0.13     1 
0130323462   40.12566    -74.37667     0.34      0.01     0.34     1 
0130323463   40.12545    -74.34005     0.15     -0.07     0.16     1 
0130323464   40.12524    -74.30344     0.12     -0.06     0.13     1 
0130323465   40.12501    -74.26682     0.18     -0.05     0.18     1 
0130323466   40.12477    -74.23021     0.16     -0.09     0.18     1 
0130323467   40.12452    -74.19359     0.24     -0.04     0.24     1 
0130323468   40.12426    -74.15698     0.18     -0.10     0.21     1 
0130323469   40.12399    -74.12036     0.11     -0.10     0.14     1 
0130323470   40.12371    -74.08375     0.16     -0.02     0.16     1 
0130323471   40.12341    -74.04714     0.05     -0.03     0.06     1 
0130323534   40.10079    -74.48671     0.25      0.08     0.26     1 
0130323535   40.10062    -74.45010     0.07      0.02     0.07     1 
0130323536   40.10044    -74.41350     0.01     -0.04     0.04     1 
0130323537   40.10025    -74.37690     0.20      0.04     0.20     1 
0130323538   40.10005    -74.34030     0.20     -0.04     0.20     1 
0130323539   40.09983    -74.30370     0.08      0.17     0.19     1 
0130323540   40.09961    -74.26709     0.20     -0.01     0.20     1 
0130323541   40.09937    -74.23049     0.03      0.04     0.05     1 
0130323542   40.09912    -74.19389     0.16     -0.02     0.16     1 
0130323543   40.09886    -74.15729     0.12     -0.05     0.13     1 
0130323544   40.09859    -74.12069     0.12     -0.08     0.14     1 
0130323545   40.09830    -74.08409    -0.03     -0.08     0.09     1 
0130323546   40.09801    -74.04749    -0.07     -0.07     0.10     1 
0130323608   40.07554    -74.52349     0.17     -0.02     0.17     1 
0130323609   40.07538    -74.48690    -0.01     -0.09     0.09     1 
0130323610   40.07521    -74.45031     0.06     -0.04     0.08     1 
0130323611   40.07503    -74.41372     0.07     -0.03     0.08     1 
0130323612   40.07484    -74.37713     0.23     -0.08     0.25     1 
0130323613   40.07464    -74.34054     0.03     -0.00     0.03     1 
0130323614   40.07443    -74.30395     0.08      0.01     0.08     1 
0130323615   40.07420    -74.26737     0.21      0.06     0.22     1 
0130323616   40.07396    -74.23078     0.08     -0.02     0.08     1 
0130323617   40.07371    -74.19419     0.01     -0.11     0.11     1 
0130323618   40.07346    -74.15760    -0.06     -0.04     0.08     1 
0130323619   40.07318    -74.12102     0.07     -0.05     0.08     1 
0130323620   40.07290    -74.08443    -0.05     -0.12     0.13     1 
0130323621   40.07261    -74.04785    -0.05     -0.02     0.05     1 
0130323683   40.05013    -74.52367     0.16     -0.01     0.16     1 
0130323684   40.04998    -74.48709     0.05     -0.09     0.10     1 
0130323685   40.04981    -74.45051     0.10      0.02     0.11     1 
0130323686   40.04963    -74.41394     0.05     -0.02     0.06     1 
0130323687   40.04944    -74.37736     0.03     -0.00     0.03     1 
0130323688   40.04924    -74.34079     0.03     -0.05     0.06     1 
0130323689   40.04902    -74.30421     0.13     -0.03     0.13     1 
0130323690   40.04880    -74.26764     0.05     -0.11     0.12     1 
0130323691   40.04856    -74.23106     0.10     -0.26     0.28     1 
0130323692   40.04831    -74.19449     0.02      0.01     0.02     1 
0130323693   40.04805    -74.15792     0.06     -0.03     0.06     1 
0130323694   40.04778    -74.12134     0.02     -0.07     0.08     1 
0130323695   40.04750    -74.08477    -0.03      0.00     0.03     1 
0130323696   40.04720    -74.04820    -0.08     -0.04     0.09     1 
0130323758   40.02472    -74.52384    -0.04     -0.02     0.04     1 
0130323759   40.02457    -74.48728     0.01     -0.07     0.07     1 
0130323760   40.02440    -74.45072     0.03      0.00     0.03     1 
0130323761   40.02422    -74.41415     0.01     -0.03     0.03     1 
0130323762   40.02403    -74.37759     0.03     -0.03     0.04     1 
0130323763   40.02383    -74.34103    -0.10     -0.06     0.11     1 
0130323764   40.02362    -74.30447     0.01     -0.04     0.04     1 
0130323765   40.02339    -74.26791     0.02     -0.00     0.02     1 
0130323766   40.02315    -74.23135     0.26     -0.06     0.27     1 
0130323767   40.02291    -74.19479     0.16     -0.04     0.17     1 
0130323768   40.02265    -74.15823     0.02     -0.03     0.04     1 
0130323769   40.02237    -74.12167    -0.06     -0.03     0.07     1 
0130323770   40.02209    -74.08511    -0.06     -0.04     0.07     1 
0130323833   39.99932    -74.52402     0.04      0.06     0.07     1 
0130323834   39.99916    -74.48747    -0.07     -0.01     0.07     1 
0130323835   39.99900    -74.45092    -0.03     -0.03     0.04     1 
0130323836   39.99882    -74.41437     0.12     -0.00     0.12     1 
0130323837   39.99862    -74.37782     0.12     -0.08     0.14     1 
0130323838   39.99842    -74.34128    -0.09     -0.05     0.10     1 
0130323839   39.99821    -74.30473    -0.05     -0.06     0.08     1 
0130323840   39.99798    -74.26818     0.05     -0.04     0.07     1 
0130323841   39.99775    -74.23163     0.16     -0.01     0.16     1 
0130323842   39.99750    -74.19509     0.20     -0.05     0.21     1 
0130323843   39.99724    -74.15854     0.01     -0.05     0.05     1 
0130323844   39.99697    -74.12200    -0.03     -0.05     0.06     1 
0130323845   39.99669    -74.08545    -0.09     -0.04     0.09     1 
0130323908   39.97391    -74.52420    -0.02     -0.01     0.03     1 
0130323909   39.97375    -74.48766    -0.09     -0.11     0.14     1 
0130323910   39.97359    -74.45113     0.04     -0.04     0.05     1 
0130323911   39.97341    -74.41459     0.01      0.00     0.01     1 
0130323912   39.97322    -74.37806     0.02     -0.08     0.08     1 
0130323913   39.97302    -74.34152     0.07     -0.05     0.09     1 
0130323914   39.97280    -74.30499    -0.05     -0.01     0.05     1 
0130323915   39.97258    -74.26845    -0.03     -0.07     0.08     1 
0130323916   39.97234    -74.23192     0.04     -0.02     0.05     1 
0130323917   39.97210    -74.19539     0.07      0.00     0.07     1 
0130323918   39.97184    -74.15885     0.16     -0.05     0.16     1 
0130323919   39.97156    -74.12232    -0.04     -0.08     0.09     1 
0130323920   39.97128    -74.08579    -0.10     -0.04     0.11     1 
0130323982   39.94865    -74.56090     0.02     -0.05     0.06     1 
0130323983   39.94850    -74.52437     0.00     -0.07     0.07     1 
0130323984   39.94835    -74.48785    -0.07     -0.01     0.08     1 
0130323985   39.94818    -74.45133     0.08     -0.12     0.14     1 
0130323986   39.94800    -74.41481     0.03     -0.05     0.06     1 
0130323987   39.94781    -74.37829     0.05     -0.03     0.06     1 
0130323988   39.94761    -74.34176     0.03     -0.04     0.05     1 
0130323989   39.94740    -74.30524     0.02     -0.05     0.06     1 
0130323990   39.94717    -74.26872     0.01     -0.03     0.03     1 
0130323991   39.94694    -74.23220     0.07     -0.02     0.07     1 
0130323992   39.94669    -74.19568    -0.05     -0.02     0.05     1 
0130323993   39.94643    -74.15916    -0.05     -0.09     0.10     1 
0130323994   39.94616    -74.12265    -0.07     -0.06     0.09     1 
0130323995   39.94588    -74.08613    -0.02     -0.02     0.03     1 
0130324057   39.92324    -74.56106     0.02     -0.01     0.02     1 
0130324058   39.92310    -74.52455     0.05     -0.05     0.07     1 
0130324059   39.92294    -74.48804     0.05     -0.02     0.05     1 
0130324060   39.92278    -74.45153    -0.03     -0.05     0.06     1 
0130324061   39.92260    -74.41502     0.14     -0.03     0.14     1 
0130324062   39.92241    -74.37851     0.04      0.02     0.05     1 
0130324063   39.92220    -74.34201    -0.08     -0.00     0.08     1 
0130324064   39.92199    -74.30550    -0.02     -0.09     0.09     1 
0130324065   39.92177    -74.26899     0.08     -0.02     0.08     1 
0130324066   39.92153    -74.23249     0.00     -0.11     0.11     1 
0130324067   39.92128    -74.19598    -0.13     -0.21     0.24     1 
0130324068   39.92103    -74.15948     0.18     -0.04     0.18     1 
0130324069   39.92075    -74.12297    -0.04     -0.04     0.06     1 
0130324132   39.89783    -74.56122    -0.14     -0.13     0.19     1 
0130324133   39.89769    -74.52472    -0.07     -0.06     0.09     1 
0130324134   39.89753    -74.48823    -0.01     -0.01     0.02     1 
0130324135   39.89737    -74.45173    -0.00     -0.03     0.03     1 
0130324136   39.89719    -74.41524     0.09     -0.04     0.10     1 
0130324137   39.89700    -74.37874    -0.03     -0.01     0.03     1 
0130324138   39.89680    -74.34225    -0.10      0.00     0.10     1 
0130324139   39.89659    -74.30576     0.07     -0.00     0.07     1 
0130324140   39.89636    -74.26926     0.05     -0.08     0.09     1 
0130324141   39.89613    -74.23277     0.08     -0.13     0.15     1 
0130324142   39.89588    -74.19628     0.06     -0.06     0.09     1 
0130324143   39.89562    -74.15978     0.15     -0.10     0.18     1 
0130324144   39.89535    -74.12329    -0.04     -0.08     0.09     1 
0130324145   39.89507    -74.08680    -0.16      0.08     0.18     1 
0130324207   39.87243    -74.56138     0.04     -0.01     0.04     1 
0130324208   39.87228    -74.52490    -0.02      0.02     0.02     1 
0130324209   39.87213    -74.48842     0.10     -0.07     0.12     1 
0130324211   39.87178    -74.41545     0.10     -0.11     0.15     1 
0130324212   39.87159    -74.37897    -0.06     -0.07     0.09     1 
0130324213   39.87139    -74.34249    -0.02     -0.10     0.11     1 
0130324214   39.87118    -74.30601     0.06     -0.06     0.08     1 
0130324215   39.87096    -74.26953     0.22     -0.04     0.23     1 
0130324216   39.87072    -74.23305    -0.08     -0.03     0.09     1 
0130324217   39.87047    -74.19657     0.13     -0.01     0.13     1 
0130324218   39.87022    -74.16010     0.02     -0.03     0.03     1 
0130324219   39.86995    -74.12362    -0.11     -0.18     0.21     1 
0130324220   39.86966    -74.08714    -0.14      0.02     0.14     1 
0130324282   39.84702    -74.56154     0.02      0.02     0.03     1 
0130324283   39.84687    -74.52507    -0.00     -0.02     0.02     1 
0130324284   39.84672    -74.48861     0.02     -0.02     0.03     1 
0130324285   39.84655    -74.45214     0.12      0.08     0.14     1 
0130324286   39.84638    -74.41567     0.11     -0.04     0.12     1 
0130324287   39.84619    -74.37920     0.03     -0.03     0.04     1 
0130324288   39.84598    -74.34274     0.02      0.03     0.03     1 
0130324289   39.84577    -74.30627    -0.07     -0.04     0.08     1 
0130324290   39.84555    -74.26980    -0.04     -0.05     0.06     1 
0130324291   39.84531    -74.23334    -0.00     -0.04     0.04     1 
0130324292   39.84507    -74.19687     0.07     -0.01     0.07     1 
0130324293   39.84481    -74.16040    -0.07     -0.04     0.08     1 
0130324356   39.82174    -74.59816     0.01     -0.04     0.04     1 
0130324357   39.82161    -74.56171     0.03      0.04     0.05     1 
0130324358   39.82147    -74.52525    -0.10      0.05     0.11     1 
0130324359   39.82131    -74.48879    -0.04      0.00     0.04     1 
0130324360   39.82115    -74.45234    -0.13      0.04     0.13     1 
0130324361   39.82097    -74.41589    -0.08     -0.20     0.22     1 
0130324362   39.82078    -74.37943     0.07      0.00     0.07     1 
0130324363   39.82058    -74.34298    -0.01     -0.00     0.01     1 
0130324364   39.82037    -74.30652    -0.04     -0.03     0.05     1 
0130324365   39.82014    -74.27007     0.00      0.03     0.03     1 
0130324366   39.81991    -74.23362    -0.07     -0.03     0.08     1 
0130324367   39.81966    -74.19717    -0.04     -0.03     0.05     1 
0130324368   39.81940    -74.16071    -0.10     -0.07     0.12     1 
0130324431   39.79633    -74.59831     0.07      0.06     0.09     1 
0130324432   39.79620    -74.56187    -0.05      0.02     0.06     1 
0130324433   39.79606    -74.52542     0.03     -0.01     0.03     1 
0130324434   39.79591    -74.48898    -0.09     -0.05     0.10     1 
0130324435   39.79574    -74.45254    -0.01      0.01     0.01     1 
0130324436   39.79556    -74.41610    -0.16      0.01     0.16     1 
0130324437   39.79537    -74.37966    -0.02      0.01     0.02     1 
0130324438   39.79517    -74.34322    -0.00     -0.01     0.01     1 
0130324439   39.79496    -74.30678     0.10     -0.03     0.11     1 
0130324440   39.79474    -74.27034    -0.01     -0.06     0.06     1 
0130324441   39.79450    -74.23390     0.06     -0.04     0.07     1 
0130324442   39.79425    -74.19746     0.10     -0.01     0.10     1 
0130324444   39.79373    -74.12459     0.16     -0.14     0.21     1 
0130324506   39.77093    -74.59846    -0.03      0.06     0.06     1 
0130324507   39.77080    -74.56203     0.06      0.09     0.11     1 
0130324508   39.77065    -74.52560     0.00      0.04     0.04     1 
0130324509   39.77050    -74.48917    -0.16      0.06     0.17     1 
0130324510   39.77033    -74.45274    -0.01      0.14     0.15     1 
0130324511   39.77015    -74.41631     0.01      0.05     0.05     1 
0130324512   39.76996    -74.37989     0.07      0.04     0.08     1 
0130324513   39.76976    -74.34346     0.14      0.06     0.16     1 
0130324514   39.76955    -74.30703     0.12      0.01     0.12     1 
0130324515   39.76933    -74.27061     0.13      0.13     0.18     1 
0130324516   39.76910    -74.23418     0.16      0.04     0.17     1 
0130324517   39.76885    -74.19776    -0.05     -0.00     0.05     1 
0130324519   39.76832    -74.12491     0.01      0.06     0.06     1 
0130324520   39.76804    -74.08848    -0.09      0.11     0.14     1 
0130324581   39.74552    -74.59860     0.01      0.10     0.10     1 
0130324582   39.74539    -74.56219     0.04      0.06     0.07     1 
0130324583   39.74524    -74.52577    -0.10     -0.01     0.11     1 
0130324584   39.74509    -74.48936     0.18     -0.04     0.18     1 
0130324585   39.74492    -74.45294    -0.05     -0.04     0.06     1 
0130324586   39.74475    -74.41653    -0.08      0.09     0.12     1 
0130324587   39.74456    -74.38012     0.03     -0.04     0.04     1 
0130324588   39.74436    -74.34370     0.08     -0.03     0.09     1 
0130324589   39.74415    -74.30729     0.14      0.04     0.15     1 
0130324590   39.74392    -74.27088     0.13      0.02     0.14     1 
0130324591   39.74369    -74.23446     0.10      0.06     0.11     1 
0130324592   39.74344    -74.19805    -0.08      0.03     0.08     1 
0130324593   39.74319    -74.16164     0.01      0.02     0.02     1 
0130324594   39.74292    -74.12523    -0.06      0.06     0.08     1 
0130324656   39.72011    -74.59875     0.00      0.08     0.08     1 
0130324657   39.71998    -74.56235     0.01      0.03     0.04     1 
0130324658   39.71984    -74.52595    -0.06     -0.01     0.06     1 
0130324659   39.71968    -74.48955     0.04      0.03     0.05     1 
0130324660   39.71952    -74.45314    -0.02     -0.01     0.02     1 
0130324661   39.71934    -74.41674    -0.05      0.03     0.06     1 
0130324662   39.71915    -74.38034    -0.03      0.05     0.06     1 
0130324663   39.71895    -74.34394    -0.01     -0.07     0.07     1 
0130324664   39.71874    -74.30754     0.10     -0.04     0.10     1 
0130324665   39.71852    -74.27114     0.13      0.04     0.13     1 
0130324666   39.71828    -74.23474     0.26      0.13     0.29     1 
0130324667   39.71804    -74.19835     0.02      0.07     0.07     1 
0130324668   39.71778    -74.16195     0.02      0.01     0.03     1 
0130324669   39.71751    -74.12555     0.01      0.14     0.14     1 
0130324730   39.69482    -74.63529    -0.02     -0.01     0.02     1 
0130324731   39.69470    -74.59890     0.02      0.10     0.10     1 
0130324732   39.69457    -74.56251     0.03      0.10     0.11     1 
0130324733   39.69443    -74.52612     0.05     -0.05     0.07     1 
0130324734   39.69427    -74.48973    -0.15      0.17     0.23     1 
0130324735   39.69411    -74.45334     0.12      0.06     0.14     1 
0130324736   39.69393    -74.41696    -0.03     -0.05     0.05     1 
0130324737   39.69374    -74.38057    -0.06     -0.06     0.08     1 
0130324738   39.69354    -74.34418     0.01     -0.04     0.04     1 
0130324739   39.69333    -74.30780     0.00      0.01     0.01     1 
0130324740   39.69311    -74.27141     0.00      0.10     0.10     1 
0130324741   39.69288    -74.23502     0.17      0.04     0.17     1 
0130324742   39.69263    -74.19864    -0.02      0.01     0.02     1 
0130324743   39.69237    -74.16226     0.05      0.05     0.07     1 
0130324808   39.66902    -74.52629    -0.13      0.06     0.15     1 
0130324809   39.66887    -74.48992    -0.04      0.06     0.08     1 
0130324810   39.66870    -74.45355     0.01      0.02     0.02     1 
0130324811   39.66852    -74.41717     0.00      0.04     0.04     1 
0130324812   39.66834    -74.38080     0.09      0.04     0.09     1 
0130324813   39.66814    -74.34442    -0.03     -0.05     0.06     1 
0130324814   39.66792    -74.30805     0.19      0.08     0.21     1 
0130324815   39.66770    -74.27168     0.14      0.03     0.14     1 
0130324816   39.66747    -74.23530    -0.04      0.03     0.05     1 
0130324817   39.66722    -74.19893     0.01      0.03     0.03     1 
0130324889   39.64252    -74.30830     0.12      0.02     0.12     1 
0130324890   39.64230    -74.27194     0.01      0.03     0.04     1 
0130324891   39.64206    -74.23559    -0.04      0.02     0.04     1 
0130324892   39.64182    -74.19923     0.00     -0.04     0.04     1 
----------------------------------------------------------------------
---------------------------------------------------
Total correlated GCPs in Upper Left Quadrant: 594

GCP statistics this quadrant only (in Pixels)
Line residual statistics:
  Mean: 0.058
  Median: 0.056
  Standard Deviation: 0.135

Sample residual statistics:
  Mean: 0.005
  Median: 0.005
  Standard Deviation: 0.071

Quadrant RMSE: 0.163

---------------------------------------------------
Total correlated GCPs in Upper Right Quadrant: 238

GCP statistics this quadrant only (in Pixels)
Line residual statistics:
  Mean: 0.018
  Median: 0.039
  Standard Deviation: 0.111

Sample residual statistics:
  Mean: 0.016
  Median: 0.019
  Standard Deviation: 0.063

Quadrant RMSE: 0.130

---------------------------------------------------
Total correlated GCPs in Lower Left Quadrant: 411

GCP statistics this quadrant only (in Pixels)
Line residual statistics:
  Mean: 0.062
  Median: 0.055
  Standard Deviation: 0.104

Sample residual statistics:
  Mean: -0.028
  Median: -0.031
  Standard Deviation: 0.062

Quadrant RMSE: 0.139

---------------------------------------------------
Total correlated GCPs in Lower Right Quadrant: 0

GCP statistics this quadrant only (in Pixels)
Line residual statistics:
  Mean: 0.000
  Median: 0.000
  Standard Deviation: 0.000

Sample residual statistics:
  Mean: 0.000
  Median: 0.000
  Standard Deviation: 0.000

Quadrant RMSE: 0.000

---------------------------------------------------
---------------------------------------------------
Total correlated GCPs in scene: 1243

GCP statistics entire scene (in Pixels)
Line residual statistics:
  Mean: 0.052
  Median: 0.050
  Standard Deviation: 0.122

Sample residual statistics:
  Mean: -0.003
  Median: -0.003
  Standard Deviation: 0.069

Scene RMSE: 0.150

