==============================================================================
==============================================================================
Tue. Sep. 27 2016                  LANDSAT 5                       Time: 11:08
                            Image Assessment System
                            GEOMETRIC VERIFY Report
==============================================================================
Order ID: 0501609263030_09516                          Path / Row - 13 / 32
Reference Image: L51XXX1094173140100_HDF.L1G

Color mapping per rank
----------------------
Rank  1 is Green: total residual <= 0.5
Rank  2 is Cyan: 0.5 < total residual <=  1
Rank  3 is Blue:  1 < total residual <=  2
Rank  4 is Yellow:  2 < total residual <=  3
Rank  5 is Red:  3 < total residual

Percentage of residuals by rank
-------------------------------
Rank   1 -- 99.8%
Rank   2 --  0.2%
Rank   3 --  0.0%
Rank   4 --  0.0%
Rank   5 --  0.0%

       GCP    Latitude    Longitude  Sample   Line     Total    Rank
        ID                           Residual Residual Residual
              (Degree)    (Degree)   (Pixel)  (Pixel)  (Pixel)
----------------------------------------------------------------------
0130320093   41.26196    -74.14538    -0.01      0.19     0.19     1 
0130320094   41.26168    -74.10850    -0.04      0.06     0.07     1 
0130320095   41.26139    -74.07161     0.28     -0.21     0.35     1 
0130320096   41.26109    -74.03473     0.17      0.15     0.23     1 
0130320168   41.23656    -74.14571    -0.15      0.02     0.15     1 
0130320169   41.23628    -74.10884    -0.34      0.07     0.35     1 
0130320170   41.23599    -74.07197     0.07      0.10     0.12     1 
0130320171   41.23569    -74.03510     0.34     -0.03     0.34     1 
0130320172   41.23537    -73.99824     0.20     -0.05     0.20     1 
0130320173   41.23505    -73.96137    -0.35      0.30     0.46     1 
0130320174   41.23471    -73.92450    -0.15     -0.06     0.16     1 
0130320175   41.23436    -73.88764    -0.13      0.09     0.16     1 
0130320176   41.23400    -73.85077    -0.29      0.02     0.29     1 
0130320177   41.23362    -73.81391     0.08     -0.20     0.21     1 
0130320243   41.21116    -74.14604    -0.16      0.02     0.16     1 
0130320244   41.21088    -74.10918     0.13     -0.18     0.22     1 
0130320245   41.21059    -74.07233    -0.20      0.13     0.24     1 
0130320246   41.21029    -74.03548     0.31      0.05     0.31     1 
0130320247   41.20998    -73.99862     0.06     -0.03     0.07     1 
0130320248   41.20965    -73.96177     0.03     -0.00     0.03     1 
0130320250   41.20896    -73.88807     0.04     -0.01     0.04     1 
0130320251   41.20860    -73.85122     0.15     -0.05     0.16     1 
0130320252   41.20822    -73.81437     0.18     -0.13     0.22     1 
0130320253   41.20784    -73.77752     0.22      0.07     0.23     1 
0130320254   41.20744    -73.74067     0.13     -0.08     0.15     1 
0130320255   41.20703    -73.70382     0.39     -0.08     0.40     1 
0130320256   41.20661    -73.66697     0.38     -0.11     0.40     1 
0130320257   41.20618    -73.63013     0.23     -0.17     0.28     1 
0130320317   41.18603    -74.18321    -0.01      0.01     0.02     1 
0130320318   41.18576    -74.14637     0.06      0.03     0.06     1 
0130320319   41.18548    -74.10953     0.12     -0.07     0.14     1 
0130320320   41.18519    -74.07269     0.32     -0.01     0.32     1 
0130320321   41.18489    -74.03585     0.41      0.05     0.41     1 
0130320322   41.18458    -73.99901    -0.01     -0.02     0.02     1 
0130320325   41.18356    -73.88850    -0.39      0.06     0.40     1 
0130320326   41.18320    -73.85166     0.15     -0.01     0.15     1 
0130320327   41.18283    -73.81483     0.17      0.01     0.17     1 
0130320328   41.18244    -73.77799     0.12     -0.04     0.13     1 
0130320329   41.18205    -73.74116     0.21      0.02     0.21     1 
0130320330   41.18164    -73.70432     0.31     -0.11     0.33     1 
0130320331   41.18122    -73.66749     0.10     -0.03     0.10     1 
0130320332   41.18079    -73.63066     0.01     -0.01     0.02     1 
0130320333   41.18034    -73.59383    -0.24     -0.00     0.24     1 
0130320335   41.17942    -73.52017     0.07      0.04     0.08     1 
0130320336   41.17894    -73.48334     0.03      0.02     0.04     1 
0130320337   41.17845    -73.44651    -0.06     -0.06     0.09     1 
0130320392   41.16063    -74.18353     0.14      0.07     0.16     1 
0130320393   41.16036    -74.14670    -0.20      0.14     0.25     1 
0130320394   41.16008    -74.10987     0.12      0.19     0.22     1 
0130320395   41.15979    -74.07305     0.35      0.04     0.36     1 
0130320397   41.15918    -73.99940     0.17      0.12     0.21     1 
0130320398   41.15885    -73.96257    -0.12     -0.04     0.12     1 
0130320401   41.15780    -73.85210     0.18     -0.01     0.18     1 
0130320402   41.15743    -73.81528     0.17     -0.07     0.18     1 
0130320403   41.15705    -73.77846     0.02      0.08     0.08     1 
0130320404   41.15665    -73.74164     0.27      0.01     0.27     1 
0130320405   41.15624    -73.70482     0.22     -0.00     0.22     1 
0130320406   41.15582    -73.66800    -0.05      0.07     0.09     1 
0130320407   41.15539    -73.63119     0.09      0.05     0.10     1 
0130320408   41.15495    -73.59437     0.05      0.04     0.07     1 
0130320409   41.15449    -73.55755     0.19     -0.03     0.19     1 
0130320410   41.15402    -73.52074     0.18      0.01     0.18     1 
0130320411   41.15355    -73.48392     0.21     -0.08     0.23     1 
0130320412   41.15306    -73.44711     0.16      0.01     0.16     1 
0130320414   41.15204    -73.37349     0.05     -0.01     0.05     1 
0130320415   41.15151    -73.33667     0.43     -0.03     0.43     1 
0130320416   41.15098    -73.29986     0.26     -0.09     0.28     1 
0130320417   41.15043    -73.26306     0.07     -0.07     0.10     1 
0130320418   41.14986    -73.22625    -0.28     -0.20     0.35     1 
0130320467   41.13523    -74.18384     0.42      0.20     0.47     1 
0130320469   41.13468    -74.11022     0.42      0.08     0.43     1 
0130320470   41.13439    -74.07340     0.43      0.01     0.43     1 
0130320471   41.13409    -74.03659     0.29     -0.03     0.29     1 
0130320472   41.13378    -73.99978     0.28      0.07     0.28     1 
0130320473   41.13345    -73.96297     0.22     -0.07     0.23     1 
0130320474   41.13312    -73.92616     0.14      0.04     0.15     1 
0130320476   41.13241    -73.85255     0.28      0.11     0.30     1 
0130320477   41.13203    -73.81574     0.09      0.01     0.09     1 
0130320478   41.13165    -73.77893     0.21      0.03     0.21     1 
0130320479   41.13125    -73.74213     0.13      0.05     0.14     1 
0130320480   41.13085    -73.70532     0.22      0.06     0.22     1 
0130320481   41.13043    -73.66852     0.16     -0.01     0.16     1 
0130320482   41.13000    -73.63171     0.23      0.04     0.24     1 
0130320483   41.12955    -73.59491    -0.04     -0.02     0.04     1 
0130320484   41.12910    -73.55811     0.03      0.08     0.09     1 
0130320485   41.12863    -73.52131     0.24      0.06     0.24     1 
0130320486   41.12815    -73.48451     0.31      0.11     0.33     1 
0130320487   41.12766    -73.44771     0.23      0.14     0.27     1 
0130320488   41.12716    -73.41091     0.11      0.04     0.11     1 
0130320489   41.12665    -73.37411     0.02     -0.03     0.03     1 
0130320490   41.12612    -73.33732    -0.14      0.03     0.15     1 
0130320491   41.12558    -73.30052    -0.32     -0.18     0.37     1 
0130320542   41.10983    -74.18416     0.09      0.06     0.11     1 
0130320544   41.10928    -74.11056     0.40      0.09     0.41     1 
0130320545   41.10900    -74.07376     0.34      0.02     0.34     1 
0130320546   41.10869    -74.03696     0.07      0.02     0.07     1 
0130320547   41.10838    -74.00017     0.12      0.03     0.13     1 
0130320548   41.10806    -73.96337    -0.04     -0.05     0.07     1 
0130320549   41.10772    -73.92658     0.22     -0.09     0.24     1 
0130320551   41.10701    -73.85299     0.47     -0.10     0.48     1 
0130320552   41.10664    -73.81620     0.45     -0.09     0.46     1 
0130320553   41.10625    -73.77940     0.13     -0.00     0.13     1 
0130320554   41.10586    -73.74261    -0.26      0.02     0.26     1 
0130320555   41.10545    -73.70582     0.11     -0.00     0.11     1 
0130320556   41.10503    -73.66903     0.18      0.01     0.18     1 
0130320557   41.10460    -73.63224     0.00     -0.06     0.06     1 
0130320558   41.10416    -73.59545     0.12     -0.05     0.13     1 
0130320559   41.10370    -73.55867     0.00      0.05     0.05     1 
0130320560   41.10324    -73.52188     0.18     -0.03     0.18     1 
0130320561   41.10276    -73.48509     0.19      0.00     0.19     1 
0130320562   41.10227    -73.44831     0.18      0.05     0.18     1 
0130320563   41.10177    -73.41152    -0.22     -0.04     0.22     1 
0130320564   41.10125    -73.37474    -0.40     -0.18     0.44     1 
0130320617   41.08443    -74.18447    -0.05     -0.00     0.05     1 
0130320618   41.08416    -74.14769     0.16      0.03     0.16     1 
0130320619   41.08389    -74.11090     0.31      0.01     0.31     1 
0130320620   41.08360    -74.07412     0.36     -0.07     0.36     1 
0130320621   41.08329    -74.03734     0.36     -0.00     0.36     1 
0130320622   41.08298    -74.00055     0.27      0.02     0.27     1 
0130320623   41.08266    -73.96377    -0.20      0.02     0.20     1 
0130320624   41.08232    -73.92699    -0.09      0.04     0.09     1 
0130320626   41.08161    -73.85343     0.14     -0.03     0.15     1 
0130320627   41.08124    -73.81665     0.11      0.00     0.11     1 
0130320628   41.08085    -73.77987     0.15      0.07     0.17     1 
0130320629   41.08046    -73.74310    -0.28     -0.01     0.28     1 
0130320630   41.08005    -73.70632     0.29      0.06     0.29     1 
0130320631   41.07963    -73.66954     0.12      0.01     0.12     1 
0130320632   41.07920    -73.63277     0.17      0.04     0.17     1 
0130320633   41.07876    -73.59599     0.02      0.04     0.04     1 
0130320634   41.07831    -73.55922     0.07      0.08     0.10     1 
0130320635   41.07784    -73.52245     0.03      0.11     0.11     1 
0130320636   41.07736    -73.48568     0.05      0.08     0.09     1 
0130320637   41.07688    -73.44890     0.10      0.09     0.13     1 
0130320638   41.07637    -73.41214    -0.35     -0.09     0.36     1 
0130320639   41.07586    -73.37537    -0.26     -0.14     0.29     1 
0130320691   41.05928    -74.22155     0.14      0.07     0.16     1 
0130320693   41.05876    -74.14801     0.13      0.05     0.14     1 
0130320694   41.05849    -74.11124     0.21      0.06     0.22     1 
0130320695   41.05820    -74.07448     0.21      0.01     0.21     1 
0130320696   41.05790    -74.03771     0.39     -0.01     0.39     1 
0130320697   41.05758    -74.00094     0.32     -0.05     0.33     1 
0130320698   41.05726    -73.96417     0.22     -0.00     0.22     1 
0130320701   41.05621    -73.85387     0.08      0.05     0.10     1 
0130320702   41.05584    -73.81711     0.19      0.07     0.21     1 
0130320703   41.05546    -73.78034     0.18      0.02     0.18     1 
0130320704   41.05506    -73.74358    -0.02     -0.02     0.03     1 
0130320705   41.05466    -73.70682     0.17      0.00     0.17     1 
0130320706   41.05424    -73.67006     0.12      0.05     0.13     1 
0130320707   41.05381    -73.63330     0.14      0.02     0.14     1 
0130320708   41.05337    -73.59653     0.09     -0.00     0.09     1 
0130320709   41.05291    -73.55978     0.06     -0.06     0.08     1 
0130320711   41.05197    -73.48626    -0.34     -0.05     0.34     1 
0130320739   41.03386    -72.45748    -0.11     -0.04     0.12     1 
0130320740   41.03304    -72.42076    -0.07     -0.27     0.28     1 
0130320766   41.03388    -74.22185     0.16      0.12     0.20     1 
0130320767   41.03363    -74.18510     0.20      0.06     0.21     1 
0130320768   41.03336    -74.14834     0.26     -0.08     0.28     1 
0130320769   41.03309    -74.11159     0.16      0.04     0.16     1 
0130320770   41.03280    -74.07483     0.37      0.01     0.37     1 
0130320771   41.03249    -74.03808     0.04      0.04     0.06     1 
0130320772   41.03218    -74.00132     0.13     -0.06     0.15     1 
0130320773   41.03186    -73.96457     0.26      0.07     0.27     1 
0130320774   41.03152    -73.92782     0.37     -0.10     0.38     1 
0130320776   41.03081    -73.85431     0.20     -0.07     0.22     1 
0130320777   41.03044    -73.81756     0.25     -0.01     0.25     1 
0130320778   41.03006    -73.78081    -0.02     -0.01     0.02     1 
0130320779   41.02967    -73.74406     0.20     -0.01     0.20     1 
0130320780   41.02926    -73.70731     0.24     -0.04     0.24     1 
0130320781   41.02884    -73.67057     0.19      0.09     0.21     1 
0130320782   41.02841    -73.63382     0.00      0.07     0.07     1 
0130320783   41.02797    -73.59707    -0.18      0.01     0.18     1 
0130320784   41.02752    -73.56033    -0.15     -0.01     0.15     1 
0130320785   41.02705    -73.52358    -0.39     -0.08     0.40     1 
0130320811   41.01086    -72.56860     0.08      0.10     0.13     1 
0130320813   41.00928    -72.49517     0.05     -0.07     0.08     1 
0130320817   41.00600    -72.34834    -0.35     -0.13     0.37     1 
0130320818   41.00515    -72.31163    -0.40     -0.09     0.41     1 
0130320819   41.00428    -72.27493    -0.19     -0.19     0.26     1 
0130320820   41.00341    -72.23823     0.13     -0.34     0.36     1 
0130320841   41.00848    -74.22215     0.18      0.11     0.21     1 
0130320842   41.00823    -74.18541     0.19      0.00     0.19     1 
0130320843   41.00796    -74.14867     0.30      0.08     0.31     1 
0130320844   41.00769    -74.11193     0.15      0.15     0.21     1 
0130320845   41.00740    -74.07519     0.39      0.06     0.40     1 
0130320846   41.00710    -74.03845     0.12      0.12     0.17     1 
0130320847   41.00678    -74.00171     0.14      0.04     0.14     1 
0130320848   41.00646    -73.96497     0.33     -0.08     0.34     1 
0130320849   41.00612    -73.92823     0.31      0.04     0.31     1 
0130320850   41.00578    -73.89149    -0.05     -0.06     0.08     1 
0130320851   41.00542    -73.85475     0.16     -0.02     0.16     1 
0130320852   41.00505    -73.81802     0.23      0.05     0.23     1 
0130320853   41.00466    -73.78128     0.23      0.05     0.24     1 
0130320854   41.00427    -73.74455     0.35      0.03     0.35     1 
0130320855   41.00386    -73.70781     0.17      0.05     0.18     1 
0130320856   41.00345    -73.67108    -0.00      0.00     0.00     1 
0130320857   41.00302    -73.63434    -0.43     -0.16     0.45     1 
0130320884   40.98700    -72.64293     0.48     -0.04     0.48     1 
0130320885   40.98624    -72.60623     0.18      0.01     0.18     1 
0130320887   40.98470    -72.53283    -0.20     -0.11     0.23     1 
0130320888   40.98391    -72.49613    -0.50      0.00     0.50     1 
0130320889   40.98310    -72.45943    -0.15     -0.15     0.21     1 
0130320893   40.97977    -72.31266     0.30     -0.13     0.33     1 
0130320896   40.97715    -72.20260    -0.06     -0.10     0.12     1 
0130320897   40.97626    -72.16592     0.08     -0.07     0.10     1 
0130320916   40.98308    -74.22245    -0.13      0.12     0.17     1 
0130320917   40.98283    -74.18572     0.25      0.13     0.28     1 
0130320918   40.98256    -74.14900     0.27      0.03     0.27     1 
0130320919   40.98228    -74.11227     0.14      0.05     0.14     1 
0130320920   40.98200    -74.07554     0.27      0.04     0.28     1 
0130320921   40.98170    -74.03881     0.31      0.03     0.31     1 
0130320922   40.98138    -74.00209    -0.02      0.07     0.07     1 
0130320923   40.98106    -73.96537     0.05      0.03     0.06     1 
0130320926   40.98002    -73.85519     0.20     -0.01     0.20     1 
0130320927   40.97965    -73.81847     0.22      0.11     0.24     1 
0130320928   40.97927    -73.78175     0.24     -0.02     0.25     1 
0130320929   40.97887    -73.74503     0.20      0.08     0.21     1 
0130320930   40.97847    -73.70831     0.07     -0.04     0.08     1 
0130320931   40.97805    -73.67159    -0.16     -0.09     0.19     1 
0130320932   40.97762    -73.63487    -0.18     -0.06     0.19     1 
0130320946   40.97039    -73.12090     0.05      0.02     0.05     1 
0130320947   40.96978    -73.08419    -0.08      0.08     0.11     1 
0130320948   40.96917    -73.04749     0.17     -0.27     0.31     1 
0130320955   40.96453    -72.79060     0.46     -0.00     0.46     1 
0130320960   40.96086    -72.60715     0.12      0.01     0.12     1 
0130320966   40.95608    -72.38705    -0.12     -0.05     0.13     1 
0130320967   40.95524    -72.35037     0.00     -0.12     0.12     1 
0130320968   40.95440    -72.31369    -0.06      0.11     0.13     1 
0130320969   40.95354    -72.27702    -0.06     -0.10     0.12     1 
0130320970   40.95266    -72.24035    -0.08     -0.10     0.13     1 
0130320971   40.95178    -72.20367     0.01     -0.18     0.18     1 
0130320991   40.95768    -74.22275     0.01      0.14     0.14     1 
0130320992   40.95743    -74.18604     0.31      0.08     0.32     1 
0130320993   40.95716    -74.14932     0.13      0.16     0.21     1 
0130320994   40.95688    -74.11261     0.36      0.09     0.37     1 
0130320995   40.95660    -74.07590     0.05     -0.01     0.05     1 
0130320996   40.95630    -74.03918     0.32      0.02     0.32     1 
0130320997   40.95598    -74.00247     0.28      0.01     0.29     1 
0130320998   40.95566    -73.96576     0.40      0.01     0.40     1 
0130320999   40.95533    -73.92905     0.41      0.01     0.41     1 
0130321000   40.95498    -73.89234    -0.04     -0.02     0.04     1 
0130321001   40.95462    -73.85563     0.08      0.09     0.12     1 
0130321002   40.95425    -73.81892     0.12      0.02     0.12     1 
0130321003   40.95387    -73.78222     0.26     -0.01     0.26     1 
0130321004   40.95347    -73.74551     0.04      0.04     0.05     1 
0130321005   40.95307    -73.70880    -0.14     -0.12     0.18     1 
0130321006   40.95265    -73.67210    -0.34     -0.25     0.43     1 
0130321011   40.95039    -73.48858     0.34     -0.35     0.49     1 
0130321021   40.94500    -73.12162     0.39     -0.01     0.39     1 
0130321022   40.94439    -73.08493     0.16      0.05     0.17     1 
0130321023   40.94378    -73.04824     0.36      0.04     0.36     1 
0130321024   40.94315    -73.01155     0.38     -0.04     0.38     1 
0130321025   40.94251    -72.97486     0.36     -0.04     0.37     1 
0130321026   40.94186    -72.93818     0.20      0.00     0.20     1 
0130321027   40.94120    -72.90149     0.44      0.14     0.46     1 
0130321028   40.94053    -72.86481     0.21     -0.02     0.21     1 
0130321029   40.93984    -72.82813     0.20      0.06     0.21     1 
0130321031   40.93843    -72.75477    -0.04      0.04     0.06     1 
0130321032   40.93771    -72.71809     0.10     -0.09     0.13     1 
0130321033   40.93698    -72.68141    -0.13      0.07     0.15     1 
0130321034   40.93624    -72.64474     0.12     -0.03     0.12     1 
0130321035   40.93548    -72.60806    -0.18     -0.06     0.19     1 
0130321036   40.93472    -72.57139    -0.35      0.03     0.35     1 
0130321040   40.93153    -72.42471    -0.11     -0.12     0.16     1 
0130321041   40.93071    -72.38805     0.31      0.04     0.31     1 
0130321043   40.92902    -72.31472    -0.23     -0.05     0.24     1 
0130321044   40.92816    -72.27806    -0.37     -0.21     0.42     1 
0130321045   40.92729    -72.24140     0.09      0.26     0.28     1 
0130321065   40.93252    -74.25975     0.15     -0.02     0.15     1 
0130321066   40.93228    -74.22305     0.05      0.01     0.05     1 
0130321067   40.93203    -74.18635     0.04      0.05     0.07     1 
0130321068   40.93176    -74.14965    -0.16      0.04     0.17     1 
0130321069   40.93149    -74.11295     0.23      0.15     0.28     1 
0130321070   40.93120    -74.07625     0.20      0.06     0.21     1 
0130321071   40.93090    -74.03955     0.11      0.07     0.13     1 
0130321072   40.93059    -74.00285     0.14      0.04     0.15     1 
0130321073   40.93026    -73.96616     0.15      0.06     0.16     1 
0130321074   40.92993    -73.92946     0.24     -0.03     0.24     1 
0130321075   40.92958    -73.89276     0.01      0.04     0.04     1 
0130321076   40.92922    -73.85607    -0.00      0.06     0.06     1 
0130321077   40.92885    -73.81938     0.11     -0.02     0.11     1 
0130321078   40.92847    -73.78268     0.09      0.01     0.09     1 
0130321079   40.92808    -73.74599    -0.14     -0.07     0.16     1 
0130321086   40.92500    -73.48916    -0.17      0.45     0.48     1 
0130321087   40.92451    -73.45247     0.10     -0.17     0.20     1 
0130321089   40.92350    -73.37910    -0.37     -0.29     0.46     1 
0130321090   40.92298    -73.34242     0.31      0.18     0.36     1 
0130321091   40.92245    -73.30574     0.44     -0.04     0.44     1 
0130321095   40.92020    -73.15902     0.19     -0.09     0.21     1 
0130321096   40.91961    -73.12234     0.11      0.00     0.11     1 
0130321097   40.91900    -73.08566     0.33      0.00     0.33     1 
0130321098   40.91839    -73.04899     0.04     -0.04     0.05     1 
0130321099   40.91776    -73.01231     0.20     -0.04     0.21     1 
0130321100   40.91712    -72.97564     0.39      0.19     0.44     1 
0130321101   40.91647    -72.93897     0.22     -0.03     0.22     1 
0130321102   40.91581    -72.90230     0.26      0.03     0.26     1 
0130321103   40.91514    -72.86563     0.06     -0.05     0.08     1 
0130321104   40.91445    -72.82896     0.14      0.09     0.17     1 
0130321105   40.91376    -72.79229    -0.01     -0.06     0.06     1 
0130321106   40.91305    -72.75563     0.17     -0.03     0.17     1 
0130321107   40.91233    -72.71896    -0.11      0.05     0.12     1 
0130321108   40.91160    -72.68230    -0.04     -0.04     0.06     1 
0130321109   40.91086    -72.64564    -0.20     -0.08     0.22     1 
0130321110   40.91010    -72.60898    -0.09     -0.11     0.14     1 
0130321111   40.90933    -72.57232    -0.19      0.04     0.19     1 
0130321114   40.90697    -72.46235    -0.14     -0.06     0.16     1 
0130321115   40.90615    -72.42570     0.06     -0.09     0.10     1 
0130321116   40.90533    -72.38905    -0.16     -0.05     0.17     1 
0130321117   40.90449    -72.35240    -0.30     -0.01     0.30     1 
0130321118   40.90364    -72.31575     0.22     -0.13     0.25     1 
0130321140   40.90712    -74.26003     0.05      0.02     0.05     1 
0130321141   40.90688    -74.22334     0.26      0.08     0.27     1 
0130321142   40.90662    -74.18666    -0.02      0.02     0.03     1 
0130321143   40.90636    -74.14997    -0.04      0.05     0.06     1 
0130321144   40.90608    -74.11329    -0.01     -0.05     0.05     1 
0130321146   40.90550    -74.03992     0.06     -0.13     0.14     1 
0130321147   40.90519    -74.00324     0.17     -0.03     0.17     1 
0130321148   40.90486    -73.96655     0.06     -0.02     0.06     1 
0130321150   40.90418    -73.89319     0.36      0.04     0.36     1 
0130321151   40.90382    -73.85651    -0.03      0.01     0.03     1 
0130321152   40.90345    -73.81983     0.06     -0.05     0.08     1 
0130321153   40.90307    -73.78315     0.03      0.01     0.04     1 
0130321157   40.90143    -73.63644     0.16     -0.05     0.17     1 
0130321158   40.90099    -73.59976     0.11      0.14     0.18     1 
0130321159   40.90054    -73.56309    -0.27     -0.09     0.29     1 
0130321160   40.90008    -73.52641    -0.37     -0.09     0.38     1 
0130321162   40.89912    -73.45307     0.19      0.12     0.23     1 
0130321163   40.89862    -73.41639     0.26      0.20     0.32     1 
0130321164   40.89811    -73.37972     0.28     -0.00     0.28     1 
0130321165   40.89759    -73.34305     0.12      0.04     0.13     1 
0130321166   40.89706    -73.30639     0.50      0.03     0.50     2 
0130321167   40.89651    -73.26972     0.34     -0.01     0.34     1 
0130321168   40.89596    -73.23305     0.31     -0.00     0.31     1 
0130321169   40.89539    -73.19639     0.22      0.19     0.29     1 
0130321170   40.89481    -73.15972     0.29      0.09     0.31     1 
0130321171   40.89422    -73.12306     0.29      0.01     0.29     1 
0130321172   40.89361    -73.08639     0.10     -0.02     0.11     1 
0130321173   40.89300    -73.04973     0.21     -0.01     0.21     1 
0130321174   40.89237    -73.01307     0.13      0.02     0.13     1 
0130321175   40.89174    -72.97641     0.29      0.05     0.29     1 
0130321176   40.89109    -72.93976     0.10     -0.10     0.14     1 
0130321177   40.89043    -72.90310     0.34      0.07     0.35     1 
0130321178   40.88975    -72.86644     0.07     -0.01     0.07     1 
0130321179   40.88907    -72.82979     0.01      0.08     0.08     1 
0130321180   40.88837    -72.79314     0.15     -0.06     0.16     1 
0130321181   40.88767    -72.75648     0.34     -0.16     0.38     1 
0130321182   40.88695    -72.71984     0.06     -0.01     0.06     1 
0130321183   40.88622    -72.68319     0.02     -0.05     0.05     1 
0130321184   40.88547    -72.64654     0.07      0.03     0.07     1 
0130321185   40.88472    -72.60989     0.16     -0.01     0.16     1 
0130321186   40.88395    -72.57325    -0.08     -0.16     0.18     1 
0130321187   40.88318    -72.53660     0.04     -0.05     0.07     1 
0130321188   40.88239    -72.49996    -0.14     -0.05     0.14     1 
0130321190   40.88077    -72.42668    -0.10     -0.12     0.16     1 
0130321191   40.87995    -72.39005    -0.08     -0.10     0.13     1 
0130321192   40.87912    -72.35341     0.11     -0.21     0.23     1 
0130321215   40.88172    -74.26032    -0.04      0.05     0.07     1 
0130321216   40.88148    -74.22364    -0.04      0.11     0.11     1 
0130321217   40.88122    -74.18697    -0.05     -0.01     0.05     1 
0130321218   40.88096    -74.15030    -0.11      0.07     0.13     1 
0130321219   40.88068    -74.11363    -0.01      0.09     0.09     1 
0130321220   40.88040    -74.07696    -0.05      0.09     0.11     1 
0130321221   40.88010    -74.04029    -0.04     -0.02     0.04     1 
0130321222   40.87978    -74.00362     0.02     -0.03     0.03     1 
0130321223   40.87946    -73.96695     0.30     -0.03     0.30     1 
0130321224   40.87913    -73.93028    -0.11     -0.04     0.12     1 
0130321227   40.87806    -73.82028     0.23     -0.08     0.25     1 
0130321228   40.87767    -73.78361    -0.22     -0.29     0.37     1 
0130321232   40.87604    -73.63696     0.40      0.20     0.45     1 
0130321233   40.87560    -73.60030     0.32      0.10     0.33     1 
0130321234   40.87515    -73.56364     0.25      0.06     0.26     1 
0130321235   40.87468    -73.52697     0.41     -0.03     0.41     1 
0130321237   40.87372    -73.45366     0.19      0.01     0.19     1 
0130321238   40.87322    -73.41700     0.17      0.08     0.19     1 
0130321239   40.87272    -73.38034     0.26      0.07     0.27     1 
0130321240   40.87219    -73.34369     0.21      0.02     0.21     1 
0130321241   40.87166    -73.30703     0.30      0.05     0.30     1 
0130321242   40.87112    -73.27038     0.35      0.04     0.35     1 
0130321243   40.87056    -73.23373     0.21      0.03     0.21     1 
0130321244   40.87000    -73.19707     0.11     -0.07     0.13     1 
0130321245   40.86942    -73.16042     0.31     -0.03     0.31     1 
0130321246   40.86883    -73.12377     0.04      0.08     0.09     1 
0130321247   40.86823    -73.08713     0.29      0.00     0.29     1 
0130321248   40.86761    -73.05048     0.03     -0.01     0.03     1 
0130321249   40.86698    -73.01383     0.15     -0.02     0.15     1 
0130321250   40.86635    -72.97719     0.32     -0.03     0.33     1 
0130321251   40.86570    -72.94054     0.30     -0.10     0.31     1 
0130321252   40.86504    -72.90390     0.21      0.05     0.21     1 
0130321253   40.86437    -72.86726     0.17     -0.07     0.19     1 
0130321254   40.86368    -72.83062     0.11      0.07     0.13     1 
0130321255   40.86299    -72.79398     0.13      0.01     0.13     1 
0130321257   40.86156    -72.72071     0.09      0.01     0.09     1 
0130321259   40.86009    -72.64744    -0.12     -0.06     0.14     1 
0130321260   40.85934    -72.61080     0.15     -0.05     0.16     1 
0130321261   40.85857    -72.57417     0.04     -0.08     0.08     1 
0130321262   40.85780    -72.53754    -0.21     -0.12     0.25     1 
0130321263   40.85701    -72.50092    -0.18     -0.14     0.23     1 
0130321265   40.85540    -72.42767     0.00     -0.05     0.05     1 
0130321290   40.85632    -74.26060     0.44     -0.02     0.44     1 
0130321291   40.85607    -74.22394     0.25      0.00     0.25     1 
0130321292   40.85582    -74.18728     0.19     -0.02     0.19     1 
0130321293   40.85556    -74.15062    -0.03      0.08     0.08     1 
0130321294   40.85528    -74.11397    -0.11     -0.01     0.11     1 
0130321295   40.85500    -74.07731    -0.06      0.00     0.06     1 
0130321296   40.85470    -74.04065    -0.08      0.05     0.09     1 
0130321297   40.85439    -74.00400    -0.01     -0.02     0.02     1 
0130321298   40.85406    -73.96734     0.04     -0.05     0.07     1 
0130321299   40.85373    -73.93069     0.11     -0.13     0.17     1 
0130321300   40.85338    -73.89404     0.02      0.03     0.04     1 
0130321302   40.85266    -73.82073    -0.11     -0.09     0.14     1 
0130321303   40.85228    -73.78408    -0.24     -0.22     0.33     1 
0130321305   40.85148    -73.71078     0.29      0.06     0.29     1 
0130321307   40.85064    -73.63748     0.15      0.01     0.15     1 
0130321308   40.85020    -73.60083     0.14      0.06     0.16     1 
0130321309   40.84975    -73.56418     0.49      0.03     0.49     1 
0130321310   40.84929    -73.52754     0.36      0.07     0.37     1 
0130321311   40.84881    -73.49089     0.36      0.15     0.39     1 
0130321312   40.84833    -73.45425     0.35      0.25     0.44     1 
0130321313   40.84783    -73.41760     0.19      0.10     0.22     1 
0130321314   40.84732    -73.38096     0.32      0.17     0.36     1 
0130321315   40.84680    -73.34432     0.38      0.07     0.39     1 
0130321316   40.84627    -73.30768     0.08      0.09     0.12     1 
0130321317   40.84573    -73.27104     0.12      0.03     0.13     1 
0130321318   40.84517    -73.23440     0.09      0.01     0.09     1 
0130321319   40.84461    -73.19776     0.13      0.01     0.13     1 
0130321320   40.84403    -73.16113     0.19     -0.07     0.20     1 
0130321321   40.84344    -73.12449     0.32     -0.01     0.32     1 
0130321322   40.84284    -73.08786     0.33      0.09     0.34     1 
0130321323   40.84222    -73.05122     0.10      0.04     0.10     1 
0130321324   40.84160    -73.01459     0.21      0.07     0.22     1 
0130321325   40.84096    -72.97796     0.23      0.08     0.24     1 
0130321326   40.84031    -72.94133     0.25      0.12     0.28     1 
0130321327   40.83965    -72.90470     0.22      0.02     0.22     1 
0130321328   40.83898    -72.86807     0.37      0.05     0.38     1 
0130321329   40.83830    -72.83145     0.28     -0.15     0.32     1 
0130321330   40.83760    -72.79482     0.21      0.05     0.22     1 
0130321331   40.83690    -72.75820     0.26      0.17     0.31     1 
0130321332   40.83618    -72.72158     0.16      0.04     0.16     1 
0130321333   40.83545    -72.68496     0.14     -0.13     0.19     1 
0130321334   40.83471    -72.64834    -0.11     -0.06     0.13     1 
0130321335   40.83396    -72.61172     0.06     -0.03     0.07     1 
0130321336   40.83319    -72.57510    -0.29     -0.16     0.33     1 
0130321338   40.83163    -72.50187    -0.12     -0.31     0.33     1 
0130321365   40.83091    -74.26088     0.32     -0.01     0.32     1 
0130321366   40.83067    -74.22423     0.16     -0.02     0.16     1 
0130321367   40.83042    -74.18759     0.23      0.05     0.23     1 
0130321368   40.83016    -74.15095    -0.04      0.08     0.08     1 
0130321369   40.82988    -74.11430    -0.00     -0.01     0.01     1 
0130321370   40.82959    -74.07766    -0.16      0.04     0.17     1 
0130321371   40.82930    -74.04102    -0.07      0.08     0.11     1 
0130321372   40.82899    -74.00438     0.01      0.03     0.04     1 
0130321374   40.82833    -73.93110    -0.05     -0.03     0.06     1 
0130321375   40.82798    -73.89446     0.05     -0.04     0.06     1 
0130321377   40.82726    -73.82118     0.00     -0.21     0.21     1 
0130321379   40.82649    -73.74791     0.17      0.10     0.19     1 
0130321380   40.82608    -73.71127    -0.14      0.42     0.44     1 
0130321381   40.82567    -73.67463     0.27      0.19     0.33     1 
0130321382   40.82524    -73.63800     0.17      0.04     0.18     1 
0130321383   40.82480    -73.60137     0.37      0.06     0.38     1 
0130321385   40.82389    -73.52810     0.38      0.01     0.38     1 
0130321386   40.82342    -73.49147     0.14     -0.10     0.17     1 
0130321387   40.82293    -73.45484     0.26      0.04     0.26     1 
0130321388   40.82244    -73.41821     0.13      0.01     0.14     1 
0130321389   40.82193    -73.38158     0.32      0.14     0.35     1 
0130321390   40.82141    -73.34495     0.45      0.12     0.47     1 
0130321391   40.82088    -73.30832     0.37      0.06     0.38     1 
0130321392   40.82034    -73.27170     0.10      0.10     0.14     1 
0130321393   40.81978    -73.23507     0.12     -0.05     0.12     1 
0130321394   40.81921    -73.19845     0.04      0.09     0.09     1 
0130321395   40.81864    -73.16183     0.10      0.13     0.16     1 
0130321396   40.81805    -73.12521     0.19      0.09     0.22     1 
0130321397   40.81744    -73.08859     0.15      0.01     0.15     1 
0130321398   40.81683    -73.05197     0.10     -0.02     0.10     1 
0130321399   40.81621    -73.01535     0.22      0.06     0.22     1 
0130321400   40.81557    -72.97873     0.09      0.02     0.09     1 
0130321401   40.81493    -72.94212     0.18     -0.01     0.18     1 
0130321402   40.81427    -72.90550     0.27      0.10     0.29     1 
0130321403   40.81359    -72.86889     0.13      0.10     0.16     1 
0130321404   40.81291    -72.83227     0.17      0.04     0.18     1 
0130321405   40.81222    -72.79566     0.21     -0.02     0.21     1 
0130321406   40.81151    -72.75905     0.15      0.08     0.17     1 
0130321407   40.81080    -72.72244    -0.12     -0.11     0.16     1 
0130321408   40.81007    -72.68584    -0.04     -0.05     0.07     1 
0130321409   40.80933    -72.64923     0.02     -0.05     0.05     1 
0130321410   40.80857    -72.61263     0.21     -0.05     0.22     1 
0130321439   40.80574    -74.29779     0.25     -0.06     0.26     1 
0130321440   40.80551    -74.26116     0.06      0.02     0.06     1 
0130321441   40.80527    -74.22453     0.17      0.01     0.17     1 
0130321442   40.80502    -74.18790     0.19     -0.03     0.19     1 
0130321443   40.80476    -74.15127     0.06     -0.02     0.06     1 
0130321444   40.80448    -74.11464    -0.09     -0.20     0.22     1 
0130321445   40.80419    -74.07801    -0.20      0.00     0.20     1 
0130321446   40.80389    -74.04139    -0.18     -0.10     0.21     1 
0130321447   40.80358    -74.00476    -0.03     -0.01     0.03     1 
0130321449   40.80293    -73.93151    -0.05      0.04     0.06     1 
0130321450   40.80259    -73.89488    -0.26     -0.04     0.26     1 
0130321451   40.80223    -73.85825    -0.42     -0.09     0.43     1 
0130321452   40.80186    -73.82163    -0.04     -0.17     0.17     1 
0130321453   40.80148    -73.78501    -0.28     -0.09     0.30     1 
0130321454   40.80109    -73.74838    -0.16      0.18     0.24     1 
0130321455   40.80069    -73.71176     0.11      0.03     0.12     1 
0130321456   40.80027    -73.67514     0.10      0.08     0.13     1 
0130321457   40.79984    -73.63852     0.10      0.10     0.14     1 
0130321458   40.79941    -73.60190     0.43      0.06     0.44     1 
0130321459   40.79896    -73.56528     0.38      0.18     0.42     1 
0130321460   40.79850    -73.52866     0.07      0.08     0.10     1 
0130321461   40.79802    -73.49204     0.07      0.09     0.11     1 
0130321463   40.79704    -73.41881     0.11      0.04     0.12     1 
0130321464   40.79653    -73.38220     0.16      0.05     0.17     1 
0130321465   40.79601    -73.34558     0.20     -0.07     0.21     1 
0130321466   40.79548    -73.30897     0.19     -0.03     0.20     1 
0130321467   40.79494    -73.27236     0.08      0.05     0.09     1 
0130321468   40.79439    -73.23575     0.16      0.00     0.16     1 
0130321469   40.79382    -73.19914     0.06     -0.03     0.06     1 
0130321470   40.79324    -73.16253     0.34      0.01     0.34     1 
0130321471   40.79266    -73.12592    -0.08      0.04     0.09     1 
0130321472   40.79205    -73.08931    -0.01      0.14     0.14     1 
0130321473   40.79144    -73.05271     0.18      0.08     0.20     1 
0130321474   40.79082    -73.01610     0.10      0.09     0.13     1 
0130321475   40.79018    -72.97950     0.15      0.08     0.16     1 
0130321477   40.78888    -72.90630     0.29      0.03     0.30     1 
0130321478   40.78821    -72.86970     0.23      0.07     0.24     1 
0130321479   40.78753    -72.83310    -0.12      0.03     0.12     1 
0130321480   40.78683    -72.79650    -0.06     -0.07     0.10     1 
0130321481   40.78613    -72.75991    -0.08      0.03     0.09     1 
0130321482   40.78541    -72.72331     0.00     -0.20     0.20     1 
0130321514   40.78034    -74.29806     0.22      0.00     0.22     1 
0130321515   40.78011    -74.26144     0.27     -0.01     0.27     1 
0130321516   40.77987    -74.22483     0.00      0.00     0.00     1 
0130321517   40.77962    -74.18821    -0.03      0.03     0.05     1 
0130321518   40.77936    -74.15160    -0.08      0.00     0.08     1 
0130321519   40.77908    -74.11498    -0.28     -0.18     0.34     1 
0130321520   40.77879    -74.07837    -0.03      0.08     0.08     1 
0130321523   40.77786    -73.96852     0.02     -0.06     0.06     1 
0130321524   40.77753    -73.93191    -0.09     -0.10     0.14     1 
0130321525   40.77719    -73.89530    -0.15     -0.03     0.15     1 
0130321526   40.77683    -73.85869    -0.26     -0.14     0.29     1 
0130321527   40.77646    -73.82208    -0.03     -0.02     0.04     1 
0130321528   40.77608    -73.78547     0.09     -0.03     0.10     1 
0130321529   40.77569    -73.74886    -0.03      0.20     0.20     1 
0130321530   40.77529    -73.71225     0.19      0.05     0.19     1 
0130321531   40.77487    -73.67564     0.24      0.02     0.24     1 
0130321532   40.77445    -73.63904     0.29      0.02     0.29     1 
0130321533   40.77401    -73.60243     0.20      0.06     0.21     1 
0130321534   40.77356    -73.56583     0.06      0.03     0.07     1 
0130321535   40.77310    -73.52922    -0.11      0.01     0.11     1 
0130321536   40.77263    -73.49262     0.13      0.03     0.13     1 
0130321537   40.77214    -73.45601     0.12      0.05     0.13     1 
0130321538   40.77165    -73.41941    -0.07      0.06     0.09     1 
0130321539   40.77114    -73.38281     0.20      0.08     0.22     1 
0130321540   40.77062    -73.34621     0.16      0.13     0.21     1 
0130321541   40.77009    -73.30961     0.08      0.06     0.10     1 
0130321542   40.76955    -73.27302     0.15      0.02     0.15     1 
0130321543   40.76900    -73.23642     0.14      0.06     0.15     1 
0130321544   40.76843    -73.19982     0.10      0.05     0.12     1 
0130321545   40.76785    -73.16323     0.17      0.09     0.19     1 
0130321546   40.76727    -73.12663     0.13     -0.05     0.14     1 
0130321547   40.76667    -73.09004     0.02     -0.03     0.04     1 
0130321548   40.76605    -73.05345     0.09     -0.03     0.10     1 
0130321549   40.76543    -73.01686    -0.01     -0.02     0.02     1 
0130321550   40.76480    -72.98027     0.06     -0.04     0.07     1 
0130321551   40.76415    -72.94368     0.16      0.03     0.17     1 
0130321552   40.76349    -72.90710     0.02      0.05     0.06     1 
0130321554   40.76214    -72.83393     0.10     -0.01     0.10     1 
0130321555   40.76145    -72.79734     0.12     -0.07     0.15     1 
0130321556   40.76074    -72.76076    -0.02     -0.06     0.07     1 
0130321589   40.75494    -74.29833     0.19      0.02     0.19     1 
0130321590   40.75471    -74.26172     0.25      0.04     0.25     1 
0130321591   40.75447    -74.22512     0.01      0.00     0.01     1 
0130321592   40.75422    -74.18852     0.07     -0.16     0.18     1 
0130321593   40.75395    -74.15192    -0.10     -0.03     0.10     1 
0130321594   40.75368    -74.11532    -0.23     -0.01     0.23     1 
0130321595   40.75339    -74.07872    -0.16     -0.14     0.21     1 
0130321596   40.75309    -74.04211     0.04     -0.06     0.08     1 
0130321600   40.75179    -73.89572    -0.05      0.00     0.05     1 
0130321601   40.75143    -73.85912     0.02      0.05     0.05     1 
0130321602   40.75106    -73.82253     0.13      0.08     0.15     1 
0130321603   40.75068    -73.78593    -0.02     -0.04     0.05     1 
0130321604   40.75029    -73.74934     0.03     -0.06     0.07     1 
0130321605   40.74989    -73.71274     0.11     -0.01     0.11     1 
0130321606   40.74948    -73.67615    -0.00      0.01     0.01     1 
0130321607   40.74905    -73.63956    -0.04      0.00     0.04     1 
0130321608   40.74861    -73.60296     0.00      0.03     0.03     1 
0130321609   40.74816    -73.56637     0.08      0.07     0.11     1 
0130321610   40.74770    -73.52978    -0.01      0.10     0.10     1 
0130321611   40.74723    -73.49319     0.14      0.16     0.21     1 
0130321612   40.74675    -73.45660     0.38      0.10     0.40     1 
0130321613   40.74625    -73.42002    -0.06      0.07     0.09     1 
0130321614   40.74575    -73.38343     0.03      0.15     0.16     1 
0130321615   40.74523    -73.34684     0.16      0.03     0.17     1 
0130321616   40.74470    -73.31026    -0.01      0.10     0.10     1 
0130321617   40.74416    -73.27367     0.23      0.08     0.25     1 
0130321619   40.74304    -73.20051     0.15     -0.01     0.15     1 
0130321620   40.74246    -73.16393     0.05      0.02     0.06     1 
0130321621   40.74188    -73.12735     0.04      0.08     0.09     1 
0130321622   40.74128    -73.09077     0.12      0.04     0.13     1 
0130321623   40.74066    -73.05419     0.18     -0.02     0.18     1 
0130321624   40.74004    -73.01761    -0.22     -0.10     0.24     1 
0130321625   40.73941    -72.98104    -0.24     -0.15     0.28     1 
0130321626   40.73876    -72.94446    -0.10     -0.17     0.20     1 
0130321627   40.73810    -72.90789    -0.24     -0.06     0.25     1 
0130321628   40.73743    -72.87132     0.22      0.14     0.26     1 
0130321664   40.72953    -74.29859     0.01      0.03     0.03     1 
0130321665   40.72931    -74.26201     0.14      0.08     0.16     1 
0130321666   40.72907    -74.22542    -0.10     -0.02     0.10     1 
0130321667   40.72881    -74.18883    -0.02      0.09     0.09     1 
0130321668   40.72855    -74.15224    -0.15     -0.04     0.16     1 
0130321669   40.72828    -74.11565    -0.03      0.01     0.03     1 
0130321670   40.72799    -74.07907     0.03      0.06     0.06     1 
0130321671   40.72769    -74.04248    -0.12     -0.07     0.14     1 
0130321672   40.72738    -74.00589    -0.01     -0.14     0.14     1 
0130321673   40.72706    -73.96931    -0.02     -0.12     0.12     1 
0130321674   40.72673    -73.93272    -0.21      0.02     0.21     1 
0130321676   40.72603    -73.85956     0.02     -0.10     0.10     1 
0130321677   40.72566    -73.82297     0.08      0.15     0.17     1 
0130321678   40.72528    -73.78639    -0.02      0.14     0.14     1 
0130321679   40.72489    -73.74981     0.02      0.05     0.05     1 
0130321680   40.72449    -73.71323    -0.06      0.05     0.08     1 
0130321681   40.72408    -73.67665     0.12      0.01     0.12     1 
0130321682   40.72365    -73.64007     0.10      0.02     0.11     1 
0130321683   40.72322    -73.60349    -0.04      0.10     0.11     1 
0130321684   40.72277    -73.56692     0.06     -0.03     0.07     1 
0130321685   40.72231    -73.53034     0.00     -0.06     0.06     1 
0130321686   40.72184    -73.49376    -0.07      0.03     0.07     1 
0130321687   40.72135    -73.45719     0.01     -0.03     0.03     1 
0130321688   40.72086    -73.42062    -0.10      0.12     0.15     1 
0130321689   40.72035    -73.38404     0.06      0.10     0.12     1 
0130321690   40.71983    -73.34747     0.16      0.12     0.20     1 
0130321691   40.71930    -73.31090     0.15      0.05     0.15     1 
0130321692   40.71876    -73.27433     0.10     -0.07     0.12     1 
0130321693   40.71821    -73.23776    -0.10     -0.01     0.10     1 
0130321694   40.71765    -73.20119    -0.02      0.03     0.03     1 
0130321695   40.71707    -73.16463     0.28      0.04     0.28     1 
0130321696   40.71648    -73.12806    -0.18      0.02     0.18     1 
0130321738   40.70435    -74.33544     0.17      0.07     0.19     1 
0130321739   40.70413    -74.29886     0.19      0.06     0.20     1 
0130321740   40.70390    -74.26229     0.09     -0.06     0.10     1 
0130321741   40.70366    -74.22571    -0.21      0.15     0.26     1 
0130321742   40.70341    -74.18914    -0.13      0.03     0.14     1 
0130321743   40.70315    -74.15256    -0.24      0.03     0.24     1 
0130321744   40.70287    -74.11599    -0.28     -0.04     0.28     1 
0130321746   40.70229    -74.04284    -0.12      0.13     0.18     1 
0130321747   40.70198    -74.00627    -0.14      0.13     0.19     1 
0130321748   40.70166    -73.96970    -0.01      0.04     0.04     1 
0130321750   40.70099    -73.89656     0.01      0.04     0.04     1 
0130321751   40.70063    -73.85999     0.22     -0.00     0.22     1 
0130321752   40.70026    -73.82342    -0.01      0.09     0.09     1 
0130321753   40.69989    -73.78685    -0.15      0.01     0.15     1 
0130321755   40.69909    -73.71372     0.13     -0.07     0.15     1 
0130321756   40.69868    -73.67715     0.13      0.00     0.13     1 
0130321757   40.69826    -73.64059    -0.07      0.01     0.07     1 
0130321758   40.69782    -73.60402     0.11      0.08     0.14     1 
0130321759   40.69737    -73.56746     0.15      0.13     0.19     1 
0130321760   40.69691    -73.53090     0.13      0.04     0.14     1 
0130321761   40.69644    -73.49434     0.17      0.04     0.17     1 
0130321762   40.69596    -73.45778     0.27     -0.06     0.28     1 
0130321763   40.69546    -73.42122     0.15      0.04     0.16     1 
0130321764   40.69496    -73.38466     0.06     -0.07     0.09     1 
0130321765   40.69444    -73.34810     0.02      0.04     0.04     1 
0130321766   40.69391    -73.31154    -0.02      0.05     0.06     1 
0130321767   40.69337    -73.27499    -0.08      0.06     0.10     1 
0130321770   40.69168    -73.16532    -0.14     -0.15     0.20     1 
0130321813   40.67894    -74.33569    -0.01     -0.02     0.02     1 
0130321814   40.67873    -74.29913     0.14      0.03     0.14     1 
0130321815   40.67850    -74.26257     0.17      0.07     0.19     1 
0130321816   40.67826    -74.22601     0.19      0.08     0.20     1 
0130321817   40.67801    -74.18944    -0.08      0.09     0.12     1 
0130321818   40.67775    -74.15288    -0.24      0.10     0.26     1 
0130321819   40.67747    -74.11633    -0.11     -0.01     0.11     1 
0130321820   40.67719    -74.07976    -0.21      0.03     0.21     1 
0130321822   40.67658    -74.00665    -0.19      0.13     0.23     1 
0130321824   40.67593    -73.93354     0.09     -0.06     0.11     1 
0130321825   40.67559    -73.89698     0.02      0.01     0.03     1 
0130321826   40.67523    -73.86042     0.13      0.13     0.18     1 
0130321827   40.67486    -73.82387    -0.12     -0.13     0.17     1 
0130321828   40.67449    -73.78731    -0.00      0.01     0.01     1 
0130321830   40.67370    -73.71421     0.11      0.06     0.12     1 
0130321831   40.67328    -73.67766     0.22      0.03     0.22     1 
0130321832   40.67286    -73.64110     0.06     -0.14     0.15     1 
0130321833   40.67242    -73.60455     0.12     -0.01     0.12     1 
0130321834   40.67198    -73.56800     0.19     -0.03     0.19     1 
0130321835   40.67151    -73.53146     0.10     -0.01     0.10     1 
0130321836   40.67104    -73.49491     0.14     -0.01     0.14     1 
0130321837   40.67056    -73.45836     0.02      0.01     0.03     1 
0130321838   40.67007    -73.42181     0.12      0.04     0.12     1 
0130321839   40.66956    -73.38527     0.02      0.05     0.05     1 
0130321840   40.66905    -73.34873    -0.05     -0.01     0.05     1 
0130321843   40.66743    -73.23910    -0.39     -0.28     0.48     1 
0130321844   40.66686    -73.20256    -0.08     -0.14     0.16     1 
0130321888   40.65354    -74.33594    -0.11      0.08     0.13     1 
0130321889   40.65333    -74.29939     0.08      0.05     0.09     1 
0130321890   40.65310    -74.26284     0.15      0.07     0.16     1 
0130321891   40.65286    -74.22630    -0.07     -0.09     0.12     1 
0130321892   40.65261    -74.18975    -0.15      0.03     0.15     1 
0130321893   40.65235    -74.15320    -0.32     -0.01     0.32     1 
0130321894   40.65207    -74.11666    -0.16      0.05     0.17     1 
0130321895   40.65179    -74.08012    -0.13     -0.02     0.14     1 
0130321896   40.65149    -74.04357     0.19     -0.27     0.33     1 
0130321897   40.65118    -74.00703    -0.14      0.03     0.15     1 
0130321898   40.65086    -73.97048     0.04      0.04     0.06     1 
0130321899   40.65053    -73.93394    -0.02      0.04     0.05     1 
0130321900   40.65019    -73.89740    -0.12      0.02     0.13     1 
0130321901   40.64983    -73.86086    -0.18      0.03     0.18     1 
0130321902   40.64947    -73.82431    -0.20      0.06     0.21     1 
0130321904   40.64870    -73.75123    -0.15      0.01     0.15     1 
0130321905   40.64830    -73.71470    -0.06      0.07     0.09     1 
0130321906   40.64789    -73.67816    -0.02     -0.01     0.02     1 
0130321907   40.64746    -73.64162     0.07      0.10     0.12     1 
0130321908   40.64702    -73.60508     0.02      0.05     0.06     1 
0130321909   40.64658    -73.56855     0.03      0.10     0.10     1 
0130321910   40.64612    -73.53201    -0.10      0.02     0.10     1 
0130321911   40.64565    -73.49548    -0.05     -0.04     0.06     1 
0130321912   40.64517    -73.45895    -0.15      0.02     0.15     1 
0130321913   40.64467    -73.42241    -0.16     -0.07     0.17     1 
0130321914   40.64417    -73.38588    -0.08     -0.11     0.14     1 
0130321915   40.64365    -73.34935    -0.05     -0.06     0.08     1 
0130321916   40.64312    -73.31282     0.01      0.08     0.09     1 
0130321917   40.64258    -73.27629    -0.09      0.09     0.13     1 
0130321918   40.64203    -73.23977    -0.20      0.42     0.47     1 
0130321963   40.62814    -74.33619     0.34      0.04     0.34     1 
0130321964   40.62792    -74.29966     0.11      0.07     0.13     1 
0130321965   40.62770    -74.26313    -0.02     -0.03     0.03     1 
0130321966   40.62746    -74.22659    -0.15      0.10     0.19     1 
0130321967   40.62721    -74.19006    -0.20     -0.01     0.20     1 
0130321968   40.62694    -74.15353    -0.05      0.10     0.11     1 
0130321969   40.62667    -74.11700     0.09      0.11     0.14     1 
0130321970   40.62638    -74.08046    -0.00      0.02     0.02     1 
0130321972   40.62578    -74.00740    -0.09     -0.02     0.09     1 
0130321973   40.62546    -73.97087     0.02      0.00     0.02     1 
0130321975   40.62479    -73.89781    -0.14      0.03     0.14     1 
0130321976   40.62443    -73.86129    -0.12     -0.11     0.17     1 
0130321977   40.62407    -73.82476    -0.17     -0.02     0.17     1 
0130321978   40.62369    -73.78823    -0.19      0.05     0.19     1 
0130321979   40.62330    -73.75171    -0.10      0.08     0.13     1 
0130321980   40.62290    -73.71518     0.04      0.07     0.08     1 
0130321981   40.62249    -73.67866    -0.11     -0.01     0.11     1 
0130321982   40.62206    -73.64213    -0.09      0.07     0.11     1 
0130321983   40.62163    -73.60561    -0.18     -0.00     0.18     1 
0130321984   40.62118    -73.56909    -0.05      0.07     0.09     1 
0130321985   40.62072    -73.53257    -0.14     -0.01     0.14     1 
0130321986   40.62025    -73.49605    -0.11      0.02     0.11     1 
0130321987   40.61977    -73.45953    -0.06      0.07     0.09     1 
0130321988   40.61928    -73.42301    -0.14      0.04     0.15     1 
0130322038   40.60274    -74.33644     0.26     -0.06     0.27     1 
0130322039   40.60252    -74.29992     0.10     -0.04     0.10     1 
0130322040   40.60229    -74.26340    -0.09     -0.02     0.09     1 
0130322041   40.60205    -74.22688    -0.23     -0.03     0.23     1 
0130322042   40.60180    -74.19036    -0.27     -0.09     0.28     1 
0130322043   40.60154    -74.15385     0.29     -0.02     0.29     1 
0130322044   40.60127    -74.11733     0.29     -0.04     0.29     1 
0130322045   40.60098    -74.08081     0.01      0.01     0.02     1 
0130322046   40.60069    -74.04430    -0.11      0.01     0.11     1 
0130322047   40.60038    -74.00778    -0.09      0.12     0.15     1 
0130322049   40.59973    -73.93475    -0.02      0.01     0.02     1 
0130322050   40.59939    -73.89823    -0.26     -0.02     0.26     1 
0130322051   40.59903    -73.86172    -0.20     -0.18     0.27     1 
0130322052   40.59867    -73.82520    -0.14     -0.04     0.14     1 
0130322053   40.59829    -73.78869    -0.16     -0.05     0.17     1 
0130322055   40.59750    -73.71567    -0.12      0.01     0.12     1 
0130322056   40.59709    -73.67916    -0.13      0.11     0.16     1 
0130322057   40.59667    -73.64265    -0.12      0.07     0.14     1 
0130322059   40.59578    -73.56963     0.09      0.14     0.17     1 
0130322112   40.57754    -74.37320     0.32      0.07     0.32     1 
0130322113   40.57733    -74.33670     0.09      0.05     0.10     1 
0130322114   40.57712    -74.30019     0.19     -0.00     0.19     1 
0130322115   40.57689    -74.26368    -0.18      0.02     0.18     1 
0130322116   40.57665    -74.22718    -0.24     -0.04     0.24     1 
0130322117   40.57640    -74.19067    -0.32     -0.16     0.36     1 
0130322118   40.57614    -74.15417     0.07     -0.03     0.07     1 
0130322119   40.57587    -74.11766     0.04     -0.05     0.06     1 
0130322120   40.57558    -74.08116    -0.09     -0.09     0.13     1 
0130322121   40.57529    -74.04466    -0.25     -0.12     0.28     1 
0130322123   40.57466    -73.97165    -0.49     -0.05     0.49     1 
0130322124   40.57433    -73.93515    -0.10      0.01     0.10     1 
0130322125   40.57399    -73.89865     0.15     -0.18     0.24     1 
0130322187   40.55213    -74.37344     0.28     -0.10     0.30     1 
0130322188   40.55193    -74.33695     0.01     -0.11     0.11     1 
0130322189   40.55171    -74.30045    -0.06     -0.05     0.08     1 
0130322190   40.55149    -74.26396    -0.22     -0.07     0.23     1 
0130322191   40.55125    -74.22747    -0.23     -0.09     0.24     1 
0130322192   40.55100    -74.19098     0.22     -0.04     0.23     1 
0130322193   40.55074    -74.15449     0.20     -0.02     0.20     1 
0130322194   40.55046    -74.11800     0.32     -0.00     0.32     1 
0130322262   40.52673    -74.37368    -0.05     -0.15     0.16     1 
0130322263   40.52652    -74.33720    -0.16     -0.07     0.18     1 
0130322264   40.52631    -74.30072     0.05     -0.05     0.07     1 
0130322265   40.52608    -74.26424    -0.05      0.12     0.13     1 
0130322266   40.52584    -74.22776     0.09     -0.01     0.09     1 
0130322267   40.52560    -74.19128     0.16     -0.10     0.19     1 
0130322268   40.52533    -74.15481    -0.10     -0.08     0.13     1 
0130322337   40.50133    -74.37391    -0.17     -0.04     0.18     1 
0130322338   40.50112    -74.33745    -0.11      0.01     0.11     1 
0130322339   40.50091    -74.30098    -0.43      0.04     0.43     1 
0130322340   40.50068    -74.26452    -0.15     -0.11     0.18     1 
0130322341   40.50044    -74.22805    -0.05     -0.02     0.06     1 
0130322412   40.47592    -74.37415    -0.18     -0.11     0.21     1 
0130322413   40.47572    -74.33770     0.02     -0.12     0.12     1 
0130322414   40.47550    -74.30124     0.11     -0.06     0.13     1 
0130322415   40.47528    -74.26479     0.07      0.18     0.20     1 
0130322486   40.45071    -74.41082    -0.05     -0.05     0.07     1 
0130322487   40.45052    -74.37438    -0.19     -0.18     0.26     1 
0130322488   40.45031    -74.33795     0.04     -0.06     0.07     1 
0130322489   40.45010    -74.30151     0.01     -0.09     0.09     1 
0130322490   40.44987    -74.26507    -0.02     -0.10     0.10     1 
0130322491   40.44964    -74.22863    -0.14     -0.04     0.15     1 
0130322492   40.44939    -74.19220    -0.24     -0.43     0.50     1 
0130322493   40.44913    -74.15576    -0.14     -0.07     0.15     1 
0130322496   40.44828    -74.04646    -0.37     -0.01     0.37     1 
0130322497   40.44797    -74.01002    -0.31     -0.29     0.43     1 
0130322561   40.42530    -74.41104     0.16      0.03     0.16     1 
0130322562   40.42511    -74.37462     0.14      0.14     0.20     1 
0130322563   40.42491    -74.33819    -0.11      0.06     0.13     1 
0130322564   40.42469    -74.30177     0.36     -0.01     0.36     1 
0130322565   40.42447    -74.26535     0.22     -0.04     0.22     1 
0130322566   40.42423    -74.22892    -0.01     -0.10     0.10     1 
0130322567   40.42398    -74.19250     0.07      0.02     0.07     1 
0130322568   40.42372    -74.15608     0.16     -0.06     0.17     1 
0130322569   40.42345    -74.11966     0.27     -0.03     0.28     1 
0130322570   40.42317    -74.08324     0.02     -0.12     0.12     1 
0130322571   40.42287    -74.04682    -0.09     -0.03     0.09     1 
0130322636   40.39990    -74.41127     0.21     -0.03     0.21     1 
0130322637   40.39971    -74.37485    -0.19     -0.05     0.19     1 
0130322638   40.39950    -74.33844     0.23     -0.02     0.23     1 
0130322639   40.39929    -74.30203     0.23      0.01     0.23     1 
0130322640   40.39907    -74.26562     0.42      0.08     0.43     1 
0130322641   40.39883    -74.22921     0.21      0.06     0.22     1 
0130322642   40.39858    -74.19281     0.27      0.09     0.29     1 
0130322643   40.39832    -74.15640     0.47     -0.05     0.47     1 
0130322644   40.39805    -74.11999     0.38      0.02     0.38     1 
0130322645   40.39777    -74.08358     0.49      0.01     0.49     1 
0130322646   40.39747    -74.04717     0.44     -0.03     0.44     1 
0130322647   40.39717    -74.01077     0.10      0.11     0.15     1 
0130322712   40.37430    -74.37509     0.26     -0.03     0.26     1 
0130322713   40.37410    -74.33869     0.31      0.01     0.31     1 
0130322714   40.37389    -74.30230     0.30     -0.02     0.30     1 
0130322715   40.37366    -74.26590     0.19     -0.06     0.20     1 
0130322717   40.37318    -74.19311     0.48     -0.07     0.49     1 
0130322718   40.37292    -74.15671     0.18     -0.07     0.19     1 
0130322719   40.37265    -74.12032     0.39     -0.08     0.40     1 
0130322720   40.37236    -74.08392     0.31      0.03     0.31     1 
0130322721   40.37207    -74.04753    -0.10      0.05     0.12     1 
0130322722   40.37176    -74.01114     0.15      0.01     0.15     1 
0130322786   40.34909    -74.41171     0.37      0.07     0.37     1 
0130322787   40.34890    -74.37532     0.33      0.01     0.33     1 
0130322788   40.34870    -74.33894     0.30     -0.03     0.30     1 
0130322789   40.34848    -74.30256     0.25      0.03     0.25     1 
0130322792   40.34777    -74.19341     0.40      0.04     0.40     1 
0130322793   40.34751    -74.15703     0.37      0.07     0.38     1 
0130322794   40.34724    -74.12065     0.36     -0.02     0.36     1 
0130322795   40.34696    -74.08427    -0.10     -0.16     0.19     1 
0130322796   40.34667    -74.04789     0.18     -0.03     0.19     1 
0130322797   40.34636    -74.01151    -0.11     -0.10     0.15     1 
0130322861   40.32368    -74.41193     0.31     -0.02     0.32     1 
0130322862   40.32349    -74.37556     0.31     -0.06     0.32     1 
0130322863   40.32329    -74.33919     0.36     -0.04     0.37     1 
0130322864   40.32308    -74.30282     0.27     -0.05     0.27     1 
0130322865   40.32285    -74.26645     0.26     -0.10     0.28     1 
0130322866   40.32262    -74.23008     0.33     -0.09     0.34     1 
0130322867   40.32237    -74.19371     0.17      0.03     0.17     1 
0130322868   40.32211    -74.15735     0.08      0.05     0.09     1 
0130322869   40.32184    -74.12098     0.15     -0.02     0.15     1 
0130322870   40.32156    -74.08461     0.27      0.07     0.28     1 
0130322871   40.32126    -74.04825     0.06     -0.08     0.10     1 
0130322872   40.32096    -74.01188    -0.04     -0.11     0.12     1 
0130322935   40.29846    -74.44850     0.38      0.05     0.38     1 
0130322936   40.29828    -74.41215     0.36      0.05     0.36     1 
0130322937   40.29809    -74.37579     0.21      0.10     0.24     1 
0130322938   40.29789    -74.33944     0.30      0.09     0.31     1 
0130322939   40.29767    -74.30308     0.39      0.01     0.39     1 
0130322940   40.29745    -74.26672     0.44      0.14     0.46     1 
0130322941   40.29721    -74.23037     0.28      0.01     0.28     1 
0130322942   40.29697    -74.19402     0.21      0.13     0.25     1 
0130322943   40.29671    -74.15766     0.12     -0.09     0.15     1 
0130322944   40.29644    -74.12131     0.27     -0.02     0.27     1 
0130322945   40.29615    -74.08495     0.27     -0.02     0.27     1 
0130322946   40.29586    -74.04860     0.14      0.00     0.14     1 
0130322947   40.29556    -74.01225     0.10     -0.05     0.11     1 
0130323011   40.27287    -74.41237     0.39      0.09     0.40     1 
0130323012   40.27269    -74.37602     0.37      0.01     0.37     1 
0130323013   40.27248    -74.33968     0.32     -0.07     0.33     1 
0130323014   40.27227    -74.30334     0.26     -0.11     0.28     1 
0130323015   40.27204    -74.26700     0.23      0.02     0.23     1 
0130323016   40.27181    -74.23066     0.23      0.03     0.23     1 
0130323017   40.27156    -74.19432     0.30     -0.06     0.30     1 
0130323018   40.27130    -74.15798     0.44      0.00     0.44     1 
0130323019   40.27103    -74.12164     0.23      0.12     0.26     1 
0130323020   40.27075    -74.08530     0.47      0.01     0.47     1 
0130323021   40.27046    -74.04896     0.25     -0.03     0.25     1 
0130323022   40.27015    -74.01262     0.30     -0.03     0.30     1 
0130323085   40.24765    -74.44892     0.48      0.14     0.50     1 
0130323086   40.24747    -74.41259     0.32     -0.02     0.32     1 
0130323087   40.24728    -74.37626     0.17     -0.07     0.18     1 
0130323088   40.24708    -74.33993     0.15     -0.06     0.16     1 
0130323089   40.24686    -74.30360     0.06      0.01     0.06     1 
0130323090   40.24664    -74.26727     0.05      0.08     0.09     1 
0130323091   40.24641    -74.23095     0.26     -0.04     0.26     1 
0130323092   40.24616    -74.19462     0.29     -0.02     0.29     1 
0130323093   40.24590    -74.15829     0.17     -0.08     0.18     1 
0130323095   40.24535    -74.08564     0.24     -0.02     0.24     1 
0130323096   40.24506    -74.04932     0.15      0.02     0.15     1 
0130323097   40.24475    -74.01299     0.27      0.07     0.28     1 
0130323160   40.22224    -74.44912     0.40     -0.02     0.40     1 
0130323161   40.22207    -74.41281     0.50      0.01     0.50     1 
0130323163   40.22167    -74.34018     0.18     -0.06     0.19     1 
0130323164   40.22146    -74.30386     0.31     -0.02     0.31     1 
0130323165   40.22124    -74.26755     0.15     -0.00     0.15     1 
0130323166   40.22100    -74.23123     0.25      0.16     0.30     1 
0130323167   40.22075    -74.19492     0.34     -0.02     0.34     1 
0130323168   40.22050    -74.15861     0.44     -0.00     0.44     1 
0130323169   40.22023    -74.12229     0.21      0.06     0.21     1 
0130323170   40.21995    -74.08598     0.19     -0.04     0.19     1 
0130323171   40.21965    -74.04967     0.17     -0.02     0.17     1 
0130323172   40.21935    -74.01336    -0.10     -0.20     0.22     1 
0130323234   40.19700    -74.48563     0.10     -0.08     0.13     1 
0130323235   40.19684    -74.44933     0.20      0.00     0.20     1 
0130323236   40.19666    -74.41303     0.31      0.12     0.33     1 
0130323237   40.19647    -74.37672     0.31      0.11     0.33     1 
0130323238   40.19627    -74.34042     0.23     -0.00     0.23     1 
0130323239   40.19606    -74.30412     0.10     -0.02     0.10     1 
0130323241   40.19560    -74.23152     0.47      0.09     0.48     1 
0130323242   40.19535    -74.19522     0.34      0.01     0.34     1 
0130323243   40.19509    -74.15892     0.27      0.01     0.28     1 
0130323244   40.19482    -74.12262    -0.15     -0.14     0.21     1 
0130323245   40.19454    -74.08632     0.37     -0.34     0.51     2 
0130323246   40.19425    -74.05003    -0.04     -0.03     0.05     1 
0130323309   40.17160    -74.48582     0.08     -0.06     0.10     1 
0130323310   40.17143    -74.44953     0.13     -0.02     0.13     1 
0130323311   40.17125    -74.41325     0.24     -0.06     0.25     1 
0130323312   40.17106    -74.37696     0.05     -0.02     0.05     1 
0130323313   40.17086    -74.34067     0.03     -0.04     0.05     1 
0130323314   40.17065    -74.30438     0.19     -0.11     0.22     1 
0130323315   40.17043    -74.26809     0.37     -0.05     0.37     1 
0130323316   40.17019    -74.23181     0.27      0.04     0.27     1 
0130323317   40.16994    -74.19552     0.23      0.04     0.23     1 
0130323318   40.16969    -74.15923     0.37     -0.03     0.38     1 
0130323320   40.16914    -74.08666     0.10     -0.06     0.12     1 
0130323321   40.16885    -74.05038     0.04     -0.05     0.06     1 
0130323385   40.14603    -74.44974     0.11      0.05     0.12     1 
0130323386   40.14585    -74.41346     0.22      0.02     0.22     1 
0130323387   40.14566    -74.37719     0.41      0.02     0.41     1 
0130323388   40.14546    -74.34091     0.23      0.16     0.28     1 
0130323389   40.14525    -74.30464     0.23     -0.01     0.23     1 
0130323391   40.14479    -74.23209     0.25      0.03     0.25     1 
0130323392   40.14454    -74.19582     0.32     -0.06     0.33     1 
0130323393   40.14428    -74.15955     0.31     -0.11     0.33     1 
0130323394   40.14401    -74.12328     0.12      0.01     0.12     1 
0130323395   40.14373    -74.08700     0.25      0.03     0.25     1 
0130323396   40.14344    -74.05073     0.17     -0.00     0.17     1 
0130323459   40.12079    -74.48621     0.33      0.00     0.33     1 
0130323460   40.12062    -74.44994     0.07     -0.15     0.16     1 
0130323463   40.12005    -74.34116     0.24     -0.02     0.24     1 
0130323464   40.11984    -74.30490     0.19      0.01     0.19     1 
0130323465   40.11962    -74.26864     0.26      0.02     0.26     1 
0130323466   40.11938    -74.23238     0.25      0.01     0.25     1 
0130323467   40.11914    -74.19612     0.30      0.05     0.30     1 
0130323468   40.11888    -74.15986     0.31     -0.02     0.31     1 
0130323469   40.11861    -74.12360     0.20     -0.07     0.21     1 
0130323471   40.11804    -74.05109    -0.04     -0.04     0.06     1 
0130323534   40.09538    -74.48640     0.49      0.10     0.50     1 
0130323535   40.09521    -74.45015     0.17      0.04     0.17     1 
0130323537   40.09485    -74.37765     0.22      0.23     0.32     1 
0130323538   40.09465    -74.34140     0.16      0.04     0.16     1 
0130323540   40.09421    -74.26891     0.23      0.03     0.23     1 
0130323541   40.09398    -74.23266     0.12      0.13     0.17     1 
0130323542   40.09373    -74.19642     0.09      0.06     0.11     1 
0130323543   40.09347    -74.16017     0.26      0.01     0.26     1 
0130323544   40.09321    -74.12393     0.14     -0.02     0.14     1 
0130323545   40.09293    -74.08768     0.01      0.04     0.04     1 
0130323546   40.09264    -74.05144    -0.01     -0.07     0.07     1 
0130323608   40.07013    -74.52282     0.37     -0.05     0.37     1 
0130323609   40.06997    -74.48659     0.15     -0.00     0.15     1 
0130323610   40.06981    -74.45035     0.11      0.02     0.11     1 
0130323611   40.06963    -74.41412     0.06      0.01     0.07     1 
0130323612   40.06944    -74.37788     0.33     -0.08     0.33     1 
0130323613   40.06924    -74.34165    -0.09      0.35     0.36     1 
0130323614   40.06903    -74.30542    -0.12      0.08     0.14     1 
0130323615   40.06881    -74.26918     0.45      0.16     0.47     1 
0130323616   40.06857    -74.23295     0.13      0.06     0.15     1 
0130323617   40.06833    -74.19672     0.01     -0.04     0.04     1 
0130323618   40.06807    -74.16048    -0.03      0.05     0.06     1 
0130323619   40.06780    -74.12425     0.05     -0.05     0.07     1 
0130323620   40.06752    -74.08802    -0.06     -0.08     0.11     1 
0130323621   40.06723    -74.05179    -0.09     -0.10     0.14     1 
0130323683   40.04472    -74.52300     0.29      0.05     0.29     1 
0130323684   40.04457    -74.48678     0.08     -0.02     0.09     1 
0130323685   40.04440    -74.45056     0.07      0.12     0.14     1 
0130323686   40.04422    -74.41434     0.09     -0.00     0.09     1 
0130323687   40.04404    -74.37811    -0.02     -0.03     0.04     1 
0130323688   40.04384    -74.34189     0.02      0.00     0.02     1 
0130323689   40.04362    -74.30567     0.32     -0.06     0.32     1 
0130323692   40.04292    -74.19701     0.11      0.03     0.11     1 
0130323693   40.04266    -74.16080     0.12     -0.11     0.16     1 
0130323694   40.04240    -74.12458     0.30      0.08     0.31     1 
0130323695   40.04212    -74.08836    -0.00      0.06     0.06     1 
0130323696   40.04183    -74.05214    -0.08     -0.09     0.12     1 
0130323758   40.01932    -74.52318    -0.04     -0.13     0.13     1 
0130323759   40.01916    -74.48697    -0.04     -0.25     0.25     1 
0130323760   40.01900    -74.45076    -0.02     -0.11     0.11     1 
0130323761   40.01882    -74.41455    -0.02     -0.12     0.12     1 
0130323762   40.01863    -74.37834     0.08      0.05     0.09     1 
0130323763   40.01843    -74.34214    -0.13     -0.10     0.16     1 
0130323764   40.01822    -74.30593     0.09      0.03     0.09     1 
0130323765   40.01800    -74.26972     0.12      0.09     0.15     1 
0130323766   40.01776    -74.23352     0.21     -0.03     0.21     1 
0130323767   40.01752    -74.19731     0.34      0.04     0.34     1 
0130323768   40.01726    -74.16111     0.02     -0.05     0.06     1 
0130323769   40.01699    -74.12490    -0.12     -0.04     0.13     1 
0130323770   40.01671    -74.08870    -0.07     -0.01     0.07     1 
0130323771   40.01642    -74.05249    -0.13     -0.12     0.18     1 
0130323833   39.99391    -74.52335    -0.15     -0.02     0.16     1 
0130323834   39.99376    -74.48716    -0.06     -0.07     0.09     1 
0130323835   39.99359    -74.45096    -0.07     -0.01     0.07     1 
0130323836   39.99341    -74.41477     0.04     -0.03     0.05     1 
0130323837   39.99322    -74.37858     0.19     -0.01     0.19     1 
0130323838   39.99302    -74.34238    -0.10     -0.13     0.16     1 
0130323839   39.99281    -74.30619    -0.23     -0.21     0.31     1 
0130323840   39.99259    -74.26999     0.01      0.01     0.02     1 
0130323841   39.99236    -74.23380     0.14      0.02     0.14     1 
0130323842   39.99211    -74.19761     0.26     -0.07     0.27     1 
0130323843   39.99186    -74.16142     0.15      0.08     0.17     1 
0130323844   39.99159    -74.12523    -0.06      0.05     0.08     1 
0130323845   39.99131    -74.08904    -0.04      0.03     0.05     1 
0130323908   39.96850    -74.52353     0.07     -0.02     0.08     1 
0130323909   39.96835    -74.48735    -0.21     -0.23     0.32     1 
0130323910   39.96818    -74.45117     0.06     -0.02     0.06     1 
0130323911   39.96801    -74.41499     0.10      0.01     0.10     1 
0130323912   39.96782    -74.37881     0.05     -0.03     0.06     1 
0130323913   39.96762    -74.34263     0.09      0.02     0.09     1 
0130323914   39.96741    -74.30644    -0.07      0.09     0.12     1 
0130323915   39.96719    -74.27027    -0.08     -0.02     0.08     1 
0130323916   39.96695    -74.23409     0.10      0.07     0.12     1 
0130323917   39.96671    -74.19791     0.08      0.04     0.09     1 
0130323918   39.96645    -74.16173     0.26      0.07     0.27     1 
0130323919   39.96618    -74.12555    -0.11     -0.00     0.11     1 
0130323920   39.96590    -74.08937    -0.11     -0.07     0.13     1 
0130323982   39.94324    -74.55988    -0.07     -0.04     0.09     1 
0130323983   39.94310    -74.52371    -0.03     -0.08     0.09     1 
0130323984   39.94294    -74.48754    -0.03      0.03     0.04     1 
0130323985   39.94278    -74.45137     0.17     -0.07     0.18     1 
0130323986   39.94260    -74.41520     0.01     -0.06     0.06     1 
0130323987   39.94241    -74.37904     0.18      0.01     0.18     1 
0130323988   39.94221    -74.34287     0.14     -0.03     0.15     1 
0130323989   39.94200    -74.30670     0.14     -0.03     0.15     1 
0130323990   39.94178    -74.27054     0.16     -0.01     0.16     1 
0130323991   39.94155    -74.23437     0.03      0.02     0.03     1 
0130323992   39.94130    -74.19820     0.00      0.03     0.03     1 
0130323993   39.94105    -74.16204    -0.04     -0.01     0.04     1 
0130323995   39.94050    -74.08971    -0.05     -0.00     0.05     1 
0130324057   39.91783    -74.56004     0.21      0.01     0.21     1 
0130324058   39.91769    -74.52388     0.08     -0.02     0.08     1 
0130324059   39.91753    -74.48773     0.03      0.08     0.08     1 
0130324060   39.91737    -74.45157    -0.11      0.05     0.12     1 
0130324061   39.91719    -74.41542     0.20      0.06     0.21     1 
0130324062   39.91700    -74.37927     0.21      0.15     0.26     1 
0130324063   39.91680    -74.34311     0.04      0.04     0.06     1 
0130324064   39.91660    -74.30696     0.11      0.02     0.11     1 
0130324065   39.91637    -74.27080     0.19      0.06     0.20     1 
0130324066   39.91614    -74.23465     0.02      0.03     0.04     1 
0130324067   39.91590    -74.19850    -0.07     -0.22     0.23     1 
0130324068   39.91564    -74.16235     0.36      0.05     0.36     1 
0130324069   39.91537    -74.12620    -0.03     -0.03     0.04     1 
0130324132   39.89242    -74.56020     0.05     -0.13     0.14     1 
0130324133   39.89228    -74.52406     0.05     -0.03     0.06     1 
0130324134   39.89213    -74.48792     0.02      0.11     0.11     1 
0130324135   39.89196    -74.45178     0.07      0.08     0.11     1 
0130324137   39.89160    -74.37950    -0.10     -0.06     0.12     1 
0130324138   39.89140    -74.34335    -0.04     -0.05     0.07     1 
0130324139   39.89119    -74.30721     0.35     -0.17     0.39     1 
0130324140   39.89097    -74.27107     0.14     -0.06     0.15     1 
0130324141   39.89073    -74.23494     0.16      0.04     0.16     1 
0130324142   39.89049    -74.19880     0.19     -0.03     0.20     1 
0130324144   39.88997    -74.12652    -0.04     -0.06     0.08     1 
0130324207   39.86702    -74.56036     0.10     -0.15     0.18     1 
0130324208   39.86687    -74.52424    -0.04     -0.10     0.11     1 
0130324209   39.86672    -74.48811     0.13     -0.01     0.13     1 
0130324211   39.86638    -74.41585     0.25      0.00     0.25     1 
0130324212   39.86619    -74.37972    -0.02      0.08     0.08     1 
0130324213   39.86599    -74.34360    -0.21     -0.05     0.22     1 
0130324214   39.86578    -74.30747     0.04     -0.05     0.06     1 
0130324215   39.86556    -74.27134     0.04     -0.13     0.14     1 
0130324216   39.86533    -74.23522     0.07      0.00     0.07     1 
0130324217   39.86509    -74.19909     0.28      0.15     0.32     1 
0130324218   39.86483    -74.16297     0.05      0.04     0.06     1 
0130324219   39.86456    -74.12684     0.05     -0.01     0.05     1 
0130324220   39.86429    -74.09072    -0.13      0.03     0.13     1 
0130324281   39.84174    -74.59664    -0.16      0.08     0.18     1 
0130324282   39.84161    -74.56053     0.11      0.02     0.11     1 
0130324283   39.84147    -74.52441     0.04      0.05     0.07     1 
0130324284   39.84131    -74.48829     0.07     -0.03     0.08     1 
0130324285   39.84115    -74.45218     0.16      0.06     0.18     1 
0130324286   39.84097    -74.41607     0.05      0.00     0.05     1 
0130324287   39.84078    -74.37995     0.05     -0.14     0.15     1 
0130324288   39.84059    -74.34384     0.24     -0.19     0.30     1 
0130324290   39.84016    -74.27161    -0.02     -0.08     0.08     1 
0130324291   39.83992    -74.23550     0.04     -0.01     0.04     1 
0130324292   39.83968    -74.19939     0.05      0.05     0.08     1 
0130324293   39.83942    -74.16328    -0.03      0.03     0.04     1 
0130324356   39.81633    -74.59679    -0.00     -0.02     0.02     1 
0130324357   39.81620    -74.56069     0.00      0.08     0.08     1 
0130324358   39.81606    -74.52459     0.06      0.03     0.06     1 
0130324359   39.81591    -74.48848     0.22      0.02     0.22     1 
0130324360   39.81574    -74.45238    -0.04      0.07     0.08     1 
0130324361   39.81556    -74.41628     0.04     -0.12     0.12     1 
0130324362   39.81538    -74.38018    -0.02      0.06     0.07     1 
0130324363   39.81518    -74.34408     0.29     -0.01     0.29     1 
0130324364   39.81497    -74.30798    -0.09      0.06     0.11     1 
0130324365   39.81475    -74.27188    -0.09     -0.02     0.09     1 
0130324366   39.81452    -74.23578    -0.06     -0.05     0.08     1 
0130324367   39.81427    -74.19968    -0.05     -0.02     0.06     1 
0130324368   39.81402    -74.16358     0.01     -0.03     0.04     1 
0130324431   39.79093    -74.59694     0.19      0.09     0.21     1 
0130324432   39.79079    -74.56085    -0.05      0.06     0.08     1 
0130324433   39.79065    -74.52476     0.06     -0.05     0.08     1 
0130324434   39.79050    -74.48867    -0.08     -0.01     0.08     1 
0130324435   39.79033    -74.45258     0.08      0.03     0.08     1 
0130324436   39.79016    -74.41650    -0.00     -0.02     0.02     1 
0130324437   39.78997    -74.38041    -0.08     -0.08     0.12     1 
0130324438   39.78977    -74.34432     0.27      0.01     0.27     1 
0130324439   39.78956    -74.30823     0.21      0.09     0.23     1 
0130324440   39.78934    -74.27215    -0.09      0.02     0.09     1 
0130324441   39.78911    -74.23606     0.21      0.02     0.21     1 
0130324442   39.78887    -74.19998     0.23      0.05     0.24     1 
0130324444   39.78835    -74.12781    -0.07      0.05     0.09     1 
0130324506   39.76552    -74.59709     0.06      0.11     0.13     1 
0130324507   39.76539    -74.56101     0.10     -0.02     0.11     1 
0130324508   39.76524    -74.52493    -0.09      0.05     0.10     1 
0130324509   39.76509    -74.48886    -0.03      0.12     0.12     1 
0130324510   39.76493    -74.45279     0.05      0.15     0.16     1 
0130324511   39.76475    -74.41671     0.12      0.10     0.15     1 
0130324512   39.76456    -74.38064     0.11      0.05     0.12     1 
0130324513   39.76436    -74.34456     0.05      0.29     0.29     1 
0130324514   39.76416    -74.30849     0.23      0.06     0.24     1 
0130324515   39.76394    -74.27242     0.38     -0.02     0.38     1 
0130324516   39.76370    -74.23634     0.29      0.18     0.34     1 
0130324517   39.76346    -74.20027    -0.01      0.09     0.09     1 
0130324519   39.76294    -74.12813     0.19      0.05     0.19     1 
0130324581   39.74011    -74.59723     0.01      0.03     0.03     1 
0130324582   39.73998    -74.56117     0.11      0.15     0.19     1 
0130324583   39.73984    -74.52511    -0.07      0.01     0.08     1 
0130324584   39.73968    -74.48905    -0.01      0.05     0.05     1 
0130324585   39.73952    -74.45299     0.03     -0.13     0.13     1 
0130324586   39.73934    -74.41693    -0.07     -0.01     0.07     1 
0130324587   39.73916    -74.38086     0.09     -0.13     0.16     1 
0130324588   39.73896    -74.34480     0.18      0.08     0.19     1 
0130324589   39.73875    -74.30874     0.28      0.11     0.30     1 
0130324590   39.73853    -74.27268     0.20      0.04     0.20     1 
0130324591   39.73830    -74.23662     0.30      0.10     0.32     1 
0130324592   39.73805    -74.20056    -0.01      0.09     0.09     1 
0130324593   39.73780    -74.16451     0.05      0.14     0.15     1 
0130324594   39.73754    -74.12845    -0.06     -0.04     0.08     1 
0130324656   39.71470    -74.59738     0.08      0.03     0.08     1 
0130324657   39.71457    -74.56133     0.04      0.03     0.05     1 
0130324658   39.71443    -74.52528     0.07     -0.01     0.07     1 
0130324659   39.71428    -74.48923     0.09      0.04     0.10     1 
0130324660   39.71411    -74.45319     0.00      0.19     0.19     1 
0130324661   39.71393    -74.41714    -0.09      0.08     0.12     1 
0130324662   39.71375    -74.38109     0.01      0.07     0.07     1 
0130324663   39.71355    -74.34504     0.12      0.09     0.15     1 
0130324664   39.71334    -74.30900     0.04      0.08     0.09     1 
0130324665   39.71312    -74.27295     0.40      0.15     0.43     1 
0130324666   39.71289    -74.23690     0.34      0.28     0.44     1 
0130324667   39.71265    -74.20086     0.08      0.14     0.16     1 
0130324668   39.71239    -74.16481    -0.04      0.12     0.12     1 
0130324730   39.68941    -74.63357     0.06     -0.05     0.08     1 
0130324731   39.68929    -74.59753    -0.10      0.12     0.16     1 
0130324732   39.68916    -74.56149     0.18      0.15     0.23     1 
0130324733   39.68902    -74.52546     0.09     -0.04     0.10     1 
0130324734   39.68887    -74.48942    -0.11      0.15     0.19     1 
0130324736   39.68853    -74.41735     0.06      0.03     0.07     1 
0130324737   39.68834    -74.38132    -0.05      0.05     0.08     1 
0130324738   39.68814    -74.34528    -0.04     -0.02     0.05     1 
0130324739   39.68794    -74.30925    -0.02     -0.04     0.05     1 
0130324740   39.68771    -74.27322    -0.17      0.18     0.24     1 
0130324741   39.68748    -74.23718     0.25      0.08     0.27     1 
0130324742   39.68724    -74.20115    -0.03      0.05     0.05     1 
0130324743   39.68699    -74.16512    -0.05      0.05     0.07     1 
0130324811   39.66312    -74.41757     0.19      0.07     0.20     1 
0130324812   39.66293    -74.38155     0.22      0.05     0.23     1 
0130324813   39.66274    -74.34552     0.04      0.04     0.06     1 
0130324814   39.66253    -74.30950     0.23     -0.01     0.23     1 
0130324815   39.66231    -74.27348     0.31      0.14     0.34     1 
0130324816   39.66208    -74.23746    -0.03      0.07     0.07     1 
0130324817   39.66183    -74.20144     0.01      0.10     0.10     1 
0130324890   39.63690    -74.27375     0.09      0.10     0.13     1 
0130324891   39.63667    -74.23774    -0.18     -0.03     0.18     1 
0130324892   39.63643    -74.20174    -0.08     -0.09     0.12     1 
----------------------------------------------------------------------
---------------------------------------------------
Total correlated GCPs in Upper Left Quadrant: 582

GCP statistics this quadrant only (in Pixels)
Line residual statistics:
  Mean: 0.061
  Median: 0.066
  Standard Deviation: 0.187

Sample residual statistics:
  Mean: 0.011
  Median: 0.014
  Standard Deviation: 0.086

Quadrant RMSE: 0.215

---------------------------------------------------
Total correlated GCPs in Upper Right Quadrant: 218

GCP statistics this quadrant only (in Pixels)
Line residual statistics:
  Mean: 0.076
  Median: 0.097
  Standard Deviation: 0.179

Sample residual statistics:
  Mean: -0.012
  Median: -0.006
  Standard Deviation: 0.096

Quadrant RMSE: 0.217

---------------------------------------------------
Total correlated GCPs in Lower Left Quadrant: 385

GCP statistics this quadrant only (in Pixels)
Line residual statistics:
  Mean: 0.124
  Median: 0.109
  Standard Deviation: 0.162

Sample residual statistics:
  Mean: 0.003
  Median: 0.004
  Standard Deviation: 0.085

Quadrant RMSE: 0.221

---------------------------------------------------
Total correlated GCPs in Lower Right Quadrant: 0

GCP statistics this quadrant only (in Pixels)
Line residual statistics:
  Mean: 0.000
  Median: 0.000
  Standard Deviation: 0.000

Sample residual statistics:
  Mean: 0.000
  Median: 0.000
  Standard Deviation: 0.000

Quadrant RMSE: 0.000

---------------------------------------------------
---------------------------------------------------
Total correlated GCPs in scene: 1185

GCP statistics entire scene (in Pixels)
Line residual statistics:
  Mean: 0.084
  Median: 0.091
  Standard Deviation: 0.180

Sample residual statistics:
  Mean: 0.004
  Median: 0.008
  Standard Deviation: 0.088

Scene RMSE: 0.217

