==============================================================================
==============================================================================
Thu. Sep. 29 2016                  LANDSAT 5                       Time: 10:58
                            Image Assessment System
                            GEOMETRIC VERIFY Report
==============================================================================
Order ID: 0501609283367_05396                          Path / Row - 13 / 32
Reference Image: L51AAA1091229140100_HDF.L1G

Color mapping per rank
----------------------
Rank  1 is Green: total residual <= 0.5
Rank  2 is Cyan: 0.5 < total residual <=  1
Rank  3 is Blue:  1 < total residual <=  2
Rank  4 is Yellow:  2 < total residual <=  3
Rank  5 is Red:  3 < total residual

Percentage of residuals by rank
-------------------------------
Rank   1 -- 100.0%
Rank   2 --  0.0%
Rank   3 --  0.0%
Rank   4 --  0.0%
Rank   5 --  0.0%

       GCP    Latitude    Longitude  Sample   Line     Total    Rank
        ID                           Residual Residual Residual
              (Degree)    (Degree)   (Pixel)  (Pixel)  (Pixel)
----------------------------------------------------------------------
0130320091   41.24304    -74.14419     0.03      0.18     0.18     1 
0130320092   41.24276    -74.10732    -0.17      0.12     0.21     1 
0130320093   41.24246    -74.07045     0.30      0.22     0.37     1 
0130320094   41.24216    -74.03358     0.27     -0.08     0.28     1 
0130320095   41.24184    -73.99671     0.16      0.05     0.17     1 
0130320096   41.24152    -73.95983    -0.05      0.02     0.06     1 
0130320166   41.21764    -74.14452     0.14     -0.12     0.19     1 
0130320167   41.21736    -74.10767     0.18     -0.02     0.18     1 
0130320168   41.21706    -74.07081     0.03      0.11     0.11     1 
0130320169   41.21676    -74.03395     0.21     -0.00     0.21     1 
0130320170   41.21645    -73.99709     0.15      0.01     0.15     1 
0130320171   41.21612    -73.96024     0.03      0.09     0.09     1 
0130320174   41.21507    -73.84967     0.15     -0.02     0.15     1 
0130320175   41.21469    -73.81282     0.22     -0.02     0.22     1 
0130320176   41.21431    -73.77597     0.06      0.07     0.09     1 
0130320240   41.19250    -74.18170     0.05      0.14     0.15     1 
0130320241   41.19224    -74.14486    -0.01      0.13     0.13     1 
0130320242   41.19196    -74.10801     0.34      0.11     0.35     1 
0130320243   41.19167    -74.07117     0.20      0.13     0.24     1 
0130320244   41.19136    -74.03432     0.29      0.09     0.30     1 
0130320246   41.19072    -73.96064    -0.09      0.03     0.09     1 
0130320248   41.19003    -73.88696    -0.05     -0.03     0.06     1 
0130320249   41.18967    -73.85012     0.13      0.03     0.14     1 
0130320250   41.18930    -73.81328     0.27      0.05     0.28     1 
0130320251   41.18891    -73.77644     0.18      0.01     0.18     1 
0130320252   41.18852    -73.73960     0.13      0.10     0.17     1 
0130320253   41.18811    -73.70276     0.20      0.05     0.21     1 
0130320254   41.18769    -73.66593     0.14     -0.01     0.14     1 
0130320255   41.18725    -73.62909    -0.02     -0.01     0.02     1 
0130320256   41.18681    -73.59226    -0.05      0.06     0.08     1 
0130320315   41.16710    -74.18202     0.16      0.07     0.17     1 
0130320316   41.16684    -74.14518     0.11      0.10     0.15     1 
0130320317   41.16656    -74.10836    -0.05      0.31     0.31     1 
0130320318   41.16627    -74.07153     0.32      0.05     0.32     1 
0130320320   41.16565    -73.99787     0.27      0.07     0.28     1 
0130320321   41.16532    -73.96104     0.31      0.10     0.33     1 
0130320323   41.16464    -73.88739    -0.31      0.14     0.34     1 
0130320324   41.16427    -73.85056     0.17      0.04     0.17     1 
0130320325   41.16390    -73.81374     0.04     -0.08     0.09     1 
0130320326   41.16351    -73.77691     0.08      0.08     0.11     1 
0130320327   41.16312    -73.74009     0.22     -0.02     0.22     1 
0130320328   41.16271    -73.70327     0.29      0.04     0.29     1 
0130320329   41.16229    -73.66644     0.12     -0.00     0.12     1 
0130320330   41.16186    -73.62962    -0.01     -0.00     0.01     1 
0130320331   41.16141    -73.59280     0.11      0.03     0.12     1 
0130320332   41.16096    -73.55598     0.15     -0.16     0.22     1 
0130320333   41.16049    -73.51916     0.14      0.01     0.14     1 
0130320334   41.16001    -73.48234     0.19     -0.00     0.19     1 
0130320335   41.15952    -73.44553     0.17     -0.00     0.17     1 
0130320336   41.15902    -73.40871     0.14      0.07     0.16     1 
0130320337   41.15850    -73.37190     0.10      0.02     0.10     1 
0130320390   41.14171    -74.18233     0.25      0.24     0.35     1 
0130320391   41.14144    -74.14552     0.26      0.18     0.32     1 
0130320392   41.14116    -74.10870     0.29      0.10     0.31     1 
0130320393   41.14087    -74.07188     0.33      0.16     0.37     1 
0130320395   41.14025    -73.99826     0.18      0.03     0.18     1 
0130320397   41.13959    -73.92463     0.02      0.06     0.06     1 
0130320399   41.13888    -73.85101     0.15      0.05     0.16     1 
0130320400   41.13850    -73.81419     0.19      0.09     0.21     1 
0130320401   41.13812    -73.77738     0.16      0.02     0.16     1 
0130320402   41.13772    -73.74057     0.10      0.03     0.11     1 
0130320403   41.13731    -73.70377     0.24      0.11     0.26     1 
0130320404   41.13689    -73.66696     0.13     -0.01     0.13     1 
0130320405   41.13646    -73.63015     0.25      0.06     0.26     1 
0130320406   41.13602    -73.59334     0.08     -0.05     0.10     1 
0130320407   41.13556    -73.55654     0.17      0.01     0.17     1 
0130320408   41.13509    -73.51973     0.15     -0.02     0.16     1 
0130320409   41.13462    -73.48293     0.13     -0.07     0.15     1 
0130320410   41.13413    -73.44613     0.08      0.08     0.11     1 
0130320411   41.13362    -73.40932     0.07      0.02     0.07     1 
0130320412   41.13311    -73.37252     0.10      0.00     0.10     1 
0130320413   41.13258    -73.33572     0.17      0.05     0.18     1 
0130320414   41.13205    -73.29892    -0.01      0.01     0.01     1 
0130320415   41.13150    -73.26213    -0.07     -0.01     0.07     1 
0130320465   41.11630    -74.18265     0.14      0.09     0.16     1 
0130320466   41.11604    -74.14584     0.10      0.11     0.15     1 
0130320468   41.11547    -74.07224     0.16      0.03     0.16     1 
0130320469   41.11517    -74.03544     0.20      0.04     0.20     1 
0130320470   41.11485    -73.99864     0.30      0.00     0.30     1 
0130320471   41.11453    -73.96184    -0.01      0.17     0.17     1 
0130320472   41.11419    -73.92504     0.18     -0.07     0.19     1 
0130320474   41.11348    -73.85145     0.33     -0.02     0.34     1 
0130320475   41.11311    -73.81465     0.39      0.02     0.39     1 
0130320476   41.11272    -73.77786     0.17      0.02     0.17     1 
0130320477   41.11232    -73.74106    -0.11      0.07     0.13     1 
0130320478   41.11192    -73.70427     0.16      0.03     0.16     1 
0130320479   41.11150    -73.66747     0.13      0.07     0.14     1 
0130320480   41.11107    -73.63068     0.14      0.02     0.14     1 
0130320481   41.11062    -73.59389     0.05      0.07     0.09     1 
0130320482   41.11017    -73.55710    -0.01      0.09     0.09     1 
0130320483   41.10970    -73.52030     0.11      0.03     0.11     1 
0130320484   41.10922    -73.48351     0.21      0.08     0.22     1 
0130320485   41.10873    -73.44673     0.12      0.01     0.12     1 
0130320486   41.10823    -73.40994    -0.07     -0.04     0.08     1 
0130320487   41.10772    -73.37315    -0.11      0.01     0.11     1 
0130320488   41.10719    -73.33637    -0.09     -0.13     0.16     1 
0130320489   41.10665    -73.29958    -0.23      0.13     0.26     1 
0130320540   41.09090    -74.18296     0.07      0.08     0.11     1 
0130320541   41.09064    -74.14617     0.05      0.14     0.15     1 
0130320542   41.09036    -74.10939     0.39     -0.05     0.39     1 
0130320543   41.09007    -74.07260     0.37      0.02     0.37     1 
0130320544   41.08977    -74.03581     0.31      0.14     0.34     1 
0130320546   41.08913    -73.96224     0.02      0.07     0.07     1 
0130320547   41.08879    -73.92546    -0.03      0.10     0.11     1 
0130320549   41.08808    -73.85189     0.20      0.01     0.20     1 
0130320550   41.08771    -73.81511     0.16     -0.04     0.17     1 
0130320551   41.08732    -73.77833     0.12      0.09     0.15     1 
0130320552   41.08693    -73.74155    -0.24      0.01     0.24     1 
0130320553   41.08652    -73.70476     0.31      0.05     0.31     1 
0130320554   41.08610    -73.66799     0.11     -0.01     0.11     1 
0130320555   41.08567    -73.63121     0.08      0.04     0.09     1 
0130320556   41.08523    -73.59443     0.13     -0.03     0.13     1 
0130320557   41.08477    -73.55765     0.10      0.01     0.10     1 
0130320558   41.08431    -73.52087     0.04      0.05     0.07     1 
0130320559   41.08383    -73.48410     0.14      0.05     0.14     1 
0130320560   41.08334    -73.44732     0.09      0.04     0.10     1 
0130320561   41.08284    -73.41055    -0.17      0.01     0.17     1 
0130320562   41.08232    -73.37378    -0.18      0.05     0.19     1 
0130320614   41.06576    -74.22005     0.24      0.12     0.26     1 
0130320616   41.06524    -74.14650     0.15      0.06     0.16     1 
0130320617   41.06496    -74.10973     0.22      0.07     0.23     1 
0130320618   41.06467    -74.07296     0.18      0.04     0.19     1 
0130320619   41.06437    -74.03618     0.19      0.03     0.19     1 
0130320620   41.06405    -73.99941     0.27     -0.01     0.27     1 
0130320621   41.06373    -73.96264     0.07      0.12     0.14     1 
0130320624   41.06268    -73.85233     0.16      0.09     0.19     1 
0130320625   41.06231    -73.81556     0.19      0.01     0.19     1 
0130320626   41.06193    -73.77880     0.18      0.00     0.18     1 
0130320627   41.06153    -73.74203     0.09      0.11     0.14     1 
0130320628   41.06112    -73.70526     0.13      0.01     0.13     1 
0130320629   41.06071    -73.66850     0.11      0.02     0.11     1 
0130320630   41.06027    -73.63173     0.15     -0.02     0.15     1 
0130320631   41.05983    -73.59497     0.07      0.03     0.08     1 
0130320632   41.05938    -73.55821     0.11     -0.04     0.12     1 
0130320633   41.05891    -73.52144    -0.01     -0.01     0.02     1 
0130320634   41.05844    -73.48468    -0.04     -0.05     0.07     1 
0130320635   41.05795    -73.44792    -0.15      0.06     0.16     1 
0130320636   41.05744    -73.41116    -0.14      0.01     0.14     1 
0130320689   41.04036    -74.22035     0.27      0.02     0.27     1 
0130320690   41.04010    -74.18359     0.21      0.16     0.26     1 
0130320692   41.03956    -74.11007     0.21      0.02     0.22     1 
0130320693   41.03927    -74.07331     0.05      0.02     0.06     1 
0130320694   41.03897    -74.03656     0.15      0.01     0.15     1 
0130320695   41.03865    -73.99980     0.09      0.05     0.10     1 
0130320696   41.03833    -73.96304     0.19      0.04     0.19     1 
0130320697   41.03799    -73.92628     0.13      0.07     0.15     1 
0130320698   41.03765    -73.88953    -0.14     -0.08     0.16     1 
0130320699   41.03729    -73.85277     0.09     -0.04     0.10     1 
0130320700   41.03691    -73.81602     0.17      0.04     0.17     1 
0130320701   41.03653    -73.77927     0.00     -0.11     0.11     1 
0130320702   41.03614    -73.74251     0.11      0.02     0.11     1 
0130320703   41.03573    -73.70576     0.26     -0.02     0.26     1 
0130320704   41.03531    -73.66901     0.14      0.08     0.16     1 
0130320705   41.03488    -73.63226     0.09      0.06     0.11     1 
0130320706   41.03444    -73.59551    -0.05      0.05     0.07     1 
0130320707   41.03398    -73.55876    -0.07      0.01     0.07     1 
0130320708   41.03352    -73.52201    -0.13     -0.01     0.13     1 
0130320709   41.03304    -73.48526    -0.22     -0.12     0.25     1 
0130320734   41.01731    -72.56693    -0.11      0.14     0.17     1 
0130320736   41.01573    -72.49350     0.06      0.05     0.07     1 
0130320737   41.01493    -72.45678    -0.36      0.02     0.36     1 
0130320739   41.01328    -72.38336    -0.00     -0.00     0.00     1 
0130320764   41.01496    -74.22065     0.35      0.06     0.36     1 
0130320765   41.01470    -74.18390     0.28      0.09     0.29     1 
0130320766   41.01444    -74.14716     0.26      0.12     0.29     1 
0130320767   41.01416    -74.11041     0.22      0.14     0.26     1 
0130320768   41.01387    -74.07367     0.21      0.04     0.22     1 
0130320769   41.01357    -74.03692     0.03      0.05     0.06     1 
0130320770   41.01326    -74.00018     0.06      0.02     0.06     1 
0130320771   41.01293    -73.96344     0.35      0.00     0.35     1 
0130320772   41.01259    -73.92670     0.33     -0.17     0.37     1 
0130320773   41.01225    -73.88996     0.07     -0.12     0.14     1 
0130320774   41.01189    -73.85321     0.11     -0.07     0.13     1 
0130320775   41.01152    -73.81647     0.19      0.02     0.19     1 
0130320776   41.01113    -73.77974     0.17     -0.01     0.17     1 
0130320777   41.01074    -73.74300     0.15     -0.04     0.15     1 
0130320778   41.01033    -73.70626     0.05      0.10     0.11     1 
0130320779   41.00991    -73.66952     0.09     -0.04     0.10     1 
0130320780   41.00948    -73.63278    -0.13     -0.05     0.14     1 
0130320781   41.00904    -73.59605    -0.21     -0.04     0.22     1 
0130320782   41.00859    -73.55931    -0.20     -0.08     0.21     1 
0130320808   40.99270    -72.60457     0.01     -0.00     0.01     1 
0130320810   40.99115    -72.53116    -0.09     -0.03     0.10     1 
0130320811   40.99035    -72.49446    -0.19      0.07     0.20     1 
0130320812   40.98955    -72.45776    -0.12      0.14     0.18     1 
0130320815   40.98707    -72.34767     0.05      0.08     0.09     1 
0130320816   40.98622    -72.31097    -0.15     -0.00     0.15     1 
0130320817   40.98535    -72.27428     0.11      0.14     0.18     1 
0130320818   40.98448    -72.23759    -0.02     -0.07     0.08     1 
0130320819   40.98360    -72.20090     0.16      0.01     0.16     1 
0130320839   40.98956    -74.22095     0.08      0.06     0.10     1 
0130320840   40.98930    -74.18422     0.31      0.08     0.32     1 
0130320841   40.98904    -74.14749     0.09      0.08     0.12     1 
0130320842   40.98876    -74.11075     0.08      0.02     0.08     1 
0130320843   40.98847    -74.07403     0.29      0.04     0.29     1 
0130320844   40.98817    -74.03730     0.12      0.01     0.12     1 
0130320845   40.98786    -74.00056     0.05      0.07     0.09     1 
0130320846   40.98753    -73.96384     0.10      0.06     0.12     1 
0130320847   40.98720    -73.92711     0.35      0.10     0.36     1 
0130320849   40.98649    -73.85366     0.21      0.02     0.21     1 
0130320850   40.98612    -73.81693     0.14     -0.01     0.14     1 
0130320851   40.98573    -73.78020     0.19     -0.03     0.19     1 
0130320852   40.98534    -73.74348     0.05     -0.00     0.05     1 
0130320853   40.98494    -73.70676     0.21     -0.04     0.21     1 
0130320854   40.98452    -73.67003    -0.08     -0.07     0.11     1 
0130320855   40.98409    -73.63331    -0.17     -0.04     0.18     1 
0130320869   40.97685    -73.11929    -0.24     -0.01     0.24     1 
0130320870   40.97624    -73.08258    -0.05      0.05     0.07     1 
0130320877   40.97168    -72.82566     0.34      0.12     0.37     1 
0130320878   40.97098    -72.78896    -0.01      0.09     0.09     1 
0130320881   40.96882    -72.67887    -0.03     -0.23     0.23     1 
0130320884   40.96655    -72.56880     0.15      0.08     0.17     1 
0130320887   40.96417    -72.45873    -0.19     -0.08     0.21     1 
0130320889   40.96253    -72.38537    -0.12     -0.01     0.12     1 
0130320890   40.96169    -72.34869     0.05     -0.24     0.25     1 
0130320891   40.96084    -72.31201    -0.01      0.06     0.06     1 
0130320892   40.95998    -72.27533     0.02     -0.02     0.02     1 
0130320893   40.95911    -72.23865    -0.03      0.10     0.10     1 
0130320894   40.95822    -72.20198     0.04      0.05     0.07     1 
0130320913   40.96440    -74.25797     0.12      0.08     0.14     1 
0130320914   40.96416    -74.22125     0.14      0.18     0.23     1 
0130320915   40.96390    -74.18453     0.28      0.05     0.28     1 
0130320916   40.96364    -74.14781     0.12      0.05     0.13     1 
0130320917   40.96336    -74.11110     0.24      0.06     0.24     1 
0130320918   40.96307    -74.07438     0.04      0.00     0.04     1 
0130320919   40.96277    -74.03766     0.21      0.05     0.22     1 
0130320920   40.96246    -74.00095     0.15      0.03     0.15     1 
0130320921   40.96213    -73.96423     0.24     -0.00     0.24     1 
0130320922   40.96180    -73.92752     0.18     -0.01     0.18     1 
0130320924   40.96109    -73.85409     0.05      0.02     0.06     1 
0130320925   40.96072    -73.81738     0.12      0.02     0.13     1 
0130320926   40.96034    -73.78067     0.15      0.01     0.15     1 
0130320927   40.95994    -73.74396     0.11      0.04     0.12     1 
0130320928   40.95954    -73.70725     0.11     -0.04     0.12     1 
0130320929   40.95912    -73.67054    -0.07     -0.07     0.10     1 
0130320943   40.95205    -73.15671    -0.17      0.10     0.20     1 
0130320944   40.95146    -73.12001    -0.02      0.07     0.07     1 
0130320945   40.95085    -73.08332     0.10      0.14     0.17     1 
0130320946   40.95024    -73.04662     0.15      0.03     0.16     1 
0130320947   40.94961    -73.00993     0.30     -0.08     0.31     1 
0130320948   40.94897    -72.97324     0.20      0.03     0.20     1 
0130320949   40.94832    -72.93655     0.09     -0.02     0.09     1 
0130320950   40.94765    -72.89986     0.12     -0.01     0.12     1 
0130320951   40.94698    -72.86318     0.18     -0.04     0.18     1 
0130320953   40.94560    -72.78981     0.21     -0.07     0.22     1 
0130320954   40.94489    -72.75312     0.18     -0.27     0.32     1 
0130320955   40.94417    -72.71644    -0.03     -0.04     0.05     1 
0130320956   40.94343    -72.67976    -0.00      0.16     0.16     1 
0130320957   40.94269    -72.64308     0.12      0.08     0.14     1 
0130320958   40.94193    -72.60640    -0.07     -0.00     0.07     1 
0130320959   40.94117    -72.56973    -0.27      0.12     0.30     1 
0130320963   40.93798    -72.42304    -0.18     -0.03     0.18     1 
0130320964   40.93715    -72.38637     0.17      0.10     0.20     1 
0130320965   40.93632    -72.34970     0.10     -0.07     0.13     1 
0130320966   40.93547    -72.31303    -0.21      0.08     0.22     1 
0130320967   40.93461    -72.27637    -0.18      0.04     0.18     1 
0130320968   40.93373    -72.23971     0.12      0.32     0.35     1 
0130320988   40.93900    -74.25825     0.15      0.07     0.16     1 
0130320989   40.93876    -74.22155     0.15      0.06     0.17     1 
0130320990   40.93850    -74.18484     0.12      0.01     0.12     1 
0130320991   40.93824    -74.14814    -0.04      0.09     0.09     1 
0130320992   40.93796    -74.11144     0.18      0.03     0.18     1 
0130320993   40.93767    -74.07473     0.28      0.01     0.28     1 
0130320994   40.93737    -74.03803     0.17      0.01     0.17     1 
0130320995   40.93706    -74.00133     0.08     -0.04     0.09     1 
0130320996   40.93673    -73.96463     0.12      0.07     0.14     1 
0130320997   40.93640    -73.92793     0.18     -0.01     0.18     1 
0130320998   40.93605    -73.89123     0.07      0.01     0.08     1 
0130320999   40.93569    -73.85453     0.08      0.03     0.09     1 
0130321000   40.93532    -73.81784     0.22     -0.08     0.23     1 
0130321001   40.93494    -73.78114     0.13     -0.06     0.14     1 
0130321002   40.93455    -73.74444    -0.01     -0.12     0.12     1 
0130321003   40.93414    -73.70775    -0.13     -0.07     0.15     1 
0130321009   40.93146    -73.48759    -0.02      0.14     0.14     1 
0130321010   40.93098    -73.45090     0.09      0.01     0.09     1 
0130321011   40.93048    -73.41421     0.00      0.05     0.05     1 
0130321012   40.92997    -73.37752    -0.14     -0.09     0.17     1 
0130321013   40.92944    -73.34083    -0.02     -0.01     0.02     1 
0130321014   40.92891    -73.30415    -0.02      0.02     0.02     1 
0130321018   40.92666    -73.15741    -0.03     -0.08     0.08     1 
0130321019   40.92607    -73.12073     0.11      0.02     0.12     1 
0130321020   40.92546    -73.08405     0.16     -0.04     0.16     1 
0130321021   40.92485    -73.04737    -0.00     -0.03     0.03     1 
0130321022   40.92422    -73.01069     0.21     -0.06     0.22     1 
0130321024   40.92293    -72.93734     0.10      0.01     0.10     1 
0130321025   40.92227    -72.90067     0.03      0.01     0.04     1 
0130321026   40.92160    -72.86400    -0.10      0.03     0.11     1 
0130321027   40.92091    -72.82732     0.33     -0.08     0.34     1 
0130321028   40.92021    -72.79065    -0.00      0.02     0.02     1 
0130321029   40.91950    -72.75398     0.13      0.14     0.19     1 
0130321030   40.91878    -72.71732    -0.09      0.02     0.09     1 
0130321031   40.91805    -72.68065    -0.07     -0.07     0.10     1 
0130321032   40.91731    -72.64399    -0.13     -0.01     0.13     1 
0130321033   40.91655    -72.60732    -0.22      0.10     0.24     1 
0130321034   40.91578    -72.57066    -0.25      0.01     0.25     1 
0130321037   40.91342    -72.46068    -0.22      0.04     0.22     1 
0130321038   40.91260    -72.42402    -0.05      0.06     0.08     1 
0130321039   40.91178    -72.38737     0.05     -0.03     0.06     1 
0130321040   40.91094    -72.35071    -0.12      0.02     0.12     1 
0130321041   40.91009    -72.31406    -0.15     -0.06     0.16     1 
0130321063   40.91360    -74.25853     0.10      0.05     0.12     1 
0130321064   40.91335    -74.22184     0.23      0.01     0.23     1 
0130321065   40.91310    -74.18515     0.01     -0.02     0.02     1 
0130321066   40.91284    -74.14847     0.07     -0.02     0.07     1 
0130321067   40.91256    -74.11178     0.08     -0.06     0.10     1 
0130321069   40.91197    -74.03840     0.02      0.11     0.11     1 
0130321070   40.91166    -74.00171     0.14      0.04     0.15     1 
0130321071   40.91134    -73.96503     0.14      0.07     0.16     1 
0130321073   40.91065    -73.89166     0.22     -0.02     0.22     1 
0130321074   40.91029    -73.85497     0.05      0.02     0.05     1 
0130321075   40.90992    -73.81829    -0.02     -0.02     0.03     1 
0130321076   40.90954    -73.78160     0.05      0.10     0.11     1 
0130321077   40.90915    -73.74492    -0.20     -0.04     0.20     1 
0130321080   40.90790    -73.63488    -0.09     -0.10     0.13     1 
0130321081   40.90746    -73.59820    -0.05     -0.01     0.05     1 
0130321082   40.90701    -73.56152    -0.08     -0.13     0.15     1 
0130321083   40.90654    -73.52484    -0.16     -0.07     0.18     1 
0130321084   40.90607    -73.48817    -0.31     -0.19     0.37     1 
0130321085   40.90558    -73.45149     0.02      0.02     0.03     1 
0130321086   40.90508    -73.41482    -0.04      0.08     0.09     1 
0130321087   40.90457    -73.37814     0.01      0.04     0.04     1 
0130321088   40.90405    -73.34147     0.12      0.09     0.15     1 
0130321089   40.90352    -73.30479     0.34      0.13     0.37     1 
0130321090   40.90297    -73.26812     0.12      0.07     0.13     1 
0130321091   40.90242    -73.23145    -0.16     -0.35     0.39     1 
0130321092   40.90185    -73.19478     0.30     -0.03     0.30     1 
0130321093   40.90127    -73.15812     0.28     -0.13     0.31     1 
0130321094   40.90068    -73.12145     0.22     -0.02     0.22     1 
0130321095   40.90007    -73.08478    -0.01     -0.01     0.02     1 
0130321096   40.89946    -73.04812     0.10      0.01     0.10     1 
0130321097   40.89883    -73.01145     0.13     -0.03     0.14     1 
0130321098   40.89819    -72.97479     0.22      0.11     0.24     1 
0130321099   40.89754    -72.93813     0.16      0.07     0.17     1 
0130321100   40.89688    -72.90147     0.22      0.01     0.22     1 
0130321101   40.89621    -72.86481     0.04     -0.02     0.05     1 
0130321102   40.89552    -72.82815     0.07      0.06     0.09     1 
0130321103   40.89483    -72.79150    -0.02     -0.03     0.04     1 
0130321104   40.89412    -72.75484     0.13     -0.03     0.14     1 
0130321105   40.89340    -72.71819     0.09      0.07     0.11     1 
0130321106   40.89267    -72.68154    -0.02      0.04     0.04     1 
0130321107   40.89193    -72.64489     0.05      0.13     0.14     1 
0130321108   40.89117    -72.60824     0.05      0.04     0.06     1 
0130321109   40.89041    -72.57159    -0.20     -0.02     0.20     1 
0130321110   40.88963    -72.53494     0.02      0.02     0.03     1 
0130321111   40.88884    -72.49829    -0.09     -0.02     0.10     1 
0130321112   40.88804    -72.46165    -0.10      0.02     0.10     1 
0130321113   40.88722    -72.42501    -0.07     -0.04     0.08     1 
0130321114   40.88640    -72.38837    -0.04      0.00     0.04     1 
0130321115   40.88556    -72.35173    -0.19      0.06     0.20     1 
0130321138   40.88819    -74.25882     0.01      0.07     0.07     1 
0130321139   40.88795    -74.22214    -0.07      0.05     0.09     1 
0130321140   40.88770    -74.18547     0.09      0.00     0.09     1 
0130321141   40.88743    -74.14879    -0.05      0.06     0.08     1 
0130321142   40.88716    -74.11212     0.05     -0.03     0.05     1 
0130321143   40.88687    -74.07544    -0.09     -0.01     0.09     1 
0130321144   40.88657    -74.03877    -0.01     -0.03     0.03     1 
0130321145   40.88626    -74.00210     0.14     -0.09     0.17     1 
0130321146   40.88594    -73.96542     0.12      0.01     0.12     1 
0130321150   40.88453    -73.81874     0.08     -0.05     0.09     1 
0130321151   40.88414    -73.78207    -0.11     -0.03     0.12     1 
0130321152   40.88375    -73.74540    -0.21     -0.16     0.27     1 
0130321155   40.88250    -73.63540     0.14     -0.02     0.14     1 
0130321156   40.88206    -73.59874     0.11      0.04     0.12     1 
0130321157   40.88161    -73.56207     0.16      0.02     0.16     1 
0130321158   40.88115    -73.52541    -0.11     -0.01     0.11     1 
0130321160   40.88019    -73.45208     0.27      0.10     0.29     1 
0130321161   40.87969    -73.41542     0.07      0.06     0.10     1 
0130321162   40.87918    -73.37876     0.17     -0.02     0.17     1 
0130321163   40.87866    -73.34210     0.10     -0.07     0.13     1 
0130321164   40.87812    -73.30544     0.17     -0.01     0.17     1 
0130321165   40.87758    -73.26879     0.20      0.06     0.21     1 
0130321166   40.87703    -73.23213     0.18     -0.09     0.20     1 
0130321167   40.87646    -73.19548     0.18      0.04     0.19     1 
0130321168   40.87588    -73.15882     0.20      0.04     0.21     1 
0130321169   40.87529    -73.12217     0.02     -0.03     0.03     1 
0130321170   40.87468    -73.08552     0.13     -0.07     0.15     1 
0130321171   40.87407    -73.04887     0.03     -0.07     0.08     1 
0130321172   40.87344    -73.01221    -0.01     -0.04     0.04     1 
0130321173   40.87280    -72.97557     0.23     -0.02     0.23     1 
0130321174   40.87216    -72.93892     0.13     -0.05     0.14     1 
0130321175   40.87150    -72.90227     0.22     -0.03     0.22     1 
0130321176   40.87082    -72.86563     0.22      0.01     0.22     1 
0130321177   40.87014    -72.82899     0.08     -0.01     0.08     1 
0130321178   40.86944    -72.79234     0.12     -0.09     0.15     1 
0130321179   40.86874    -72.75570    -0.02     -0.01     0.02     1 
0130321180   40.86802    -72.71906     0.03     -0.09     0.09     1 
0130321182   40.86654    -72.64579    -0.16     -0.04     0.16     1 
0130321183   40.86579    -72.60915     0.16     -0.08     0.18     1 
0130321184   40.86502    -72.57251    -0.10      0.03     0.10     1 
0130321185   40.86425    -72.53588     0.00      0.09     0.09     1 
0130321186   40.86346    -72.49925     0.11      0.05     0.12     1 
0130321188   40.86185    -72.42599     0.03      0.05     0.05     1 
0130321213   40.86279    -74.25910     0.29      0.09     0.30     1 
0130321215   40.86230    -74.18578     0.08      0.06     0.10     1 
0130321216   40.86203    -74.14912    -0.05      0.06     0.07     1 
0130321217   40.86176    -74.11246    -0.17      0.00     0.17     1 
0130321218   40.86147    -74.07580    -0.03     -0.02     0.04     1 
0130321219   40.86117    -74.03914    -0.09      0.04     0.10     1 
0130321220   40.86086    -74.00248    -0.05      0.02     0.06     1 
0130321221   40.86053    -73.96582     0.02      0.01     0.02     1 
0130321223   40.85986    -73.89250     0.16     -0.04     0.17     1 
0130321224   40.85950    -73.85585     0.27     -0.11     0.29     1 
0130321225   40.85913    -73.81919     0.05     -0.10     0.12     1 
0130321226   40.85875    -73.78254    -0.22     -0.04     0.23     1 
0130321228   40.85795    -73.70923     0.04      0.03     0.05     1 
0130321229   40.85753    -73.67257     0.03     -0.09     0.09     1 
0130321230   40.85711    -73.63592     0.03     -0.10     0.10     1 
0130321231   40.85667    -73.59927     0.13      0.04     0.14     1 
0130321232   40.85621    -73.56262     0.32     -0.04     0.33     1 
0130321233   40.85575    -73.52597     0.25     -0.06     0.26     1 
0130321234   40.85528    -73.48932     0.31      0.02     0.31     1 
0130321235   40.85479    -73.45267     0.16      0.02     0.16     1 
0130321236   40.85430    -73.41603     0.15      0.01     0.15     1 
0130321237   40.85379    -73.37938     0.06     -0.03     0.07     1 
0130321238   40.85327    -73.34274     0.18      0.07     0.19     1 
0130321239   40.85273    -73.30609     0.12      0.07     0.13     1 
0130321240   40.85219    -73.26945     0.04     -0.00     0.04     1 
0130321241   40.85163    -73.23280     0.16     -0.01     0.16     1 
0130321242   40.85107    -73.19616     0.03     -0.03     0.04     1 
0130321243   40.85049    -73.15952     0.16     -0.12     0.20     1 
0130321244   40.84990    -73.12288     0.11     -0.02     0.11     1 
0130321245   40.84929    -73.08625     0.21      0.03     0.22     1 
0130321246   40.84868    -73.04961     0.08     -0.04     0.09     1 
0130321247   40.84806    -73.01297     0.16     -0.04     0.16     1 
0130321248   40.84742    -72.97634     0.24      0.19     0.30     1 
0130321249   40.84677    -72.93971     0.10      0.10     0.14     1 
0130321250   40.84611    -72.90307     0.15      0.05     0.16     1 
0130321251   40.84544    -72.86644     0.21      0.02     0.21     1 
0130321252   40.84475    -72.82981     0.25     -0.01     0.25     1 
0130321253   40.84406    -72.79318     0.16      0.07     0.17     1 
0130321254   40.84335    -72.75656     0.10      0.00     0.10     1 
0130321255   40.84263    -72.71993    -0.02      0.14     0.14     1 
0130321258   40.84041    -72.61006     0.12      0.05     0.13     1 
0130321259   40.83964    -72.57344    -0.13      0.04     0.13     1 
0130321260   40.83887    -72.53682    -0.04      0.01     0.04     1 
0130321288   40.83739    -74.25938     0.23      0.10     0.25     1 
0130321289   40.83715    -74.22274     0.15      0.03     0.16     1 
0130321290   40.83690    -74.18609     0.19      0.10     0.21     1 
0130321291   40.83663    -74.14944    -0.01      0.11     0.11     1 
0130321292   40.83636    -74.11280     0.04      0.04     0.06     1 
0130321293   40.83607    -74.07615    -0.09      0.04     0.09     1 
0130321294   40.83577    -74.03950    -0.06      0.05     0.08     1 
0130321295   40.83546    -74.00286     0.02     -0.10     0.10     1 
0130321297   40.83480    -73.92957     0.13     -0.12     0.18     1 
0130321298   40.83445    -73.89293     0.16     -0.02     0.16     1 
0130321300   40.83373    -73.81964    -0.05     -0.07     0.09     1 
0130321301   40.83335    -73.78300    -0.23     -0.01     0.23     1 
0130321302   40.83296    -73.74636    -0.04     -0.01     0.04     1 
0130321303   40.83255    -73.70972    -0.19     -0.03     0.19     1 
0130321304   40.83214    -73.67308     0.18      0.14     0.22     1 
0130321305   40.83171    -73.63644     0.13     -0.07     0.15     1 
0130321306   40.83127    -73.59981     0.18     -0.01     0.18     1 
0130321307   40.83082    -73.56317     0.27     -0.02     0.27     1 
0130321308   40.83036    -73.52653     0.20     -0.01     0.21     1 
0130321309   40.82988    -73.48990     0.09     -0.02     0.09     1 
0130321310   40.82940    -73.45326     0.22      0.01     0.22     1 
0130321311   40.82890    -73.41663     0.00      0.09     0.09     1 
0130321312   40.82839    -73.38000     0.18      0.03     0.18     1 
0130321313   40.82787    -73.34337     0.21      0.05     0.21     1 
0130321314   40.82734    -73.30674     0.18     -0.04     0.18     1 
0130321315   40.82680    -73.27011     0.10      0.05     0.11     1 
0130321316   40.82624    -73.23348     0.13      0.06     0.14     1 
0130321317   40.82567    -73.19685     0.05      0.09     0.10     1 
0130321318   40.82510    -73.16023     0.08      0.07     0.11     1 
0130321319   40.82451    -73.12360     0.03     -0.14     0.15     1 
0130321320   40.82390    -73.08698     0.25      0.01     0.25     1 
0130321321   40.82329    -73.05035     0.13      0.01     0.13     1 
0130321322   40.82267    -73.01373     0.14      0.03     0.15     1 
0130321323   40.82203    -72.97711    -0.00      0.00     0.00     1 
0130321324   40.82138    -72.94049    -0.06     -0.18     0.19     1 
0130321325   40.82072    -72.90387     0.06      0.04     0.07     1 
0130321326   40.82005    -72.86726     0.27      0.09     0.28     1 
0130321327   40.81937    -72.83064     0.07     -0.07     0.10     1 
0130321328   40.81867    -72.79403     0.13      0.05     0.14     1 
0130321329   40.81797    -72.75741     0.08      0.01     0.08     1 
0130321330   40.81725    -72.72080    -0.05     -0.04     0.06     1 
0130321331   40.81652    -72.68419     0.00      0.03     0.03     1 
0130321332   40.81578    -72.64758     0.04      0.04     0.06     1 
0130321333   40.81503    -72.61097    -0.14     -0.01     0.14     1 
0130321334   40.81426    -72.57437     0.04     -0.01     0.04     1 
0130321362   40.81222    -74.29630     0.13     -0.01     0.13     1 
0130321363   40.81199    -74.25967     0.23      0.03     0.23     1 
0130321364   40.81175    -74.22303     0.06     -0.00     0.06     1 
0130321365   40.81150    -74.18640     0.16     -0.03     0.17     1 
0130321366   40.81123    -74.14977     0.09      0.07     0.11     1 
0130321367   40.81095    -74.11313    -0.15     -0.08     0.17     1 
0130321368   40.81067    -74.07650    -0.15      0.01     0.15     1 
0130321369   40.81037    -74.03987    -0.21      0.01     0.21     1 
0130321370   40.81006    -74.00324    -0.01     -0.01     0.02     1 
0130321372   40.80940    -73.92998    -0.02      0.06     0.06     1 
0130321373   40.80906    -73.89335    -0.07      0.05     0.08     1 
0130321374   40.80870    -73.85672    -0.23     -0.06     0.24     1 
0130321376   40.80795    -73.78347    -0.29     -0.05     0.30     1 
0130321377   40.80756    -73.74684    -0.04      0.03     0.05     1 
0130321378   40.80715    -73.71021    -0.05     -0.04     0.07     1 
0130321379   40.80674    -73.67359     0.14     -0.03     0.14     1 
0130321380   40.80631    -73.63696     0.11     -0.03     0.12     1 
0130321381   40.80587    -73.60034     0.30     -0.02     0.30     1 
0130321382   40.80542    -73.56372     0.17      0.08     0.19     1 
0130321383   40.80496    -73.52710     0.01      0.08     0.08     1 
0130321384   40.80449    -73.49047    -0.05      0.01     0.05     1 
0130321385   40.80400    -73.45385     0.16     -0.01     0.16     1 
0130321386   40.80351    -73.41724     0.03     -0.07     0.08     1 
0130321387   40.80300    -73.38062     0.16     -0.01     0.16     1 
0130321388   40.80248    -73.34400     0.05     -0.01     0.06     1 
0130321389   40.80195    -73.30738     0.12     -0.09     0.15     1 
0130321390   40.80140    -73.27077     0.10      0.09     0.13     1 
0130321391   40.80085    -73.23415     0.02     -0.18     0.19     1 
0130321392   40.80028    -73.19754    -0.02     -0.10     0.10     1 
0130321393   40.79971    -73.16093     0.23     -0.10     0.25     1 
0130321394   40.79912    -73.12432     0.11     -0.08     0.14     1 
0130321395   40.79851    -73.08771     0.17      0.16     0.24     1 
0130321396   40.79790    -73.05110     0.14      0.08     0.17     1 
0130321397   40.79728    -73.01449     0.12      0.05     0.13     1 
0130321398   40.79664    -72.97788     0.10     -0.04     0.11     1 
0130321400   40.79534    -72.90467     0.22      0.01     0.23     1 
0130321401   40.79466    -72.86807     0.12      0.08     0.14     1 
0130321402   40.79398    -72.83147    -0.18     -0.04     0.19     1 
0130321403   40.79329    -72.79487    -0.03     -0.05     0.06     1 
0130321404   40.79258    -72.75827    -0.12     -0.02     0.12     1 
0130321405   40.79187    -72.72167     0.01     -0.08     0.08     1 
0130321438   40.78659    -74.25995     0.22      0.02     0.22     1 
0130321439   40.78635    -74.22333     0.09      0.00     0.09     1 
0130321440   40.78609    -74.18671    -0.04      0.08     0.09     1 
0130321441   40.78583    -74.15009     0.02      0.03     0.04     1 
0130321442   40.78555    -74.11347    -0.26      0.01     0.26     1 
0130321443   40.78527    -74.07685    -0.24      0.05     0.25     1 
0130321444   40.78497    -74.04023     0.02      0.06     0.06     1 
0130321446   40.78434    -73.96700     0.00     -0.08     0.08     1 
0130321447   40.78400    -73.93039    -0.12     -0.12     0.17     1 
0130321448   40.78366    -73.89377    -0.13     -0.04     0.13     1 
0130321449   40.78330    -73.85716    -0.14     -0.01     0.14     1 
0130321450   40.78293    -73.82054    -0.03     -0.09     0.09     1 
0130321451   40.78255    -73.78393    -0.06     -0.07     0.09     1 
0130321452   40.78216    -73.74732    -0.06      0.09     0.10     1 
0130321453   40.78176    -73.71070     0.10     -0.02     0.10     1 
0130321454   40.78134    -73.67409     0.11     -0.05     0.12     1 
0130321455   40.78092    -73.63748     0.10     -0.08     0.12     1 
0130321456   40.78048    -73.60087     0.14     -0.02     0.14     1 
0130321457   40.78003    -73.56426     0.08     -0.13     0.15     1 
0130321458   40.77957    -73.52766    -0.10     -0.04     0.11     1 
0130321459   40.77909    -73.49105     0.01     -0.01     0.02     1 
0130321460   40.77861    -73.45444    -0.06     -0.03     0.07     1 
0130321461   40.77811    -73.41784    -0.08     -0.04     0.09     1 
0130321462   40.77760    -73.38123     0.17      0.03     0.18     1 
0130321463   40.77708    -73.34463     0.12     -0.00     0.12     1 
0130321464   40.77655    -73.30803    -0.01      0.01     0.02     1 
0130321466   40.77546    -73.23483     0.05     -0.01     0.05     1 
0130321468   40.77431    -73.16163     0.08      0.01     0.08     1 
0130321469   40.77372    -73.12503     0.04     -0.06     0.07     1 
0130321470   40.77312    -73.08844     0.04     -0.07     0.08     1 
0130321471   40.77251    -73.05184    -0.02     -0.19     0.19     1 
0130321472   40.77189    -73.01525     0.15      0.04     0.16     1 
0130321473   40.77125    -72.97865     0.06     -0.09     0.11     1 
0130321474   40.77061    -72.94206     0.06     -0.04     0.07     1 
0130321475   40.76995    -72.90547     0.09     -0.03     0.10     1 
0130321477   40.76859    -72.83229     0.14      0.04     0.15     1 
0130321478   40.76790    -72.79571    -0.24      0.04     0.24     1 
0130321479   40.76720    -72.75912     0.06      0.00     0.06     1 
0130321512   40.76141    -74.29684     0.13      0.11     0.17     1 
0130321513   40.76118    -74.26023     0.15      0.06     0.16     1 
0130321514   40.76094    -74.22362     0.03      0.08     0.08     1 
0130321515   40.76069    -74.18702     0.01      0.01     0.02     1 
0130321516   40.76043    -74.15041     0.01     -0.05     0.06     1 
0130321517   40.76015    -74.11381    -0.14      0.12     0.19     1 
0130321518   40.75987    -74.07720    -0.09      0.08     0.11     1 
0130321519   40.75957    -74.04060     0.17     -0.07     0.19     1 
0130321521   40.75894    -73.96739     0.15     -0.27     0.31     1 
0130321523   40.75826    -73.89419    -0.05      0.02     0.06     1 
0130321524   40.75790    -73.85759    -0.01     -0.01     0.01     1 
0130321525   40.75753    -73.82099     0.17     -0.03     0.17     1 
0130321526   40.75715    -73.78439    -0.02      0.00     0.02     1 
0130321527   40.75676    -73.74779    -0.02     -0.05     0.05     1 
0130321528   40.75636    -73.71120     0.10     -0.04     0.10     1 
0130321529   40.75594    -73.67460     0.10      0.04     0.11     1 
0130321530   40.75552    -73.63800     0.00     -0.01     0.01     1 
0130321531   40.75508    -73.60141     0.03     -0.03     0.04     1 
0130321532   40.75463    -73.56481    -0.05     -0.08     0.09     1 
0130321533   40.75417    -73.52822    -0.04     -0.07     0.08     1 
0130321534   40.75370    -73.49162    -0.05      0.05     0.07     1 
0130321535   40.75321    -73.45503     0.23      0.04     0.23     1 
0130321536   40.75272    -73.41844    -0.17     -0.05     0.18     1 
0130321537   40.75221    -73.38185     0.11      0.06     0.12     1 
0130321538   40.75169    -73.34526     0.03     -0.07     0.07     1 
0130321539   40.75116    -73.30867    -0.11     -0.04     0.12     1 
0130321540   40.75062    -73.27209     0.05     -0.02     0.06     1 
0130321541   40.75006    -73.23550     0.13      0.04     0.14     1 
0130321542   40.74950    -73.19891     0.13     -0.03     0.13     1 
0130321543   40.74892    -73.16233    -0.00     -0.09     0.09     1 
0130321545   40.74773    -73.08916     0.07     -0.00     0.07     1 
0130321546   40.74712    -73.05258     0.09     -0.10     0.13     1 
0130321547   40.74650    -73.01600    -0.18     -0.08     0.20     1 
0130321548   40.74587    -72.97942    -0.04     -0.01     0.04     1 
0130321549   40.74522    -72.94285    -0.07     -0.11     0.13     1 
0130321551   40.74389    -72.86969    -0.15      0.00     0.15     1 
0130321587   40.73601    -74.29711     0.03     -0.00     0.03     1 
0130321588   40.73578    -74.26051     0.05      0.02     0.05     1 
0130321589   40.73554    -74.22392     0.03     -0.06     0.07     1 
0130321590   40.73529    -74.18733    -0.07     -0.03     0.08     1 
0130321591   40.73503    -74.15074    -0.14      0.06     0.15     1 
0130321592   40.73475    -74.11415     0.03      0.06     0.07     1 
0130321593   40.73447    -74.07756    -0.03      0.07     0.08     1 
0130321594   40.73417    -74.04097    -0.07      0.15     0.16     1 
0130321595   40.73386    -74.00438    -0.05     -0.12     0.13     1 
0130321596   40.73354    -73.96779    -0.07     -0.16     0.17     1 
0130321597   40.73320    -73.93120    -0.13     -0.01     0.13     1 
0130321600   40.73213    -73.82144     0.01      0.01     0.01     1 
0130321601   40.73175    -73.78485     0.04     -0.03     0.05     1 
0130321602   40.73136    -73.74827     0.09      0.02     0.09     1 
0130321603   40.73096    -73.71169    -0.12     -0.04     0.13     1 
0130321604   40.73055    -73.67510    -0.02     -0.05     0.06     1 
0130321605   40.73012    -73.63852     0.05     -0.04     0.07     1 
0130321606   40.72968    -73.60194    -0.11      0.15     0.19     1 
0130321607   40.72923    -73.56536     0.04     -0.05     0.07     1 
0130321608   40.72877    -73.52878     0.03     -0.06     0.06     1 
0130321609   40.72830    -73.49220    -0.15     -0.03     0.16     1 
0130321610   40.72782    -73.45562     0.03     -0.09     0.09     1 
0130321612   40.72682    -73.38246    -0.06      0.01     0.07     1 
0130321613   40.72630    -73.34589     0.06      0.03     0.07     1 
0130321614   40.72577    -73.30931     0.06     -0.08     0.10     1 
0130321615   40.72523    -73.27274     0.00     -0.12     0.12     1 
0130321616   40.72467    -73.23617    -0.08     -0.03     0.08     1 
0130321617   40.72411    -73.19960     0.12     -0.03     0.12     1 
0130321618   40.72353    -73.16303     0.09      0.01     0.09     1 
0130321619   40.72294    -73.12646    -0.07      0.05     0.09     1 
0130321620   40.72234    -73.08989    -0.18     -0.08     0.19     1 
0130321621   40.72173    -73.05332    -0.16     -0.11     0.20     1 
0130321661   40.71082    -74.33395     0.10     -0.00     0.10     1 
0130321662   40.71061    -74.29737     0.10     -0.00     0.10     1 
0130321663   40.71038    -74.26079     0.09      0.01     0.09     1 
0130321664   40.71014    -74.22422    -0.04      0.13     0.13     1 
0130321665   40.70989    -74.18764    -0.10      0.05     0.11     1 
0130321666   40.70963    -74.15106    -0.10      0.13     0.16     1 
0130321667   40.70935    -74.11448    -0.16     -0.05     0.16     1 
0130321669   40.70877    -74.04133    -0.06     -0.02     0.06     1 
0130321670   40.70846    -74.00476     0.02     -0.14     0.15     1 
0130321671   40.70813    -73.96818     0.01      0.00     0.01     1 
0130321673   40.70746    -73.89503    -0.03      0.06     0.07     1 
0130321674   40.70710    -73.85846     0.11      0.03     0.11     1 
0130321675   40.70674    -73.82189    -0.04      0.03     0.05     1 
0130321676   40.70636    -73.78532    -0.18      0.01     0.18     1 
0130321677   40.70596    -73.74874    -0.05     -0.07     0.08     1 
0130321678   40.70556    -73.71218    -0.10      0.04     0.11     1 
0130321679   40.70515    -73.67561     0.05     -0.11     0.12     1 
0130321680   40.70472    -73.63904     0.04     -0.06     0.07     1 
0130321681   40.70429    -73.60247     0.02      0.00     0.02     1 
0130321682   40.70384    -73.56590     0.06     -0.03     0.07     1 
0130321683   40.70338    -73.52934     0.10     -0.07     0.13     1 
0130321684   40.70291    -73.49277     0.08     -0.03     0.08     1 
0130321685   40.70242    -73.45621     0.03     -0.01     0.03     1 
0130321686   40.70193    -73.41964     0.11     -0.03     0.11     1 
0130321687   40.70142    -73.38308     0.08     -0.05     0.09     1 
0130321688   40.70090    -73.34652    -0.02     -0.00     0.02     1 
0130321689   40.70037    -73.30996     0.01     -0.06     0.06     1 
0130321690   40.69983    -73.27340     0.04     -0.00     0.04     1 
0130321692   40.69872    -73.20028    -0.13     -0.17     0.22     1 
0130321693   40.69814    -73.16372    -0.10     -0.21     0.23     1 
0130321736   40.68542    -74.33420     0.10      0.03     0.10     1 
0130321737   40.68521    -74.29764     0.08      0.03     0.09     1 
0130321738   40.68498    -74.26107     0.15     -0.02     0.15     1 
0130321739   40.68474    -74.22451     0.04      0.01     0.04     1 
0130321740   40.68449    -74.18795    -0.09      0.00     0.09     1 
0130321741   40.68422    -74.15138    -0.13      0.08     0.15     1 
0130321743   40.68366    -74.07826    -0.04      0.38     0.38     1 
0130321744   40.68337    -74.04169    -0.14      0.19     0.24     1 
0130321745   40.68306    -74.00513    -0.19      0.20     0.27     1 
0130321746   40.68274    -73.96857     0.14     -0.12     0.18     1 
0130321747   40.68240    -73.93201     0.05     -0.06     0.08     1 
0130321748   40.68206    -73.89545     0.02     -0.08     0.08     1 
0130321749   40.68170    -73.85889    -0.13     -0.01     0.13     1 
0130321751   40.68096    -73.78578     0.03     -0.12     0.13     1 
0130321752   40.68057    -73.74922     0.05     -0.06     0.08     1 
0130321753   40.68016    -73.71266     0.04      0.05     0.06     1 
0130321754   40.67975    -73.67611    -0.00      0.02     0.02     1 
0130321755   40.67933    -73.63955    -0.09     -0.04     0.10     1 
0130321756   40.67889    -73.60300     0.06     -0.03     0.07     1 
0130321757   40.67844    -73.56645     0.09     -0.05     0.10     1 
0130321758   40.67798    -73.52989     0.06     -0.06     0.09     1 
0130321759   40.67751    -73.49334     0.00     -0.01     0.01     1 
0130321760   40.67703    -73.45679    -0.01     -0.14     0.14     1 
0130321761   40.67653    -73.42024     0.00     -0.02     0.02     1 
0130321762   40.67603    -73.38369    -0.02     -0.04     0.04     1 
0130321763   40.67551    -73.34715    -0.12     -0.07     0.14     1 
0130321764   40.67498    -73.31060    -0.16     -0.02     0.16     1 
0130321811   40.66002    -74.33446     0.07      0.08     0.11     1 
0130321812   40.65980    -74.29791     0.05      0.06     0.08     1 
0130321813   40.65957    -74.26135     0.08      0.08     0.11     1 
0130321814   40.65933    -74.22480    -0.06     -0.01     0.06     1 
0130321815   40.65908    -74.18825    -0.08      0.09     0.12     1 
0130321817   40.65855    -74.11516    -0.06      0.05     0.08     1 
0130321818   40.65826    -74.07861    -0.11      0.04     0.12     1 
0130321820   40.65765    -74.00551    -0.15     -0.04     0.15     1 
0130321821   40.65733    -73.96896     0.11     -0.03     0.11     1 
0130321822   40.65700    -73.93242     0.01      0.04     0.05     1 
0130321823   40.65666    -73.89587    -0.03     -0.02     0.03     1 
0130321824   40.65630    -73.85933    -0.15     -0.06     0.16     1 
0130321825   40.65594    -73.82278    -0.16      0.03     0.16     1 
0130321826   40.65556    -73.78624    -0.14     -0.01     0.14     1 
0130321827   40.65517    -73.74970    -0.12     -0.11     0.16     1 
0130321828   40.65477    -73.71315    -0.00     -0.07     0.07     1 
0130321829   40.65435    -73.67661     0.02     -0.11     0.12     1 
0130321830   40.65393    -73.64007     0.05     -0.04     0.07     1 
0130321831   40.65349    -73.60353     0.02     -0.06     0.06     1 
0130321832   40.65304    -73.56699    -0.09      0.00     0.09     1 
0130321833   40.65259    -73.53045    -0.14      0.00     0.14     1 
0130321834   40.65211    -73.49391    -0.13      0.03     0.14     1 
0130321835   40.65163    -73.45738    -0.08      0.04     0.09     1 
0130321836   40.65114    -73.42084    -0.21     -0.10     0.23     1 
0130321837   40.65063    -73.38431    -0.27      0.05     0.27     1 
0130321838   40.65011    -73.34777    -0.21     -0.08     0.22     1 
0130321839   40.64959    -73.31124    -0.12     -0.02     0.12     1 
0130321840   40.64905    -73.27471    -0.22      0.00     0.22     1 
0130321841   40.64849    -73.23818    -0.08      0.01     0.08     1 
0130321842   40.64793    -73.20165    -0.14     -0.10     0.17     1 
0130321886   40.63462    -74.33471     0.22      0.04     0.22     1 
0130321887   40.63440    -74.29817     0.03      0.22     0.22     1 
0130321888   40.63417    -74.26163     0.10      0.04     0.11     1 
0130321889   40.63393    -74.22510    -0.11      0.04     0.12     1 
0130321890   40.63368    -74.18856    -0.12     -0.04     0.13     1 
0130321891   40.63342    -74.15203    -0.09      0.04     0.10     1 
0130321892   40.63314    -74.11549    -0.08      0.01     0.08     1 
0130321897   40.63160    -73.93282    -0.09     -0.02     0.09     1 
0130321898   40.63126    -73.89629    -0.11     -0.06     0.13     1 
0130321899   40.63090    -73.85976    -0.26     -0.10     0.28     1 
0130321900   40.63054    -73.82323    -0.26     -0.04     0.26     1 
0130321901   40.63016    -73.78670    -0.08     -0.11     0.14     1 
0130321902   40.62977    -73.75017    -0.05      0.01     0.05     1 
0130321903   40.62937    -73.71364     0.09      0.05     0.11     1 
0130321904   40.62895    -73.67711    -0.09     -0.05     0.10     1 
0130321905   40.62853    -73.64059    -0.00      0.05     0.05     1 
0130321906   40.62810    -73.60406    -0.13      0.04     0.13     1 
0130321907   40.62765    -73.56753    -0.13      0.02     0.13     1 
0130321908   40.62719    -73.53101    -0.20     -0.02     0.20     1 
0130321909   40.62672    -73.49448    -0.10     -0.15     0.18     1 
0130321910   40.62624    -73.45796    -0.16     -0.10     0.18     1 
0130321911   40.62574    -73.42144    -0.14     -0.10     0.17     1 
0130321961   40.60921    -74.33496     0.16      0.00     0.16     1 
0130321962   40.60900    -74.29844     0.07      0.03     0.08     1 
0130321963   40.60877    -74.26191    -0.04     -0.01     0.04     1 
0130321964   40.60853    -74.22539    -0.12      0.04     0.12     1 
0130321965   40.60828    -74.18887    -0.16     -0.03     0.17     1 
0130321966   40.60802    -74.15235     0.14      0.04     0.14     1 
0130321967   40.60774    -74.11583     0.03      0.00     0.03     1 
0130321968   40.60746    -74.07930    -0.05     -0.00     0.05     1 
0130321969   40.60716    -74.04278     0.09      0.08     0.12     1 
0130321970   40.60685    -74.00626     0.06     -0.03     0.07     1 
0130321972   40.60620    -73.93323     0.04     -0.03     0.05     1 
0130321973   40.60586    -73.89671    -0.27      0.03     0.27     1 
0130321975   40.60514    -73.82367    -0.16     -0.03     0.16     1 
0130321976   40.60476    -73.78716    -0.25     -0.03     0.25     1 
0130321977   40.60437    -73.75064    -0.09     -0.17     0.19     1 
0130321978   40.60397    -73.71413    -0.10     -0.05     0.11     1 
0130321979   40.60356    -73.67761    -0.13     -0.07     0.15     1 
0130321980   40.60313    -73.64110    -0.17     -0.02     0.18     1 
0130321981   40.60270    -73.60459    -0.14     -0.02     0.14     1 
0130321982   40.60225    -73.56808    -0.04      0.08     0.09     1 
0130321983   40.60179    -73.53157    -0.11      0.02     0.11     1 
0130321984   40.60132    -73.49505    -0.31      0.06     0.32     1 
0130322035   40.58401    -74.37172     0.27      0.15     0.31     1 
0130322036   40.58381    -74.33521     0.29      0.01     0.29     1 
0130322037   40.58359    -74.29870     0.09      0.03     0.10     1 
0130322038   40.58337    -74.26219    -0.17     -0.06     0.17     1 
0130322039   40.58313    -74.22568    -0.06     -0.06     0.08     1 
0130322040   40.58288    -74.18918    -0.22     -0.07     0.23     1 
0130322041   40.58261    -74.15267     0.30     -0.17     0.34     1 
0130322042   40.58234    -74.11616     0.08     -0.08     0.12     1 
0130322043   40.58206    -74.07965     0.04     -0.04     0.06     1 
0130322044   40.58176    -74.04315    -0.28     -0.16     0.32     1 
0130322045   40.58145    -74.00664     0.02      0.28     0.28     1 
0130322046   40.58113    -73.97013    -0.34     -0.08     0.35     1 
0130322047   40.58080    -73.93363    -0.15      0.05     0.16     1 
0130322048   40.58046    -73.89713    -0.04     -0.12     0.13     1 
0130322110   40.55861    -74.37196     0.21     -0.08     0.23     1 
0130322111   40.55841    -74.33546     0.06     -0.08     0.10     1 
0130322112   40.55819    -74.29897     0.03     -0.11     0.11     1 
0130322113   40.55796    -74.26247    -0.09     -0.01     0.09     1 
0130322114   40.55772    -74.22598    -0.17     -0.17     0.24     1 
0130322115   40.55747    -74.18948     0.20     -0.05     0.21     1 
0130322116   40.55721    -74.15299     0.04     -0.02     0.05     1 
0130322117   40.55694    -74.11649    -0.01     -0.06     0.06     1 
0130322185   40.53321    -74.37220     0.00     -0.02     0.02     1 
0130322186   40.53300    -74.33571     0.08     -0.12     0.14     1 
0130322187   40.53279    -74.29923    -0.01     -0.09     0.09     1 
0130322188   40.53256    -74.26275    -0.14      0.03     0.14     1 
0130322189   40.53232    -74.22627     0.10     -0.07     0.12     1 
0130322190   40.53207    -74.18979     0.12     -0.07     0.13     1 
0130322260   40.50780    -74.37243    -0.09      0.07     0.12     1 
0130322262   40.50738    -74.29950    -0.17      0.06     0.18     1 
0130322263   40.50716    -74.26303     0.00     -0.07     0.07     1 
0130322264   40.50692    -74.22656    -0.01     -0.20     0.20     1 
0130322265   40.50667    -74.19009    -0.14      0.02     0.14     1 
0130322335   40.48240    -74.37267     0.03     -0.04     0.05     1 
0130322336   40.48219    -74.33622    -0.12     -0.00     0.12     1 
0130322337   40.48198    -74.29976     0.14     -0.07     0.15     1 
0130322338   40.48175    -74.26331     0.01      0.30     0.30     1 
0130322409   40.45719    -74.40935     0.09     -0.03     0.09     1 
0130322410   40.45699    -74.37291    -0.17     -0.05     0.18     1 
0130322411   40.45679    -74.33647     0.06     -0.04     0.07     1 
0130322413   40.45635    -74.26359    -0.04     -0.09     0.10     1 
0130322414   40.45611    -74.22714    -0.15     -0.06     0.16     1 
0130322416   40.45560    -74.15426    -0.23     -0.02     0.23     1 
0130322419   40.45475    -74.04495    -0.32     -0.09     0.33     1 
0130322484   40.43178    -74.40957     0.20     -0.03     0.20     1 
0130322485   40.43159    -74.37314     0.20     -0.14     0.24     1 
0130322486   40.43139    -74.33672    -0.06     -0.03     0.06     1 
0130322487   40.43117    -74.30029     0.16     -0.13     0.21     1 
0130322488   40.43095    -74.26386     0.05     -0.03     0.06     1 
0130322489   40.43071    -74.22743    -0.03     -0.08     0.09     1 
0130322490   40.43046    -74.19101    -0.03      0.07     0.08     1 
0130322491   40.43020    -74.15458     0.06     -0.05     0.08     1 
0130322492   40.42993    -74.11816     0.20     -0.08     0.22     1 
0130322559   40.40638    -74.40979     0.21      0.08     0.22     1 
0130322560   40.40619    -74.37338    -0.03      0.08     0.09     1 
0130322561   40.40598    -74.33697     0.14     -0.08     0.16     1 
0130322562   40.40577    -74.30055     0.21     -0.01     0.21     1 
0130322563   40.40554    -74.26414     0.32      0.02     0.32     1 
0130322564   40.40530    -74.22773     0.15     -0.05     0.15     1 
0130322565   40.40506    -74.19131     0.17     -0.03     0.17     1 
0130322566   40.40480    -74.15490     0.21     -0.19     0.28     1 
0130322567   40.40452    -74.11849     0.11     -0.12     0.16     1 
0130322568   40.40424    -74.08208     0.21     -0.04     0.21     1 
0130322569   40.40395    -74.04567     0.19      0.03     0.20     1 
0130322570   40.40364    -74.00926    -0.10      0.10     0.14     1 
0130322635   40.38078    -74.37362     0.13      0.02     0.13     1 
0130322636   40.38058    -74.33722     0.35      0.16     0.39     1 
0130322638   40.38014    -74.26441     0.16     -0.11     0.20     1 
0130322640   40.37965    -74.19162     0.31     -0.02     0.31     1 
0130322641   40.37939    -74.15522     0.16     -0.06     0.17     1 
0130322642   40.37912    -74.11882     0.33     -0.12     0.35     1 
0130322643   40.37884    -74.08242     0.26     -0.05     0.26     1 
0130322644   40.37854    -74.04603     0.03     -0.06     0.07     1 
0130322709   40.35557    -74.41024     0.26      0.06     0.27     1 
0130322711   40.35518    -74.33746     0.27     -0.03     0.27     1 
0130322715   40.35425    -74.19192     0.19     -0.15     0.25     1 
0130322716   40.35399    -74.15554     0.27     -0.06     0.28     1 
0130322717   40.35372    -74.11915     0.30     -0.12     0.32     1 
0130322718   40.35343    -74.08277    -0.12     -0.10     0.16     1 
0130322719   40.35314    -74.04639     0.14     -0.07     0.16     1 
0130322720   40.35283    -74.01000     0.03     -0.03     0.05     1 
0130322785   40.32997    -74.37408     0.21     -0.02     0.21     1 
0130322787   40.32956    -74.30134     0.27     -0.06     0.28     1 
0130322788   40.32933    -74.26497     0.20     -0.19     0.28     1 
0130322789   40.32909    -74.22859     0.33     -0.10     0.35     1 
0130322790   40.32885    -74.19222     0.19      0.00     0.19     1 
0130322791   40.32859    -74.15585     0.04      0.01     0.04     1 
0130322792   40.32832    -74.11948     0.23      0.00     0.23     1 
0130322793   40.32803    -74.08311     0.04     -0.06     0.07     1 
0130322794   40.32774    -74.04674     0.07     -0.04     0.08     1 
0130322795   40.32743    -74.01037    -0.11     -0.17     0.21     1 
0130322858   40.30494    -74.44704     0.13     -0.02     0.13     1 
0130322859   40.30476    -74.41068     0.21     -0.04     0.21     1 
0130322860   40.30457    -74.37432     0.20      0.01     0.20     1 
0130322861   40.30437    -74.33796     0.24      0.05     0.24     1 
0130322862   40.30415    -74.30160     0.40      0.02     0.40     1 
0130322864   40.30369    -74.22888     0.14      0.01     0.14     1 
0130322865   40.30344    -74.19253     0.22      0.05     0.22     1 
0130322866   40.30318    -74.15617     0.11     -0.11     0.16     1 
0130322867   40.30291    -74.11981    -0.01     -0.20     0.20     1 
0130322868   40.30263    -74.08346     0.14     -0.09     0.17     1 
0130322869   40.30234    -74.04710     0.12     -0.13     0.18     1 
0130322870   40.30203    -74.01075    -0.10     -0.06     0.12     1 
0130322933   40.27953    -74.44725     0.27     -0.08     0.28     1 
0130322934   40.27935    -74.41090     0.35      0.04     0.36     1 
0130322935   40.27916    -74.37455     0.32     -0.08     0.33     1 
0130322936   40.27896    -74.33821     0.26     -0.08     0.28     1 
0130322937   40.27875    -74.30186     0.15     -0.02     0.15     1 
0130322938   40.27852    -74.26552     0.20     -0.12     0.23     1 
0130322939   40.27829    -74.22917     0.08     -0.15     0.17     1 
0130322940   40.27804    -74.19283     0.10     -0.04     0.11     1 
0130322941   40.27778    -74.15649     0.31     -0.06     0.31     1 
0130322942   40.27751    -74.12014     0.14     -0.19     0.24     1 
0130322943   40.27723    -74.08380     0.18     -0.05     0.19     1 
0130322945   40.27663    -74.01112     0.12     -0.08     0.15     1 
0130323008   40.25413    -74.44745     0.37      0.12     0.39     1 
0130323009   40.25395    -74.41112     0.20      0.02     0.20     1 
0130323010   40.25376    -74.37479     0.19     -0.10     0.22     1 
0130323011   40.25356    -74.33846     0.05     -0.06     0.08     1 
0130323012   40.25334    -74.30212     0.04      0.03     0.05     1 
0130323013   40.25312    -74.26579    -0.01      0.03     0.03     1 
0130323014   40.25288    -74.22946     0.21     -0.16     0.26     1 
0130323015   40.25263    -74.19313     0.17      0.01     0.17     1 
0130323016   40.25238    -74.15680     0.04      0.00     0.04     1 
0130323017   40.25211    -74.12047    -0.16     -0.22     0.27     1 
0130323019   40.25153    -74.04781     0.12     -0.09     0.15     1 
0130323020   40.25122    -74.01148     0.15     -0.03     0.15     1 
0130323083   40.22872    -74.44766     0.32     -0.00     0.32     1 
0130323084   40.22854    -74.41134     0.29      0.18     0.34     1 
0130323086   40.22815    -74.33870     0.19     -0.05     0.20     1 
0130323087   40.22794    -74.30239     0.20     -0.13     0.24     1 
0130323088   40.22771    -74.26607     0.13     -0.07     0.15     1 
0130323089   40.22748    -74.22975     0.21     -0.02     0.21     1 
0130323090   40.22723    -74.19343     0.24     -0.08     0.26     1 
0130323091   40.22697    -74.15712     0.22     -0.02     0.22     1 
0130323092   40.22670    -74.12080     0.18     -0.05     0.19     1 
0130323093   40.22642    -74.08448     0.10     -0.10     0.14     1 
0130323094   40.22613    -74.04817     0.09     -0.04     0.09     1 
0130323095   40.22582    -74.01185    -0.13     -0.09     0.15     1 
0130323157   40.20349    -74.48417     0.08     -0.09     0.12     1 
0130323158   40.20332    -74.44787     0.17      0.10     0.19     1 
0130323159   40.20314    -74.41156     0.14     -0.19     0.24     1 
0130323160   40.20295    -74.37525     0.31     -0.09     0.32     1 
0130323161   40.20275    -74.33895     0.30     -0.06     0.30     1 
0130323162   40.20253    -74.30264     0.18     -0.12     0.22     1 
0130323163   40.20231    -74.26634     0.25     -0.07     0.26     1 
0130323164   40.20207    -74.23004     0.22     -0.04     0.23     1 
0130323165   40.20183    -74.19373     0.25      0.04     0.25     1 
0130323166   40.20157    -74.15743     0.23      0.06     0.24     1 
0130323167   40.20130    -74.12113     0.12      0.07     0.14     1 
0130323168   40.20102    -74.08483     0.20     -0.15     0.25     1 
0130323169   40.20072    -74.04852     0.01     -0.10     0.10     1 
0130323232   40.17808    -74.48436     0.20     -0.04     0.21     1 
0130323233   40.17791    -74.44807     0.11     -0.04     0.12     1 
0130323234   40.17773    -74.41178     0.24     -0.03     0.24     1 
0130323235   40.17754    -74.37549     0.06     -0.05     0.08     1 
0130323236   40.17734    -74.33920     0.10     -0.07     0.12     1 
0130323237   40.17713    -74.30290     0.20      0.01     0.20     1 
0130323238   40.17690    -74.26662     0.33      0.06     0.33     1 
0130323239   40.17667    -74.23032    -0.09      0.22     0.24     1 
0130323240   40.17642    -74.19403     0.16     -0.17     0.23     1 
0130323241   40.17616    -74.15775     0.25     -0.14     0.29     1 
0130323243   40.17561    -74.08517     0.12     -0.07     0.14     1 
0130323244   40.17532    -74.04888    -0.01     -0.06     0.06     1 
0130323307   40.15267    -74.48456     0.26     -0.03     0.27     1 
0130323309   40.15233    -74.41200     0.24     -0.07     0.25     1 
0130323310   40.15214    -74.37572     0.19     -0.02     0.19     1 
0130323311   40.15194    -74.33944     0.23      0.01     0.23     1 
0130323312   40.15172    -74.30317     0.24     -0.11     0.26     1 
0130323313   40.15150    -74.26689     0.17     -0.00     0.17     1 
0130323314   40.15126    -74.23061     0.15     -0.04     0.15     1 
0130323315   40.15102    -74.19433     0.23     -0.08     0.25     1 
0130323316   40.15076    -74.15806     0.16     -0.10     0.19     1 
0130323317   40.15049    -74.12178     0.13     -0.13     0.18     1 
0130323318   40.15021    -74.08551     0.37     -0.03     0.37     1 
0130323319   40.14992    -74.04923     0.01     -0.08     0.08     1 
0130323382   40.12727    -74.48475     0.19      0.01     0.19     1 
0130323383   40.12710    -74.44848    -0.18     -0.08     0.20     1 
0130323386   40.12653    -74.33969     0.18     -0.05     0.19     1 
0130323387   40.12632    -74.30343     0.19      0.08     0.21     1 
0130323388   40.12609    -74.26716     0.21      0.06     0.22     1 
0130323389   40.12586    -74.23090     0.25     -0.05     0.25     1 
0130323390   40.12561    -74.19464     0.34     -0.04     0.34     1 
0130323391   40.12535    -74.15837     0.10     -0.00     0.10     1 
0130323392   40.12509    -74.12211     0.19     -0.09     0.21     1 
0130323393   40.12481    -74.08585     0.12     -0.14     0.18     1 
0130323394   40.12451    -74.04959     0.02     -0.02     0.03     1 
0130323458   40.10169    -74.44869     0.21     -0.01     0.21     1 
0130323459   40.10152    -74.41244     0.09     -0.05     0.10     1 
0130323460   40.10133    -74.37619     0.21      0.09     0.22     1 
0130323461   40.10113    -74.33993     0.29     -0.09     0.31     1 
0130323462   40.10091    -74.30368     0.26      0.01     0.26     1 
0130323463   40.10069    -74.26743     0.13      0.12     0.18     1 
0130323464   40.10045    -74.23118     0.05      0.02     0.05     1 
0130323465   40.10021    -74.19493     0.12     -0.04     0.13     1 
0130323466   40.09995    -74.15869     0.14     -0.06     0.15     1 
0130323467   40.09968    -74.12244     0.20     -0.05     0.21     1 
0130323468   40.09940    -74.08619    -0.01     -0.10     0.10     1 
0130323469   40.09911    -74.04994    -0.13     -0.12     0.18     1 
0130323531   40.07661    -74.52137     0.29      0.01     0.29     1 
0130323532   40.07646    -74.48513     0.24     -0.03     0.24     1 
0130323533   40.07629    -74.44889     0.16     -0.03     0.16     1 
0130323534   40.07611    -74.41266     0.09      0.06     0.11     1 
0130323535   40.07592    -74.37642     0.27     -0.04     0.27     1 
0130323536   40.07572    -74.34018    -0.15     -0.01     0.15     1 
0130323537   40.07551    -74.30394     0.09      0.09     0.13     1 
0130323538   40.07528    -74.26771     0.29      0.10     0.31     1 
0130323539   40.07505    -74.23147     0.11      0.03     0.12     1 
0130323540   40.07480    -74.19523     0.05     -0.14     0.15     1 
0130323541   40.07455    -74.15900    -0.05     -0.02     0.05     1 
0130323543   40.07400    -74.08653    -0.10     -0.11     0.15     1 
0130323544   40.07371    -74.05029    -0.10     -0.04     0.11     1 
0130323606   40.05120    -74.52155     0.24     -0.06     0.25     1 
0130323607   40.05105    -74.48532     0.12     -0.08     0.14     1 
0130323608   40.05088    -74.44910     0.09      0.12     0.15     1 
0130323609   40.05070    -74.41287     0.04      0.18     0.19     1 
0130323610   40.05051    -74.37665     0.01      0.01     0.02     1 
0130323611   40.05031    -74.34042     0.24     -0.02     0.24     1 
0130323612   40.05010    -74.30420     0.06     -0.12     0.13     1 
0130323613   40.04988    -74.26798     0.03     -0.06     0.07     1 
0130323615   40.04940    -74.19553     0.03      0.07     0.08     1 
0130323616   40.04914    -74.15931     0.07     -0.05     0.09     1 
0130323617   40.04887    -74.12309     0.08      0.02     0.08     1 
0130323618   40.04859    -74.08687    -0.08     -0.02     0.08     1 
0130323619   40.04830    -74.05065    -0.09      0.03     0.09     1 
0130323681   40.02580    -74.52173     0.00     -0.04     0.04     1 
0130323682   40.02564    -74.48551     0.05      0.00     0.05     1 
0130323683   40.02548    -74.44930     0.07      0.01     0.07     1 
0130323684   40.02530    -74.41309     0.05      0.01     0.05     1 
0130323685   40.02511    -74.37688     0.04      0.07     0.08     1 
0130323686   40.02491    -74.34067    -0.08     -0.10     0.12     1 
0130323687   40.02470    -74.30446     0.06     -0.05     0.07     1 
0130323688   40.02447    -74.26825     0.11     -0.01     0.11     1 
0130323689   40.02424    -74.23204     0.21     -0.15     0.26     1 
0130323690   40.02399    -74.19583     0.30      0.01     0.30     1 
0130323691   40.02374    -74.15962     0.01     -0.08     0.08     1 
0130323692   40.02347    -74.12341    -0.15     -0.10     0.18     1 
0130323693   40.02319    -74.08721    -0.15     -0.12     0.19     1 
0130323757   40.00024    -74.48570     0.02     -0.08     0.09     1 
0130323758   40.00007    -74.44951     0.02     -0.05     0.06     1 
0130323759   39.99989    -74.41331     0.14     -0.03     0.15     1 
0130323760   39.99970    -74.37711     0.12      0.07     0.14     1 
0130323761   39.99950    -74.34091    -0.11     -0.00     0.11     1 
0130323762   39.99929    -74.30472     0.01     -0.17     0.17     1 
0130323763   39.99907    -74.26852     0.15      0.07     0.17     1 
0130323764   39.99883    -74.23233     0.15     -0.02     0.15     1 
0130323765   39.99859    -74.19613     0.36     -0.13     0.38     1 
0130323766   39.99833    -74.15993     0.08     -0.00     0.08     1 
0130323767   39.99806    -74.12374    -0.08     -0.05     0.09     1 
0130323768   39.99779    -74.08755    -0.11     -0.04     0.12     1 
0130323831   39.97498    -74.52208    -0.03      0.03     0.04     1 
0130323832   39.97483    -74.48590     0.02     -0.05     0.06     1 
0130323833   39.97466    -74.44971     0.08      0.01     0.08     1 
0130323834   39.97449    -74.41353     0.05     -0.02     0.05     1 
0130323835   39.97430    -74.37734     0.04     -0.09     0.09     1 
0130323836   39.97410    -74.34116     0.07     -0.12     0.14     1 
0130323838   39.97366    -74.26879    -0.08     -0.10     0.13     1 
0130323839   39.97343    -74.23261     0.11     -0.06     0.13     1 
0130323841   39.97293    -74.16025     0.20      0.01     0.20     1 
0130323842   39.97266    -74.12406    -0.11     -0.07     0.13     1 
0130323843   39.97238    -74.08788    -0.18     -0.12     0.22     1 
0130323905   39.94972    -74.55843    -0.03     -0.10     0.11     1 
0130323906   39.94958    -74.52226     0.09     -0.08     0.12     1 
0130323907   39.94942    -74.48609     0.12      0.00     0.12     1 
0130323908   39.94926    -74.44992     0.13     -0.04     0.14     1 
0130323909   39.94908    -74.41374     0.04      0.01     0.04     1 
0130323910   39.94889    -74.37757     0.08     -0.07     0.11     1 
0130323911   39.94869    -74.34140     0.02     -0.03     0.03     1 
0130323913   39.94826    -74.26906     0.01      0.06     0.06     1 
0130323914   39.94802    -74.23289    -0.02      0.05     0.06     1 
0130323915   39.94778    -74.19672    -0.10     -0.10     0.14     1 
0130323916   39.94752    -74.16056    -0.04     -0.16     0.17     1 
0130323917   39.94725    -74.12439    -0.12     -0.15     0.19     1 
0130323918   39.94698    -74.08822    -0.12     -0.14     0.18     1 
0130323980   39.92431    -74.55859     0.04      0.10     0.10     1 
0130323981   39.92417    -74.52243     0.11     -0.01     0.11     1 
0130323982   39.92401    -74.48628     0.31      0.04     0.32     1 
0130323983   39.92385    -74.45012    -0.03     -0.11     0.12     1 
0130323985   39.92348    -74.37780     0.06     -0.07     0.09     1 
0130323986   39.92328    -74.34164    -0.04     -0.04     0.06     1 
0130323987   39.92307    -74.30549     0.01     -0.05     0.05     1 
0130323988   39.92285    -74.26933     0.02     -0.09     0.09     1 
0130323989   39.92262    -74.23318    -0.10      0.01     0.10     1 
0130323990   39.92237    -74.19702     0.25     -0.28     0.38     1 
0130323991   39.92212    -74.16087     0.18      0.04     0.19     1 
0130323992   39.92185    -74.12471    -0.15     -0.05     0.15     1 
0130324055   39.89891    -74.55876    -0.03     -0.06     0.07     1 
0130324056   39.89876    -74.52261     0.02     -0.00     0.02     1 
0130324057   39.89861    -74.48647     0.03      0.05     0.06     1 
0130324058   39.89844    -74.45032     0.21     -0.11     0.23     1 
0130324059   39.89827    -74.41418     0.18      0.05     0.19     1 
0130324061   39.89788    -74.34189    -0.28      0.11     0.30     1 
0130324062   39.89767    -74.30575     0.02     -0.06     0.06     1 
0130324063   39.89744    -74.26960    -0.05      0.20     0.20     1 
0130324064   39.89721    -74.23346     0.09     -0.08     0.12     1 
0130324065   39.89697    -74.19732     0.12     -0.16     0.20     1 
0130324066   39.89671    -74.16118     0.28     -0.24     0.37     1 
0130324067   39.89644    -74.12503    -0.04     -0.17     0.17     1 
0130324131   39.87335    -74.52279     0.06      0.11     0.12     1 
0130324132   39.87320    -74.48665     0.12     -0.03     0.13     1 
0130324133   39.87304    -74.45052    -0.16     -0.10     0.19     1 
0130324134   39.87286    -74.41439     0.12      0.03     0.12     1 
0130324135   39.87267    -74.37826    -0.00     -0.00     0.00     1 
0130324136   39.87247    -74.34213    -0.06     -0.17     0.18     1 
0130324137   39.87226    -74.30600     0.06     -0.10     0.11     1 
0130324139   39.87181    -74.23374     0.19     -0.31     0.36     1 
0130324140   39.87156    -74.19761     0.13      0.10     0.16     1 
0130324141   39.87131    -74.16148    -0.03      0.02     0.03     1 
0130324142   39.87104    -74.12536    -0.10     -0.08     0.12     1 
0130324206   39.84795    -74.52296     0.06     -0.01     0.06     1 
0130324207   39.84779    -74.48685     0.12      0.02     0.12     1 
0130324208   39.84763    -74.45073     0.16     -0.03     0.16     1 
0130324209   39.84745    -74.41461     0.08     -0.03     0.09     1 
0130324210   39.84726    -74.37849     0.03     -0.10     0.11     1 
0130324211   39.84707    -74.34237     0.08     -0.29     0.31     1 
0130324214   39.84640    -74.23403    -0.06     -0.04     0.07     1 
0130324215   39.84616    -74.19791     0.05     -0.08     0.09     1 
0130324216   39.84590    -74.16179    -0.11     -0.06     0.12     1 
0130324279   39.82281    -74.59535    -0.03      0.02     0.04     1 
0130324280   39.82268    -74.55924     0.16      0.19     0.25     1 
0130324281   39.82254    -74.52314    -0.02      0.02     0.03     1 
0130324282   39.82239    -74.48703    -0.12      0.04     0.12     1 
0130324283   39.82222    -74.45093     0.25     -0.26     0.36     1 
0130324284   39.82205    -74.41482    -0.06     -0.31     0.32     1 
0130324285   39.82186    -74.37872    -0.00     -0.07     0.07     1 
0130324287   39.82145    -74.30651     0.02      0.02     0.03     1 
0130324288   39.82123    -74.27041    -0.25     -0.13     0.28     1 
0130324289   39.82099    -74.23431    -0.19     -0.10     0.21     1 
0130324290   39.82075    -74.19821    -0.08     -0.08     0.11     1 
0130324291   39.82050    -74.16210    -0.11      0.03     0.11     1 
0130324355   39.79727    -74.55941     0.07      0.06     0.10     1 
0130324356   39.79713    -74.52331     0.18     -0.11     0.21     1 
0130324357   39.79698    -74.48722    -0.03     -0.00     0.03     1 
0130324360   39.79645    -74.37895    -0.13     -0.06     0.14     1 
0130324361   39.79625    -74.34286    -0.04     -0.08     0.09     1 
0130324362   39.79604    -74.30677     0.08     -0.01     0.08     1 
0130324364   39.79559    -74.23459     0.07     -0.08     0.10     1 
0130324365   39.79534    -74.19850     0.08     -0.05     0.10     1 
0130324368   39.79455    -74.09024    -0.01     -0.06     0.06     1 
0130324429   39.77200    -74.59565     0.07      0.21     0.23     1 
0130324430   39.77187    -74.55957     0.20      0.16     0.25     1 
0130324431   39.77173    -74.52349    -0.03     -0.03     0.04     1 
0130324432   39.77157    -74.48741    -0.38      0.04     0.38     1 
0130324433   39.77141    -74.45133     0.08      0.06     0.10     1 
0130324434   39.77123    -74.41526     0.00      0.06     0.06     1 
0130324436   39.77084    -74.34310    -0.03      0.10     0.11     1 
0130324437   39.77063    -74.30702     0.04      0.11     0.12     1 
0130324440   39.76994    -74.19880    -0.06     -0.01     0.06     1 
0130324442   39.76942    -74.12664    -0.38     -0.08     0.39     1 
0130324443   39.76914    -74.09057    -0.11      0.08     0.14     1 
0130324504   39.74659    -74.59580     0.12      0.12     0.18     1 
0130324506   39.74632    -74.52366     0.05      0.01     0.05     1 
0130324507   39.74616    -74.48760     0.14      0.10     0.17     1 
0130324508   39.74600    -74.45153    -0.04      0.10     0.10     1 
0130324509   39.74582    -74.41547    -0.06      0.12     0.14     1 
0130324510   39.74564    -74.37941     0.04     -0.12     0.12     1 
0130324512   39.74523    -74.30728     0.26     -0.03     0.26     1 
0130324513   39.74501    -74.27121     0.14     -0.08     0.16     1 
0130324514   39.74477    -74.23515     0.13      0.01     0.13     1 
0130324515   39.74453    -74.19909    -0.12      0.04     0.13     1 
0130324517   39.74401    -74.12697    -0.16     -0.30     0.34     1 
0130324580   39.72105    -74.55989     0.12      0.08     0.15     1 
0130324581   39.72091    -74.52384     0.09      0.03     0.10     1 
0130324582   39.72076    -74.48779     0.23      0.08     0.24     1 
0130324583   39.72059    -74.45174     0.11      0.14     0.18     1 
0130324584   39.72042    -74.41568     0.05      0.09     0.10     1 
0130324585   39.72023    -74.37963     0.04     -0.05     0.07     1 
0130324587   39.71982    -74.30753    -0.06      0.02     0.06     1 
0130324589   39.71937    -74.23543     0.29      0.05     0.30     1 
0130324590   39.71912    -74.19938    -0.07      0.06     0.10     1 
0130324591   39.71887    -74.16334    -0.10      0.09     0.14     1 
0130324592   39.71861    -74.12729    -0.07      0.15     0.17     1 
0130324653   39.69589    -74.63213     0.13     -0.02     0.13     1 
0130324654   39.69577    -74.59609     0.06      0.25     0.26     1 
0130324655   39.69564    -74.56005     0.03      0.12     0.13     1 
0130324656   39.69550    -74.52401     0.02     -0.04     0.04     1 
0130324657   39.69535    -74.48798    -0.17      0.24     0.29     1 
0130324658   39.69518    -74.45194     0.19      0.15     0.24     1 
0130324659   39.69501    -74.41590    -0.09     -0.04     0.10     1 
0130324660   39.69482    -74.37986    -0.11      0.00     0.11     1 
0130324661   39.69462    -74.34382    -0.02     -0.04     0.05     1 
0130324662   39.69441    -74.30779     0.04     -0.01     0.04     1 
0130324665   39.69372    -74.19968    -0.08     -0.01     0.08     1 
0130324666   39.69347    -74.16364    -0.16     -0.00     0.16     1 
0130324731   39.67009    -74.52419    -0.01      0.04     0.04     1 
0130324732   39.66994    -74.48816    -0.10     -0.02     0.11     1 
0130324734   39.66960    -74.41611     0.12     -0.05     0.13     1 
0130324735   39.66941    -74.38009     0.02     -0.07     0.08     1 
0130324736   39.66922    -74.34406    -0.14     -0.03     0.15     1 
0130324739   39.66855    -74.23599    -0.10     -0.01     0.10     1 
0130324740   39.66831    -74.19997    -0.12      0.06     0.13     1 
0130324741   39.66806    -74.16395    -0.15      0.14     0.20     1 
0130324812   39.64360    -74.30829     0.08     -0.01     0.08     1 
0130324813   39.64338    -74.27228    -0.07     -0.05     0.09     1 
0130324814   39.64315    -74.23627     0.02     -0.06     0.06     1 
0130324815   39.64290    -74.20026    -0.04     -0.18     0.19     1 
----------------------------------------------------------------------
---------------------------------------------------
Total correlated GCPs in Upper Left Quadrant: 603

GCP statistics this quadrant only (in Pixels)
Line residual statistics:
  Mean: 0.045
  Median: 0.053
  Standard Deviation: 0.141

Sample residual statistics:
  Mean: 0.006
  Median: 0.006
  Standard Deviation: 0.076

Quadrant RMSE: 0.166

---------------------------------------------------
Total correlated GCPs in Upper Right Quadrant: 196

GCP statistics this quadrant only (in Pixels)
Line residual statistics:
  Mean: 0.033
  Median: 0.043
  Standard Deviation: 0.134

Sample residual statistics:
  Mean: -0.001
  Median: 0.001
  Standard Deviation: 0.080

Quadrant RMSE: 0.160

---------------------------------------------------
Total correlated GCPs in Lower Left Quadrant: 355

GCP statistics this quadrant only (in Pixels)
Line residual statistics:
  Mean: 0.083
  Median: 0.089
  Standard Deviation: 0.138

Sample residual statistics:
  Mean: -0.030
  Median: -0.036
  Standard Deviation: 0.089

Quadrant RMSE: 0.187

---------------------------------------------------
Total correlated GCPs in Lower Right Quadrant: 0

GCP statistics this quadrant only (in Pixels)
Line residual statistics:
  Mean: 0.000
  Median: 0.000
  Standard Deviation: 0.000

Sample residual statistics:
  Mean: 0.000
  Median: 0.000
  Standard Deviation: 0.000

Quadrant RMSE: 0.000

---------------------------------------------------
---------------------------------------------------
Total correlated GCPs in scene: 1154

GCP statistics entire scene (in Pixels)
Line residual statistics:
  Mean: 0.055
  Median: 0.061
  Standard Deviation: 0.140

Sample residual statistics:
  Mean: -0.006
  Median: -0.006
  Standard Deviation: 0.082

Scene RMSE: 0.172

