==============================================================================
==============================================================================
 Sep. 3 2016                  LANDSAT 5                       Time: 20:33
                            Image Assessment System
                            GEOMETRIC VERIFY Report
==============================================================================
Order ID: 0501609028013_05757                          Path / Row - 13 / 32
Reference Image: L51GNC1009230150100_HDF.L1G

Color mapping per rank
----------------------
Rank  1 is Green: total residual <= 0.5
Rank  2 is Cyan: 0.5 < total residual <=  1
Rank  3 is Blue:  1 < total residual <=  2
Rank  4 is Yellow:  2 < total residual <=  3
Rank  5 is Red:  3 < total residual

Percentage of residuals by rank
-------------------------------
Rank   1 -- 100.0%
Rank   2 --  0.0%
Rank   3 --  0.0%
Rank   4 --  0.0%
Rank   5 --  0.0%

       GCP    Latitude    Longitude  Sample   Line     Total    Rank
        ID                           Residual Residual Residual
              (Degree)    (Degree)   (Pixel)  (Pixel)  (Pixel)
----------------------------------------------------------------------
0130320090   41.23782    -74.17039     0.05     -0.01     0.05     1 
0130320091   41.23755    -74.13281     0.08     -0.04     0.09     1 
0130320092   41.23726    -74.09522     0.09     -0.05     0.10     1 
0130320093   41.23696    -74.05764     0.08      0.11     0.14     1 
0130320094   41.23664    -74.02005     0.27     -0.05     0.28     1 
0130320095   41.23632    -73.98247     0.03      0.03     0.04     1 
0130320165   41.21242    -74.17072     0.19      0.02     0.19     1 
0130320166   41.21215    -74.13314     0.11     -0.07     0.13     1 
0130320167   41.21186    -74.09557     0.00     -0.09     0.09     1 
0130320168   41.21156    -74.05800     0.18      0.15     0.23     1 
0130320169   41.21124    -74.02043     0.21      0.01     0.21     1 
0130320170   41.21092    -73.98286    -0.03     -0.02     0.04     1 
0130320173   41.20987    -73.87016     0.23     -0.06     0.24     1 
0130320174   41.20949    -73.83259     0.11     -0.12     0.16     1 
0130320175   41.20911    -73.79503     0.26      0.02     0.26     1 
0130320240   41.18702    -74.17104     0.11     -0.01     0.11     1 
0130320241   41.18675    -74.13348     0.01      0.05     0.05     1 
0130320242   41.18646    -74.09592     0.14      0.09     0.17     1 
0130320243   41.18616    -74.05837     0.23      0.09     0.25     1 
0130320244   41.18584    -74.02081     0.25     -0.06     0.26     1 
0130320245   41.18552    -73.98326     0.22      0.05     0.23     1 
0130320247   41.18483    -73.90815     0.03      0.05     0.06     1 
0130320248   41.18447    -73.87060     0.02      0.05     0.06     1 
0130320249   41.18409    -73.83304     0.17      0.01     0.17     1 
0130320250   41.18371    -73.79549     0.19      0.02     0.19     1 
0130320251   41.18331    -73.75794     0.13      0.02     0.13     1 
0130320252   41.18290    -73.72039     0.18      0.01     0.18     1 
0130320253   41.18247    -73.68285     0.08      0.13     0.16     1 
0130320254   41.18204    -73.64530     0.00      0.04     0.04     1 
0130320255   41.18159    -73.60775     0.07      0.05     0.09     1 
0130320315   41.16162    -74.17136     0.11      0.08     0.14     1 
0130320316   41.16135    -74.13381     0.32     -0.17     0.36     1 
0130320317   41.16106    -74.09627     0.13      0.01     0.13     1 
0130320318   41.16076    -74.05873     0.25      0.07     0.26     1 
0130320319   41.16045    -74.02119     0.35      0.03     0.35     1 
0130320320   41.16012    -73.98365     0.12      0.06     0.13     1 
0130320323   41.15907    -73.87103     0.14      0.09     0.17     1 
0130320324   41.15870    -73.83350     0.12     -0.02     0.12     1 
0130320325   41.15831    -73.79596     0.20      0.08     0.21     1 
0130320326   41.15791    -73.75842     0.19      0.03     0.19     1 
0130320327   41.15750    -73.72089     0.26      0.01     0.26     1 
0130320328   41.15708    -73.68335     0.01      0.07     0.07     1 
0130320329   41.15664    -73.64582     0.06      0.01     0.06     1 
0130320330   41.15620    -73.60829     0.01     -0.07     0.07     1 
0130320331   41.15574    -73.57076    -0.01      0.04     0.04     1 
0130320332   41.15526    -73.53322     0.12      0.02     0.12     1 
0130320333   41.15478    -73.49569     0.18     -0.02     0.18     1 
0130320334   41.15428    -73.45816     0.08      0.10     0.13     1 
0130320335   41.15378    -73.42064     0.01      0.02     0.02     1 
0130320390   41.13622    -74.17168     0.18      0.05     0.18     1 
0130320391   41.13595    -74.13415     0.16     -0.03     0.16     1 
0130320392   41.13566    -74.09662     0.32      0.06     0.33     1 
0130320393   41.13536    -74.05909     0.21      0.02     0.21     1 
0130320394   41.13505    -74.02157     0.34      0.10     0.36     1 
0130320395   41.13472    -73.98404     0.20     -0.04     0.20     1 
0130320396   41.13439    -73.94652     0.09     -0.05     0.11     1 
0130320397   41.13404    -73.90899     0.32     -0.12     0.35     1 
0130320399   41.13330    -73.83395     0.15      0.07     0.16     1 
0130320400   41.13291    -73.79642     0.15      0.04     0.15     1 
0130320401   41.13252    -73.75890     0.23      0.10     0.25     1 
0130320402   41.13211    -73.72138     0.12      0.02     0.12     1 
0130320403   41.13168    -73.68386     0.19      0.03     0.19     1 
0130320404   41.13125    -73.64634     0.07     -0.02     0.07     1 
0130320405   41.13080    -73.60882    -0.02     -0.01     0.02     1 
0130320406   41.13034    -73.57131     0.08      0.05     0.09     1 
0130320407   41.12987    -73.53379     0.06      0.07     0.09     1 
0130320408   41.12939    -73.49627     0.17      0.13     0.21     1 
0130320409   41.12889    -73.45876     0.12      0.14     0.19     1 
0130320410   41.12838    -73.42124     0.03      0.04     0.04     1 
0130320411   41.12786    -73.38373     0.12      0.07     0.14     1 
0130320412   41.12733    -73.34622    -0.01      0.04     0.04     1 
0130320413   41.12678    -73.30871    -0.05     -0.04     0.06     1 
0130320414   41.12623    -73.27120    -0.30      0.16     0.34     1 
0130320464   41.11109    -74.20951     0.18      0.02     0.18     1 
0130320465   41.11082    -74.17200     0.11     -0.10     0.15     1 
0130320466   41.11055    -74.13448     0.01      0.00     0.01     1 
0130320467   41.11026    -74.09697     0.18      0.03     0.19     1 
0130320468   41.10996    -74.05946     0.11     -0.06     0.12     1 
0130320469   41.10965    -74.02195     0.12     -0.08     0.14     1 
0130320470   41.10932    -73.98443     0.26      0.00     0.26     1 
0130320471   41.10899    -73.94692     0.09      0.01     0.09     1 
0130320474   41.10790    -73.83440     0.37     -0.08     0.37     1 
0130320475   41.10752    -73.79689     0.21      0.04     0.21     1 
0130320476   41.10712    -73.75938     0.16     -0.01     0.16     1 
0130320477   41.10671    -73.72187    -0.01      0.03     0.03     1 
0130320478   41.10629    -73.68437     0.10      0.03     0.10     1 
0130320479   41.10585    -73.64686     0.20      0.06     0.21     1 
0130320480   41.10541    -73.60936     0.13      0.06     0.14     1 
0130320481   41.10495    -73.57186     0.08      0.11     0.13     1 
0130320482   41.10448    -73.53436     0.13      0.06     0.14     1 
0130320483   41.10399    -73.49685     0.19      0.10     0.21     1 
0130320484   41.10350    -73.45935     0.10      0.12     0.16     1 
0130320485   41.10299    -73.42185    -0.08      0.04     0.09     1 
0130320486   41.10247    -73.38435    -0.18     -0.16     0.25     1 
0130320539   41.08569    -74.20981     0.04      0.10     0.10     1 
0130320540   41.08542    -74.17231     0.05     -0.00     0.05     1 
0130320541   41.08515    -74.13482     0.08      0.02     0.08     1 
0130320542   41.08486    -74.09732     0.20      0.06     0.21     1 
0130320543   41.08456    -74.05982     0.26      0.01     0.26     1 
0130320544   41.08425    -74.02232     0.18      0.04     0.18     1 
0130320545   41.08393    -73.98483     0.17     -0.05     0.18     1 
0130320546   41.08359    -73.94733     0.06      0.01     0.06     1 
0130320547   41.08324    -73.90983    -0.08     -0.13     0.16     1 
0130320548   41.08288    -73.87234    -0.01     -0.08     0.08     1 
0130320549   41.08250    -73.83485     0.01      0.06     0.06     1 
0130320550   41.08212    -73.79735     0.18      0.01     0.18     1 
0130320551   41.08172    -73.75986    -0.05     -0.04     0.06     1 
0130320552   41.08131    -73.72237    -0.01     -0.02     0.02     1 
0130320553   41.08089    -73.68488     0.18     -0.01     0.18     1 
0130320554   41.08046    -73.64738     0.11      0.05     0.12     1 
0130320555   41.08001    -73.60990     0.14      0.10     0.18     1 
0130320556   41.07955    -73.57241     0.16      0.02     0.17     1 
0130320557   41.07908    -73.53492     0.19      0.00     0.19     1 
0130320558   41.07860    -73.49743     0.13      0.10     0.16     1 
0130320559   41.07810    -73.45995     0.07      0.03     0.07     1 
0130320560   41.07760    -73.42246    -0.11     -0.03     0.12     1 
0130320561   41.07708    -73.38498    -0.24     -0.24     0.34     1 
0130320614   41.06029    -74.21012     0.20     -0.02     0.20     1 
0130320615   41.06002    -74.17263     0.27     -0.07     0.28     1 
0130320616   41.05975    -74.13515     0.13     -0.03     0.14     1 
0130320617   41.05946    -74.09766     0.24     -0.01     0.24     1 
0130320618   41.05916    -74.06018     0.08     -0.01     0.08     1 
0130320619   41.05885    -74.02270     0.11     -0.06     0.12     1 
0130320620   41.05853    -73.98522     0.11     -0.01     0.11     1 
0130320621   41.05819    -73.94773     0.07      0.02     0.07     1 
0130320622   41.05784    -73.91025     0.11     -0.14     0.17     1 
0130320624   41.05711    -73.83529     0.04      0.04     0.06     1 
0130320625   41.05672    -73.79781     0.26     -0.00     0.26     1 
0130320626   41.05633    -73.76034    -0.06      0.04     0.08     1 
0130320627   41.05592    -73.72286     0.16     -0.01     0.16     1 
0130320628   41.05550    -73.68538     0.06      0.04     0.07     1 
0130320629   41.05506    -73.64790     0.11     -0.00     0.11     1 
0130320630   41.05461    -73.61043     0.21      0.02     0.21     1 
0130320631   41.05416    -73.57296     0.10      0.06     0.11     1 
0130320633   41.05320    -73.49801    -0.31      0.02     0.31     1 
0130320634   41.05271    -73.46054    -0.32     -0.04     0.32     1 
0130320635   41.05220    -73.42307    -0.26     -0.07     0.27     1 
0130320689   41.03489    -74.21042     0.32      0.05     0.32     1 
0130320690   41.03462    -74.17295     0.19      0.09     0.21     1 
0130320691   41.03435    -74.13548     0.31      0.03     0.31     1 
0130320692   41.03406    -74.09801     0.26      0.02     0.26     1 
0130320693   41.03376    -74.06054     0.20      0.01     0.21     1 
0130320694   41.03345    -74.02307     0.17      0.01     0.17     1 
0130320695   41.03313    -73.98561     0.11      0.04     0.11     1 
0130320696   41.03279    -73.94814     0.19     -0.01     0.19     1 
0130320697   41.03244    -73.91067     0.19     -0.10     0.22     1 
0130320699   41.03171    -73.83574     0.12     -0.04     0.13     1 
0130320700   41.03133    -73.79828     0.21      0.05     0.21     1 
0130320701   41.03093    -73.76081     0.11     -0.03     0.12     1 
0130320702   41.03052    -73.72335     0.05     -0.06     0.08     1 
0130320703   41.03010    -73.68589     0.17      0.01     0.17     1 
0130320704   41.02967    -73.64843     0.13      0.03     0.13     1 
0130320705   41.02922    -73.61096     0.07     -0.00     0.07     1 
0130320706   41.02876    -73.57350    -0.02      0.00     0.02     1 
0130320707   41.02829    -73.53605    -0.22      0.07     0.24     1 
0130320708   41.02781    -73.49859    -0.33     -0.01     0.33     1 
0130320733   41.01181    -72.56249    -0.00     -0.18     0.18     1 
0130320734   41.01101    -72.52507     0.04     -0.05     0.06     1 
0130320735   41.01020    -72.48764     0.07     -0.00     0.07     1 
0130320736   41.00938    -72.45022    -0.23     -0.10     0.26     1 
0130320739   41.00684    -72.33796     0.03      0.04     0.05     1 
0130320764   41.00948    -74.21072     0.09      0.16     0.18     1 
0130320765   41.00922    -74.17327     0.07      0.11     0.13     1 
0130320766   41.00895    -74.13581     0.26      0.05     0.26     1 
0130320767   41.00866    -74.09836     0.15      0.03     0.15     1 
0130320768   41.00836    -74.06090     0.22     -0.02     0.22     1 
0130320769   41.00805    -74.02345     0.16      0.11     0.19     1 
0130320770   41.00773    -73.98600     0.10     -0.05     0.11     1 
0130320771   41.00739    -73.94854     0.11      0.07     0.13     1 
0130320772   41.00704    -73.91109     0.29     -0.05     0.29     1 
0130320773   41.00668    -73.87364     0.18      0.00     0.18     1 
0130320774   41.00631    -73.83619     0.23      0.04     0.23     1 
0130320775   41.00593    -73.79874     0.19     -0.04     0.20     1 
0130320776   41.00553    -73.76129     0.12     -0.04     0.13     1 
0130320777   41.00512    -73.72384     0.18      0.02     0.18     1 
0130320778   41.00470    -73.68639     0.06     -0.01     0.06     1 
0130320779   41.00427    -73.64894    -0.14     -0.12     0.18     1 
0130320807   40.98721    -72.60084     0.21     -0.20     0.29     1 
0130320808   40.98643    -72.56343    -0.06      0.08     0.11     1 
0130320809   40.98563    -72.52602    -0.23     -0.05     0.24     1 
0130320810   40.98482    -72.48861    -0.28      0.02     0.28     1 
0130320811   40.98400    -72.45120    -0.15     -0.12     0.19     1 
0130320814   40.98146    -72.33898     0.24      0.04     0.24     1 
0130320815   40.98059    -72.30158     0.01      0.01     0.02     1 
0130320816   40.97971    -72.26417    -0.01     -0.04     0.04     1 
0130320817   40.97882    -72.22678    -0.03     -0.04     0.05     1 
0130320838   40.98434    -74.24847    -0.01      0.07     0.07     1 
0130320839   40.98409    -74.21103     0.17     -0.15     0.22     1 
0130320840   40.98382    -74.17359     0.14      0.16     0.21     1 
0130320841   40.98355    -74.13614     0.20      0.03     0.20     1 
0130320842   40.98326    -74.09870     0.15     -0.04     0.15     1 
0130320843   40.98296    -74.06126     0.18     -0.03     0.18     1 
0130320844   40.98265    -74.02382     0.13      0.09     0.15     1 
0130320845   40.98233    -73.98638    -0.14      0.03     0.14     1 
0130320846   40.98199    -73.94895     0.18      0.04     0.19     1 
0130320848   40.98129    -73.87407     0.15      0.07     0.17     1 
0130320849   40.98091    -73.83663     0.09      0.05     0.10     1 
0130320850   40.98053    -73.79920     0.23      0.02     0.23     1 
0130320851   40.98013    -73.76176     0.17      0.08     0.18     1 
0130320852   40.97973    -73.72433     0.18      0.06     0.19     1 
0130320853   40.97931    -73.68690     0.17      0.01     0.17     1 
0130320868   40.97154    -73.12550     0.18      0.00     0.18     1 
0130320869   40.97093    -73.08808    -0.12     -0.00     0.12     1 
0130320870   40.97030    -73.05067     0.26     -0.12     0.29     1 
0130320871   40.96966    -73.01325     0.20     -0.28     0.34     1 
0130320879   40.96411    -72.71397     0.05     -0.00     0.05     1 
0130320880   40.96337    -72.67657     0.04      0.02     0.04     1 
0130320882   40.96183    -72.60176     0.14      0.08     0.16     1 
0130320883   40.96105    -72.56436    -0.08      0.02     0.08     1 
0130320888   40.95694    -72.37739    -0.06      0.06     0.08     1 
0130320889   40.95609    -72.34000     0.04     -0.04     0.06     1 
0130320890   40.95522    -72.30261     0.01     -0.03     0.03     1 
0130320891   40.95434    -72.26522     0.08     -0.02     0.09     1 
0130320892   40.95344    -72.22784     0.02      0.02     0.03     1 
0130320893   40.95254    -72.19046     0.23      0.03     0.24     1 
0130320913   40.95893    -74.24876     0.03      0.06     0.06     1 
0130320914   40.95868    -74.21133     0.13      0.19     0.23     1 
0130320915   40.95842    -74.17390     0.13      0.10     0.16     1 
0130320916   40.95815    -74.13648     0.14      0.06     0.15     1 
0130320917   40.95786    -74.09905     0.17      0.07     0.18     1 
0130320918   40.95756    -74.06162     0.08      0.07     0.11     1 
0130320919   40.95725    -74.02420     0.05     -0.02     0.06     1 
0130320920   40.95693    -73.98677     0.21      0.10     0.23     1 
0130320921   40.95659    -73.94935     0.36      0.01     0.36     1 
0130320924   40.95552    -73.83708     0.14     -0.02     0.14     1 
0130320925   40.95513    -73.79966     0.16      0.04     0.17     1 
0130320926   40.95474    -73.76224     0.20      0.06     0.21     1 
0130320927   40.95433    -73.72482    -0.05     -0.01     0.06     1 
0130320928   40.95391    -73.68740    -0.15     -0.18     0.23     1 
0130320943   40.94615    -73.12622     0.17      0.02     0.17     1 
0130320944   40.94554    -73.08882     0.09      0.10     0.13     1 
0130320945   40.94491    -73.05141     0.08      0.03     0.09     1 
0130320946   40.94427    -73.01401     0.21      0.04     0.21     1 
0130320947   40.94362    -72.97661     0.25      0.01     0.25     1 
0130320948   40.94296    -72.93921     0.06     -0.01     0.06     1 
0130320949   40.94229    -72.90182     0.17     -0.08     0.18     1 
0130320950   40.94160    -72.86442     0.10      0.03     0.11     1 
0130320951   40.94090    -72.82702     0.14      0.09     0.17     1 
0130320953   40.93947    -72.75224     0.03      0.08     0.09     1 
0130320954   40.93873    -72.71485     0.16      0.08     0.18     1 
0130320955   40.93798    -72.67746    -0.07      0.03     0.07     1 
0130320956   40.93722    -72.64007     0.21     -0.04     0.21     1 
0130320957   40.93645    -72.60268    -0.15      0.03     0.15     1 
0130320958   40.93567    -72.56530    -0.26     -0.01     0.26     1 
0130320962   40.93241    -72.41577    -0.01     -0.00     0.01     1 
0130320963   40.93157    -72.37839     0.12     -0.02     0.13     1 
0130320964   40.93071    -72.34102    -0.07      0.08     0.10     1 
0130320965   40.92984    -72.30364    -0.02      0.06     0.06     1 
0130320967   40.92807    -72.22890     0.19     -0.03     0.19     1 
0130320988   40.93353    -74.24905     0.18      0.02     0.18     1 
0130320989   40.93328    -74.21163     0.14      0.02     0.14     1 
0130320990   40.93302    -74.17422    -0.01      0.08     0.09     1 
0130320991   40.93275    -74.13681    -0.03      0.06     0.07     1 
0130320992   40.93246    -74.09940     0.18     -0.01     0.18     1 
0130320993   40.93216    -74.06198     0.16      0.04     0.17     1 
0130320994   40.93185    -74.02457     0.11      0.04     0.11     1 
0130320995   40.93153    -73.98716     0.18      0.05     0.19     1 
0130320996   40.93119    -73.94975     0.15      0.08     0.17     1 
0130320997   40.93085    -73.91234     0.01     -0.07     0.07     1 
0130320998   40.93049    -73.87493     0.13     -0.00     0.13     1 
0130320999   40.93012    -73.83753     0.01      0.05     0.05     1 
0130321000   40.92973    -73.80012     0.12     -0.15     0.19     1 
0130321001   40.92934    -73.76271     0.06      0.02     0.06     1 
0130321002   40.92893    -73.72531    -0.20     -0.19     0.27     1 
0130321009   40.92574    -73.46349     0.24     -0.01     0.24     1 
0130321010   40.92524    -73.42609    -0.04     -0.36     0.36     1 
0130321012   40.92419    -73.35130     0.16      0.21     0.26     1 
0130321017   40.92136    -73.16433    -0.02      0.02     0.03     1 
0130321018   40.92076    -73.12694     0.05      0.01     0.05     1 
0130321019   40.92015    -73.08955     0.15     -0.02     0.15     1 
0130321020   40.91952    -73.05216     0.12      0.01     0.12     1 
0130321021   40.91889    -73.01477     0.15     -0.03     0.16     1 
0130321022   40.91824    -72.97739    -0.19     -0.08     0.21     1 
0130321023   40.91757    -72.94000    -0.06     -0.00     0.06     1 
0130321024   40.91690    -72.90262     0.08     -0.01     0.08     1 
0130321025   40.91621    -72.86524     0.08      0.00     0.08     1 
0130321026   40.91551    -72.82786     0.16      0.17     0.23     1 
0130321027   40.91481    -72.79048     0.06     -0.02     0.06     1 
0130321028   40.91408    -72.75310     0.15     -0.01     0.15     1 
0130321029   40.91335    -72.71572    -0.03      0.04     0.05     1 
0130321030   40.91260    -72.67835     0.02     -0.01     0.03     1 
0130321031   40.91184    -72.64097    -0.06     -0.08     0.10     1 
0130321032   40.91107    -72.60360     0.19     -0.06     0.20     1 
0130321033   40.91029    -72.56623     0.01      0.07     0.07     1 
0130321036   40.90787    -72.45413     0.04      0.10     0.11     1 
0130321037   40.90703    -72.41676     0.14      0.02     0.15     1 
0130321039   40.90534    -72.34203    -0.11     -0.03     0.11     1 
0130321040   40.90447    -72.30468     0.10     -0.02     0.10     1 
0130321063   40.90813    -74.24933     0.16      0.02     0.16     1 
0130321064   40.90788    -74.21193     0.14      0.03     0.15     1 
0130321065   40.90762    -74.17454     0.04      0.04     0.05     1 
0130321066   40.90735    -74.13714    -0.06     -0.02     0.06     1 
0130321067   40.90706    -74.09974     0.03     -0.11     0.11     1 
0130321068   40.90676    -74.06234     0.11     -0.01     0.12     1 
0130321069   40.90645    -74.02495    -0.02     -0.09     0.10     1 
0130321070   40.90613    -73.98755     0.14      0.07     0.16     1 
0130321071   40.90579    -73.95015     0.18      0.07     0.20     1 
0130321073   40.90509    -73.87536     0.12      0.09     0.15     1 
0130321074   40.90472    -73.83797    -0.01      0.04     0.04     1 
0130321075   40.90434    -73.80058     0.09      0.04     0.10     1 
0130321076   40.90394    -73.76319    -0.24     -0.24     0.34     1 
0130321080   40.90224    -73.61362     0.34      0.13     0.37     1 
0130321081   40.90178    -73.57624     0.11     -0.02     0.11     1 
0130321082   40.90132    -73.53885    -0.07     -0.25     0.26     1 
0130321084   40.90035    -73.46408     0.10      0.26     0.28     1 
0130321085   40.89984    -73.42669     0.08     -0.06     0.09     1 
0130321087   40.89880    -73.35193     0.05     -0.01     0.05     1 
0130321088   40.89826    -73.31455     0.24      0.07     0.25     1 
0130321089   40.89770    -73.27716     0.12      0.02     0.13     1 
0130321090   40.89714    -73.23979     0.19      0.04     0.19     1 
0130321091   40.89656    -73.20241     0.04      0.04     0.05     1 
0130321092   40.89597    -73.16503     0.15      0.15     0.22     1 
0130321093   40.89537    -73.12765     0.18     -0.01     0.18     1 
0130321094   40.89476    -73.09028     0.06     -0.02     0.07     1 
0130321095   40.89413    -73.05290     0.11      0.03     0.11     1 
0130321097   40.89285    -72.97816     0.15      0.04     0.15     1 
0130321099   40.89151    -72.90342     0.12     -0.02     0.12     1 
0130321100   40.89083    -72.86605     0.08     -0.05     0.10     1 
0130321101   40.89013    -72.82869     0.03      0.08     0.08     1 
0130321102   40.88942    -72.79132     0.09      0.03     0.10     1 
0130321103   40.88870    -72.75396     0.13      0.01     0.13     1 
0130321104   40.88796    -72.71660     0.02      0.03     0.04     1 
0130321105   40.88722    -72.67924     0.04      0.01     0.05     1 
0130321106   40.88646    -72.64187    -0.02     -0.02     0.02     1 
0130321107   40.88569    -72.60452    -0.09     -0.04     0.10     1 
0130321108   40.88491    -72.56716    -0.04      0.01     0.04     1 
0130321109   40.88411    -72.52980     0.04      0.02     0.04     1 
0130321110   40.88331    -72.49245    -0.07     -0.01     0.07     1 
0130321111   40.88249    -72.45510    -0.05      0.01     0.05     1 
0130321112   40.88166    -72.41775    -0.03     -0.02     0.04     1 
0130321113   40.88081    -72.38040     0.28      0.09     0.29     1 
0130321138   40.88273    -74.24962     0.02     -0.06     0.06     1 
0130321139   40.88248    -74.21224    -0.03      0.07     0.08     1 
0130321140   40.88222    -74.17485     0.05      0.02     0.05     1 
0130321141   40.88195    -74.13747    -0.04     -0.06     0.07     1 
0130321142   40.88166    -74.10008     0.02     -0.02     0.03     1 
0130321143   40.88136    -74.06270     0.02      0.02     0.03     1 
0130321144   40.88105    -74.02532     0.02     -0.01     0.03     1 
0130321145   40.88073    -73.98794     0.02      0.00     0.02     1 
0130321146   40.88040    -73.95055     0.16     -0.08     0.18     1 
0130321147   40.88005    -73.91317    -0.08     -0.09     0.12     1 
0130321148   40.87969    -73.87579     0.01     -0.06     0.06     1 
0130321150   40.87894    -73.80104     0.06     -0.03     0.07     1 
0130321155   40.87684    -73.61415     0.21      0.09     0.23     1 
0130321156   40.87639    -73.57678     0.09      0.06     0.10     1 
0130321157   40.87592    -73.53941     0.29     -0.08     0.30     1 
0130321158   40.87544    -73.50204     0.02      0.15     0.15     1 
0130321159   40.87495    -73.46466     0.01      0.37     0.37     1 
0130321160   40.87445    -73.42730     0.06      0.13     0.15     1 
0130321161   40.87393    -73.38993     0.11      0.11     0.16     1 
0130321162   40.87340    -73.35256     0.13      0.01     0.13     1 
0130321163   40.87286    -73.31519     0.07      0.05     0.09     1 
0130321164   40.87231    -73.27782     0.17      0.12     0.21     1 
0130321165   40.87175    -73.24046     0.19      0.07     0.20     1 
0130321166   40.87117    -73.20309     0.02     -0.04     0.05     1 
0130321167   40.87058    -73.16573     0.23     -0.04     0.23     1 
0130321168   40.86998    -73.12837     0.00      0.07     0.07     1 
0130321169   40.86937    -73.09101     0.12      0.02     0.12     1 
0130321170   40.86875    -73.05365     0.08      0.02     0.08     1 
0130321171   40.86811    -73.01629     0.07      0.07     0.10     1 
0130321172   40.86746    -72.97893     0.14     -0.04     0.14     1 
0130321173   40.86680    -72.94158     0.21      0.03     0.21     1 
0130321174   40.86613    -72.90422     0.19      0.05     0.20     1 
0130321175   40.86544    -72.86687     0.21      0.08     0.23     1 
0130321176   40.86474    -72.82952     0.06      0.05     0.07     1 
0130321177   40.86404    -72.79217     0.09     -0.06     0.11     1 
0130321178   40.86331    -72.75482     0.08     -0.12     0.14     1 
0130321179   40.86258    -72.71747     0.05     -0.01     0.05     1 
0130321180   40.86183    -72.68012     0.03      0.10     0.10     1 
0130321181   40.86108    -72.64278    -0.04      0.07     0.08     1 
0130321182   40.86031    -72.60543    -0.01     -0.08     0.08     1 
0130321183   40.85953    -72.56809     0.02     -0.08     0.08     1 
0130321184   40.85873    -72.53075    -0.14      0.05     0.15     1 
0130321212   40.85757    -74.28728     0.18     -0.01     0.18     1 
0130321213   40.85733    -74.24991     0.21      0.03     0.21     1 
0130321214   40.85708    -74.21254     0.19     -0.08     0.20     1 
0130321215   40.85682    -74.17517     0.12     -0.00     0.12     1 
0130321216   40.85654    -74.13780     0.09     -0.03     0.10     1 
0130321217   40.85626    -74.10043     0.02     -0.02     0.03     1 
0130321219   40.85565    -74.02569    -0.07     -0.01     0.07     1 
0130321220   40.85533    -73.98832     0.02      0.02     0.03     1 
0130321221   40.85500    -73.95096    -0.04     -0.11     0.12     1 
0130321222   40.85465    -73.91359    -0.10     -0.02     0.10     1 
0130321223   40.85429    -73.87622    -0.03      0.07     0.07     1 
0130321225   40.85354    -73.80150    -0.23     -0.16     0.28     1 
0130321226   40.85315    -73.76413    -0.17     -0.28     0.33     1 
0130321228   40.85232    -73.68941     0.33     -0.05     0.34     1 
0130321230   40.85145    -73.61468     0.10      0.03     0.10     1 
0130321231   40.85099    -73.57733     0.27      0.06     0.28     1 
0130321232   40.85053    -73.53997     0.15     -0.04     0.16     1 
0130321233   40.85005    -73.50261     0.17      0.05     0.18     1 
0130321234   40.84956    -73.46525     0.04      0.09     0.09     1 
0130321235   40.84905    -73.42790     0.20      0.02     0.20     1 
0130321236   40.84854    -73.39054     0.06      0.05     0.08     1 
0130321237   40.84801    -73.35319     0.18      0.04     0.19     1 
0130321238   40.84747    -73.31583     0.11      0.06     0.13     1 
0130321239   40.84692    -73.27848     0.06      0.05     0.07     1 
0130321240   40.84636    -73.24113     0.13     -0.01     0.13     1 
0130321241   40.84578    -73.20378     0.05      0.11     0.12     1 
0130321242   40.84519    -73.16643    -0.01      0.07     0.07     1 
0130321243   40.84459    -73.12908     0.16      0.00     0.16     1 
0130321244   40.84398    -73.09174     0.17     -0.02     0.17     1 
0130321245   40.84336    -73.05439     0.07     -0.01     0.07     1 
0130321247   40.84207    -72.97970     0.31     -0.00     0.31     1 
0130321248   40.84141    -72.94236     0.16      0.09     0.18     1 
0130321249   40.84074    -72.90502     0.19      0.08     0.21     1 
0130321250   40.84005    -72.86768     0.17      0.16     0.23     1 
0130321251   40.83936    -72.83034     0.14     -0.07     0.15     1 
0130321252   40.83865    -72.79301     0.20      0.07     0.21     1 
0130321253   40.83793    -72.75567     0.17      0.06     0.18     1 
0130321254   40.83720    -72.71834     0.06      0.03     0.06     1 
0130321255   40.83645    -72.68101     0.03     -0.07     0.07     1 
0130321256   40.83570    -72.64368    -0.04     -0.08     0.09     1 
0130321257   40.83493    -72.60635     0.13      0.02     0.13     1 
0130321258   40.83414    -72.56902    -0.21     -0.06     0.21     1 
0130321260   40.83255    -72.49437     0.10     -0.17     0.20     1 
0130321287   40.83216    -74.28755     0.22     -0.00     0.22     1 
0130321288   40.83193    -74.25019     0.15     -0.12     0.19     1 
0130321289   40.83168    -74.21284     0.15      0.01     0.15     1 
0130321290   40.83142    -74.17548     0.18      0.05     0.18     1 
0130321291   40.83114    -74.13813     0.02      0.15     0.15     1 
0130321294   40.83025    -74.02606    -0.09     -0.02     0.09     1 
0130321295   40.82993    -73.98871     0.16     -0.08     0.18     1 
0130321297   40.82925    -73.91400    -0.02      0.03     0.04     1 
0130321298   40.82889    -73.87665    -0.10     -0.07     0.12     1 
0130321299   40.82852    -73.83930    -0.05      0.05     0.08     1 
0130321302   40.82734    -73.72725     0.11     -0.05     0.12     1 
0130321303   40.82692    -73.68991     0.09      0.13     0.16     1 
0130321304   40.82649    -73.65256     0.07     -0.25     0.26     1 
0130321305   40.82605    -73.61521     0.18      0.04     0.19     1 
0130321306   40.82560    -73.57787     0.16      0.04     0.16     1 
0130321307   40.82513    -73.54052     0.21     -0.01     0.21     1 
0130321308   40.82465    -73.50318     0.03      0.02     0.03     1 
0130321309   40.82416    -73.46584     0.08     -0.03     0.09     1 
0130321310   40.82366    -73.42849     0.14      0.09     0.17     1 
0130321311   40.82314    -73.39115     0.19      0.04     0.20     1 
0130321312   40.82262    -73.35381     0.04      0.11     0.12     1 
0130321313   40.82208    -73.31648     0.19      0.07     0.20     1 
0130321314   40.82153    -73.27914     0.08     -0.01     0.08     1 
0130321315   40.82096    -73.24180    -0.04     -0.03     0.06     1 
0130321316   40.82039    -73.20447    -0.05      0.01     0.05     1 
0130321317   40.81980    -73.16713     0.00      0.01     0.01     1 
0130321318   40.81920    -73.12980     0.13      0.07     0.14     1 
0130321319   40.81859    -73.09247     0.09      0.04     0.10     1 
0130321320   40.81797    -73.05513     0.09      0.05     0.10     1 
0130321321   40.81733    -73.01780     0.02     -0.05     0.06     1 
0130321322   40.81668    -72.98048     0.10      0.04     0.10     1 
0130321323   40.81602    -72.94315     0.01      0.15     0.15     1 
0130321324   40.81535    -72.90582     0.17      0.09     0.19     1 
0130321325   40.81467    -72.86850     0.12      0.10     0.16     1 
0130321326   40.81397    -72.83117     0.15      0.12     0.19     1 
0130321327   40.81327    -72.79385     0.04      0.10     0.10     1 
0130321328   40.81255    -72.75653     0.10      0.06     0.12     1 
0130321329   40.81181    -72.71921    -0.06      0.03     0.07     1 
0130321330   40.81107    -72.68189    -0.00      0.02     0.02     1 
0130321331   40.81031    -72.64457     0.02      0.04     0.05     1 
0130321362   40.80676    -74.28782     0.24     -0.08     0.26     1 
0130321363   40.80652    -74.25048     0.13      0.05     0.14     1 
0130321364   40.80627    -74.21314     0.13      0.04     0.13     1 
0130321365   40.80602    -74.17580     0.20      0.03     0.20     1 
0130321366   40.80574    -74.13845     0.04      0.01     0.04     1 
0130321367   40.80546    -74.10111    -0.16      0.03     0.16     1 
0130321368   40.80516    -74.06377    -0.17      0.06     0.18     1 
0130321369   40.80485    -74.02643    -0.14     -0.07     0.15     1 
0130321371   40.80420    -73.95176     0.00     -0.10     0.10     1 
0130321372   40.80385    -73.91442    -0.05     -0.01     0.05     1 
0130321373   40.80349    -73.87708    -0.29     -0.08     0.30     1 
0130321374   40.80313    -73.83974    -0.36     -0.08     0.37     1 
0130321375   40.80274    -73.80241    -0.22     -0.03     0.22     1 
0130321377   40.80194    -73.72774     0.08     -0.01     0.08     1 
0130321378   40.80153    -73.69041     0.09      0.02     0.10     1 
0130321379   40.80110    -73.65307    -0.07     -0.02     0.08     1 
0130321380   40.80065    -73.61574     0.25      0.03     0.25     1 
0130321381   40.80020    -73.57841     0.15      0.11     0.19     1 
0130321382   40.79973    -73.54108     0.03      0.09     0.09     1 
0130321383   40.79926    -73.50375    -0.06      0.14     0.15     1 
0130321384   40.79877    -73.46642     0.00      0.06     0.06     1 
0130321385   40.79826    -73.42910     0.07      0.12     0.14     1 
0130321387   40.79722    -73.35444     0.06      0.04     0.07     1 
0130321388   40.79668    -73.31712     0.14     -0.01     0.14     1 
0130321389   40.79613    -73.27979    -0.03      0.00     0.03     1 
0130321390   40.79557    -73.24247     0.13      0.04     0.13     1 
0130321391   40.79500    -73.20515     0.03      0.02     0.04     1 
0130321392   40.79441    -73.16783     0.04      0.06     0.07     1 
0130321393   40.79381    -73.13051    -0.08     -0.03     0.09     1 
0130321394   40.79320    -73.09319    -0.05     -0.01     0.05     1 
0130321395   40.79258    -73.05588     0.08      0.01     0.08     1 
0130321396   40.79194    -73.01856     0.07     -0.00     0.07     1 
0130321397   40.79129    -72.98125     0.11      0.02     0.11     1 
0130321398   40.79064    -72.94393    -0.00     -0.03     0.03     1 
0130321399   40.78997    -72.90662     0.10      0.04     0.11     1 
0130321400   40.78928    -72.86931     0.08      0.01     0.08     1 
0130321401   40.78859    -72.83200    -0.08      0.01     0.08     1 
0130321402   40.78788    -72.79469    -0.04      0.03     0.05     1 
0130321403   40.78716    -72.75738    -0.09     -0.01     0.09     1 
0130321404   40.78643    -72.72008     0.15      0.08     0.17     1 
0130321437   40.78136    -74.28809     0.13      0.12     0.18     1 
0130321438   40.78112    -74.25077     0.22      0.01     0.22     1 
0130321439   40.78087    -74.21344     0.10      0.03     0.10     1 
0130321440   40.78061    -74.17611     0.11      0.03     0.12     1 
0130321441   40.78034    -74.13878     0.12     -0.10     0.16     1 
0130321442   40.78006    -74.10146    -0.10     -0.05     0.12     1 
0130321443   40.77976    -74.06413    -0.03     -0.07     0.07     1 
0130321446   40.77880    -73.95216     0.29     -0.11     0.31     1 
0130321447   40.77845    -73.91483    -0.03     -0.05     0.06     1 
0130321448   40.77810    -73.87751    -0.13      0.01     0.13     1 
0130321449   40.77773    -73.84019    -0.16     -0.16     0.22     1 
0130321450   40.77734    -73.80286     0.00      0.06     0.06     1 
0130321452   40.77655    -73.72822     0.12     -0.03     0.13     1 
0130321453   40.77613    -73.69091     0.26      0.03     0.26     1 
0130321454   40.77570    -73.65359     0.02     -0.04     0.04     1 
0130321455   40.77526    -73.61627     0.06      0.05     0.08     1 
0130321456   40.77480    -73.57895     0.10     -0.02     0.10     1 
0130321457   40.77434    -73.54164    -0.11      0.11     0.16     1 
0130321458   40.77386    -73.50432    -0.01      0.02     0.02     1 
0130321459   40.77337    -73.46701    -0.01      0.06     0.06     1 
0130321460   40.77287    -73.42969    -0.27     -0.16     0.31     1 
0130321461   40.77235    -73.39238     0.21     -0.06     0.22     1 
0130321462   40.77183    -73.35507     0.10      0.09     0.13     1 
0130321463   40.77129    -73.31776    -0.00      0.10     0.10     1 
0130321464   40.77074    -73.28045    -0.01      0.05     0.05     1 
0130321465   40.77018    -73.24314     0.10      0.08     0.13     1 
0130321466   40.76960    -73.20583     0.02     -0.06     0.06     1 
0130321467   40.76902    -73.16853     0.09      0.07     0.11     1 
0130321468   40.76842    -73.13122     0.05      0.05     0.07     1 
0130321469   40.76781    -73.09392     0.07      0.10     0.12     1 
0130321470   40.76719    -73.05662    -0.05      0.05     0.07     1 
0130321471   40.76655    -73.01931    -0.00      0.00     0.00     1 
0130321472   40.76591    -72.98201     0.01     -0.03     0.03     1 
0130321473   40.76525    -72.94472     0.19     -0.01     0.20     1 
0130321474   40.76458    -72.90742    -0.08      0.01     0.08     1 
0130321475   40.76389    -72.87012     0.11      0.02     0.11     1 
0130321476   40.76320    -72.83282     0.01     -0.02     0.02     1 
0130321477   40.76249    -72.79553     0.08      0.03     0.08     1 
0130321512   40.75596    -74.28836     0.22      0.01     0.22     1 
0130321513   40.75572    -74.25105     0.20      0.03     0.20     1 
0130321514   40.75547    -74.21374     0.03     -0.02     0.04     1 
0130321515   40.75521    -74.17642    -0.00     -0.03     0.03     1 
0130321516   40.75494    -74.13911    -0.02     -0.02     0.03     1 
0130321517   40.75465    -74.10180    -0.22      0.03     0.22     1 
0130321518   40.75436    -74.06449    -0.01     -0.21     0.21     1 
0130321519   40.75405    -74.02717    -0.08     -0.02     0.08     1 
0130321520   40.75373    -73.98986     0.27     -0.01     0.27     1 
0130321521   40.75340    -73.95256    -0.05     -0.04     0.06     1 
0130321522   40.75305    -73.91524    -0.14     -0.06     0.15     1 
0130321524   40.75233    -73.84063    -0.04     -0.08     0.09     1 
0130321525   40.75195    -73.80332     0.09     -0.01     0.09     1 
0130321526   40.75155    -73.76601    -0.10      0.04     0.10     1 
0130321527   40.75115    -73.72871     0.08     -0.04     0.09     1 
0130321528   40.75073    -73.69140    -0.09      0.01     0.09     1 
0130321529   40.75030    -73.65410    -0.04      0.05     0.07     1 
0130321530   40.74986    -73.61679    -0.04      0.05     0.06     1 
0130321531   40.74941    -73.57949     0.08      0.06     0.10     1 
0130321532   40.74894    -73.54219     0.03      0.03     0.04     1 
0130321533   40.74847    -73.50489    -0.17      0.03     0.18     1 
0130321534   40.74798    -73.46759     0.20      0.07     0.21     1 
0130321535   40.74748    -73.43029    -0.01     -0.03     0.04     1 
0130321536   40.74696    -73.39299     0.04      0.03     0.05     1 
0130321537   40.74644    -73.35569     0.09      0.09     0.13     1 
0130321538   40.74590    -73.31840     0.04      0.06     0.07     1 
0130321539   40.74535    -73.28110     0.07      0.03     0.08     1 
0130321540   40.74479    -73.24381     0.04      0.01     0.05     1 
0130321541   40.74421    -73.20652     0.08      0.09     0.12     1 
0130321542   40.74363    -73.16922     0.02      0.01     0.02     1 
0130321543   40.74303    -73.13193     0.04      0.07     0.08     1 
0130321544   40.74242    -73.09464     0.02      0.07     0.08     1 
0130321545   40.74180    -73.05736     0.05     -0.00     0.05     1 
0130321546   40.74116    -73.02007    -0.22     -0.05     0.22     1 
0130321547   40.74052    -72.98278    -0.22      0.00     0.22     1 
0130321548   40.73986    -72.94550    -0.25      0.06     0.25     1 
0130321586   40.73078    -74.32594     0.16      0.05     0.17     1 
0130321587   40.73055    -74.28864     0.20     -0.04     0.20     1 
0130321588   40.73032    -74.25134     0.10     -0.02     0.10     1 
0130321589   40.73007    -74.21404    -0.00     -0.09     0.09     1 
0130321590   40.72981    -74.17674     0.05     -0.10     0.11     1 
0130321591   40.72954    -74.13944    -0.08     -0.02     0.08     1 
0130321592   40.72925    -74.10214    -0.02      0.06     0.06     1 
0130321593   40.72896    -74.06484    -0.04     -0.07     0.08     1 
0130321595   40.72833    -73.99025     0.03      0.00     0.03     1 
0130321596   40.72800    -73.95295    -0.14      0.03     0.15     1 
0130321597   40.72765    -73.91566    -0.10      0.01     0.10     1 
0130321598   40.72730    -73.87836     0.05      0.01     0.06     1 
0130321599   40.72693    -73.84107    -0.08      0.04     0.09     1 
0130321600   40.72655    -73.80378    -0.03      0.01     0.03     1 
0130321601   40.72615    -73.76648     0.08      0.00     0.08     1 
0130321602   40.72575    -73.72919    -0.02      0.02     0.03     1 
0130321603   40.72533    -73.69190     0.03      0.01     0.03     1 
0130321604   40.72490    -73.65461     0.06     -0.05     0.07     1 
0130321605   40.72446    -73.61732    -0.07      0.15     0.16     1 
0130321606   40.72401    -73.58003    -0.10      0.02     0.10     1 
0130321607   40.72355    -73.54274    -0.01     -0.11     0.11     1 
0130321608   40.72307    -73.50546     0.09     -0.13     0.15     1 
0130321609   40.72258    -73.46817     0.00      0.01     0.01     1 
0130321610   40.72208    -73.43089    -0.05     -0.07     0.09     1 
0130321611   40.72157    -73.39360    -0.20     -0.00     0.20     1 
0130321612   40.72104    -73.35632    -0.06     -0.01     0.06     1 
0130321613   40.72051    -73.31904     0.04     -0.03     0.05     1 
0130321614   40.71995    -73.28176     0.02     -0.04     0.04     1 
0130321615   40.71939    -73.24448    -0.05      0.02     0.06     1 
0130321616   40.71882    -73.20720    -0.03      0.01     0.03     1 
0130321617   40.71824    -73.16992     0.15     -0.02     0.15     1 
0130321618   40.71764    -73.13264    -0.07     -0.04     0.08     1 
0130321619   40.71703    -73.09537    -0.15      0.08     0.17     1 
0130321620   40.71641    -73.05809    -0.36     -0.07     0.37     1 
0130321661   40.70537    -74.32619     0.16      0.10     0.19     1 
0130321662   40.70515    -74.28891     0.08     -0.01     0.08     1 
0130321663   40.70491    -74.25162     0.04      0.04     0.05     1 
0130321664   40.70467    -74.21434     0.00      0.10     0.10     1 
0130321666   40.70414    -74.13976    -0.09     -0.19     0.21     1 
0130321667   40.70385    -74.10248    -0.07     -0.08     0.10     1 
0130321668   40.70356    -74.06520    -0.07      0.05     0.09     1 
0130321669   40.70325    -74.02791    -0.02     -0.15     0.15     1 
0130321670   40.70293    -73.99063    -0.03     -0.04     0.05     1 
0130321671   40.70260    -73.95335    -0.00     -0.17     0.17     1 
0130321672   40.70225    -73.91607    -0.05      0.05     0.07     1 
0130321673   40.70190    -73.87879    -0.02      0.05     0.05     1 
0130321674   40.70153    -73.84151    -0.01      0.03     0.04     1 
0130321675   40.70115    -73.80423    -0.06     -0.03     0.07     1 
0130321677   40.70035    -73.72968     0.04      0.06     0.07     1 
0130321678   40.69993    -73.69240     0.09      0.02     0.09     1 
0130321679   40.69951    -73.65512     0.01     -0.07     0.07     1 
0130321680   40.69907    -73.61785     0.01      0.03     0.03     1 
0130321681   40.69861    -73.58057     0.04      0.06     0.07     1 
0130321682   40.69815    -73.54330     0.03     -0.02     0.03     1 
0130321683   40.69767    -73.50603     0.04     -0.04     0.06     1 
0130321684   40.69718    -73.46876     0.02      0.07     0.08     1 
0130321685   40.69669    -73.43148     0.07     -0.01     0.07     1 
0130321686   40.69617    -73.39421    -0.01     -0.02     0.02     1 
0130321687   40.69565    -73.35694     0.05     -0.04     0.07     1 
0130321688   40.69511    -73.31968    -0.02      0.02     0.03     1 
0130321689   40.69456    -73.28241    -0.07      0.02     0.07     1 
0130321692   40.69284    -73.17062    -0.12      0.12     0.17     1 
0130321736   40.67997    -74.32645     0.09      0.01     0.09     1 
0130321737   40.67975    -74.28918     0.18      0.02     0.18     1 
0130321738   40.67951    -74.25190     0.15     -0.06     0.17     1 
0130321739   40.67927    -74.21463     0.06      0.09     0.11     1 
0130321740   40.67901    -74.17736    -0.09      0.04     0.10     1 
0130321742   40.67845    -74.10282    -0.01     -0.06     0.06     1 
0130321743   40.67815    -74.06555    -0.07      0.08     0.10     1 
0130321744   40.67785    -74.02828    -0.21      0.09     0.23     1 
0130321745   40.67753    -73.99102    -0.06      0.02     0.06     1 
0130321748   40.67650    -73.87922    -0.06     -0.02     0.06     1 
0130321749   40.67613    -73.84195    -0.04      0.05     0.06     1 
0130321750   40.67575    -73.80469    -0.00     -0.02     0.02     1 
0130321751   40.67536    -73.76742     0.00     -0.01     0.01     1 
0130321752   40.67495    -73.73016     0.01     -0.04     0.04     1 
0130321753   40.67454    -73.69289     0.04     -0.01     0.04     1 
0130321754   40.67411    -73.65563     0.03     -0.03     0.04     1 
0130321755   40.67367    -73.61837     0.09      0.06     0.11     1 
0130321756   40.67322    -73.58111     0.12      0.03     0.13     1 
0130321757   40.67275    -73.54385     0.12      0.07     0.14     1 
0130321758   40.67228    -73.50659    -0.00     -0.01     0.01     1 
0130321759   40.67179    -73.46934     0.02     -0.04     0.04     1 
0130321760   40.67129    -73.43208     0.05      0.05     0.06     1 
0130321761   40.67078    -73.39482    -0.02      0.05     0.06     1 
0130321762   40.67025    -73.35757    -0.10     -0.03     0.10     1 
0130321811   40.65457    -74.32670     0.05      0.06     0.08     1 
0130321812   40.65435    -74.28945     0.01      0.01     0.01     1 
0130321813   40.65411    -74.25219     0.22      0.03     0.23     1 
0130321814   40.65386    -74.21493    -0.04     -0.00     0.04     1 
0130321815   40.65360    -74.17767    -0.06      0.05     0.08     1 
0130321817   40.65305    -74.10316    -0.06     -0.00     0.06     1 
0130321819   40.65245    -74.02865     0.03      0.08     0.09     1 
0130321820   40.65213    -73.99140     0.05      0.04     0.06     1 
0130321823   40.65110    -73.87964    -0.22      0.08     0.23     1 
0130321824   40.65073    -73.84239    -0.03      0.00     0.03     1 
0130321825   40.65035    -73.80514    -0.01     -0.04     0.04     1 
0130321826   40.64996    -73.76789    -0.05      0.02     0.06     1 
0130321827   40.64955    -73.73064    -0.15      0.09     0.18     1 
0130321828   40.64914    -73.69339     0.01     -0.05     0.05     1 
0130321829   40.64871    -73.65614    -0.02     -0.00     0.02     1 
0130321830   40.64827    -73.61889     0.04     -0.03     0.06     1 
0130321831   40.64782    -73.58165    -0.08      0.00     0.08     1 
0130321832   40.64736    -73.54440    -0.03      0.01     0.04     1 
0130321833   40.64688    -73.50716    -0.03     -0.00     0.03     1 
0130321834   40.64639    -73.46992    -0.13      0.07     0.15     1 
0130321835   40.64589    -73.43267    -0.13      0.02     0.13     1 
0130321836   40.64538    -73.39543    -0.10      0.01     0.11     1 
0130321837   40.64486    -73.35819    -0.11     -0.03     0.11     1 
0130321838   40.64432    -73.32095     0.05      0.11     0.12     1 
0130321839   40.64378    -73.28371    -0.00     -0.00     0.00     1 
0130321840   40.64322    -73.24648    -0.02     -0.12     0.12     1 
0130321841   40.64265    -73.20924    -0.02     -0.01     0.02     1 
0130321886   40.62917    -74.32696     0.11      0.01     0.11     1 
0130321887   40.62894    -74.28972     0.22      0.02     0.22     1 
0130321888   40.62871    -74.25247     0.03     -0.09     0.09     1 
0130321889   40.62846    -74.21523    -0.01      0.05     0.05     1 
0130321890   40.62820    -74.17799    -0.08     -0.03     0.09     1 
0130321891   40.62793    -74.14074     0.06     -0.07     0.09     1 
0130321892   40.62765    -74.10350     0.13     -0.02     0.14     1 
0130321893   40.62735    -74.06626     0.03     -0.05     0.05     1 
0130321894   40.62705    -74.02902    -0.00     -0.13     0.13     1 
0130321895   40.62673    -73.99178    -0.10     -0.08     0.13     1 
0130321896   40.62640    -73.95454     0.03      0.02     0.03     1 
0130321897   40.62605    -73.91730    -0.08     -0.04     0.08     1 
0130321898   40.62570    -73.88007    -0.10      0.03     0.10     1 
0130321899   40.62533    -73.84283     0.05     -0.03     0.06     1 
0130321900   40.62495    -73.80559     0.27      0.24     0.37     1 
0130321901   40.62456    -73.76835     0.02      0.06     0.06     1 
0130321902   40.62416    -73.73112    -0.13     -0.03     0.13     1 
0130321903   40.62374    -73.69388    -0.05      0.08     0.09     1 
0130321904   40.62331    -73.65665    -0.04     -0.00     0.04     1 
0130321905   40.62288    -73.61942    -0.08      0.05     0.10     1 
0130321906   40.62242    -73.58219    -0.01      0.02     0.02     1 
0130321907   40.62196    -73.54496    -0.05      0.02     0.05     1 
0130321908   40.62148    -73.50772    -0.05     -0.01     0.05     1 
0130321909   40.62100    -73.47050    -0.02     -0.04     0.04     1 
0130321910   40.62050    -73.43327    -0.05     -0.01     0.05     1 
0130321911   40.61999    -73.39604     0.03      0.05     0.06     1 
0130321960   40.60397    -74.36445     0.13     -0.01     0.13     1 
0130321961   40.60376    -74.32721     0.13     -0.10     0.17     1 
0130321962   40.60354    -74.28999     0.13     -0.08     0.15     1 
0130321963   40.60330    -74.25275    -0.09     -0.02     0.09     1 
0130321964   40.60306    -74.21553    -0.10      0.01     0.10     1 
0130321965   40.60280    -74.17830    -0.00     -0.07     0.07     1 
0130321966   40.60253    -74.14107     0.21     -0.03     0.21     1 
0130321967   40.60225    -74.10384     0.00      0.02     0.02     1 
0130321968   40.60195    -74.06661     0.04      0.01     0.05     1 
0130321969   40.60164    -74.02939     0.08      0.07     0.10     1 
0130321970   40.60133    -73.99216    -0.09     -0.09     0.13     1 
0130321971   40.60099    -73.95494    -0.09     -0.01     0.09     1 
0130321972   40.60065    -73.91771    -0.04      0.01     0.04     1 
0130321973   40.60030    -73.88049    -0.13      0.04     0.13     1 
0130321974   40.59993    -73.84327    -0.05      0.16     0.17     1 
0130321975   40.59955    -73.80604    -0.10      0.05     0.11     1 
0130321977   40.59876    -73.73160    -0.04      0.03     0.05     1 
0130321978   40.59834    -73.69438    -0.04      0.04     0.05     1 
0130321979   40.59792    -73.65716    -0.06      0.00     0.06     1 
0130321980   40.59748    -73.61994    -0.07      0.05     0.08     1 
0130321981   40.59703    -73.58272    -0.06      0.00     0.06     1 
0130321982   40.59656    -73.54551    -0.06      0.15     0.16     1 
0130322035   40.57857    -74.36468     0.21      0.05     0.21     1 
0130322036   40.57836    -74.32747     0.15     -0.01     0.15     1 
0130322037   40.57814    -74.29025     0.16     -0.12     0.20     1 
0130322038   40.57790    -74.25304    -0.06     -0.08     0.10     1 
0130322039   40.57766    -74.21582    -0.14      0.02     0.14     1 
0130322040   40.57740    -74.17861    -0.09     -0.11     0.14     1 
0130322041   40.57713    -74.14139     0.20      0.03     0.21     1 
0130322042   40.57684    -74.10418    -0.05     -0.07     0.09     1 
0130322043   40.57655    -74.06697    -0.12      0.01     0.12     1 
0130322045   40.57592    -73.99254    -0.21     -0.04     0.22     1 
0130322046   40.57559    -73.95533    -0.13     -0.03     0.13     1 
0130322110   40.55317    -74.36492     0.20     -0.04     0.21     1 
0130322111   40.55296    -74.32772     0.03     -0.07     0.08     1 
0130322112   40.55273    -74.29052     0.06     -0.06     0.08     1 
0130322113   40.55250    -74.25332    -0.02     -0.02     0.02     1 
0130322114   40.55225    -74.21612     0.06     -0.05     0.08     1 
0130322115   40.55199    -74.17892     0.11     -0.05     0.12     1 
0130322116   40.55172    -74.14172     0.04     -0.03     0.05     1 
0130322117   40.55144    -74.10452    -0.02      0.11     0.11     1 
0130322187   40.52733    -74.29079     0.02     -0.07     0.07     1 
0130322188   40.52710    -74.25360     0.01     -0.13     0.13     1 
0130322189   40.52685    -74.21641     0.11     -0.04     0.12     1 
0130322190   40.52659    -74.17923     0.17     -0.15     0.23     1 
0130322260   40.50236    -74.36540    -0.13     -0.04     0.14     1 
0130322262   40.50193    -74.29106    -0.09     -0.17     0.19     1 
0130322263   40.50169    -74.25388     0.06     -0.17     0.18     1 
0130322264   40.50145    -74.21671     0.14     -0.10     0.17     1 
0130322334   40.47715    -74.40280    -0.04      0.03     0.05     1 
0130322335   40.47695    -74.36564    -0.15     -0.06     0.16     1 
0130322336   40.47675    -74.32848     0.12     -0.27     0.30     1 
0130322337   40.47652    -74.29132     0.04     -0.07     0.08     1 
0130322409   40.45175    -74.40303     0.00     -0.06     0.06     1 
0130322410   40.45155    -74.36588    -0.07     -0.02     0.08     1 
0130322411   40.45134    -74.32874     0.01     -0.06     0.06     1 
0130322413   40.45089    -74.25445    -0.03     -0.05     0.06     1 
0130322414   40.45064    -74.21730     0.01     -0.08     0.08     1 
0130322415   40.45038    -74.18016    -0.11     -0.06     0.13     1 
0130322416   40.45011    -74.14301    -0.20     -0.12     0.24     1 
0130322417   40.44983    -74.10587    -0.29     -0.16     0.33     1 
0130322484   40.42634    -74.40325     0.11     -0.02     0.11     1 
0130322485   40.42615    -74.36612    -0.02      0.00     0.02     1 
0130322486   40.42594    -74.32899    -0.11     -0.12     0.16     1 
0130322487   40.42572    -74.29186     0.22     -0.06     0.23     1 
0130322488   40.42548    -74.25473     0.07      0.00     0.07     1 
0130322489   40.42524    -74.21760    -0.01     -0.02     0.03     1 
0130322490   40.42498    -74.18046     0.05     -0.16     0.16     1 
0130322491   40.42471    -74.14334     0.10     -0.02     0.10     1 
0130322492   40.42443    -74.10621     0.15     -0.04     0.16     1 
0130322493   40.42414    -74.06908    -0.14      0.01     0.14     1 
0130322559   40.40094    -74.40348     0.21      0.07     0.22     1 
0130322560   40.40074    -74.36636     0.01      0.03     0.04     1 
0130322562   40.40031    -74.29212     0.16     -0.04     0.17     1 
0130322563   40.40008    -74.25501     0.21     -0.05     0.22     1 
0130322564   40.39983    -74.21789     0.09      0.03     0.10     1 
0130322565   40.39958    -74.18077     0.11      0.02     0.11     1 
0130322566   40.39931    -74.14366     0.18     -0.07     0.19     1 
0130322567   40.39903    -74.10654     0.18      0.05     0.19     1 
0130322568   40.39873    -74.06943     0.20     -0.01     0.20     1 
0130322569   40.39843    -74.03231     0.12      0.05     0.13     1 
0130322570   40.39811    -73.99520     0.04      0.03     0.06     1 
0130322635   40.37534    -74.36660     0.13     -0.04     0.13     1 
0130322636   40.37513    -74.32949     0.24     -0.06     0.25     1 
0130322637   40.37491    -74.29239     0.11     -0.04     0.12     1 
0130322638   40.37468    -74.25529     0.16     -0.04     0.17     1 
0130322639   40.37443    -74.21818     0.18      0.03     0.18     1 
0130322640   40.37417    -74.18108     0.23     -0.06     0.24     1 
0130322641   40.37391    -74.14398     0.13      0.01     0.13     1 
0130322642   40.37362    -74.10688     0.20     -0.05     0.21     1 
0130322643   40.37333    -74.06978     0.21     -0.13     0.25     1 
0130322644   40.37303    -74.03268    -0.08     -0.08     0.11     1 
0130322645   40.37271    -73.99558     0.04     -0.01     0.04     1 
0130322708   40.35032    -74.44102     0.04     -0.12     0.13     1 
0130322711   40.34972    -74.32975     0.20     -0.08     0.22     1 
0130322712   40.34950    -74.29266     0.24     -0.00     0.24     1 
0130322714   40.34903    -74.21848     0.28     -0.10     0.30     1 
0130322716   40.34850    -74.14430     0.21     -0.05     0.22     1 
0130322717   40.34822    -74.10721     0.19     -0.03     0.20     1 
0130322718   40.34793    -74.07013    -0.12     -0.08     0.14     1 
0130322719   40.34763    -74.03304     0.07     -0.02     0.08     1 
0130322720   40.34731    -73.99595    -0.15     -0.12     0.19     1 
0130322783   40.32491    -74.44123     0.02      0.00     0.02     1 
0130322785   40.32453    -74.36707     0.34     -0.01     0.34     1 
0130322786   40.32432    -74.33000     0.25     -0.04     0.25     1 
0130322787   40.32410    -74.29292     0.27     -0.22     0.34     1 
0130322789   40.32362    -74.21877     0.20     -0.09     0.22     1 
0130322790   40.32337    -74.18170     0.11      0.04     0.11     1 
0130322791   40.32310    -74.14462    -0.03     -0.05     0.06     1 
0130322792   40.32282    -74.10755     0.14     -0.11     0.18     1 
0130322793   40.32253    -74.07048     0.06     -0.03     0.07     1 
0130322794   40.32222    -74.03340    -0.04     -0.09     0.10     1 
0130322795   40.32191    -73.99633    -0.03     -0.04     0.05     1 
0130322858   40.29951    -74.44144     0.27     -0.00     0.27     1 
0130322859   40.29932    -74.40437     0.20      0.28     0.35     1 
0130322860   40.29912    -74.36731     0.12      0.07     0.13     1 
0130322861   40.29892    -74.33025     0.25      0.01     0.25     1 
0130322863   40.29846    -74.25612     0.13     -0.06     0.14     1 
0130322864   40.29822    -74.21906     0.23     -0.12     0.26     1 
0130322865   40.29796    -74.18200     0.07     -0.07     0.10     1 
0130322866   40.29769    -74.14494    -0.02     -0.02     0.03     1 
0130322867   40.29742    -74.10788     0.10     -0.07     0.12     1 
0130322868   40.29712    -74.07082     0.16     -0.03     0.16     1 
0130322869   40.29682    -74.03376     0.07      0.00     0.07     1 
0130322870   40.29650    -73.99671     0.00      0.01     0.01     1 
0130322934   40.27392    -74.40460     0.25      0.06     0.26     1 
0130322935   40.27372    -74.36755     0.26     -0.07     0.27     1 
0130322936   40.27351    -74.33050     0.17      0.01     0.17     1 
0130322937   40.27329    -74.29345     0.17     -0.12     0.20     1 
0130322938   40.27306    -74.25640     0.10     -0.04     0.11     1 
0130322939   40.27282    -74.21935     0.00     -0.11     0.11     1 
0130322940   40.27256    -74.18231     0.16      0.05     0.17     1 
0130322941   40.27229    -74.14526     0.15     -0.03     0.16     1 
0130322942   40.27201    -74.10822     0.08     -0.08     0.11     1 
0130322943   40.27172    -74.07117     0.05     -0.11     0.12     1 
0130322944   40.27142    -74.03413     0.03      0.01     0.03     1 
0130322945   40.27110    -73.99708     0.00     -0.01     0.01     1 
0130323008   40.24870    -74.44185     0.19      0.09     0.21     1 
0130323009   40.24851    -74.40482     0.20      0.01     0.20     1 
0130323010   40.24831    -74.36778     0.08     -0.01     0.08     1 
0130323011   40.24811    -74.33075     0.08     -0.11     0.14     1 
0130323012   40.24789    -74.29371    -0.10     -0.13     0.16     1 
0130323014   40.24741    -74.21965     0.13     -0.04     0.14     1 
0130323015   40.24715    -74.18261     0.08     -0.08     0.11     1 
0130323016   40.24689    -74.14558     0.07     -0.02     0.08     1 
0130323017   40.24661    -74.10855     0.04      0.22     0.22     1 
0130323018   40.24632    -74.07152     0.13      0.06     0.15     1 
0130323019   40.24601    -74.03449     0.10      0.01     0.10     1 
0130323082   40.22346    -74.47908     0.20     -0.01     0.20     1 
0130323083   40.22329    -74.44206     0.20     -0.02     0.20     1 
0130323084   40.22311    -74.40504     0.15      0.04     0.16     1 
0130323085   40.22291    -74.36802     0.09     -0.06     0.11     1 
0130323086   40.22270    -74.33100     0.18     -0.03     0.18     1 
0130323087   40.22248    -74.29398     0.11     -0.03     0.11     1 
0130323088   40.22225    -74.25696     0.07     -0.07     0.11     1 
0130323089   40.22201    -74.21994     0.05     -0.06     0.08     1 
0130323091   40.22148    -74.14590     0.13     -0.19     0.23     1 
0130323093   40.22091    -74.07187     0.12     -0.04     0.12     1 
0130323094   40.22061    -74.03485     0.08     -0.09     0.12     1 
0130323157   40.19806    -74.47928     0.03     -0.07     0.08     1 
0130323158   40.19788    -74.44227     0.03      0.10     0.10     1 
0130323159   40.19770    -74.40526     0.16     -0.12     0.20     1 
0130323160   40.19750    -74.36826     0.17     -0.04     0.17     1 
0130323161   40.19730    -74.33125    -0.02     -0.14     0.15     1 
0130323162   40.19708    -74.29424     0.09     -0.16     0.18     1 
0130323163   40.19685    -74.25724     0.18     -0.04     0.18     1 
0130323164   40.19660    -74.22023     0.16     -0.14     0.21     1 
0130323165   40.19635    -74.18322     0.08     -0.03     0.09     1 
0130323166   40.19608    -74.14622     0.27     -0.06     0.28     1 
0130323167   40.19580    -74.10922     0.18     -0.07     0.20     1 
0130323168   40.19551    -74.07221     0.18      0.01     0.18     1 
0130323169   40.19521    -74.03521    -0.02     -0.08     0.09     1 
0130323233   40.17248    -74.44248     0.12     -0.05     0.13     1 
0130323235   40.17210    -74.36849    -0.05     -0.05     0.07     1 
0130323236   40.17189    -74.33150     0.08     -0.01     0.08     1 
0130323237   40.17167    -74.29451     0.16     -0.12     0.20     1 
0130323238   40.17144    -74.25751     0.16      0.03     0.16     1 
0130323239   40.17120    -74.22052     0.02     -0.15     0.15     1 
0130323240   40.17094    -74.18353     0.17     -0.14     0.22     1 
0130323241   40.17068    -74.14654    -0.01     -0.11     0.11     1 
0130323243   40.17011    -74.07256     0.04     -0.08     0.09     1 
0130323244   40.16980    -74.03557     0.01     -0.04     0.04     1 
0130323308   40.14707    -74.44269     0.08     -0.01     0.08     1 
0130323310   40.14669    -74.36873     0.17     -0.04     0.18     1 
0130323311   40.14649    -74.33175     0.08     -0.03     0.08     1 
0130323313   40.14604    -74.25779     0.11     -0.04     0.12     1 
0130323314   40.14579    -74.22081     0.10      0.03     0.10     1 
0130323315   40.14554    -74.18383     0.10      0.01     0.10     1 
0130323316   40.14527    -74.14686     0.11     -0.03     0.12     1 
0130323317   40.14499    -74.10988    -0.00     -0.08     0.08     1 
0130323318   40.14470    -74.07290     0.06     -0.06     0.09     1 
0130323319   40.14440    -74.03593     0.05      0.20     0.21     1 
0130323382   40.12184    -74.47986     0.04      0.00     0.04     1 
0130323383   40.12167    -74.44289    -0.06     -0.02     0.06     1 
0130323384   40.12148    -74.40593     0.12     -0.15     0.19     1 
0130323385   40.12129    -74.36896     0.30      0.02     0.30     1 
0130323386   40.12108    -74.33200     0.10     -0.05     0.11     1 
0130323387   40.12086    -74.29503     0.05     -0.07     0.08     1 
0130323388   40.12063    -74.25807     0.14     -0.02     0.15     1 
0130323389   40.12039    -74.22110     0.15     -0.08     0.18     1 
0130323390   40.12013    -74.18414     0.16      0.01     0.16     1 
0130323393   40.11930    -74.07325     0.08     -0.01     0.08     1 
0130323394   40.11900    -74.03629     0.05      0.21     0.22     1 
0130323456   40.09659    -74.51701     0.27      0.02     0.27     1 
0130323458   40.09626    -74.44310     0.03      0.06     0.07     1 
0130323459   40.09608    -74.40615    -0.03      0.08     0.09     1 
0130323460   40.09588    -74.36920     0.06     -0.01     0.06     1 
0130323461   40.09568    -74.33225     0.03      0.03     0.04     1 
0130323462   40.09546    -74.29529    -0.06     -0.12     0.14     1 
0130323464   40.09498    -74.22139    -0.08      0.18     0.20     1 
0130323465   40.09473    -74.18444     0.14      0.07     0.15     1 
0130323466   40.09446    -74.14749     0.15     -0.03     0.15     1 
0130323467   40.09419    -74.11054     0.12     -0.02     0.13     1 
0130323468   40.09390    -74.07359    -0.05     -0.05     0.07     1 
0130323532   40.07103    -74.48025     0.25      0.03     0.25     1 
0130323533   40.07086    -74.44331     0.17      0.07     0.18     1 
0130323534   40.07067    -74.40637     0.08      0.05     0.09     1 
0130323535   40.07048    -74.36943     0.17     -0.01     0.17     1 
0130323536   40.07027    -74.33249    -0.15      0.10     0.18     1 
0130323537   40.07005    -74.29555     0.12      0.02     0.13     1 
0130323539   40.06958    -74.22168     0.08      0.02     0.08     1 
0130323540   40.06932    -74.18474    -0.06     -0.05     0.08     1 
0130323541   40.06906    -74.14781     0.01     -0.16     0.16     1 
0130323542   40.06878    -74.11087     0.10      0.05     0.11     1 
0130323543   40.06849    -74.07394    -0.06     -0.03     0.07     1 
0130323606   40.04578    -74.51737     0.16      0.01     0.16     1 
0130323608   40.04545    -74.44352     0.00     -0.02     0.02     1 
0130323609   40.04527    -74.40659    -0.00      0.10     0.10     1 
0130323610   40.04507    -74.36966    -0.07     -0.07     0.09     1 
0130323611   40.04486    -74.33274     0.11     -0.04     0.12     1 
0130323613   40.04442    -74.25889     0.05     -0.01     0.06     1 
0130323614   40.04417    -74.22197     0.11     -0.02     0.11     1 
0130323615   40.04392    -74.18505    -0.05      0.06     0.07     1 
0130323616   40.04365    -74.14812     0.01      0.08     0.08     1 
0130323617   40.04338    -74.11120     0.02      0.02     0.03     1 
0130323618   40.04309    -74.07428    -0.04     -0.03     0.05     1 
0130323681   40.02037    -74.51755    -0.06     -0.01     0.06     1 
0130323682   40.02021    -74.48063     0.04      0.05     0.06     1 
0130323683   40.02004    -74.44372     0.06      0.03     0.07     1 
0130323684   40.01986    -74.40681    -0.10     -0.00     0.10     1 
0130323685   40.01967    -74.36990     0.06      0.01     0.06     1 
0130323686   40.01946    -74.33299    -0.03     -0.02     0.04     1 
0130323689   40.01877    -74.22226     0.15     -0.06     0.16     1 
0130323690   40.01852    -74.18535     0.11     -0.01     0.11     1 
0130323691   40.01825    -74.14844     0.04     -0.02     0.05     1 
0130323692   40.01797    -74.11153    -0.07      0.03     0.07     1 
0130323693   40.01768    -74.07462    -0.03     -0.06     0.07     1 
0130323756   39.99497    -74.51772    -0.01     -0.11     0.11     1 
0130323758   39.99464    -74.44393     0.02     -0.01     0.02     1 
0130323759   39.99445    -74.40703     0.01      0.03     0.03     1 
0130323760   39.99426    -74.37013     0.09     -0.04     0.09     1 
0130323761   39.99405    -74.33324    -0.08     -0.04     0.09     1 
0130323762   39.99383    -74.29634    -0.04      0.00     0.04     1 
0130323764   39.99336    -74.22255     0.12      0.17     0.21     1 
0130323765   39.99311    -74.18565     0.16     -0.01     0.16     1 
0130323766   39.99285    -74.14876    -0.04     -0.00     0.04     1 
0130323767   39.99257    -74.11186     0.05     -0.07     0.09     1 
0130323768   39.99228    -74.07497    -0.03     -0.03     0.04     1 
0130323830   39.96971    -74.55479    -0.01      0.01     0.01     1 
0130323831   39.96956    -74.51790     0.06      0.02     0.07     1 
0130323832   39.96940    -74.48102    -0.10     -0.08     0.13     1 
0130323833   39.96923    -74.44413    -0.01     -0.05     0.05     1 
0130323834   39.96905    -74.40725    -0.03     -0.01     0.03     1 
0130323835   39.96885    -74.37037    -0.14     -0.03     0.15     1 
0130323836   39.96865    -74.33348     0.04      0.03     0.05     1 
0130323837   39.96843    -74.29660     0.03      0.03     0.04     1 
0130323838   39.96820    -74.25972     0.01      0.01     0.01     1 
0130323839   39.96796    -74.22283     0.06     -0.04     0.07     1 
0130323840   39.96771    -74.18595     0.01     -0.01     0.01     1 
0130323841   39.96744    -74.14907     0.19     -0.04     0.20     1 
0130323842   39.96716    -74.11219    -0.05     -0.02     0.06     1 
0130323905   39.94430    -74.55495    -0.03     -0.01     0.03     1 
0130323906   39.94415    -74.51808     0.04     -0.04     0.06     1 
0130323907   39.94399    -74.48121    -0.07      0.05     0.09     1 
0130323908   39.94382    -74.44434     0.05     -0.02     0.05     1 
0130323909   39.94364    -74.40747     0.03      0.03     0.04     1 
0130323910   39.94345    -74.37060     0.14     -0.10     0.17     1 
0130323911   39.94324    -74.33373     0.05     -0.13     0.14     1 
0130323912   39.94302    -74.29686     0.17     -0.04     0.17     1 
0130323914   39.94255    -74.22312     0.07     -0.08     0.10     1 
0130323915   39.94230    -74.18625     0.01     -0.04     0.04     1 
0130323916   39.94203    -74.14939    -0.03     -0.08     0.08     1 
0130323980   39.91889    -74.55512     0.02      0.04     0.04     1 
0130323981   39.91875    -74.51826     0.10     -0.04     0.11     1 
0130323982   39.91859    -74.48140     0.09      0.01     0.09     1 
0130323983   39.91842    -74.44455    -0.03     -0.24     0.25     1 
0130323984   39.91823    -74.40769     0.05     -0.24     0.25     1 
0130323986   39.91783    -74.33397     0.01      0.03     0.03     1 
0130323987   39.91762    -74.29712    -0.04      0.02     0.04     1 
0130323988   39.91739    -74.26026     0.04      0.03     0.06     1 
0130323989   39.91715    -74.22341     0.28     -0.09     0.29     1 
0130323990   39.91689    -74.18655     0.03      0.06     0.07     1 
0130323991   39.91663    -74.14970     0.02      0.05     0.05     1 
0130323992   39.91635    -74.11285    -0.06      0.03     0.07     1 
0130324055   39.89349    -74.55528    -0.05     -0.09     0.10     1 
0130324056   39.89334    -74.51844     0.14      0.06     0.15     1 
0130324057   39.89318    -74.48159    -0.04     -0.02     0.04     1 
0130324058   39.89301    -74.44475     0.13     -0.01     0.13     1 
0130324059   39.89283    -74.40791    -0.01     -0.04     0.04     1 
0130324060   39.89263    -74.37106     0.04      0.02     0.05     1 
0130324061   39.89243    -74.33422     0.03     -0.12     0.12     1 
0130324062   39.89221    -74.29738    -0.21      0.29     0.36     1 
0130324063   39.89198    -74.26054    -0.01      0.05     0.05     1 
0130324064   39.89174    -74.22370    -0.07     -0.15     0.17     1 
0130324065   39.89149    -74.18685     0.10      0.03     0.11     1 
0130324066   39.89122    -74.15001    -0.00     -0.01     0.01     1 
0130324131   39.86793    -74.51861    -0.04     -0.04     0.05     1 
0130324134   39.86742    -74.40812     0.07      0.01     0.07     1 
0130324135   39.86723    -74.37130     0.07     -0.04     0.08     1 
0130324136   39.86702    -74.33447     0.03     -0.04     0.05     1 
0130324138   39.86658    -74.26081    -0.03      0.01     0.03     1 
0130324139   39.86633    -74.22398    -0.12     -0.04     0.12     1 
0130324141   39.86582    -74.15033     0.02     -0.03     0.04     1 
0130324204   39.84281    -74.59243    -0.11      0.07     0.13     1 
0130324205   39.84267    -74.55561     0.02     -0.11     0.11     1 
0130324207   39.84237    -74.48198     0.07      0.04     0.08     1 
0130324208   39.84220    -74.44516     0.05     -0.02     0.05     1 
0130324209   39.84201    -74.40834     0.06     -0.05     0.07     1 
0130324210   39.84182    -74.37153     0.04     -0.04     0.06     1 
0130324211   39.84161    -74.33471     0.00     -0.01     0.01     1 
0130324212   39.84140    -74.29790     0.11      0.04     0.12     1 
0130324213   39.84117    -74.26108     0.08      0.04     0.09     1 
0130324214   39.84093    -74.22427     0.04      0.00     0.04     1 
0130324216   39.84041    -74.15064    -0.02     -0.03     0.04     1 
0130324279   39.81740    -74.59258     0.08     -0.00     0.08     1 
0130324280   39.81726    -74.55577     0.04      0.04     0.06     1 
0130324281   39.81712    -74.51897     0.09      0.04     0.10     1 
0130324283   39.81679    -74.44536     0.04      0.12     0.13     1 
0130324284   39.81661    -74.40856     0.07     -0.01     0.07     1 
0130324286   39.81621    -74.33496     0.11     -0.08     0.14     1 
0130324287   39.81599    -74.29816     0.03      0.02     0.03     1 
0130324288   39.81576    -74.26135     0.07      0.02     0.07     1 
0130324289   39.81552    -74.22455    -0.06      0.06     0.09     1 
0130324290   39.81527    -74.18775     0.02      0.05     0.05     1 
0130324291   39.81501    -74.15095    -0.03     -0.05     0.05     1 
0130324355   39.79186    -74.55594     0.09      0.19     0.21     1 
0130324356   39.79171    -74.51915    -0.05      0.05     0.07     1 
0130324357   39.79155    -74.48236     0.20     -0.01     0.20     1 
0130324358   39.79138    -74.44557     0.06     -0.10     0.11     1 
0130324359   39.79120    -74.40878     0.15      0.10     0.18     1 
0130324360   39.79101    -74.37199    -0.20     -0.03     0.20     1 
0130324361   39.79080    -74.33520    -0.00     -0.06     0.06     1 
0130324362   39.79059    -74.29841     0.07     -0.19     0.20     1 
0130324363   39.79036    -74.26163     0.10     -0.06     0.12     1 
0130324365   39.78986    -74.18805     0.04      0.02     0.04     1 
0130324367   39.78933    -74.11448     0.01      0.07     0.07     1 
0130324429   39.76658    -74.59288     0.10      0.22     0.24     1 
0130324430   39.76645    -74.55610     0.10      0.18     0.20     1 
0130324431   39.76630    -74.51932     0.08      0.19     0.21     1 
0130324432   39.76614    -74.48255     0.09      0.18     0.19     1 
0130324433   39.76597    -74.44577     0.04      0.11     0.12     1 
0130324434   39.76579    -74.40900     0.13      0.08     0.15     1 
0130324435   39.76560    -74.37222     0.05     -0.02     0.05     1 
0130324436   39.76539    -74.33545     0.23     -0.02     0.24     1 
0130324441   39.76420    -74.15158     0.02      0.06     0.06     1 
0130324442   39.76392    -74.11481     0.20      0.18     0.27     1 
0130324504   39.74117    -74.59303     0.04      0.11     0.12     1 
0130324505   39.74104    -74.55626    -0.02     -0.17     0.17     1 
0130324506   39.74089    -74.51950    -0.07     -0.03     0.08     1 
0130324507   39.74074    -74.48274     0.06      0.06     0.09     1 
0130324508   39.74057    -74.44598     0.02     -0.01     0.02     1 
0130324509   39.74039    -74.40921     0.04      0.07     0.08     1 
0130324512   39.73977    -74.29893     0.13      0.07     0.15     1 
0130324513   39.73954    -74.26217     0.11      0.06     0.12     1 
0130324514   39.73930    -74.22541     0.22      0.05     0.23     1 
0130324515   39.73905    -74.18865     0.00      0.05     0.05     1 
0130324579   39.71577    -74.59318     0.16     -0.05     0.17     1 
0130324580   39.71563    -74.55643    -0.00      0.00     0.00     1 
0130324581   39.71549    -74.51968     0.06      0.14     0.15     1 
0130324583   39.71516    -74.44618    -0.10      0.00     0.10     1 
0130324584   39.71498    -74.40943    -0.09      0.05     0.10     1 
0130324585   39.71478    -74.37268     0.02     -0.01     0.02     1 
0130324588   39.71414    -74.26244     0.16      0.04     0.17     1 
0130324589   39.71390    -74.22569     0.16      0.05     0.17     1 
0130324590   39.71365    -74.18895     0.05      0.11     0.12     1 
0130324591   39.71338    -74.15220     0.09      0.10     0.13     1 
0130324653   39.69048    -74.63006    -0.03      0.06     0.07     1 
0130324655   39.69022    -74.55659    -0.05      0.05     0.07     1 
0130324656   39.69008    -74.51985     0.12      0.05     0.13     1 
0130324658   39.68975    -74.44638     0.03      0.17     0.18     1 
0130324659   39.68957    -74.40965    -0.00     -0.01     0.01     1 
0130324660   39.68938    -74.37291     0.05     -0.03     0.06     1 
0130324661   39.68917    -74.33618     0.07      0.00     0.07     1 
0130324663   39.68873    -74.26271     0.10      0.19     0.22     1 
0130324664   39.68849    -74.22598     0.08      0.09     0.12     1 
0130324665   39.68824    -74.18924     0.04      0.10     0.11     1 
0130324666   39.68798    -74.15251    -0.01      0.28     0.28     1 
0130324732   39.66451    -74.48331     0.13      0.01     0.13     1 
0130324733   39.66434    -74.44658     0.10      0.00     0.10     1 
0130324734   39.66416    -74.40986     0.16     -0.03     0.16     1 
0130324736   39.66377    -74.33642    -0.04      0.04     0.05     1 
0130324737   39.66355    -74.29970     0.05      0.07     0.09     1 
0130324738   39.66332    -74.26298     0.01      0.07     0.07     1 
0130324739   39.66308    -74.22626     0.01      0.08     0.08     1 
0130324740   39.66283    -74.18954     0.03      0.06     0.07     1 
0130324813   39.63792    -74.26325     0.08      0.08     0.11     1 
0130324814   39.63768    -74.22654    -0.15      0.04     0.15     1 
0130324815   39.63743    -74.18984     0.03      0.31     0.31     1 
----------------------------------------------------------------------
---------------------------------------------------
Total correlated GCPs in Upper Left Quadrant: 584

GCP statistics this quadrant only (in Pixels)
Line residual statistics:
  Mean: 0.057
  Median: 0.058
  Standard Deviation: 0.124

Sample residual statistics:
  Mean: 0.005
  Median: 0.013
  Standard Deviation: 0.075

Quadrant RMSE: 0.156

---------------------------------------------------
Total correlated GCPs in Upper Right Quadrant: 181

GCP statistics this quadrant only (in Pixels)
Line residual statistics:
  Mean: 0.044
  Median: 0.048
  Standard Deviation: 0.117

Sample residual statistics:
  Mean: 0.010
  Median: 0.011
  Standard Deviation: 0.064

Quadrant RMSE: 0.141

---------------------------------------------------
Total correlated GCPs in Lower Left Quadrant: 341

GCP statistics this quadrant only (in Pixels)
Line residual statistics:
  Mean: 0.066
  Median: 0.062
  Standard Deviation: 0.094

Sample residual statistics:
  Mean: -0.006
  Median: -0.013
  Standard Deviation: 0.081

Quadrant RMSE: 0.141

---------------------------------------------------
Total correlated GCPs in Lower Right Quadrant: 0

GCP statistics this quadrant only (in Pixels)
Line residual statistics:
  Mean: 0.000
  Median: 0.000
  Standard Deviation: 0.000

Sample residual statistics:
  Mean: 0.000
  Median: 0.000
  Standard Deviation: 0.000

Quadrant RMSE: 0.000

---------------------------------------------------
---------------------------------------------------
Total correlated GCPs in scene: 1107

GCP statistics entire scene (in Pixels)
Line residual statistics:
  Mean: 0.058
  Median: 0.058
  Standard Deviation: 0.115

Sample residual statistics:
  Mean: 0.002
  Median: 0.005
  Standard Deviation: 0.076

Scene RMSE: 0.149

