Tue. Sep. 13, 2016             LANDSAT 5                 Time: 10:25
                         Image Assessment System
                           GCP Residual Report
----------------------------------------------------------------------------
WOID: L19658781            Path/Row: 013 / 032

L0R Reference Image: L51GNC1004185150100_HDF.162571523
Acquisition Date: Jul 03, 2004

Band Number:  5

GLS date for each WRS-2 path/row used:
Path  Row   Date
013   032   10-20-2000


Point_ID         Latitude  Longitude    Height       Across    Along    Residual  Residual
                                                      Scan      Scan      In y      in x
                                                    Residual  Residual    dir       dir
                   (deg)     (deg)     (meters)     (meters)  (meters)  (meters)  (meters)

0130320001_01   40.899350  -72.547400    -5.607       2.105    -1.149     2.268    -0.777
0130320002_01   40.985966  -74.209579   109.451      -0.690     0.774    -0.810     0.647
0130320005_01   40.837345  -73.132134    -7.643      -0.619    -4.476     0.144    -4.516
0130320006_01   40.577940  -74.178956   -28.593       6.779    -4.087     7.371    -2.885
0130320007_01   41.024323  -74.206980    78.507      -4.507     5.284    -5.330     4.449
0130320008_01   40.742508  -74.255819    36.008      -2.411     4.688    -3.167     4.214
0130320009_01   40.528315  -74.193730   -22.011      -5.673    -0.103    -5.573    -1.058
0130320010_01   40.471312  -74.278993    -4.971      -3.224     1.211    -3.382     0.650
0130320011_01   40.320072  -74.446563    15.000       0.630    -0.095     0.636     0.012
0130320012_01   40.704794  -73.791026   -15.364       3.684    -3.732     4.260    -3.057
0130320014_01   41.031222  -73.762948    33.541      -2.579     0.639    -2.649     0.196
0130320015_01   40.849362  -73.315786    24.221      -4.006     3.225    -4.492     2.504
0130320016_01   40.246943  -74.117011    -0.020      -2.023     3.150    -2.527     2.762
0130320018_01   40.689480  -74.096283   -23.540       3.665     0.433     3.538     1.045
0130320019_01   40.348265  -74.045041   -22.951      -5.745     1.152    -5.857     0.165
0130320020_01   40.017080  -74.100998   -32.000       1.967    -0.286     1.987     0.051
0130320021_01   40.830719  -73.926433   -25.000       1.468    -0.393     1.513    -0.141
0130320022_01   40.684149  -73.833291   -20.021       3.218     0.095     3.156     0.636
0130320023_01   40.627324  -74.207084   -29.527       2.194    -0.147     2.187     0.225
0130320024_01   40.707930  -73.860221   -11.161       0.229    -1.303     0.445    -1.245
0130320025_01   40.799067  -73.664494    23.537       0.719    -0.978     0.874    -0.842
0130320026_01   40.761740  -73.733483    20.856       2.959     1.931     2.590     2.401
0130320027_01   40.706608  -73.311220   -27.502      -1.253    -1.017    -1.063    -1.214
0130320028_01   40.815703  -72.604548   -29.085       0.310     0.748     0.180     0.790
0130320030_01   40.813219  -72.576184   -27.298      -0.550    -2.672    -0.091    -2.727
0130320031_01   40.559868  -74.308164    -2.814      -2.407    -0.117    -2.352    -0.521
0130320032_01   40.761611  -73.377712    17.883      -5.469     3.667    -6.009     2.692
0130320033_01   40.949976  -72.368043    21.203      -0.699     5.861    -1.675     5.660
0130320034_01   40.466811  -74.389095   -32.000       4.901    -5.167     5.703    -4.265
0130320035_01   40.997535  -73.674050    -2.958       0.616    -1.369     0.838    -1.245
0130320037_01   40.440476  -74.232983   -21.941      -4.845     1.798    -5.079     0.954
0130320038_01   40.672778  -74.004221   -30.000       3.061    -0.911     3.171    -0.382
0130320040_01   41.137758  -73.265178   -27.482      -4.082    -4.658    -3.240    -5.277
0130320041_01   40.663038  -73.913156   -23.863       0.585    -3.070     1.095    -2.927
0130320042_01   40.929434  -72.332519   -24.015      -1.743     1.439    -1.960     1.125
0130320043_01   40.929749  -72.231324   -27.177       2.121    -4.368     2.827    -3.950
0130320044_01   40.028130  -74.336771   -11.875      -0.012    -2.537     0.419    -2.502
0130320046_01   40.254409  -74.299644    18.888      -0.788    -1.100    -0.590    -1.218
0130320050_01   39.798738  -74.181290   -31.000      -2.036    -2.197    -1.633    -2.510
0130320052_01   39.950177  -74.537004   -11.575       2.645    -4.680     3.401    -4.164
0130320054_01   40.703019  -73.251655   -30.243       5.254    -4.360     5.915    -3.411
0130320055_01   40.651400  -74.099636   -31.000       6.261     0.771     6.040     1.816
0130320056_01   40.852614  -73.157330     5.136       0.040    -0.117     0.059    -0.109
0130320059_01   40.839950  -72.474518   -32.035      -3.434    -0.107    -3.368    -0.685
0130320060_01   40.794862  -74.027647   -29.864      -3.005    -5.098    -2.101    -5.530
0130320062_01   39.673538  -74.297501    -5.740      -4.458    -2.106    -4.034    -2.832
0130320063_01   40.876284  -72.371322   -27.650      -3.055    -3.263    -2.462    -3.733
0130320065_01   40.809518  -72.824205   -22.039      -5.365     1.728    -5.579     0.798
0130320066_01   40.928985  -74.139706   -20.218       4.458     0.123     4.372     0.871
0130320067_01   40.063206  -74.055365   -31.609       2.123    -1.826     2.401    -1.440
0130320071_01   40.773303  -73.441769    28.159      -6.293     2.663    -6.652     1.564
0130320072_01   40.647365  -74.003179    17.815       3.022     2.010     2.639     2.490
0130320073_01   40.943221  -72.577493   -28.992       5.563    -1.547     5.745    -0.587
0130320074_01   40.910900  -74.179838     3.081       0.606     0.703     0.479     0.795
0130320076_01   40.946991  -72.439437   -30.802       4.781     0.085     4.700     0.890
0130320077_01   40.950996  -72.171632   -30.218       4.876    -6.369     5.880    -5.457
0130320078_01   40.545627  -74.235682   -14.045       4.337    -0.220     4.310     0.515
0130320079_01   40.881471  -74.043115   -29.200       0.386    -0.060     0.390     0.006
0130320081_01   40.857971  -73.640532   -28.120       3.531     5.703     2.519     6.215
0130320083_01   40.853379  -73.922152   -30.795       0.131    -3.765     0.764    -3.689
0130320085_01   39.891523  -74.273525   -15.133       3.608     4.274     2.829     4.823
0130320086_01   40.056895  -74.111730   -31.615       2.842     2.113     2.442     2.563
0130320087_01   40.728748  -73.614036   -10.000       0.527     0.072     0.507     0.160
0130320088_01   40.063315  -74.345224    -3.424      -0.432    -3.618     0.188    -3.638
0130320089_01   39.737284  -74.496768    -4.243       0.003     1.698    -0.286     1.674
0130320090_01   40.100594  -74.033378   -29.946      -0.453     1.112    -0.635     1.020
0130320091_01   40.964243  -72.562108   -21.427      -0.458    -0.137    -0.428    -0.212
0130320092_01   40.783988  -73.900165   -28.172       4.844    -0.272     4.820     0.548
0130320093_01   40.897519  -72.877234    -6.312      -2.161     1.239    -2.339     0.857
0130320094_01   40.768713  -72.739878   -29.624      -3.571    -4.751    -2.719    -5.286
0130320097_01   40.439273  -74.345128   -24.866      -1.180     0.130    -1.185    -0.071
0130320098_01   40.698016  -73.954843   -27.807      -3.199    -5.686    -2.193    -6.143
0130320099_01   40.019276  -74.452868    22.019      -1.579     0.438    -1.630     0.164
0130320100_01   40.993042  -74.038294   -10.698      -4.464     1.906    -4.720     1.128
0130320101_01   40.629209  -73.748405   -29.343       4.576    -2.200     4.882    -1.396
0130320102_01   40.875895  -72.537230   -18.903      -2.276     1.865    -2.558     1.455
0130320103_01   40.822648  -73.960004   -32.000      -2.720    -5.424    -1.766    -5.804
0130320105_01   40.241116  -74.248640     5.368      -5.292     1.161    -5.412     0.249
0130320109_01   40.669321  -73.349073   -30.091       3.315    -1.725     3.558    -1.141
0130320110_01   40.091202  -74.221786   -21.000       0.428     1.031     0.246     1.088
0130320111_01   40.738885  -74.160992   -25.810       3.627     2.996     3.068     3.564
0130320113_01   40.731814  -73.492118    -4.000      -1.617     0.286    -1.642     0.009
0130320114_01   40.607318  -74.061930   -16.425      -0.722    -0.411    -0.642    -0.527
0130320115_01   40.917360  -72.568463   -30.156       2.329     2.182     1.929     2.544
0130320116_01   40.702132  -73.671759   -17.716      -0.974    -3.240    -0.413    -3.358
0130320117_01   40.776091  -74.078402   -30.000       4.074    -0.762     4.143    -0.065
0130320118_01   39.862333  -74.318378    11.564      -1.588    -0.261    -1.520    -0.526
0130320119_01   40.563395  -74.225203   -30.000       3.339    -1.223     3.497    -0.642
0130320120_01   40.896528  -72.504059   -30.689      -0.745    -3.051    -0.220    -3.133
0130320121_01   40.680789  -73.435051   -27.000      -2.417    -2.728    -1.922    -3.096
0130320122_01   39.777713  -74.115680   -31.000       0.710    -3.656     1.321    -3.483
0130320123_01   39.852418  -74.381952    12.098      -2.551    -1.725    -2.220    -2.132
0130320127_01   39.940846  -74.171874   -31.275      -2.480    -0.534    -2.353    -0.946
0130320128_01   41.014471  -72.560613   -29.827       4.737    -1.739     4.963    -0.917
0130320129_01   40.819865  -72.716444   -26.181      -0.220     0.824    -0.356     0.775
0130320131_01   40.680451  -73.315076   -30.082       6.529    -2.120     6.793    -0.988
0130320132_01   40.661770  -73.865621   -31.124       2.674    -1.457     2.882    -0.985
0130320133_01   39.928397  -74.499233    -2.226      -6.731    -4.514    -5.866    -5.588
0130320134_01   40.956359  -72.248032   -20.000      -0.940    -0.400    -0.859    -0.553
0130320135_01   40.756389  -73.954640   -26.334      -6.327    -3.344    -5.671    -4.361
0130320138_01   40.768890  -74.282184    68.379      -2.420    -0.139    -2.361    -0.544
0130320139_01   40.535371  -74.324711    27.678      -0.378     1.566    -0.637     1.479
0130320140_01   40.787891  -74.002503    -7.496       1.335    -1.030     1.490    -0.790
0130320141_01   39.760479  -74.550185    -8.647      -1.735     2.923    -2.207     2.587
0130320142_01   40.186610  -74.009252   -30.898      -0.742    -2.468    -0.313    -2.558
0130320143_01   40.739764  -73.586449    -4.148      -1.357     1.596    -1.607     1.344
0130320145_01   40.841022  -73.693899   -21.153      -3.412    -1.145    -3.170    -1.704
0130320146_01   40.359030  -74.260052    -3.216      -6.690     5.247    -7.481     4.041
0130320147_01   40.693247  -74.129254   -27.591       2.863    -4.451     3.572    -3.904
0130320148_01   40.930916  -73.054675    26.962      -3.573     3.713    -4.148     3.058
0130320149_01   39.721836  -74.125495   -32.323       3.393     2.655     2.892     3.192
0130320150_01   40.915771  -73.406010   -29.813       1.555     2.420     1.125     2.648
0130320153_01   39.912061  -74.191174   -20.784      -1.501     1.009    -1.651     0.740
0130320156_01   40.105804  -74.110038   -22.342      -5.246     0.376    -5.233    -0.517
0130320157_01   39.763305  -74.513741    -9.916       0.542     5.501    -0.401     5.512
0130320158_01   40.790529  -72.937891   -10.194       4.366     5.084     3.447     5.748
0130320159_01   40.201374  -74.437308    54.059      -3.595     4.524    -4.309     3.850
0130320160_01   40.933678  -73.090583     4.604      -3.039     1.769    -3.294     1.231
0130320161_01   40.809960  -72.776533   -20.008      -4.357     2.702    -4.750     1.929
0130320162_01   40.900078  -72.383912   -17.865       3.841    -0.973     3.951    -0.311
0130320163_01   40.845585  -74.050038   -30.000       0.927     1.143     0.721     1.282
0130320164_01   40.899689  -74.090223   -19.733       0.853     5.145    -0.028     5.214
0130320165_01   40.692493  -74.296142    -3.000       1.145     5.675     0.169     5.786
0130320166_01   40.016077  -74.184675   -12.000      -6.410     1.024    -6.490    -0.076
0130320167_01   40.916827  -72.727714   -19.271       0.837    -2.079     1.175    -1.908
0130320168_01   39.978490  -74.074451   -31.558      -0.189     0.925    -0.343     0.880
0130320169_01   39.921786  -74.081534   -32.589       1.730     4.085     1.012     4.319
0130320171_01   39.990431  -74.314646    -9.384       4.233    -0.149     4.196     0.569
0130320172_01   40.899444  -73.359390   -31.400      -1.780    -1.634    -1.479    -1.911
0130320174_01   40.937192  -73.491733   -31.420      -3.647     5.306    -4.488     4.616
0130320175_01   40.872765  -72.883009    -0.176      -4.791     1.953    -5.052     1.118
0130320176_01   40.926202  -72.616592   -30.518       5.039    -3.158     5.500    -2.264
0130320177_01   40.664484  -74.187478   -22.741       2.025     2.005     1.657     2.317
0130320178_01   40.705311  -73.925254   -25.051       3.733     1.463     3.432     2.071
0130320180_01   40.917522  -72.450905   -33.449       5.297     2.070     4.874     2.934
0130320181_01   39.928303  -74.234517   -25.016      -2.315     0.412    -2.351     0.014
0130320182_01   39.694903  -74.449840     6.929      -1.581     6.109    -2.596     5.751
0130320185_01   39.701100  -74.135905   -31.000       2.352     1.630     2.040     2.006
0130320186_01   40.910012  -73.542577   -32.000      -1.332     0.067    -1.324    -0.158
0130320188_01   40.865901  -74.198549    87.717      -1.170     2.496    -1.574     2.263
0130320189_01   40.955158  -73.401142   -31.490      -3.601     6.033    -4.566     5.340
0130320190_01   40.872204  -74.135814   -17.651       2.920    -3.795     3.517    -3.249
0130320192_01   39.654049  -74.170411   -31.072       5.712     5.286     4.730     6.179
0130320193_01   40.650922  -73.485425   -31.895       3.194    -1.838     3.458    -1.272
0130320194_01   40.833785  -72.669359   -15.875      -5.418    -0.539    -5.250    -1.445
0130320195_01   39.780236  -74.379795     2.529      -0.342    -1.191    -0.135    -1.232
0130320196_01   40.812603  -74.016361   -29.000       2.586    -3.856     3.199    -3.365
0130320198_01   40.705603  -73.816936   -13.366       2.833    -1.940     3.119    -1.435
0130320199_01   40.977429  -72.471774   -30.925       1.951     4.329     1.195     4.597
0130320200_01   40.747370  -74.103318   -30.000       5.600    -1.147     5.712    -0.188
0130320201_01   40.052140  -74.283781    -5.601      -4.587    -2.088    -4.165    -2.834
0130320202_01   40.807405  -73.022012    -9.880      -4.854    -1.433    -4.543    -2.231
0130320203_01   41.122474  -73.547177    34.697       1.049    -2.466     1.448    -2.254
0130320204_01   40.769089  -74.152081    -0.606       2.083     3.743     1.421     4.040
0130320205_01   39.979539  -74.177731   -18.677      -2.153    -2.056    -1.772    -2.391
0130320207_01   40.793519  -73.936634   -29.778      -1.541    -0.769    -1.389    -1.017
0130320208_01   40.601214  -73.571644   -33.444       5.204    -1.923     5.454    -1.017
0130320209_01   40.839389  -74.156879     8.131      -3.341    -2.217    -2.918    -2.747
0130320210_01   39.810792  -74.434897     9.651       1.130    -3.444     1.699    -3.202
0130320211_01   40.675652  -73.495869   -26.000      -1.298     2.084    -1.631     1.835
0130320212_01   40.849862  -72.702959   -12.009      -3.474    -3.163    -2.892    -3.704
0130320213_01   39.685678  -74.502041   -18.889       3.138     4.015     2.409     4.489
0130320214_01   41.144736  -74.152980   131.884      -3.916     5.211    -4.735     4.478
0130320215_01   40.747555  -72.998914   -27.739       6.615    -2.934     7.015    -1.776
0130320218_01   40.695822  -74.225091   -13.310       3.349     0.502     3.215     1.059
0130320219_01   40.947778  -72.936569    28.548      -6.052     0.808    -6.102    -0.223
0130320220_01   40.475355  -74.321773   -29.128      -2.920    -6.341    -1.805    -6.741
0130320222_01   40.725609  -74.194195    -5.529       2.951    -3.146     3.439    -2.603
0130320223_01   40.057509  -74.157801   -23.011      -0.996     0.397    -1.049     0.223
0130320224_01   40.637419  -74.074636   -28.778       1.674    -2.448     2.063    -2.130
0130320226_01   40.717149  -73.426031   -15.000       4.273    -0.586     4.311     0.143
0130320228_01   39.810248  -74.203935   -31.493       0.707    -0.594     0.798    -0.465
0130320232_01   40.599152  -73.473831   -31.431       2.776    -0.587     2.835    -0.110
0130320234_01   40.727253  -73.694350    -4.845      -0.034    -5.774     0.941    -5.696
0130320235_01   40.713223  -73.560018   -12.000      -0.793     1.617    -1.054     1.460
0130320238_01   40.852851  -73.983022    51.961      -0.578     3.034    -1.081     2.892
0130320239_01   40.908143  -73.234863   -32.000      -3.489     0.696    -3.556     0.098
0130320240_01   40.954851  -72.751360     2.228       3.657     3.236     3.060     3.807
0130320241_01   40.919174  -72.682748   -23.991      -0.489     0.855    -0.626     0.760
0130320242_01   40.813287  -72.956393    -3.018      -3.194     5.247    -4.033     4.633
0130320243_01   39.781308  -74.554253    -7.748       5.211     4.246     4.413     5.067
0130320245_01   40.858243  -72.571340   -21.524      -1.735     2.262    -2.092     1.938
0130320246_01   39.842550  -74.147108   -33.000       1.943    -1.529     2.174    -1.177
0130320249_01   40.704794  -74.193381   -29.595       0.951    -0.641     1.045    -0.472
0130320250_01   39.769614  -74.416319     0.927      -0.716     2.001    -1.045     1.851
0130320251_01   40.868023  -73.011309    -3.641      -2.725     6.803    -3.832     6.246
0130320252_01   39.992080  -74.538829    -3.391       1.128    -4.210     1.826    -3.957
0130320255_01   40.966998  -72.723141    10.382      -4.908     2.837    -5.316     1.969
0130320256_01   40.877729  -73.984778   -28.275       0.052     0.135     0.029     0.142
0130320257_01   40.015122  -74.243039   -15.852      -3.231    -4.839    -2.363    -5.316
0130320258_01   40.724402  -73.116471   -30.610       5.822     2.774     5.271     3.717
0130320259_01   39.873249  -74.131644   -32.126       1.744    -4.870     2.545    -4.504
