Tue. Aug. 30, 2016             LANDSAT 5                 Time: 17:21
                         Image Assessment System
                           GCP Residual Report
----------------------------------------------------------------------------
WOID: L19325734            Path/Row: 014 / 032

L0R Reference Image: L51GNC1011259150100_HDF.162432220
Acquisition Date: Sep 16, 2011

Band Number:  5

GLS date for each WRS-2 path/row used:
Path  Row   Date
014   032   09-23-1999


Point_ID         Latitude  Longitude    Height       Across    Along    Residual  Residual
                                                      Scan      Scan      In y      in x
                                                    Residual  Residual    dir       dir
                   (deg)     (deg)     (meters)     (meters)  (meters)  (meters)  (meters)

0140320001_01   39.805434  -75.427445   -32.455      -5.453     0.899    -5.522    -0.129
0140320002_01   40.844760  -73.788842   -27.396      -2.714     3.000    -3.220     2.444
0140320003_01   40.948134  -74.065321   -15.668       0.359     0.868     0.193     0.918
0140320004_01   40.978516  -73.787468    47.304      -1.603    -1.147    -1.363    -1.423
0140320005_01   39.597576  -74.342643   -30.984      -3.006     0.159    -2.981    -0.404
0140320006_01   40.864834  -73.649647    -0.304      -4.968    -4.534    -4.042    -5.373
0140320007_01   40.869077  -74.151518    -4.729       0.828     1.040     0.622     1.175
0140320008_01   40.462764  -74.295361    -1.381       0.623    -6.246     1.768    -6.019
0140320009_01   40.348343  -74.123108   -16.496      -0.955    -0.987    -0.755    -1.146
0140320010_01   40.600232  -75.454805    41.220       1.496    -3.513     2.120    -3.174
0140320011_01   40.627047  -74.167714   -25.800       0.234    -2.128     0.623    -2.047
0140320012_01   39.992673  -75.274339    41.869       1.462    -0.139     1.462     0.134
0140320013_01   40.876867  -74.352585    25.543       1.742    -2.125     2.104    -1.766
0140320014_01   41.034599  -75.065550   265.632      -1.870    -6.431    -0.648    -6.659
0140320015_01   40.732542  -73.708102    -4.949      -2.376     0.907    -2.501     0.451
0140320016_01   39.989676  -74.158986   -27.474      -2.624    -0.687    -2.449    -1.163
0140320017_01   40.909079  -74.530737   203.203       2.693    -1.069     2.842    -0.552
0140320019_01   41.002140  -74.203678   125.341       1.585     0.654     1.436     0.935
0140320020_01   40.098094  -74.091837   -27.866      -2.080    -1.416    -1.780    -1.777
0140320021_01   40.155362  -75.136205    49.267      -0.168     0.552    -0.267     0.511
0140320022_01   40.260332  -74.001827   -22.602       0.479     1.502     0.193     1.564
0140320023_01   40.207880  -74.441131    51.843       2.197    -3.453     2.798    -2.983
0140320024_01   40.171667  -75.246519    38.178      -1.535     0.922    -1.678     0.621
0140320025_01   39.957452  -75.178311   -28.973       0.046    -1.439     0.312    -1.405
0140320026_01   40.603280  -74.097800    16.189       1.642    -1.651     1.918    -1.317
0140320027_01   40.482680  -74.484165    -1.784      -0.825    -0.937    -0.637    -1.073
0140320028_01   40.569220  -74.938214   144.014      -0.359    -2.642     0.137    -2.661
0140320029_01   40.851084  -75.265036   197.558      -1.801     1.696    -2.081     1.333
0140320030_01   39.894887  -74.752838   -18.246      -0.022    -1.495     0.256    -1.472
0140320031_01   39.881033  -75.875588   125.109      -0.531    -0.891    -0.356    -0.973
0140320032_01   40.330097  -74.257896    13.724       1.467     0.556     1.338     0.818
0140320033_01   40.003845  -75.232910    52.481       0.482     3.582    -0.191     3.607
0140320034_01   40.535374  -74.198250    -6.496      -3.117    -4.610    -2.208    -5.106
0140320035_01   39.870199  -75.139147   -27.239       0.022     2.468    -0.436     2.428
0140320036_01   40.001070  -75.091614   -24.348      -1.056     0.953    -1.214     0.739
0140320037_01   39.575384  -74.752579    -7.417      -5.534     2.417    -5.883     1.344
0140320038_01   40.890743  -73.900892     7.681      -0.099    -0.259    -0.049    -0.273
0140320039_01   40.269896  -74.815696    13.164      -0.638     0.309    -0.683     0.185
0140320040_01   40.796170  -74.619726   175.825      -0.297     2.823    -0.813     2.717
0140320041_01   40.998681  -75.557052   469.341      -3.495     0.276    -3.481    -0.374
0140320043_01   40.361513  -75.731967    69.510       6.699     2.574     6.102     3.767
0140320044_01   39.857539  -75.095281   -28.243      -1.156     1.846    -1.478     1.598
0140320045_01   40.451689  -74.342177    -5.624       0.787    -3.112     1.349    -2.911
0140320046_01   40.685601  -74.318581    -1.702      -1.031     1.239    -1.241     1.026
0140320047_01   39.699187  -75.558709   -18.511       2.154    -2.713     2.620    -2.265
0140320048_01   40.336427  -75.155640    96.453       0.609    -0.887     0.763    -0.758
0140320049_01   40.788161  -74.002499    -1.738      -0.831    -0.547    -0.715    -0.691
0140320050_01   40.675469  -75.347048    64.468       3.532    -3.949     4.200    -3.226
0140320051_01   40.597285  -74.376918    -7.258       0.548    -0.040     0.546     0.062
0140320052_01   40.369305  -74.586092     0.020       3.986     2.290     3.492     2.987
0140320053_01   40.856112  -75.180698   173.073       1.125     0.447     1.023     0.646
0140320055_01   40.510479  -75.296268   109.912      -0.948    -2.888    -0.396    -3.011
0140320056_01   40.300870  -74.252215    29.689       1.123    -0.837     1.258    -0.614
0140320057_01   40.030276  -75.260073    68.982      -1.266    -0.169    -1.211    -0.401
0140320058_01   40.484142  -74.509639     4.000       0.655     1.128     0.435     1.229
0140320059_01   40.902666  -75.128109   122.481       1.045     0.980     0.846     1.155
0140320061_01   40.520817  -74.633328    -8.987      -1.388     4.245    -2.149     3.912
0140320062_01   40.610151  -74.463327    -6.471      -0.077    -4.731     0.799    -4.662
0140320063_01   40.947799  -74.549354   220.724       2.161    -0.084     2.138     0.316
0140320064_01   40.056895  -74.111730   -31.615      -1.845     0.584    -1.920     0.231
0140320065_01   40.950594  -73.704930   -13.516      -2.612     0.446    -2.648    -0.046
0140320066_01   40.403094  -75.212714   103.118      -3.198    -0.517    -3.044    -1.100
0140320067_01   40.389696  -75.284427   135.939       1.091    -3.968     1.806    -3.695
0140320068_01   40.547533  -74.424500    -1.385       5.401     2.839     4.780     3.788
0140320069_01   40.818104  -73.935885   -28.955      -0.796    -0.130    -0.758    -0.275
0140320070_01   39.663913  -75.771067    -4.805       2.936    -1.847     3.227    -1.269
0140320071_01   39.781890  -75.708972    46.435       1.700    -0.292     1.724     0.028
0140320073_01   40.653594  -75.423230    85.425       0.511     0.771     0.359     0.851
0140320074_01   40.253826  -75.004116    25.831      -0.193     1.625    -0.490     1.560
0140320075_01   40.865901  -74.198549    87.717      -0.521     4.636    -1.368     4.456
0140320076_01   39.749436  -76.094175    63.500       1.905    -0.130     1.895     0.225
0140320077_01   40.042458  -75.355071    79.994      -2.623    -0.810    -2.425    -1.282
0140320078_01   40.647365  -74.003179    17.815      -0.970    -1.333    -0.706    -1.489
0140320079_01   39.841734  -76.051108   105.121      -1.584     1.071    -1.754     0.758
0140320080_01   39.698992  -75.856837    71.774       0.089    -0.950     0.265    -0.916
0140320081_01   40.156785  -76.001704   144.577       1.022    -1.500     1.282    -1.285
0140320082_01   39.981445  -74.784500   -17.666       0.211    -0.842     0.364    -0.788
0140320083_01   40.135578  -74.189587   -12.000       0.995    -1.705     1.293    -1.490
0140320084_01   39.960343  -75.699571   106.569      -1.179     4.777    -2.044     4.473
0140320085_01   40.578708  -74.252320   -21.684       0.406     2.067     0.017     2.105
0140320086_01   40.312531  -75.487469    80.078       1.691     2.229     1.248     2.501
0140320087_01   40.004607  -75.503549   109.849       0.732     1.755     0.394     1.858
0140320089_01   40.670550  -75.265739    79.887       1.207    -0.752     1.325    -0.516
0140320090_01   40.639498  -73.881963   -30.612       5.878    -6.109     6.903    -4.912
0140320091_01   40.381208  -75.480896    71.216       2.526    -1.036     2.673    -0.551
0140320092_01   41.113810  -75.555881   487.482      -2.921     3.040    -3.427     2.445
0140320093_01   40.322671  -75.132656    75.205      -0.188     1.026    -0.374     0.973
0140320094_01   40.832035  -73.866282   -22.096       3.417     0.095     3.339     0.725
0140320095_01   40.717101  -73.805011     1.958      -1.843     0.310    -1.867    -0.037
0140320096_01   40.254028  -75.279625    70.075      -1.157     0.017    -1.138    -0.198
0140320097_01   40.773997  -74.158062   -24.319      -2.438    -0.681    -2.268    -1.120
0140320098_01   40.309000  -75.232542    74.660      -3.861    -0.777    -3.648    -1.478
0140320099_01   40.474566  -74.717103   133.476       0.938     0.089     0.905     0.261
0140320100_01   40.063315  -74.345224    -3.424       1.781    -5.706     2.807    -5.273
0140320101_01   40.212760  -74.758033   -21.440      -1.445     0.163    -1.449    -0.108
0140320102_01   40.428235  -74.518888     1.000       3.770    -0.140     3.729     0.560
0140320103_01   39.824322  -76.120952    98.715      -2.975    -6.173    -1.774    -6.614
0140320104_01   40.791652  -74.952587   127.661       0.992    -4.119     1.736    -3.862
0140320105_01   40.254409  -74.299644    18.888       1.934    -0.340     1.963     0.024
0140320106_01   40.704794  -74.193381   -29.595      -1.109    -0.543    -0.988    -0.738
0140320107_01   40.479406  -74.321379   -24.555       2.717     3.319     2.055     3.763
0140320108_01   40.735811  -75.691287   173.733      -2.307     2.693    -2.763     2.219
0140320109_01   40.817986  -73.839486   -29.568      -1.335     2.843    -1.836     2.545
0140320110_01   40.900594  -74.572825   165.435       0.851     1.454     0.568     1.584
0140320111_01   39.952023  -75.592018    88.933       2.449     0.183     2.372     0.633
0140320112_01   40.528496  -75.214881   150.581       5.573     2.189     5.068     3.179
0140320113_01   40.725801  -73.733809    -6.983      -1.918     4.817    -2.773     4.376
0140320114_01   40.280053  -74.032592   -16.000      -1.066    -4.903    -0.139    -5.014
0140320115_01   40.269180  -74.890854    37.984      -0.177    -1.325     0.072    -1.334
0140320116_01   39.760487  -75.110907   -16.325       5.370     4.096     4.514     5.019
0140320117_01   40.327078  -74.134683    -9.000      -2.450    -0.540    -2.306    -0.985
0140320118_01   40.347979  -74.799234    29.081      -0.108     0.505    -0.199     0.475
0140320119_01   40.286497  -75.264935    68.530      -3.950     2.267    -4.298     1.495
0140320120_01   40.412426  -75.110909   123.086       0.007    -0.991     0.191    -0.972
0140320121_01   40.057739  -75.809959   162.289       0.341     3.084    -0.236     3.091
0140320122_01   39.775908  -75.568087    48.602       3.400     3.300     2.727     3.871
0140320124_01   40.260965  -74.044859   -15.000       1.130    -0.445     1.192    -0.228
0140320125_01   40.090599  -74.761985   -19.718       0.256    -0.038     0.259     0.010
0140320127_01   40.842410  -73.934073    29.268       1.173    -1.791     1.483    -1.543
0140320128_01   41.019962  -74.551360   261.667       1.615     2.108     1.197     2.368
0140320129_01   39.928058  -74.123579   -31.000       1.588    -0.617     1.674    -0.311
0140320130_01   39.872511  -75.217380   -31.000      -2.773     2.961    -3.273     2.393
0140320131_01   40.207776  -74.019167   -27.000      -2.972    -0.822    -2.766    -1.359
0140320132_01   39.577394  -74.225817   -31.025       1.233    -1.390     1.470    -1.135
0140320133_01   40.139070  -74.810416   -32.000       2.893     2.560     2.368     3.050
0140320134_01   40.384341  -75.082235   121.076       0.723     5.837    -0.370     5.865
0140320136_01   41.142711  -75.030982   319.000      -0.438     2.752    -0.937     2.620
0140320137_01   40.194471  -76.049486   119.148       0.536     0.804     0.377     0.888
0140320138_01   40.676477  -74.284596    -0.594       1.032     2.755     0.505     2.897
0140320139_01   40.089761  -74.988621    -2.654       0.393     0.417     0.309     0.482
0140320140_01   40.218996  -74.102918    -5.409       0.624    -3.178     1.201    -3.006
0140320141_01   39.930005  -75.056409   -28.000       1.521    -0.984     1.676    -0.684
0140320142_01   40.223492  -74.722734   -19.000      -0.317    -0.294    -0.256    -0.348
0140320143_01   40.328658  -75.939968    33.652      -0.829    -1.203    -0.590    -1.336
0140320144_01   40.224945  -74.138805     3.529      -0.424    -3.577     0.246    -3.592
0140320145_01   40.639411  -74.236033   -26.267      -1.878     0.337    -1.906    -0.017
0140320146_01   40.353276  -75.937130    61.609       2.316     1.659     1.967     2.058
0140320147_01   39.849263  -75.697741    77.010       1.250    -0.180     1.261     0.055
0140320148_01   40.989163  -73.964881   -13.162       0.336    -0.053     0.340     0.010
0140320149_01   40.035091  -75.801955   141.802      -3.492     1.098    -3.632     0.431
0140320150_01   40.151009  -74.155238   -19.789      -0.123     1.026    -0.311     0.985
0140320152_01   39.752212  -75.225056    -5.000      -0.695    -1.397    -0.423    -1.501
0140320154_01   40.061203  -74.145443   -28.296      -0.268     2.523    -0.730     2.428
0140320155_01   40.679373  -74.016902   -31.000      -1.087     2.069    -1.449     1.831
0140320156_01   40.545954  -74.556664   -14.713       0.955    -3.491     1.584    -3.252
0140320158_01   40.054038  -74.897177   -24.000      -1.004    -1.685    -0.673    -1.841
0140320159_01   40.130289  -74.562193     8.223       1.677    -1.915     2.002    -1.570
0140320160_01   40.863265  -73.999593   -30.000       1.316     3.308     0.682     3.492
0140320161_01   40.751314  -74.373350    23.838       1.175     2.618     0.671     2.788
0140320162_01   40.038203  -75.217202    58.313      -2.438     0.404    -2.468    -0.056
0140320163_01   40.245369  -75.378350    34.762      -2.940    -2.700    -2.386    -3.196
0140320164_01   40.756094  -73.687744     6.704      -2.048     1.407    -2.271     1.003
0140320165_01   39.752684  -76.149555    83.637      -0.924    -0.122    -0.884    -0.292
0140320166_01   40.180768  -75.454458    11.792       1.255     0.610     1.120     0.831
0140320168_01   40.725186  -75.556897   100.790      -3.430     3.854    -4.081     3.151
0140320169_01   40.482150  -74.627521    -6.990       0.655     2.389     0.201     2.467
0140320170_01   40.510584  -74.969075   128.033      -0.215    -3.106     0.364    -3.090
0140320171_01   40.738841  -73.956691   -29.439       0.526     0.263     0.468     0.355
0140320172_01   41.040536  -74.560500   350.538      -0.491     2.999    -1.035     2.853
0140320173_01   40.275648  -75.127271    32.041      -0.149     0.526    -0.243     0.489
0140320174_01   40.536326  -74.667604    -2.483       2.816     2.278     2.344     2.758
0140320175_01   40.136247  -74.966428    18.302      -0.614    -0.657    -0.481    -0.759
0140320176_01   39.781216  -75.811963    87.145       2.157    -2.515     2.585    -2.070
0140320177_01   39.783708  -76.155677   106.376       2.527     6.440     1.285     6.792
0140320178_01   40.324814  -76.011246    78.057      -2.662    -1.949    -2.252    -2.407
0140320179_01   40.809197  -75.617710   157.267       1.593    -3.184     2.154    -2.833
0140320182_01   40.615281  -73.760014   -30.019      -1.903     0.903    -2.035     0.535
0140320183_01   39.935350  -75.131554   -31.000       1.083    -2.577     1.543    -2.331
0140320184_01   40.303536  -74.639447    -4.498      -1.318     1.528    -1.577     1.256
0140320185_01   40.051410  -74.655903     3.968       1.519    -2.115     1.884    -1.795
0140320186_01   40.409024  -74.513721    -3.080      -0.256     1.436    -0.516     1.362
0140320187_01   40.780757  -74.370584    21.494      -1.199    -1.778    -0.849    -1.969
0140320188_01   40.470472  -75.389520   144.556       0.537    -1.968     0.893    -1.834
0140320189_01   39.950619  -74.778275   -19.052       5.769     0.744     5.528     1.801
0140320191_01   40.620949  -75.478000    48.317      -2.350    -2.032    -1.931    -2.430
0140320192_01   40.289450  -74.126693   -15.000      -0.643    -2.609    -0.148    -2.682
0140320193_01   40.086216  -74.913316   -28.990       1.329     0.055     1.296     0.301
0140320194_01   40.077526  -75.130068    25.598      -0.258    -2.969     0.298    -2.963
0140320195_01   40.067056  -74.978071   -21.573       1.215     0.769     1.051     0.980
0140320197_01   39.942830  -74.184843   -32.886      -2.615     2.218    -2.979     1.692
0140320198_01   40.472393  -74.857966    14.866       0.696    -2.262     1.103    -2.093
0140320199_01   40.504123  -75.494873   146.230      -2.469    -1.365    -2.171    -1.797
0140320200_01   40.637419  -74.074636   -28.778       0.298     0.301     0.238     0.351
0140320201_01   40.297003  -74.374743    -3.412       3.819    -1.766     4.077    -1.026
0140320202_01   39.968397  -75.560543    98.338       1.471    -2.816     1.968    -2.493
0140320203_01   40.148954  -75.013971    35.787      -1.758    -2.648    -1.235    -2.926
0140320205_01   40.149740  -74.333476     0.859       1.111     1.151     0.878     1.336
0140320206_01   39.565970  -74.775314   -17.062      -2.083     3.111    -2.623     2.668
0140320207_01   40.200172  -75.468687    49.100       1.188    -0.420     1.245    -0.193
0140320208_01   40.909406  -74.123574   -10.782       1.534     0.483     1.418     0.758
0140320209_01   40.522565  -74.520339    -8.094      -0.798    -0.937    -0.610    -1.068
0140320210_01   40.209449  -75.569575     8.166       2.332     5.801     1.215     6.129
0140320211_01   39.936623  -74.811678   -24.896       0.614    -0.304     0.660    -0.185
0140320212_01   39.798738  -74.181290   -31.000      -3.691     1.286    -3.863     0.577
0140320213_01   40.594835  -74.280858   -25.276       0.067     1.495    -0.210     1.480
0140320215_01   40.043780  -75.086747    -2.464       4.588    -1.275     4.742    -0.402
0140320216_01   40.217498  -75.296750    75.995      -0.762     2.429    -1.198     2.244
0140320217_01   40.197160  -75.202200    54.415      -1.631     3.881    -2.321     3.509
0140320218_01   40.093001  -75.033668    13.399       1.097     1.439     0.811     1.616
0140320219_01   39.796021  -75.740303    91.852      -0.227    -0.293    -0.168    -0.330
0140320220_01   39.770279  -75.499035    28.196      -0.519     0.486    -0.600     0.381
0140320221_01   39.679485  -75.932856    70.882      -2.658    -3.636    -1.934    -4.064
0140320222_01   41.025517  -74.264774    82.617      -2.706     0.641    -2.775     0.129
0140320223_01   40.286308  -75.488693    60.200      -0.574     0.680    -0.689     0.561
0140320224_01   40.350552  -75.265186   100.892      -6.736    -5.168    -5.657    -6.321
0140320225_01   39.975758  -74.582504    -7.995      -1.255     1.304    -1.474     1.047
0140320226_01   40.196717  -74.864888    24.075      -0.894     0.016    -0.881    -0.150
0140320227_01   39.831415  -75.548209    80.896       0.216    -2.012     0.586    -1.936
0140320228_01   40.094673  -74.661316    -8.178       0.337     0.955     0.154     1.000
0140320229_01   40.738885  -74.160992   -25.810       3.319     3.692     2.579     4.240
0140320231_01   39.746889  -74.531364   -16.000      -1.944     0.973    -2.089     0.594
0140320232_01   40.782947  -74.125950    -4.197      -1.416    -0.340    -1.328    -0.596
0140320233_01   40.714229  -74.229495    16.515       4.830     3.197     4.154     4.033
0140320234_01   39.645427  -74.507924   -28.248       0.493    -1.229     0.712    -1.115
0140320235_01   40.406302  -75.700632   117.102       0.471    -5.403     1.464    -5.219
0140320236_01   39.670713  -74.157270   -31.040      -2.096     3.597    -2.725     3.142
0140320237_01   40.336631  -74.594416    -9.970       1.824    -0.727     1.927    -0.376
0140320238_01   39.605302  -74.863598   -10.390       2.206     6.194     1.017     6.492
0140320239_01   39.997234  -75.947357   189.926      -5.329    -0.426    -5.152    -1.405
0140320240_01   40.338783  -74.183275    -7.460       0.418    -1.881     0.759    -1.770
0140320241_01   39.790937  -75.921746   117.178      -2.028    -0.254    -1.944    -0.625
0140320242_01   40.088858  -75.764932   125.467      -1.988     0.620    -2.067     0.240
0140320243_01   39.730341  -74.260167   -16.282       1.504    -0.628     1.593    -0.338
0140320244_01   40.357070  -74.976918     8.311      -1.271    -5.941    -0.148    -6.071
0140320245_01   40.306679  -75.391401    69.328      -0.719     4.058    -1.458     3.852
0140320246_01   39.646675  -75.375066   -19.949       0.075    -1.029     0.265    -0.997
0140320251_01   39.809990  -75.059115    -1.683       4.021     1.803     3.614     2.516
