==============================================================================
==============================================================================
Mon. Sep. 5 2016                  LANDSAT 5                       Time: 21:42
                            Image Assessment System
                            GEOMETRIC VERIFY Report
==============================================================================
Order ID: 0501609043527_06902                          Path / Row - 13 / 32
Reference Image: L51GNC1008244150100_HDF.L1G

Color mapping per rank
----------------------
Rank  1 is Green: total residual <= 0.5
Rank  2 is Cyan: 0.5 < total residual <=  1
Rank  3 is Blue:  1 < total residual <=  2
Rank  4 is Yellow:  2 < total residual <=  3
Rank  5 is Red:  3 < total residual

Percentage of residuals by rank
-------------------------------
Rank   1 -- 100.0%
Rank   2 --  0.0%
Rank   3 --  0.0%
Rank   4 --  0.0%
Rank   5 --  0.0%

       GCP    Latitude    Longitude  Sample   Line     Total    Rank
        ID                           Residual Residual Residual
              (Degree)    (Degree)   (Pixel)  (Pixel)  (Pixel)
----------------------------------------------------------------------
0130320093   41.25114    -74.14337     0.20      0.17     0.26     1 
0130320094   41.25085    -74.10578     0.05      0.09     0.11     1 
0130320095   41.25055    -74.06818     0.26      0.01     0.26     1 
0130320168   41.22574    -74.14370     0.13      0.01     0.13     1 
0130320169   41.22545    -74.10612     0.18      0.08     0.19     1 
0130320170   41.22515    -74.06855     0.20      0.06     0.21     1 
0130320173   41.22419    -73.95582    -0.12     -0.20     0.23     1 
0130320175   41.22348    -73.88066     0.21      0.04     0.21     1 
0130320176   41.22311    -73.84309     0.15     -0.06     0.16     1 
0130320242   41.20061    -74.18160    -0.06      0.02     0.07     1 
0130320243   41.20034    -74.14403    -0.10      0.16     0.19     1 
0130320244   41.20005    -74.10647    -0.01      0.00     0.01     1 
0130320245   41.19976    -74.06891     0.07      0.30     0.31     1 
0130320247   41.19912    -73.99378     0.17      0.14     0.22     1 
0130320248   41.19879    -73.95622     0.01     -0.03     0.03     1 
0130320250   41.19808    -73.88110     0.08      0.12     0.14     1 
0130320251   41.19771    -73.84354     0.09      0.01     0.09     1 
0130320252   41.19733    -73.80598     0.16     -0.00     0.16     1 
0130320253   41.19693    -73.76842     0.10     -0.01     0.11     1 
0130320254   41.19653    -73.73086     0.07      0.05     0.09     1 
0130320255   41.19611    -73.69330     0.07      0.01     0.07     1 
0130320256   41.19567    -73.65575     0.19     -0.13     0.23     1 
0130320317   41.17521    -74.18192     0.16     -0.09     0.18     1 
0130320318   41.17494    -74.14436     0.25     -0.07     0.26     1 
0130320319   41.17465    -74.10681     0.14      0.08     0.16     1 
0130320320   41.17436    -74.06927     0.25      0.05     0.26     1 
0130320321   41.17405    -74.03172     0.28     -0.00     0.28     1 
0130320322   41.17372    -73.99417     0.24      0.02     0.24     1 
0130320323   41.17339    -73.95662     0.02      0.06     0.07     1 
0130320325   41.17269    -73.88153    -0.15      0.04     0.16     1 
0130320326   41.17231    -73.84398     0.16      0.07     0.17     1 
0130320327   41.17193    -73.80644     0.10      0.03     0.11     1 
0130320328   41.17154    -73.76890     0.07      0.06     0.09     1 
0130320329   41.17113    -73.73135     0.11      0.01     0.11     1 
0130320330   41.17071    -73.69381    -0.04      0.11     0.12     1 
0130320331   41.17028    -73.65627     0.03      0.04     0.05     1 
0130320332   41.16983    -73.61873     0.00      0.07     0.07     1 
0130320333   41.16938    -73.58119     0.11     -0.04     0.12     1 
0130320334   41.16891    -73.54365    -0.17     -0.01     0.17     1 
0130320335   41.16843    -73.50611     0.09      0.03     0.09     1 
0130320336   41.16793    -73.46857     0.05      0.02     0.06     1 
0130320392   41.14981    -74.18223     0.21      0.05     0.22     1 
0130320393   41.14954    -74.14469     0.12      0.18     0.22     1 
0130320394   41.14925    -74.10716     0.22      0.05     0.23     1 
0130320395   41.14896    -74.06963     0.21      0.12     0.24     1 
0130320398   41.14799    -73.95703     0.14     -0.01     0.14     1 
0130320399   41.14765    -73.91949     0.13      0.04     0.14     1 
0130320400   41.14729    -73.88196    -0.18      0.23     0.29     1 
0130320401   41.14692    -73.84443     0.20      0.01     0.20     1 
0130320402   41.14654    -73.80690     0.15      0.01     0.15     1 
0130320403   41.14614    -73.76937     0.04      0.08     0.09     1 
0130320404   41.14573    -73.73184     0.15      0.07     0.17     1 
0130320405   41.14531    -73.69431     0.14      0.05     0.15     1 
0130320406   41.14488    -73.65679     0.03      0.04     0.05     1 
0130320407   41.14444    -73.61926     0.03      0.09     0.09     1 
0130320408   41.14398    -73.58173     0.01      0.04     0.04     1 
0130320409   41.14351    -73.54421     0.07      0.06     0.09     1 
0130320410   41.14303    -73.50669     0.05      0.08     0.10     1 
0130320411   41.14254    -73.46916     0.11      0.02     0.12     1 
0130320412   41.14204    -73.43164    -0.03      0.01     0.03     1 
0130320413   41.14152    -73.39412     0.09      0.02     0.09     1 
0130320414   41.14099    -73.35660     0.07     -0.01     0.07     1 
0130320416   41.13990    -73.28157    -0.04     -0.07     0.08     1 
0130320467   41.12441    -74.18255     0.16      0.16     0.22     1 
0130320468   41.12414    -74.14503     0.07     -0.00     0.07     1 
0130320469   41.12385    -74.10750     0.32      0.07     0.33     1 
0130320470   41.12356    -74.06998     0.24      0.03     0.24     1 
0130320471   41.12325    -74.03246     0.16     -0.02     0.16     1 
0130320472   41.12293    -73.99495     0.20      0.04     0.21     1 
0130320473   41.12259    -73.95743     0.09     -0.05     0.10     1 
0130320474   41.12225    -73.91991     0.23     -0.05     0.23     1 
0130320476   41.12152    -73.84488     0.27     -0.03     0.27     1 
0130320477   41.12114    -73.80736     0.16     -0.01     0.16     1 
0130320478   41.12074    -73.76985     0.14      0.08     0.16     1 
0130320479   41.12034    -73.73233     0.02      0.06     0.07     1 
0130320481   41.11949    -73.65730     0.05      0.01     0.06     1 
0130320482   41.11904    -73.61979     0.12      0.04     0.13     1 
0130320483   41.11859    -73.58228    -0.02      0.05     0.05     1 
0130320484   41.11812    -73.54477     0.01      0.08     0.08     1 
0130320485   41.11764    -73.50726     0.07      0.11     0.13     1 
0130320486   41.11715    -73.46975     0.13      0.13     0.18     1 
0130320487   41.11664    -73.43225     0.08      0.12     0.14     1 
0130320488   41.11613    -73.39474     0.00      0.04     0.04     1 
0130320489   41.11560    -73.35724    -0.16     -0.02     0.16     1 
0130320542   41.09901    -74.18286     0.18      0.03     0.18     1 
0130320543   41.09874    -74.14535     0.18     -0.01     0.18     1 
0130320544   41.09846    -74.10785     0.28      0.01     0.28     1 
0130320545   41.09816    -74.07034     0.22      0.08     0.24     1 
0130320546   41.09785    -74.03284     0.16     -0.09     0.18     1 
0130320547   41.09753    -73.99533     0.08      0.06     0.10     1 
0130320548   41.09719    -73.95783     0.04      0.02     0.04     1 
0130320550   41.09649    -73.88282     0.25     -0.15     0.29     1 
0130320552   41.09574    -73.80782     0.16      0.10     0.19     1 
0130320554   41.09494    -73.73282    -0.05     -0.00     0.05     1 
0130320555   41.09452    -73.69532     0.16     -0.00     0.16     1 
0130320556   41.09409    -73.65782     0.11      0.03     0.11     1 
0130320557   41.09365    -73.62032     0.09      0.02     0.09     1 
0130320558   41.09319    -73.58283     0.06      0.05     0.08     1 
0130320559   41.09273    -73.54533     0.15      0.08     0.17     1 
0130320560   41.09225    -73.50784     0.09      0.12     0.15     1 
0130320561   41.09175    -73.47034     0.08      0.00     0.08     1 
0130320562   41.09125    -73.43285     0.03      0.03     0.04     1 
0130320563   41.09073    -73.39536    -0.29     -0.15     0.32     1 
0130320616   41.07387    -74.22067     0.07      0.02     0.07     1 
0130320617   41.07361    -74.18318     0.16      0.03     0.17     1 
0130320618   41.07334    -74.14568     0.07      0.05     0.08     1 
0130320619   41.07305    -74.10819     0.12      0.03     0.13     1 
0130320620   41.07276    -74.07070     0.25      0.07     0.26     1 
0130320622   41.07213    -73.99572     0.26      0.06     0.27     1 
0130320625   41.07109    -73.88325    -0.09      0.06     0.11     1 
0130320626   41.07073    -73.84577     0.11      0.08     0.14     1 
0130320627   41.07034    -73.80828     0.03      0.04     0.05     1 
0130320628   41.06995    -73.77079     0.05      0.03     0.05     1 
0130320629   41.06954    -73.73331    -0.05     -0.02     0.06     1 
0130320630   41.06912    -73.69582     0.10      0.02     0.10     1 
0130320631   41.06869    -73.65834     0.10      0.04     0.11     1 
0130320632   41.06825    -73.62086     0.16      0.03     0.17     1 
0130320633   41.06780    -73.58337     0.04      0.04     0.06     1 
0130320634   41.06733    -73.54589     0.03      0.03     0.04     1 
0130320635   41.06685    -73.50841    -0.03      0.05     0.06     1 
0130320636   41.06636    -73.47093    -0.10      0.00     0.10     1 
0130320637   41.06586    -73.43345    -0.19     -0.10     0.22     1 
0130320691   41.04847    -74.22097     0.12      0.00     0.12     1 
0130320692   41.04821    -74.18349     0.22      0.08     0.23     1 
0130320693   41.04794    -74.14601     0.18      0.07     0.19     1 
0130320695   41.04736    -74.07106     0.11      0.03     0.11     1 
0130320696   41.04705    -74.03358     0.17     -0.04     0.17     1 
0130320697   41.04673    -73.99611     0.09     -0.02     0.10     1 
0130320698   41.04640    -73.95863     0.16     -0.00     0.16     1 
0130320700   41.04570    -73.88368    -0.17      0.09     0.19     1 
0130320701   41.04533    -73.84621     0.07     -0.03     0.08     1 
0130320702   41.04495    -73.80874     0.15      0.04     0.15     1 
0130320703   41.04455    -73.77126     0.02      0.03     0.03     1 
0130320704   41.04415    -73.73379     0.17     -0.07     0.18     1 
0130320705   41.04373    -73.69632     0.06      0.05     0.08     1 
0130320706   41.04330    -73.65885     0.01     -0.02     0.02     1 
0130320707   41.04286    -73.62139     0.13     -0.04     0.14     1 
0130320708   41.04240    -73.58392    -0.02      0.00     0.02     1 
0130320709   41.04194    -73.54645    -0.05      0.01     0.05     1 
0130320737   41.02393    -72.49783    -0.12     -0.08     0.14     1 
0130320766   41.02307    -74.22127     0.18     -0.00     0.18     1 
0130320767   41.02281    -74.18380     0.08      0.06     0.10     1 
0130320768   41.02254    -74.14634     0.08      0.11     0.14     1 
0130320769   41.02226    -74.10888     0.22      0.09     0.24     1 
0130320770   41.02196    -74.07142     0.17      0.03     0.17     1 
0130320771   41.02165    -74.03395     0.06     -0.00     0.06     1 
0130320772   41.02133    -73.99649     0.07     -0.01     0.07     1 
0130320773   41.02100    -73.95903     0.15      0.04     0.16     1 
0130320774   41.02065    -73.92157     0.22      0.02     0.22     1 
0130320776   41.01993    -73.84665     0.17     -0.04     0.17     1 
0130320777   41.01955    -73.80919     0.11      0.01     0.11     1 
0130320778   41.01915    -73.77174     0.05      0.02     0.06     1 
0130320779   41.01875    -73.73428     0.12      0.01     0.12     1 
0130320780   41.01833    -73.69683     0.04      0.08     0.09     1 
0130320781   41.01790    -73.65937     0.08      0.06     0.10     1 
0130320782   41.01746    -73.62192    -0.14     -0.08     0.16     1 
0130320811   40.99936    -72.53620    -0.16     -0.04     0.16     1 
0130320812   40.99855    -72.49878    -0.15     -0.02     0.15     1 
0130320816   40.99521    -72.34913    -0.07     -0.09     0.11     1 
0130320817   40.99434    -72.31171    -0.18     -0.02     0.18     1 
0130320818   40.99346    -72.27430     0.12     -0.14     0.18     1 
0130320841   40.99767    -74.22157     0.10      0.07     0.13     1 
0130320842   40.99741    -74.18412     0.20      0.00     0.20     1 
0130320843   40.99714    -74.14667     0.11      0.10     0.15     1 
0130320844   40.99685    -74.10922     0.15      0.08     0.17     1 
0130320845   40.99656    -74.07177     0.21      0.06     0.21     1 
0130320846   40.99625    -74.03432     0.12      0.05     0.13     1 
0130320847   40.99593    -73.99688     0.07      0.02     0.07     1 
0130320848   40.99560    -73.95943     0.17     -0.01     0.17     1 
0130320849   40.99526    -73.92199     0.15      0.00     0.15     1 
0130320851   40.99453    -73.84709     0.13      0.03     0.14     1 
0130320852   40.99415    -73.80965     0.14      0.04     0.14     1 
0130320853   40.99376    -73.77221     0.18      0.06     0.19     1 
0130320854   40.99335    -73.73477     0.10      0.03     0.10     1 
0130320855   40.99294    -73.69733     0.09      0.02     0.09     1 
0130320856   40.99251    -73.65988    -0.19     -0.20     0.27     1 
0130320857   40.99206    -73.62244    -0.05      0.11     0.12     1 
0130320882   40.97708    -72.68678     0.14     -0.20     0.25     1 
0130320884   40.97556    -72.61196     0.04     -0.23     0.24     1 
0130320885   40.97477    -72.57456    -0.01     -0.11     0.11     1 
0130320886   40.97398    -72.53715    -0.19     -0.04     0.19     1 
0130320888   40.97236    -72.46234    -0.12     -0.04     0.13     1 
0130320890   40.97069    -72.38754    -0.04      0.10     0.11     1 
0130320891   40.96983    -72.35014     0.19     -0.04     0.19     1 
0130320892   40.96896    -72.31275     0.04     -0.10     0.11     1 
0130320893   40.96809    -72.27535     0.08      0.04     0.08     1 
0130320894   40.96720    -72.23796     0.02     -0.07     0.08     1 
0130320895   40.96629    -72.20056    -0.02     -0.02     0.03     1 
0130320896   40.96538    -72.16317    -0.03     -0.06     0.07     1 
0130320916   40.97227    -74.22187     0.01      0.12     0.12     1 
0130320917   40.97201    -74.18443     0.19      0.06     0.20     1 
0130320918   40.97174    -74.14700     0.14      0.02     0.14     1 
0130320919   40.97145    -74.10956     0.21      0.07     0.22     1 
0130320920   40.97116    -74.07213     0.15      0.05     0.16     1 
0130320921   40.97085    -74.03469     0.18      0.05     0.19     1 
0130320922   40.97053    -73.99726     0.05      0.04     0.06     1 
0130320923   40.97020    -73.95983     0.12      0.06     0.14     1 
0130320924   40.96986    -73.92240     0.09     -0.04     0.10     1 
0130320926   40.96913    -73.84754     0.01      0.01     0.01     1 
0130320927   40.96875    -73.81011     0.15      0.03     0.16     1 
0130320928   40.96836    -73.77268     0.10      0.03     0.10     1 
0130320929   40.96796    -73.73525     0.09      0.12     0.15     1 
0130320930   40.96754    -73.69782     0.01      0.02     0.02     1 
0130320945   40.95983    -73.13653     0.07      0.22     0.23     1 
0130320946   40.95922    -73.09911    -0.16     -0.22     0.27     1 
0130320948   40.95796    -73.02429     0.04     -0.01     0.04     1 
0130320949   40.95732    -72.98689     0.18     -0.13     0.22     1 
0130320950   40.95665    -72.94948     0.23     -0.12     0.26     1 
0130320951   40.95598    -72.91208     0.25     -0.05     0.25     1 
0130320952   40.95530    -72.87467     0.10     -0.07     0.13     1 
0130320953   40.95460    -72.83727     0.10     -0.05     0.11     1 
0130320954   40.95390    -72.79987     0.09     -0.13     0.16     1 
0130320955   40.95318    -72.76247    -0.15      0.03     0.15     1 
0130320956   40.95244    -72.72507    -0.08      0.08     0.11     1 
0130320957   40.95170    -72.68767    -0.09     -0.08     0.12     1 
0130320958   40.95094    -72.65027     0.01     -0.08     0.08     1 
0130320959   40.95017    -72.61288     0.02     -0.06     0.06     1 
0130320960   40.94939    -72.57549     0.03     -0.08     0.09     1 
0130320964   40.94615    -72.42593    -0.02     -0.08     0.08     1 
0130320965   40.94531    -72.38854    -0.13     -0.10     0.16     1 
0130320966   40.94445    -72.35116     0.01     -0.01     0.02     1 
0130320967   40.94359    -72.31378     0.10     -0.01     0.10     1 
0130320968   40.94271    -72.27639    -0.11     -0.10     0.15     1 
0130320969   40.94182    -72.23901    -0.12     -0.04     0.13     1 
0130320990   40.94711    -74.25959     0.14      0.12     0.18     1 
0130320991   40.94687    -74.22216     0.14      0.04     0.15     1 
0130320992   40.94661    -74.18474     0.14      0.08     0.16     1 
0130320993   40.94634    -74.14732     0.02      0.08     0.08     1 
0130320994   40.94605    -74.10990     0.16      0.09     0.18     1 
0130320995   40.94576    -74.07248     0.25      0.11     0.27     1 
0130320996   40.94545    -74.03506     0.20      0.05     0.21     1 
0130320997   40.94513    -73.99765     0.15      0.03     0.16     1 
0130320998   40.94480    -73.96023     0.16      0.05     0.17     1 
0130321000   40.94410    -73.88540     0.04      0.12     0.13     1 
0130321001   40.94373    -73.84798     0.05      0.02     0.06     1 
0130321002   40.94335    -73.81056     0.02     -0.03     0.04     1 
0130321003   40.94296    -73.77315     0.07      0.06     0.09     1 
0130321004   40.94256    -73.73574    -0.05     -0.08     0.09     1 
0130321021   40.93383    -73.09984     0.09      0.04     0.10     1 
0130321022   40.93321    -73.06245     0.14      0.00     0.14     1 
0130321023   40.93257    -73.02505     0.08     -0.10     0.13     1 
0130321024   40.93193    -72.98766     0.28      0.01     0.28     1 
0130321025   40.93127    -72.95027    -0.08     -0.07     0.10     1 
0130321026   40.93060    -72.91287     0.06     -0.08     0.10     1 
0130321027   40.92991    -72.87548     0.05      0.06     0.08     1 
0130321028   40.92922    -72.83810     0.03     -0.08     0.09     1 
0130321029   40.92851    -72.80071     0.14     -0.06     0.15     1 
0130321030   40.92779    -72.76332    -0.03     -0.08     0.08     1 
0130321031   40.92706    -72.72594    -0.01     -0.14     0.14     1 
0130321033   40.92556    -72.65117    -0.05     -0.07     0.09     1 
0130321034   40.92479    -72.61379    -0.10     -0.14     0.18     1 
0130321035   40.92401    -72.57641    -0.04     -0.10     0.11     1 
0130321039   40.92077    -72.42691    -0.17      0.00     0.17     1 
0130321040   40.91993    -72.38954     0.05     -0.16     0.17     1 
0130321041   40.91908    -72.35217    -0.15     -0.03     0.16     1 
0130321042   40.91821    -72.31480    -0.02     -0.02     0.02     1 
0130321043   40.91734    -72.27744    -0.25      0.05     0.25     1 
0130321065   40.92171    -74.25987     0.13      0.07     0.14     1 
0130321066   40.92146    -74.22246     0.17      0.01     0.17     1 
0130321067   40.92121    -74.18506    -0.01     -0.00     0.01     1 
0130321068   40.92094    -74.14765    -0.11     -0.03     0.12     1 
0130321069   40.92065    -74.11024     0.13      0.01     0.13     1 
0130321070   40.92036    -74.07284     0.13     -0.08     0.15     1 
0130321071   40.92005    -74.03543     0.01     -0.00     0.01     1 
0130321072   40.91973    -73.99803     0.14      0.09     0.17     1 
0130321073   40.91940    -73.96063     0.08      0.03     0.09     1 
0130321075   40.91870    -73.88582    -0.02      0.07     0.08     1 
0130321076   40.91834    -73.84842    -0.04      0.02     0.04     1 
0130321077   40.91796    -73.81102     0.04     -0.01     0.04     1 
0130321078   40.91757    -73.77362    -0.09      0.05     0.11     1 
0130321084   40.91496    -73.54924     0.31     -0.09     0.32     1 
0130321086   40.91399    -73.47445    -0.21      0.07     0.22     1 
0130321090   40.91192    -73.32488     0.08      0.03     0.08     1 
0130321091   40.91137    -73.28750     0.26     -0.06     0.27     1 
0130321092   40.91081    -73.25011     0.10     -0.08     0.13     1 
0130321094   40.90965    -73.17534     0.02     -0.05     0.05     1 
0130321095   40.90905    -73.13795     0.05     -0.03     0.06     1 
0130321096   40.90844    -73.10057     0.07     -0.02     0.07     1 
0130321097   40.90782    -73.06319     0.03     -0.04     0.05     1 
0130321098   40.90718    -73.02581     0.09     -0.08     0.12     1 
0130321099   40.90654    -72.98843     0.07      0.06     0.09     1 
0130321100   40.90588    -72.95105     0.06      0.00     0.06     1 
0130321101   40.90521    -72.91367     0.01     -0.17     0.17     1 
0130321102   40.90453    -72.87630     0.06     -0.05     0.08     1 
0130321103   40.90383    -72.83892    -0.02     -0.02     0.03     1 
0130321104   40.90313    -72.80155    -0.06     -0.02     0.07     1 
0130321105   40.90241    -72.76418     0.00     -0.05     0.05     1 
0130321106   40.90168    -72.72681     0.08      0.01     0.08     1 
0130321107   40.90093    -72.68944     0.04     -0.03     0.05     1 
0130321108   40.90018    -72.65207    -0.01     -0.06     0.06     1 
0130321109   40.89941    -72.61471    -0.05     -0.10     0.11     1 
0130321110   40.89863    -72.57734     0.01     -0.08     0.08     1 
0130321111   40.89784    -72.53998    -0.00     -0.05     0.05     1 
0130321113   40.89622    -72.46525    -0.13     -0.02     0.13     1 
0130321114   40.89539    -72.42790    -0.04     -0.04     0.05     1 
0130321115   40.89455    -72.39054    -0.11     -0.08     0.14     1 
0130321117   40.89284    -72.31583     0.18      0.06     0.19     1 
0130321140   40.89631    -74.26015    -0.03      0.05     0.05     1 
0130321141   40.89606    -74.22276     0.05     -0.05     0.06     1 
0130321142   40.89581    -74.18537     0.08      0.05     0.09     1 
0130321144   40.89525    -74.11058     0.02     -0.31     0.31     1 
0130321145   40.89496    -74.07319     0.01      0.02     0.02     1 
0130321146   40.89465    -74.03580     0.01     -0.05     0.05     1 
0130321147   40.89433    -73.99841     0.10      0.05     0.11     1 
0130321148   40.89400    -73.96102     0.15     -0.02     0.15     1 
0130321150   40.89330    -73.88625     0.07      0.02     0.07     1 
0130321152   40.89256    -73.81147     0.03      0.00     0.03     1 
0130321153   40.89217    -73.77409    -0.21     -0.23     0.31     1 
0130321157   40.89048    -73.62455     0.17     -0.02     0.17     1 
0130321158   40.89003    -73.58717     0.11      0.01     0.12     1 
0130321160   40.88909    -73.51241    -0.12      0.02     0.12     1 
0130321162   40.88810    -73.43765     0.13      0.04     0.13     1 
0130321163   40.88759    -73.40028     0.08      0.05     0.10     1 
0130321164   40.88706    -73.36290    -0.05      0.06     0.07     1 
0130321165   40.88653    -73.32553     0.07      0.05     0.09     1 
0130321166   40.88598    -73.28815     0.02      0.10     0.10     1 
0130321167   40.88542    -73.25078     0.08     -0.03     0.08     1 
0130321168   40.88484    -73.21341     0.11      0.01     0.11     1 
0130321169   40.88426    -73.17603     0.04      0.02     0.04     1 
0130321170   40.88366    -73.13867     0.03     -0.00     0.03     1 
0130321171   40.88305    -73.10130     0.05     -0.04     0.07     1 
0130321172   40.88243    -73.06393     0.06     -0.01     0.06     1 
0130321173   40.88180    -73.02656     0.09     -0.01     0.09     1 
0130321174   40.88115    -72.98920     0.17      0.07     0.18     1 
0130321176   40.87982    -72.91447     0.07     -0.05     0.08     1 
0130321177   40.87914    -72.87711     0.05     -0.04     0.07     1 
0130321178   40.87845    -72.83975     0.13      0.00     0.13     1 
0130321179   40.87774    -72.80239     0.12     -0.04     0.13     1 
0130321180   40.87702    -72.76503     0.11     -0.02     0.11     1 
0130321181   40.87629    -72.72768     0.06     -0.08     0.10     1 
0130321182   40.87555    -72.69032    -0.05      0.02     0.05     1 
0130321183   40.87480    -72.65297    -0.09     -0.01     0.09     1 
0130321184   40.87403    -72.61562    -0.00     -0.01     0.01     1 
0130321185   40.87325    -72.57827    -0.04     -0.05     0.06     1 
0130321186   40.87246    -72.54092    -0.08     -0.00     0.08     1 
0130321187   40.87166    -72.50357    -0.08     -0.09     0.12     1 
0130321189   40.87002    -72.42888    -0.12     -0.01     0.12     1 
0130321215   40.87091    -74.26044     0.12      0.09     0.15     1 
0130321216   40.87066    -74.22306     0.11      0.08     0.13     1 
0130321217   40.87040    -74.18568     0.02      0.07     0.07     1 
0130321218   40.87013    -74.14830     0.00      0.02     0.02     1 
0130321219   40.86985    -74.11092     0.02      0.03     0.03     1 
0130321221   40.86925    -74.03617    -0.03      0.01     0.03     1 
0130321222   40.86893    -73.99880    -0.04      0.03     0.05     1 
0130321223   40.86860    -73.96142    -0.02      0.04     0.04     1 
0130321224   40.86826    -73.92405    -0.08     -0.02     0.08     1 
0130321226   40.86754    -73.84930    -0.07     -0.00     0.07     1 
0130321227   40.86716    -73.81193    -0.06     -0.05     0.08     1 
0130321232   40.86508    -73.62508     0.03      0.03     0.04     1 
0130321233   40.86463    -73.58771     0.13      0.07     0.15     1 
0130321234   40.86417    -73.55035     0.14     -0.02     0.14     1 
0130321235   40.86369    -73.51298     0.14      0.04     0.15     1 
0130321236   40.86321    -73.47562     0.16     -0.09     0.18     1 
0130321237   40.86270    -73.43825     0.08      0.06     0.10     1 
0130321239   40.86167    -73.36353     0.00     -0.01     0.01     1 
0130321240   40.86113    -73.32617     0.02      0.08     0.08     1 
0130321241   40.86059    -73.28881     0.09      0.03     0.10     1 
0130321242   40.86002    -73.25145     0.03      0.01     0.04     1 
0130321243   40.85945    -73.21409     0.06     -0.03     0.06     1 
0130321244   40.85887    -73.17673     0.00     -0.00     0.00     1 
0130321245   40.85827    -73.13938     0.03      0.03     0.05     1 
0130321246   40.85766    -73.10202     0.10      0.04     0.10     1 
0130321247   40.85704    -73.06467     0.02      0.02     0.03     1 
0130321248   40.85641    -73.02732     0.02     -0.04     0.04     1 
0130321249   40.85576    -72.98997     0.02     -0.05     0.05     1 
0130321250   40.85511    -72.95262     0.02     -0.01     0.02     1 
0130321251   40.85444    -72.91527     0.18      0.04     0.19     1 
0130321252   40.85375    -72.87792     0.06     -0.01     0.06     1 
0130321253   40.85306    -72.84058     0.08     -0.03     0.09     1 
0130321254   40.85236    -72.80323     0.12     -0.03     0.12     1 
0130321255   40.85164    -72.76589     0.11      0.01     0.11     1 
0130321256   40.85091    -72.72854    -0.04     -0.08     0.09     1 
0130321258   40.84941    -72.65386    -0.18     -0.17     0.25     1 
0130321259   40.84865    -72.61653     0.02     -0.04     0.04     1 
0130321260   40.84787    -72.57919    -0.05     -0.03     0.06     1 
0130321261   40.84708    -72.54186    -0.22     -0.15     0.27     1 
0130321262   40.84628    -72.50452    -0.18     -0.03     0.18     1 
0130321290   40.84551    -74.26072     0.10      0.05     0.12     1 
0130321291   40.84526    -74.22335     0.20      0.03     0.20     1 
0130321292   40.84500    -74.18599     0.06      0.01     0.06     1 
0130321293   40.84473    -74.14863     0.03     -0.00     0.03     1 
0130321294   40.84445    -74.11126    -0.02     -0.05     0.05     1 
0130321296   40.84385    -74.03654     0.03     -0.01     0.03     1 
0130321297   40.84353    -73.99918    -0.06      0.00     0.06     1 
0130321299   40.84286    -73.92446    -0.12     -0.03     0.12     1 
0130321300   40.84251    -73.88710    -0.04     -0.03     0.05     1 
0130321301   40.84214    -73.84974    -0.11      0.05     0.12     1 
0130321305   40.84055    -73.70031    -0.12      0.04     0.13     1 
0130321307   40.83969    -73.62560     0.06      0.01     0.06     1 
0130321308   40.83924    -73.58825     0.11     -0.00     0.11     1 
0130321309   40.83877    -73.55090     0.15     -0.01     0.15     1 
0130321310   40.83830    -73.51355     0.09      0.03     0.10     1 
0130321311   40.83781    -73.47620     0.09      0.02     0.09     1 
0130321312   40.83731    -73.43885     0.06     -0.04     0.07     1 
0130321313   40.83680    -73.40150     0.02      0.06     0.06     1 
0130321314   40.83628    -73.36415    -0.04      0.05     0.06     1 
0130321315   40.83574    -73.32680     0.04     -0.03     0.05     1 
0130321316   40.83519    -73.28946     0.01      0.05     0.05     1 
0130321317   40.83463    -73.25211    -0.05      0.05     0.07     1 
0130321318   40.83406    -73.21477     0.02      0.05     0.06     1 
0130321319   40.83348    -73.17743     0.03      0.02     0.04     1 
0130321320   40.83288    -73.14009     0.05     -0.07     0.09     1 
0130321321   40.83227    -73.10275     0.08     -0.05     0.10     1 
0130321322   40.83165    -73.06541     0.06     -0.03     0.07     1 
0130321323   40.83102    -73.02807     0.06     -0.03     0.07     1 
0130321324   40.83037    -72.99073     0.02     -0.07     0.07     1 
0130321325   40.82972    -72.95340     0.04      0.01     0.04     1 
0130321326   40.82905    -72.91606    -0.02      0.03     0.03     1 
0130321327   40.82837    -72.87873     0.14     -0.04     0.15     1 
0130321328   40.82768    -72.84140     0.06     -0.00     0.06     1 
0130321329   40.82697    -72.80407     0.05      0.02     0.05     1 
0130321330   40.82625    -72.76674    -0.02      0.24     0.24     1 
0130321331   40.82552    -72.72941    -0.00      0.01     0.01     1 
0130321332   40.82478    -72.69209     0.02      0.09     0.09     1 
0130321333   40.82403    -72.65476    -0.03      0.00     0.03     1 
0130321334   40.82327    -72.61744    -0.04     -0.01     0.05     1 
0130321335   40.82249    -72.58012    -0.00     -0.06     0.06     1 
0130321364   40.82034    -74.29835     0.03     -0.01     0.03     1 
0130321365   40.82010    -74.26100     0.16      0.05     0.17     1 
0130321366   40.81986    -74.22365     0.10      0.01     0.10     1 
0130321367   40.81960    -74.18630     0.13      0.05     0.14     1 
0130321368   40.81933    -74.14895     0.10     -0.05     0.11     1 
0130321369   40.81905    -74.11160     0.13      0.03     0.13     1 
0130321370   40.81876    -74.07425    -0.20      0.03     0.21     1 
0130321371   40.81845    -74.03691    -0.03     -0.07     0.08     1 
0130321372   40.81813    -73.99956    -0.00     -0.01     0.01     1 
0130321374   40.81746    -73.92487    -0.06     -0.01     0.06     1 
0130321375   40.81711    -73.88752    -0.14      0.01     0.14     1 
0130321376   40.81674    -73.85018    -0.12     -0.02     0.12     1 
0130321378   40.81597    -73.77549    -0.17      0.27     0.32     1 
0130321379   40.81557    -73.73815     0.03     -0.05     0.06     1 
0130321381   40.81473    -73.66347    -0.14      0.00     0.14     1 
0130321382   40.81429    -73.62613     0.06      0.02     0.06     1 
0130321383   40.81384    -73.58879     0.14      0.08     0.16     1 
0130321384   40.81338    -73.55145     0.07      0.02     0.07     1 
0130321385   40.81290    -73.51412    -0.02      0.01     0.02     1 
0130321386   40.81242    -73.47678    -0.03     -0.02     0.03     1 
0130321387   40.81192    -73.43944     0.07     -0.00     0.07     1 
0130321388   40.81141    -73.40211    -0.02      0.03     0.03     1 
0130321389   40.81088    -73.36477     0.07      0.01     0.07     1 
0130321390   40.81035    -73.32744     0.08      0.02     0.08     1 
0130321391   40.80980    -73.29011    -0.04     -0.06     0.07     1 
0130321392   40.80924    -73.25278    -0.09     -0.00     0.09     1 
0130321393   40.80867    -73.21545     0.01     -0.10     0.10     1 
0130321394   40.80808    -73.17812    -0.05      0.03     0.06     1 
0130321395   40.80749    -73.14080     0.08      0.02     0.08     1 
0130321396   40.80688    -73.10347    -0.06      0.04     0.07     1 
0130321397   40.80626    -73.06615     0.04      0.00     0.04     1 
0130321398   40.80563    -73.02882    -0.01     -0.01     0.01     1 
0130321399   40.80499    -72.99150     0.13      0.06     0.14     1 
0130321401   40.80366    -72.91686     0.00      0.03     0.03     1 
0130321402   40.80298    -72.87954     0.04      0.01     0.04     1 
0130321403   40.80229    -72.84222    -0.01     -0.02     0.03     1 
0130321404   40.80159    -72.80491     0.03     -0.03     0.04     1 
0130321405   40.80087    -72.76759     0.03     -0.05     0.06     1 
0130321406   40.80014    -72.73028    -0.28     -0.13     0.31     1 
0130321407   40.79940    -72.69297    -0.14      0.00     0.14     1 
0130321439   40.79494    -74.29862     0.09     -0.12     0.15     1 
0130321440   40.79470    -74.26128     0.12      0.07     0.14     1 
0130321441   40.79446    -74.22395     0.16      0.04     0.17     1 
0130321442   40.79420    -74.18661     0.09      0.04     0.10     1 
0130321443   40.79393    -74.14928     0.02     -0.10     0.11     1 
0130321444   40.79365    -74.11194    -0.07      0.06     0.09     1 
0130321445   40.79336    -74.07461    -0.14     -0.09     0.16     1 
0130321446   40.79305    -74.03727    -0.12     -0.11     0.16     1 
0130321448   40.79240    -73.96261     0.09     -0.04     0.10     1 
0130321449   40.79206    -73.92528    -0.12     -0.06     0.14     1 
0130321450   40.79171    -73.88795    -0.19     -0.08     0.20     1 
0130321451   40.79134    -73.85062    -0.03      0.08     0.09     1 
0130321452   40.79096    -73.81329    -0.04      0.03     0.05     1 
0130321453   40.79057    -73.77596    -0.10     -0.22     0.24     1 
0130321454   40.79017    -73.73863    -0.06      0.05     0.08     1 
0130321455   40.78976    -73.70130     0.02      0.02     0.03     1 
0130321456   40.78933    -73.66398     0.00     -0.01     0.01     1 
0130321457   40.78889    -73.62665     0.04      0.01     0.04     1 
0130321458   40.78844    -73.58933     0.06      0.02     0.06     1 
0130321459   40.78798    -73.55200     0.02      0.04     0.05     1 
0130321460   40.78751    -73.51468    -0.01     -0.02     0.02     1 
0130321461   40.78702    -73.47736     0.02     -0.05     0.05     1 
0130321463   40.78601    -73.40272     0.02     -0.04     0.04     1 
0130321464   40.78549    -73.36540     0.02     -0.04     0.05     1 
0130321465   40.78495    -73.32808    -0.01      0.06     0.06     1 
0130321466   40.78441    -73.29076     0.01      0.03     0.03     1 
0130321467   40.78385    -73.25345     0.07     -0.04     0.08     1 
0130321468   40.78328    -73.21613     0.02      0.03     0.03     1 
0130321469   40.78269    -73.17882     0.07     -0.09     0.12     1 
0130321470   40.78210    -73.14150     0.07     -0.05     0.09     1 
0130321471   40.78149    -73.10419    -0.02      0.06     0.06     1 
0130321472   40.78087    -73.06688    -0.01     -0.08     0.08     1 
0130321473   40.78024    -73.02957     0.05      0.00     0.05     1 
0130321474   40.77960    -72.99227     0.01      0.04     0.04     1 
0130321475   40.77894    -72.95496     0.04     -0.02     0.04     1 
0130321476   40.77828    -72.91765     0.07      0.08     0.11     1 
0130321477   40.77759    -72.88035     0.14      0.05     0.15     1 
0130321478   40.77690    -72.84304     0.06     -0.08     0.10     1 
0130321479   40.77620    -72.80574    -0.04     -0.12     0.13     1 
0130321480   40.77549    -72.76844    -0.31      0.09     0.32     1 
0130321514   40.76953    -74.29888     0.06      0.08     0.10     1 
0130321515   40.76930    -74.26156     0.19     -0.01     0.19     1 
0130321516   40.76906    -74.22424    -0.01     -0.02     0.02     1 
0130321517   40.76880    -74.18692     0.09      0.07     0.11     1 
0130321518   40.76853    -74.14960    -0.04      0.00     0.04     1 
0130321520   40.76796    -74.07496    -0.11     -0.04     0.12     1 
0130321523   40.76700    -73.96300     0.19     -0.09     0.21     1 
0130321524   40.76666    -73.92569    -0.03     -0.10     0.10     1 
0130321525   40.76631    -73.88837    -0.16     -0.00     0.16     1 
0130321526   40.76594    -73.85106    -0.13     -0.13     0.19     1 
0130321527   40.76557    -73.81374    -0.06     -0.03     0.07     1 
0130321528   40.76518    -73.77643    -0.02      0.03     0.03     1 
0130321529   40.76478    -73.73911    -0.02     -0.07     0.07     1 
0130321530   40.76436    -73.70180     0.02      0.02     0.03     1 
0130321531   40.76394    -73.66449     0.01     -0.04     0.04     1 
0130321532   40.76350    -73.62718     0.05      0.03     0.06     1 
0130321533   40.76305    -73.58987    -0.00      0.03     0.03     1 
0130321534   40.76259    -73.55255    -0.11      0.03     0.12     1 
0130321535   40.76211    -73.51525    -0.11     -0.01     0.11     1 
0130321536   40.76163    -73.47794     0.00      0.08     0.08     1 
0130321537   40.76113    -73.44063     0.06      0.03     0.06     1 
0130321538   40.76062    -73.40333    -0.07      0.10     0.12     1 
0130321539   40.76009    -73.36602    -0.00     -0.03     0.03     1 
0130321540   40.75956    -73.32872    -0.01      0.02     0.02     1 
0130321541   40.75901    -73.29141     0.04      0.07     0.08     1 
0130321542   40.75845    -73.25411    -0.02      0.01     0.02     1 
0130321543   40.75789    -73.21681     0.08      0.02     0.09     1 
0130321544   40.75730    -73.17951     0.02     -0.06     0.06     1 
0130321545   40.75671    -73.14221     0.03     -0.02     0.03     1 
0130321546   40.75610    -73.10492     0.02     -0.03     0.04     1 
0130321547   40.75548    -73.06762     0.03     -0.04     0.05     1 
0130321548   40.75485    -73.03032    -0.02     -0.05     0.06     1 
0130321549   40.75421    -72.99303    -0.14     -0.04     0.15     1 
0130321550   40.75355    -72.95574     0.03     -0.08     0.09     1 
0130321551   40.75289    -72.91844    -0.25      0.05     0.25     1 
0130321552   40.75221    -72.88115    -0.00      0.16     0.16     1 
0130321553   40.75152    -72.84386    -0.14     -0.02     0.14     1 
0130321554   40.75082    -72.80658    -0.16      0.13     0.21     1 
0130321589   40.74413    -74.29915     0.10     -0.06     0.12     1 
0130321590   40.74390    -74.26184     0.07      0.09     0.12     1 
0130321591   40.74365    -74.22454     0.05     -0.07     0.08     1 
0130321592   40.74340    -74.18723    -0.00      0.00     0.00     1 
0130321593   40.74313    -74.14992    -0.03     -0.01     0.03     1 
0130321594   40.74285    -74.11262    -0.08     -0.10     0.13     1 
0130321595   40.74256    -74.07531    -0.04     -0.05     0.06     1 
0130321596   40.74225    -74.03801     0.01     -0.02     0.02     1 
0130321597   40.74193    -74.00070     0.05     -0.01     0.05     1 
0130321598   40.74160    -73.96340    -0.05     -0.04     0.06     1 
0130321599   40.74126    -73.92610     0.00     -0.05     0.05     1 
0130321600   40.74091    -73.88879    -0.17     -0.08     0.19     1 
0130321601   40.74054    -73.85149    -0.04      0.02     0.04     1 
0130321602   40.74017    -73.81419    -0.02     -0.02     0.02     1 
0130321603   40.73978    -73.77689     0.03     -0.02     0.03     1 
0130321604   40.73938    -73.73959    -0.00     -0.01     0.01     1 
0130321605   40.73896    -73.70229    -0.06     -0.06     0.09     1 
0130321606   40.73854    -73.66500    -0.09      0.02     0.09     1 
0130321607   40.73810    -73.62770    -0.05      0.00     0.05     1 
0130321608   40.73765    -73.59040    -0.08     -0.03     0.09     1 
0130321609   40.73719    -73.55311     0.05     -0.00     0.05     1 
0130321610   40.73671    -73.51581     0.08      0.04     0.09     1 
0130321611   40.73623    -73.47852    -0.02     -0.05     0.06     1 
0130321612   40.73573    -73.44123    -0.00     -0.03     0.03     1 
0130321613   40.73522    -73.40393     0.02      0.02     0.03     1 
0130321614   40.73470    -73.36664    -0.06     -0.07     0.10     1 
0130321615   40.73417    -73.32935    -0.01      0.01     0.02     1 
0130321616   40.73362    -73.29206     0.04     -0.01     0.04     1 
0130321617   40.73306    -73.25478    -0.00      0.02     0.02     1 
0130321618   40.73249    -73.21749    -0.02      0.02     0.03     1 
0130321619   40.73191    -73.18020    -0.00     -0.02     0.02     1 
0130321620   40.73132    -73.14292    -0.12      0.02     0.12     1 
0130321621   40.73071    -73.10564    -0.03      0.02     0.03     1 
0130321622   40.73009    -73.06835    -0.15     -0.08     0.18     1 
0130321623   40.72946    -73.03107    -0.17     -0.11     0.20     1 
0130321626   40.72750    -72.91924     0.00      0.03     0.03     1 
0130321664   40.71873    -74.29942    -0.04      0.04     0.06     1 
0130321665   40.71850    -74.26212     0.06     -0.04     0.07     1 
0130321666   40.71825    -74.22483    -0.08      0.01     0.08     1 
0130321667   40.71800    -74.18754    -0.06     -0.08     0.10     1 
0130321669   40.71745    -74.11295    -0.18     -0.05     0.18     1 
0130321670   40.71715    -74.07566    -0.04      0.00     0.04     1 
0130321671   40.71685    -74.03837    -0.02      0.01     0.02     1 
0130321672   40.71653    -74.00108     0.14     -0.09     0.17     1 
0130321673   40.71620    -73.96379     0.04      0.02     0.04     1 
0130321674   40.71586    -73.92651    -0.11      0.01     0.11     1 
0130321675   40.71551    -73.88922     0.01     -0.01     0.02     1 
0130321676   40.71514    -73.85193    -0.02     -0.07     0.07     1 
0130321677   40.71477    -73.81464    -0.02     -0.06     0.06     1 
0130321678   40.71438    -73.77736    -0.04     -0.02     0.04     1 
0130321679   40.71398    -73.74007     0.01      0.02     0.03     1 
0130321680   40.71357    -73.70279     0.05     -0.04     0.07     1 
0130321681   40.71314    -73.66550    -0.07     -0.11     0.13     1 
0130321682   40.71270    -73.62822    -0.03      0.02     0.03     1 
0130321683   40.71225    -73.59094    -0.10     -0.07     0.12     1 
0130321684   40.71179    -73.55366    -0.02     -0.06     0.07     1 
0130321685   40.71132    -73.51638     0.02     -0.07     0.08     1 
0130321686   40.71083    -73.47910    -0.01     -0.00     0.01     1 
0130321687   40.71034    -73.44182     0.04     -0.04     0.06     1 
0130321688   40.70983    -73.40454    -0.11     -0.00     0.11     1 
0130321689   40.70931    -73.36726    -0.15     -0.07     0.17     1 
0130321690   40.70877    -73.32999    -0.01      0.04     0.04     1 
0130321691   40.70823    -73.29271     0.01     -0.04     0.04     1 
0130321692   40.70767    -73.25544    -0.09     -0.05     0.11     1 
0130321694   40.70652    -73.18090    -0.05      0.00     0.05     1 
0130321695   40.70593    -73.14363    -0.07     -0.06     0.09     1 
0130321738   40.69355    -74.33696     0.13      0.09     0.15     1 
0130321739   40.69333    -74.29968    -0.01      0.10     0.10     1 
0130321740   40.69309    -74.26241     0.09     -0.01     0.09     1 
0130321741   40.69285    -74.22513     0.01      0.04     0.04     1 
0130321742   40.69259    -74.18785    -0.04      0.03     0.05     1 
0130321743   40.69232    -74.15057    -0.12     -0.01     0.12     1 
0130321745   40.69175    -74.07601    -0.19      0.08     0.20     1 
0130321746   40.69145    -74.03874    -0.12     -0.03     0.12     1 
0130321747   40.69113    -74.00146    -0.08      0.06     0.10     1 
0130321748   40.69080    -73.96419    -0.05     -0.04     0.07     1 
0130321750   40.69011    -73.88964     0.10      0.05     0.11     1 
0130321751   40.68975    -73.85237    -0.02      0.07     0.07     1 
0130321752   40.68937    -73.81509    -0.10      0.00     0.10     1 
0130321753   40.68898    -73.77782     0.02      0.01     0.03     1 
0130321754   40.68858    -73.74055    -0.02      0.00     0.02     1 
0130321755   40.68817    -73.70328    -0.04      0.09     0.10     1 
0130321756   40.68774    -73.66601    -0.04      0.02     0.04     1 
0130321757   40.68731    -73.62874    -0.10      0.05     0.11     1 
0130321758   40.68686    -73.59147     0.06     -0.06     0.09     1 
0130321759   40.68640    -73.55420     0.07     -0.00     0.07     1 
0130321760   40.68592    -73.51694     0.12     -0.06     0.13     1 
0130321761   40.68544    -73.47967     0.05      0.01     0.05     1 
0130321762   40.68494    -73.44241    -0.01     -0.05     0.05     1 
0130321763   40.68443    -73.40515    -0.04     -0.00     0.04     1 
0130321764   40.68391    -73.36788     0.00     -0.06     0.06     1 
0130321765   40.68338    -73.33062    -0.12     -0.01     0.12     1 
0130321766   40.68283    -73.29336    -0.19     -0.03     0.19     1 
0130321813   40.66814    -74.33722     0.09      0.03     0.10     1 
0130321814   40.66792    -74.29995     0.11     -0.01     0.11     1 
0130321815   40.66769    -74.26269     0.02     -0.01     0.02     1 
0130321816   40.66745    -74.22542    -0.01     -0.04     0.04     1 
0130321817   40.66719    -74.18815    -0.13     -0.05     0.14     1 
0130321818   40.66692    -74.15089     0.00      0.20     0.20     1 
0130321819   40.66664    -74.11363    -0.09     -0.03     0.10     1 
0130321820   40.66635    -74.07636    -0.15     -0.15     0.21     1 
0130321822   40.66573    -74.00184    -0.14      0.02     0.15     1 
0130321823   40.66540    -73.96458     0.08      0.07     0.10     1 
0130321825   40.66471    -73.89006    -0.06     -0.00     0.06     1 
0130321826   40.66435    -73.85280    -0.12     -0.03     0.12     1 
0130321827   40.66397    -73.81554    -0.13      0.01     0.13     1 
0130321828   40.66358    -73.77828    -0.08     -0.03     0.08     1 
0130321829   40.66318    -73.74103     0.01     -0.03     0.04     1 
0130321830   40.66277    -73.70377    -0.07     -0.07     0.10     1 
0130321831   40.66235    -73.66652    -0.05      0.01     0.05     1 
0130321832   40.66191    -73.62926     0.04      0.05     0.06     1 
0130321833   40.66146    -73.59201     0.02     -0.04     0.05     1 
0130321834   40.66100    -73.55475     0.02      0.04     0.04     1 
0130321835   40.66053    -73.51750    -0.08     -0.01     0.08     1 
0130321836   40.66004    -73.48025    -0.07     -0.00     0.07     1 
0130321837   40.65955    -73.44300    -0.04      0.02     0.04     1 
0130321838   40.65904    -73.40575    -0.23     -0.03     0.24     1 
0130321839   40.65852    -73.36850    -0.13     -0.01     0.13     1 
0130321840   40.65798    -73.33125     0.04     -0.14     0.15     1 
0130321841   40.65744    -73.29401    -0.05     -0.09     0.10     1 
0130321842   40.65688    -73.25676     0.02     -0.07     0.07     1 
0130321844   40.65573    -73.18228    -0.03     -0.07     0.08     1 
0130321845   40.65514    -73.14503     0.07     -0.09     0.11     1 
0130321888   40.64274    -74.33747     0.06      0.09     0.11     1 
0130321889   40.64252    -74.30021     0.13      0.04     0.13     1 
0130321890   40.64229    -74.26296     0.07      0.00     0.07     1 
0130321891   40.64205    -74.22571    -0.12     -0.01     0.12     1 
0130321892   40.64179    -74.18846    -0.10      0.02     0.11     1 
0130321893   40.64152    -74.15121    -0.10      0.10     0.14     1 
0130321894   40.64124    -74.11396     0.04     -0.03     0.05     1 
0130321895   40.64095    -74.07672    -0.06     -0.02     0.07     1 
0130321896   40.64065    -74.03947     0.12     -0.02     0.13     1 
0130321898   40.64000    -73.96497    -0.04     -0.03     0.05     1 
0130321899   40.63966    -73.92773    -0.17      0.06     0.18     1 
0130321900   40.63931    -73.89048    -0.16      0.06     0.17     1 
0130321901   40.63895    -73.85324    -0.31     -0.03     0.31     1 
0130321903   40.63818    -73.77875    -0.13      0.01     0.13     1 
0130321904   40.63778    -73.74151    -0.17     -0.05     0.18     1 
0130321905   40.63737    -73.70426     0.00     -0.01     0.01     1 
0130321906   40.63695    -73.66702    -0.14      0.00     0.14     1 
0130321907   40.63651    -73.62978     0.01      0.05     0.05     1 
0130321908   40.63606    -73.59254    -0.04     -0.01     0.04     1 
0130321909   40.63560    -73.55530    -0.10      0.01     0.10     1 
0130321910   40.63513    -73.51806    -0.07      0.03     0.08     1 
0130321911   40.63465    -73.48083    -0.02      0.07     0.07     1 
0130321912   40.63415    -73.44359    -0.04     -0.08     0.09     1 
0130321913   40.63364    -73.40636    -0.00     -0.05     0.05     1 
0130321914   40.63312    -73.36912     0.30     -0.12     0.33     1 
0130321917   40.63149    -73.25742     0.16      0.05     0.17     1 
0130321963   40.61734    -74.33772     0.15     -0.02     0.15     1 
0130321964   40.61712    -74.30048     0.08      0.04     0.08     1 
0130321965   40.61689    -74.26324    -0.07      0.03     0.08     1 
0130321966   40.61664    -74.22601    -0.12     -0.01     0.12     1 
0130321967   40.61639    -74.18877    -0.15      0.02     0.15     1 
0130321968   40.61612    -74.15153    -0.02     -0.02     0.03     1 
0130321969   40.61584    -74.11430    -0.04      0.01     0.04     1 
0130321970   40.61555    -74.07707    -0.04      0.06     0.08     1 
0130321972   40.61493    -74.00260    -0.06     -0.03     0.06     1 
0130321973   40.61460    -73.96537    -0.09      0.00     0.09     1 
0130321974   40.61426    -73.92813     0.04     -0.04     0.05     1 
0130321975   40.61391    -73.89090    -0.12     -0.24     0.27     1 
0130321976   40.61355    -73.85367    -0.09     -0.01     0.09     1 
0130321977   40.61317    -73.81644    -0.27     -0.08     0.28     1 
0130321978   40.61278    -73.77921    -0.15      0.03     0.15     1 
0130321979   40.61238    -73.74198    -0.02     -0.02     0.03     1 
0130321980   40.61197    -73.70475    -0.07      0.00     0.07     1 
0130321981   40.61155    -73.66753    -0.11      0.03     0.11     1 
0130321982   40.61111    -73.63030    -0.15      0.03     0.15     1 
0130321983   40.61067    -73.59307    -0.12      0.06     0.14     1 
0130321984   40.61021    -73.55585    -0.11      0.00     0.11     1 
0130321985   40.60974    -73.51863    -0.12      0.01     0.12     1 
0130321986   40.60925    -73.48140    -0.03      0.03     0.04     1 
0130321987   40.60876    -73.44418     0.11     -0.03     0.12     1 
0130322038   40.59193    -74.33797     0.13     -0.03     0.14     1 
0130322039   40.59171    -74.30075     0.02      0.02     0.02     1 
0130322040   40.59148    -74.26352    -0.06     -0.04     0.07     1 
0130322041   40.59124    -74.22630    -0.15     -0.02     0.15     1 
0130322042   40.59098    -74.18908    -0.09     -0.09     0.13     1 
0130322043   40.59072    -74.15186     0.05     -0.05     0.07     1 
0130322044   40.59044    -74.11464     0.13      0.00     0.13     1 
0130322045   40.59015    -74.07742    -0.07     -0.03     0.07     1 
0130322047   40.58953    -74.00298    -0.27     -0.04     0.27     1 
0130322048   40.58920    -73.96576    -0.01     -0.03     0.04     1 
0130322049   40.58886    -73.92854    -0.24     -0.06     0.25     1 
0130322050   40.58851    -73.89132    -0.15     -0.08     0.17     1 
0130322052   40.58777    -73.81689    -0.06      0.07     0.09     1 
0130322055   40.58657    -73.70524     0.01      0.07     0.07     1 
0130322112   40.56674    -74.37543     0.11     -0.05     0.12     1 
0130322113   40.56653    -74.33822     0.01     -0.15     0.15     1 
0130322114   40.56631    -74.30101     0.09     -0.14     0.17     1 
0130322115   40.56608    -74.26380    -0.03     -0.08     0.09     1 
0130322116   40.56584    -74.22659    -0.06     -0.05     0.08     1 
0130322117   40.56558    -74.18939    -0.06     -0.03     0.07     1 
0130322118   40.56531    -74.15218     0.01     -0.05     0.05     1 
0130322119   40.56504    -74.11497    -0.15     -0.05     0.16     1 
0130322121   40.56444    -74.04056    -0.20     -0.13     0.24     1 
0130322187   40.54133    -74.37566     0.03     -0.08     0.08     1 
0130322188   40.54113    -74.33847     0.14     -0.07     0.16     1 
0130322189   40.54091    -74.30127    -0.05     -0.09     0.10     1 
0130322190   40.54068    -74.26408    -0.07      0.05     0.09     1 
0130322191   40.54043    -74.22688     0.00     -0.11     0.11     1 
0130322192   40.54018    -74.18969     0.15     -0.09     0.17     1 
0130322264   40.51550    -74.30154    -0.06     -0.14     0.15     1 
0130322265   40.51527    -74.26436    -0.08     -0.06     0.10     1 
0130322266   40.51503    -74.22718     0.10     -0.01     0.10     1 
0130322267   40.51478    -74.19000    -0.12     -0.10     0.16     1 
0130322337   40.49053    -74.37614    -0.18     -0.07     0.20     1 
0130322338   40.49032    -74.33897    -0.07     -0.05     0.08     1 
0130322339   40.49010    -74.30180    -0.08     -0.26     0.27     1 
0130322340   40.48987    -74.26463     0.11      0.02     0.12     1 
0130322412   40.46512    -74.37637    -0.09     -0.12     0.14     1 
0130322413   40.46491    -74.33922     0.00     -0.09     0.09     1 
0130322414   40.46470    -74.30206    -0.03     -0.07     0.08     1 
0130322415   40.46447    -74.26491     0.03     -0.15     0.16     1 
0130322417   40.46397    -74.19061     0.11      0.19     0.22     1 
0130322486   40.43991    -74.41375     0.05     -0.02     0.06     1 
0130322487   40.43972    -74.37661     0.04     -0.01     0.04     1 
0130322488   40.43951    -74.33947     0.04     -0.04     0.06     1 
0130322489   40.43929    -74.30233     0.08     -0.10     0.13     1 
0130322490   40.43906    -74.26519    -0.04     -0.10     0.11     1 
0130322491   40.43882    -74.22805     0.12     -0.02     0.12     1 
0130322492   40.43857    -74.19091    -0.03     -0.12     0.12     1 
0130322493   40.43830    -74.15377    -0.02     -0.07     0.07     1 
0130322494   40.43802    -74.11664     0.05     -0.07     0.09     1 
0130322497   40.43712    -74.00523     0.09      0.26     0.27     1 
0130322561   40.41451    -74.41397     0.07     -0.04     0.08     1 
0130322562   40.41431    -74.37684     0.09     -0.01     0.09     1 
0130322563   40.41411    -74.33971    -0.12     -0.12     0.16     1 
0130322564   40.41389    -74.30259     0.11     -0.02     0.11     1 
0130322565   40.41366    -74.26547     0.14     -0.01     0.14     1 
0130322566   40.41342    -74.22834     0.01     -0.06     0.06     1 
0130322567   40.41316    -74.19122    -0.00      0.00     0.00     1 
0130322568   40.41290    -74.15409     0.08     -0.09     0.13     1 
0130322569   40.41262    -74.11697     0.07      0.03     0.08     1 
0130322570   40.41233    -74.07985     0.12     -0.02     0.12     1 
0130322571   40.41203    -74.04273     0.06     -0.05     0.08     1 
0130322636   40.38910    -74.41419     0.20     -0.06     0.21     1 
0130322637   40.38891    -74.37708     0.04     -0.02     0.05     1 
0130322639   40.38849    -74.30285     0.10      0.01     0.10     1 
0130322640   40.38826    -74.26574     0.10     -0.09     0.13     1 
0130322641   40.38801    -74.22863     0.15     -0.02     0.15     1 
0130322642   40.38776    -74.19152     0.17     -0.07     0.19     1 
0130322643   40.38750    -74.15441     0.14     -0.06     0.16     1 
0130322644   40.38722    -74.11730     0.15     -0.03     0.15     1 
0130322645   40.38693    -74.08019     0.13     -0.03     0.14     1 
0130322646   40.38663    -74.04309     0.13     -0.09     0.16     1 
0130322647   40.38631    -74.00598    -0.08      0.02     0.09     1 
0130322711   40.36370    -74.41441     0.13      0.08     0.15     1 
0130322712   40.36350    -74.37731     0.10      0.01     0.10     1 
0130322713   40.36330    -74.34021     0.16      0.02     0.17     1 
0130322714   40.36308    -74.30311     0.06     -0.16     0.17     1 
0130322715   40.36285    -74.26602     0.14     -0.04     0.15     1 
0130322716   40.36261    -74.22892     0.17     -0.17     0.24     1 
0130322717   40.36236    -74.19182     0.16     -0.08     0.18     1 
0130322718   40.36209    -74.15473     0.15     -0.02     0.15     1 
0130322719   40.36181    -74.11763     0.08     -0.06     0.10     1 
0130322720   40.36153    -74.08054    -0.03     -0.08     0.09     1 
0130322721   40.36122    -74.04345     0.08     -0.06     0.10     1 
0130322722   40.36091    -74.00635     0.08     -0.00     0.08     1 
0130322723   40.36059    -73.96926    -0.13     -0.00     0.13     1 
0130322786   40.33829    -74.41463     0.12     -0.03     0.13     1 
0130322787   40.33810    -74.37754     0.14     -0.07     0.16     1 
0130322788   40.33789    -74.34046     0.07     -0.16     0.17     1 
0130322789   40.33768    -74.30338     0.12     -0.07     0.14     1 
0130322790   40.33745    -74.26629     0.18     -0.13     0.22     1 
0130322791   40.33721    -74.22921     0.15     -0.15     0.21     1 
0130322792   40.33695    -74.19213     0.13     -0.03     0.14     1 
0130322793   40.33669    -74.15505     0.03     -0.04     0.05     1 
0130322794   40.33641    -74.11796     0.21      0.01     0.21     1 
0130322795   40.33612    -74.08088    -0.02     -0.06     0.06     1 
0130322796   40.33582    -74.04380     0.09     -0.07     0.12     1 
0130322797   40.33551    -74.00672    -0.24     -0.10     0.26     1 
0130322860   40.31307    -74.45192    -0.10     -0.02     0.10     1 
0130322861   40.31289    -74.41485     0.11      0.08     0.14     1 
0130322862   40.31269    -74.37778     0.27      0.02     0.27     1 
0130322863   40.31249    -74.34071     0.14     -0.02     0.14     1 
0130322864   40.31227    -74.30364     0.10     -0.03     0.10     1 
0130322865   40.31204    -74.26657     0.10     -0.02     0.10     1 
0130322866   40.31180    -74.22950     0.08     -0.06     0.09     1 
0130322867   40.31155    -74.19243     0.16      0.05     0.17     1 
0130322868   40.31128    -74.15536     0.13     -0.02     0.13     1 
0130322869   40.31101    -74.11830     0.00     -0.05     0.05     1 
0130322870   40.31072    -74.08123     0.15     -0.08     0.17     1 
0130322871   40.31042    -74.04416     0.02     -0.04     0.05     1 
0130322872   40.31011    -74.00710    -0.07     -0.09     0.11     1 
0130322935   40.28766    -74.45212    -0.07      0.02     0.07     1 
0130322936   40.28748    -74.41506     0.22     -0.00     0.22     1 
0130322937   40.28729    -74.37801     0.16      0.02     0.16     1 
0130322938   40.28708    -74.34095     0.10     -0.04     0.11     1 
0130322939   40.28687    -74.30390     0.11     -0.01     0.11     1 
0130322940   40.28664    -74.26684     0.10     -0.01     0.10     1 
0130322941   40.28640    -74.22979     0.06     -0.01     0.06     1 
0130322942   40.28615    -74.19273     0.05     -0.05     0.07     1 
0130322943   40.28588    -74.15568     0.12     -0.06     0.13     1 
0130322944   40.28560    -74.11862     0.25     -0.14     0.28     1 
0130322945   40.28532    -74.08157     0.15     -0.04     0.15     1 
0130322946   40.28502    -74.04452     0.03     -0.00     0.03     1 
0130322947   40.28471    -74.00747     0.05      0.05     0.07     1 
0130323010   40.26226    -74.45233     0.25     -0.01     0.25     1 
0130323011   40.26208    -74.41528     0.13     -0.02     0.13     1 
0130323012   40.26188    -74.37824    -0.00     -0.03     0.03     1 
0130323014   40.26146    -74.30416     0.05     -0.10     0.11     1 
0130323015   40.26123    -74.26712     0.24     -0.08     0.25     1 
0130323016   40.26100    -74.23007     0.13     -0.08     0.15     1 
0130323017   40.26074    -74.19303     0.11     -0.14     0.18     1 
0130323018   40.26048    -74.15600     0.09     -0.08     0.12     1 
0130323019   40.26020    -74.11895     0.07     -0.05     0.09     1 
0130323020   40.25991    -74.08192     0.15     -0.00     0.15     1 
0130323021   40.25961    -74.04488     0.05      0.03     0.06     1 
0130323022   40.25930    -74.00784     0.07     -0.03     0.07     1 
0130323085   40.23685    -74.45253     0.10     -0.03     0.10     1 
0130323086   40.23667    -74.41550     0.20     -0.15     0.25     1 
0130323087   40.23648    -74.37847     0.15     -0.03     0.15     1 
0130323088   40.23628    -74.34144     0.16     -0.14     0.21     1 
0130323089   40.23606    -74.30442    -0.01     -0.05     0.05     1 
0130323090   40.23583    -74.26739    -0.02     -0.03     0.04     1 
0130323091   40.23559    -74.23036     0.13      0.01     0.13     1 
0130323092   40.23534    -74.19334     0.07     -0.07     0.10     1 
0130323093   40.23507    -74.15631     0.02     -0.11     0.11     1 
0130323094   40.23480    -74.11928     0.16      0.11     0.19     1 
0130323095   40.23451    -74.08226     0.10     -0.07     0.12     1 
0130323096   40.23421    -74.04524    -0.05     -0.01     0.06     1 
0130323097   40.23390    -74.00821    -0.02      0.01     0.03     1 
0130323160   40.21145    -74.45274     0.10     -0.10     0.14     1 
0130323161   40.21127    -74.41572     0.17     -0.10     0.19     1 
0130323162   40.21108    -74.37871     0.12     -0.12     0.17     1 
0130323163   40.21087    -74.34169     0.19     -0.10     0.22     1 
0130323164   40.21065    -74.30468     0.19      0.03     0.19     1 
0130323165   40.21043    -74.26766     0.15     -0.06     0.16     1 
0130323166   40.21019    -74.23065     0.22     -0.03     0.22     1 
0130323168   40.20967    -74.15663     0.09     -0.02     0.09     1 
0130323169   40.20940    -74.11961     0.10     -0.26     0.28     1 
0130323170   40.20911    -74.08260     0.09     -0.11     0.14     1 
0130323171   40.20881    -74.04559    -0.00     -0.07     0.07     1 
0130323172   40.20850    -74.00858    -0.01     -0.20     0.20     1 
0130323234   40.18621    -74.48994     0.10     -0.06     0.11     1 
0130323235   40.18604    -74.45294     0.17     -0.11     0.21     1 
0130323236   40.18586    -74.41594     0.17     -0.06     0.18     1 
0130323237   40.18567    -74.37894     0.12      0.01     0.12     1 
0130323238   40.18547    -74.34194     0.09     -0.08     0.12     1 
0130323239   40.18525    -74.30494     0.19      0.02     0.19     1 
0130323240   40.18502    -74.26794     0.19      0.05     0.20     1 
0130323241   40.18478    -74.23094     0.27     -0.13     0.30     1 
0130323242   40.18453    -74.19394     0.25     -0.13     0.28     1 
0130323243   40.18427    -74.15694     0.16      0.03     0.16     1 
0130323244   40.18399    -74.11994    -0.04     -0.19     0.20     1 
0130323245   40.18370    -74.08294     0.05     -0.06     0.08     1 
0130323246   40.18341    -74.04595    -0.07     -0.12     0.14     1 
0130323247   40.18309    -74.00895     0.06      0.11     0.13     1 
0130323309   40.16081    -74.49013     0.07     -0.14     0.16     1 
0130323310   40.16064    -74.45314     0.20      0.03     0.20     1 
0130323311   40.16046    -74.41616     0.07      0.02     0.08     1 
0130323312   40.16027    -74.37917    -0.20      0.01     0.20     1 
0130323313   40.16006    -74.34218     0.08     -0.01     0.08     1 
0130323314   40.15984    -74.30520     0.01     -0.03     0.03     1 
0130323315   40.15962    -74.26821     0.06      0.00     0.06     1 
0130323316   40.15938    -74.23122     0.11     -0.01     0.11     1 
0130323317   40.15913    -74.19424     0.15     -0.07     0.16     1 
0130323318   40.15886    -74.15725     0.18     -0.02     0.18     1 
0130323319   40.15859    -74.12027     0.10     -0.08     0.13     1 
0130323320   40.15830    -74.08329     0.04     -0.09     0.10     1 
0130323321   40.15800    -74.04630     0.00     -0.11     0.11     1 
0130323385   40.13523    -74.45335    -0.09      0.03     0.09     1 
0130323386   40.13505    -74.41637    -0.00      0.01     0.01     1 
0130323387   40.13486    -74.37940     0.17     -0.00     0.17     1 
0130323388   40.13466    -74.34243     0.20     -0.07     0.21     1 
0130323389   40.13444    -74.30545     0.04     -0.09     0.10     1 
0130323390   40.13421    -74.26848     0.25      0.02     0.25     1 
0130323391   40.13397    -74.23151     0.15     -0.07     0.17     1 
0130323392   40.13372    -74.19454     0.08     -0.05     0.09     1 
0130323393   40.13346    -74.15757     0.13     -0.02     0.13     1 
0130323395   40.13290    -74.08363    -0.01     -0.08     0.08     1 
0130323396   40.13260    -74.04666     0.09     -0.01     0.09     1 
0130323459   40.10999    -74.49051     0.08      0.03     0.08     1 
0130323460   40.10983    -74.45355    -0.09      0.15     0.17     1 
0130323461   40.10965    -74.41659    -0.03     -0.16     0.17     1 
0130323462   40.10945    -74.37963     0.07     -0.07     0.10     1 
0130323463   40.10925    -74.34267     0.09     -0.07     0.12     1 
0130323464   40.10903    -74.30571     0.11      0.11     0.16     1 
0130323465   40.10881    -74.26875     0.17     -0.06     0.18     1 
0130323466   40.10857    -74.23180     0.22      0.06     0.22     1 
0130323467   40.10832    -74.19484     0.11      0.04     0.12     1 
0130323468   40.10805    -74.15788     0.11      0.07     0.13     1 
0130323469   40.10778    -74.12092     0.14     -0.05     0.14     1 
0130323470   40.10749    -74.08397     0.03     -0.16     0.16     1 
0130323471   40.10719    -74.04701    -0.06     -0.05     0.08     1 
0130323534   40.08459    -74.49070     0.13     -0.03     0.13     1 
0130323535   40.08442    -74.45376     0.07      0.00     0.07     1 
0130323536   40.08424    -74.41681     0.03     -0.02     0.03     1 
0130323537   40.08405    -74.37986     0.14     -0.03     0.14     1 
0130323538   40.08384    -74.34292    -0.06     -0.03     0.07     1 
0130323539   40.08363    -74.30597     0.15      0.20     0.25     1 
0130323540   40.08340    -74.26903     0.25      0.04     0.25     1 
0130323541   40.08316    -74.23208    -0.20      0.07     0.21     1 
0130323542   40.08291    -74.19514     0.03     -0.03     0.04     1 
0130323543   40.08265    -74.15820     0.04     -0.03     0.05     1 
0130323544   40.08237    -74.12125     0.09      0.03     0.09     1 
0130323545   40.08209    -74.08431    -0.01     -0.02     0.02     1 
0130323546   40.08179    -74.04737     0.03      0.07     0.08     1 
0130323608   40.05934    -74.52782     0.11     -0.01     0.11     1 
0130323609   40.05918    -74.49089     0.07     -0.02     0.07     1 
0130323610   40.05901    -74.45396     0.16      0.21     0.27     1 
0130323611   40.05883    -74.41702     0.02     -0.07     0.07     1 
0130323612   40.05864    -74.38009     0.02     -0.01     0.02     1 
0130323613   40.05844    -74.34316     0.01     -0.18     0.18     1 
0130323614   40.05822    -74.30623     0.06     -0.05     0.08     1 
0130323615   40.05800    -74.26930     0.15     -0.25     0.29     1 
0130323617   40.05751    -74.19544     0.10      0.09     0.13     1 
0130323618   40.05724    -74.15851    -0.01      0.03     0.03     1 
0130323619   40.05697    -74.12158    -0.07     -0.00     0.07     1 
0130323620   40.05668    -74.08465    -0.11     -0.04     0.12     1 
0130323621   40.05639    -74.04772    -0.06      0.11     0.13     1 
0130323683   40.03393    -74.52800     0.05     -0.00     0.05     1 
0130323685   40.03361    -74.45416     0.09     -0.06     0.11     1 
0130323686   40.03343    -74.41724     0.06     -0.02     0.06     1 
0130323687   40.03324    -74.38032     0.06     -0.04     0.07     1 
0130323688   40.03303    -74.34340     0.01      0.04     0.04     1 
0130323690   40.03259    -74.26957     0.01      0.00     0.01     1 
0130323691   40.03235    -74.23265     0.12     -0.11     0.17     1 
0130323692   40.03210    -74.19574     0.13     -0.04     0.14     1 
0130323693   40.03184    -74.15882     0.05     -0.05     0.07     1 
0130323694   40.03157    -74.12190    -0.04     -0.00     0.04     1 
0130323695   40.03128    -74.08499    -0.03      0.03     0.04     1 
0130323696   40.03098    -74.04807    -0.04      0.19     0.19     1 
0130323758   40.00852    -74.52817     0.18     -0.19     0.27     1 
0130323760   40.00820    -74.45436    -0.02     -0.01     0.02     1 
0130323762   40.00783    -74.38055    -0.04     -0.10     0.11     1 
0130323763   40.00763    -74.34365     0.03     -0.05     0.06     1 
0130323764   40.00741    -74.30674     0.11     -0.07     0.13     1 
0130323765   40.00718    -74.26984     0.01     -0.06     0.06     1 
0130323767   40.00670    -74.19603     0.21     -0.14     0.25     1 
0130323768   40.00644    -74.15913     0.02      0.09     0.10     1 
0130323769   40.00616    -74.12223    -0.05      0.02     0.06     1 
0130323770   40.00588    -74.08533    -0.08      0.00     0.08     1 
0130323833   39.98312    -74.52835    -0.16     -0.11     0.19     1 
0130323834   39.98296    -74.49146    -0.08     -0.11     0.14     1 
0130323835   39.98279    -74.45457    -0.06      0.01     0.06     1 
0130323836   39.98262    -74.41767    -0.03      0.00     0.03     1 
0130323837   39.98242    -74.38078     0.14     -0.08     0.16     1 
0130323838   39.98222    -74.34389     0.01     -0.09     0.09     1 
0130323839   39.98201    -74.30700    -0.06     -0.04     0.07     1 
0130323840   39.98178    -74.27011    -0.06     -0.04     0.07     1 
0130323841   39.98154    -74.23322     0.06      0.02     0.07     1 
0130323842   39.98129    -74.19633     0.04      0.01     0.04     1 
0130323843   39.98103    -74.15944     0.12     -0.00     0.12     1 
0130323844   39.98076    -74.12256     0.04     -0.06     0.07     1 
0130323845   39.98047    -74.08567     0.02     -0.03     0.04     1 
0130323908   39.95771    -74.52852     0.01     -0.06     0.06     1 
0130323910   39.95739    -74.45477     0.10     -0.01     0.10     1 
0130323911   39.95721    -74.41789    -0.05      0.06     0.08     1 
0130323913   39.95681    -74.34413     0.01     -0.04     0.04     1 
0130323914   39.95660    -74.30726     0.04      0.07     0.08     1 
0130323915   39.95637    -74.27038     0.04      0.00     0.04     1 
0130323916   39.95614    -74.23350    -0.01     -0.03     0.03     1 
0130323917   39.95589    -74.19663     0.00     -0.01     0.01     1 
0130323918   39.95562    -74.15975     0.04      0.00     0.04     1 
0130323919   39.95535    -74.12288    -0.03     -0.04     0.05     1 
0130323920   39.95507    -74.08601     0.01     -0.05     0.05     1 
0130323982   39.93245    -74.56556    -0.10     -0.09     0.13     1 
0130323983   39.93230    -74.52870    -0.02     -0.16     0.16     1 
0130323984   39.93215    -74.49183     0.17     -0.06     0.18     1 
0130323985   39.93198    -74.45497     0.03     -0.07     0.08     1 
0130323986   39.93180    -74.41810    -0.01     -0.13     0.13     1 
0130323987   39.93161    -74.38124     0.02     -0.06     0.06     1 
0130323988   39.93141    -74.34438     0.10      0.02     0.10     1 
0130323989   39.93119    -74.30751     0.00     -0.11     0.11     1 
0130323990   39.93097    -74.27065     0.10     -0.05     0.11     1 
0130323991   39.93073    -74.23379     0.09     -0.01     0.09     1 
0130323993   39.93022    -74.16007     0.02     -0.08     0.08     1 
0130323994   39.92995    -74.12320    -0.04     -0.06     0.08     1 
0130323995   39.92966    -74.08634    -0.04      0.04     0.05     1 
0130324057   39.90704    -74.56572    -0.01     -0.07     0.07     1 
0130324058   39.90690    -74.52887    -0.06     -0.05     0.08     1 
0130324059   39.90674    -74.49202    -0.08     -0.12     0.15     1 
0130324060   39.90657    -74.45517    -0.10     -0.05     0.11     1 
0130324061   39.90640    -74.41832     0.03     -0.00     0.03     1 
0130324062   39.90620    -74.38147     0.05      0.02     0.05     1 
0130324063   39.90600    -74.34462     0.01     -0.04     0.05     1 
0130324064   39.90579    -74.30777     0.01     -0.10     0.10     1 
0130324065   39.90556    -74.27092     0.15     -0.04     0.15     1 
0130324066   39.90532    -74.23407     0.15     -0.06     0.16     1 
0130324068   39.90481    -74.16038     0.20     -0.00     0.20     1 
0130324069   39.90454    -74.12353    -0.12     -0.08     0.15     1 
0130324070   39.90426    -74.08668     0.00      0.31     0.31     1 
0130324132   39.88163    -74.56588    -0.13      0.03     0.13     1 
0130324133   39.88149    -74.52905     0.15      0.08     0.17     1 
0130324134   39.88133    -74.49221    -0.06     -0.13     0.14     1 
0130324135   39.88117    -74.45537    -0.10      0.01     0.10     1 
0130324136   39.88099    -74.41853    -0.08     -0.11     0.13     1 
0130324137   39.88080    -74.38170    -0.10      0.03     0.11     1 
0130324138   39.88060    -74.34486     0.09     -0.03     0.09     1 
0130324139   39.88038    -74.30803     0.09     -0.21     0.23     1 
0130324140   39.88016    -74.27119    -0.01      0.23     0.24     1 
0130324141   39.87992    -74.23435    -0.01      0.04     0.04     1 
0130324142   39.87967    -74.19752    -0.01      0.06     0.06     1 
0130324143   39.87941    -74.16069     0.06     -0.07     0.09     1 
0130324144   39.87914    -74.12385    -0.13     -0.10     0.16     1 
0130324207   39.85623    -74.56604     0.01     -0.02     0.02     1 
0130324209   39.85593    -74.49240    -0.00     -0.05     0.05     1 
0130324211   39.85558    -74.41875    -0.01     -0.07     0.07     1 
0130324212   39.85539    -74.38192    -0.07     -0.15     0.16     1 
0130324213   39.85519    -74.34510     0.06      0.04     0.07     1 
0130324214   39.85498    -74.30828     0.00      0.04     0.04     1 
0130324215   39.85475    -74.27146    -0.09     -0.04     0.10     1 
0130324216   39.85451    -74.23464    -0.07     -0.03     0.08     1 
0130324217   39.85426    -74.19782     0.06     -0.16     0.17     1 
0130324218   39.85400    -74.16099    -0.00      0.01     0.01     1 
0130324219   39.85373    -74.12417    -0.10     -0.15     0.18     1 
0130324282   39.83082    -74.56620     0.05     -0.02     0.06     1 
0130324283   39.83067    -74.52939    -0.03     -0.05     0.05     1 
0130324284   39.83052    -74.49258     0.04     -0.05     0.06     1 
0130324285   39.83035    -74.45577     0.08     -0.01     0.09     1 
0130324286   39.83017    -74.41896     0.07     -0.18     0.19     1 
0130324287   39.82998    -74.38215    -0.08      0.03     0.08     1 
0130324288   39.82978    -74.34534    -0.08     -0.03     0.09     1 
0130324289   39.82957    -74.30854    -0.01      0.02     0.02     1 
0130324290   39.82934    -74.27173     0.02     -0.22     0.22     1 
0130324291   39.82911    -74.23492    -0.05      0.04     0.06     1 
0130324292   39.82886    -74.19811    -0.05     -0.03     0.06     1 
0130324293   39.82860    -74.16130    -0.12     -0.11     0.16     1 
0130324356   39.80554    -74.60316     0.02      0.04     0.05     1 
0130324357   39.80541    -74.56636     0.04      0.17     0.17     1 
0130324358   39.80527    -74.52957     0.01      0.04     0.04     1 
0130324359   39.80511    -74.49277     0.09      0.04     0.10     1 
0130324360   39.80495    -74.45597     0.26      0.15     0.31     1 
0130324361   39.80477    -74.41918     0.14      0.14     0.20     1 
0130324362   39.80458    -74.38238     0.06      0.16     0.17     1 
0130324363   39.80438    -74.34558    -0.24     -0.07     0.25     1 
0130324364   39.80416    -74.30879     0.06     -0.03     0.07     1 
0130324365   39.80394    -74.27200     0.04      0.04     0.05     1 
0130324366   39.80370    -74.23520     0.02      0.00     0.02     1 
0130324367   39.80345    -74.19841    -0.02      0.01     0.02     1 
0130324368   39.80319    -74.16161    -0.17     -0.18     0.25     1 
0130324369   39.80292    -74.12482     0.04      0.08     0.09     1 
0130324431   39.78013    -74.60331     0.08      0.14     0.16     1 
0130324433   39.77986    -74.52974    -0.02      0.04     0.05     1 
0130324436   39.77936    -74.41939    -0.00      0.10     0.10     1 
0130324437   39.77917    -74.38261    -0.20     -0.20     0.29     1 
0130324438   39.77897    -74.34583    -0.01      0.03     0.03     1 
0130324439   39.77876    -74.30904     0.06     -0.04     0.07     1 
0130324440   39.77853    -74.27226    -0.17     -0.04     0.17     1 
0130324442   39.77805    -74.19870     0.06     -0.03     0.07     1 
0130324444   39.77752    -74.12514     0.14      0.15     0.20     1 
0130324506   39.75473    -74.60345     0.25      0.09     0.26     1 
0130324507   39.75460    -74.56668     0.02     -0.02     0.03     1 
0130324508   39.75445    -74.52991    -0.12      0.02     0.12     1 
0130324509   39.75430    -74.49314    -0.02     -0.08     0.08     1 
0130324510   39.75413    -74.45637     0.16      0.15     0.22     1 
0130324511   39.75395    -74.41960     0.12      0.01     0.12     1 
0130324512   39.75376    -74.38283     0.05      0.07     0.09     1 
0130324514   39.75335    -74.30930    -0.00      0.04     0.04     1 
0130324516   39.75289    -74.23576     0.17      0.18     0.25     1 
0130324517   39.75264    -74.19899    -0.00      0.07     0.07     1 
0130324519   39.75211    -74.12546     0.08      0.08     0.12     1 
0130324581   39.72932    -74.60360     0.03      0.09     0.09     1 
0130324582   39.72919    -74.56684    -0.06      0.04     0.07     1 
0130324583   39.72904    -74.53008    -0.07     -0.00     0.07     1 
0130324584   39.72889    -74.49333    -0.08      0.07     0.10     1 
0130324586   39.72854    -74.41982    -0.08      0.03     0.08     1 
0130324589   39.72794    -74.30955    -0.19     -0.05     0.20     1 
0130324590   39.72772    -74.27280     0.11      0.07     0.14     1 
0130324592   39.72723    -74.19929    -0.03      0.04     0.05     1 
0130324593   39.72697    -74.16254     0.02      0.01     0.02     1 
0130324594   39.72670    -74.12578     0.03      0.32     0.32     1 
0130324656   39.70391    -74.60374    -0.03      0.00     0.03     1 
0130324657   39.70378    -74.56700    -0.19     -0.11     0.22     1 
0130324658   39.70364    -74.53026    -0.02     -0.04     0.04     1 
0130324659   39.70348    -74.49351    -0.03      0.06     0.07     1 
0130324660   39.70332    -74.45677    -0.05      0.19     0.20     1 
0130324661   39.70314    -74.42003    -0.08      0.06     0.09     1 
0130324662   39.70295    -74.38329    -0.19      0.00     0.19     1 
0130324665   39.70231    -74.27306    -0.00      0.16     0.16     1 
0130324666   39.70208    -74.23632     0.22      0.09     0.24     1 
0130324667   39.70183    -74.19958    -0.06     -0.01     0.06     1 
0130324668   39.70157    -74.16284     0.01      0.02     0.03     1 
0130324732   39.67837    -74.56716    -0.18     -0.11     0.21     1 
0130324733   39.67823    -74.53043    -0.05      0.02     0.05     1 
0130324734   39.67807    -74.49370    -0.00      0.02     0.02     1 
0130324735   39.67791    -74.45697     0.00     -0.03     0.03     1 
0130324736   39.67773    -74.42024     0.07      0.06     0.09     1 
0130324737   39.67754    -74.38351     0.01      0.07     0.07     1 
0130324740   39.67690    -74.27333     0.13      0.07     0.14     1 
0130324741   39.67667    -74.23660    -0.01      0.05     0.05     1 
0130324742   39.67642    -74.19988    -0.05      0.00     0.05     1 
0130324743   39.67616    -74.16315    -0.07      0.23     0.24     1 
0130324812   39.65213    -74.38374    -0.26      0.06     0.26     1 
0130324813   39.65193    -74.34702    -0.01      0.04     0.04     1 
0130324814   39.65172    -74.31031     0.08      0.15     0.18     1 
0130324815   39.65150    -74.27360     0.02      0.03     0.04     1 
0130324816   39.65126    -74.23688     0.02      0.03     0.04     1 
0130324817   39.65101    -74.20017     0.02      0.09     0.09     1 
----------------------------------------------------------------------
---------------------------------------------------
Total correlated GCPs in Upper Left Quadrant: 541

GCP statistics this quadrant only (in Pixels)
Line residual statistics:
  Mean: 0.029
  Median: 0.027
  Standard Deviation: 0.111

Sample residual statistics:
  Mean: 0.007
  Median: 0.011
  Standard Deviation: 0.067

Quadrant RMSE: 0.133

---------------------------------------------------
Total correlated GCPs in Upper Right Quadrant: 209

GCP statistics this quadrant only (in Pixels)
Line residual statistics:
  Mean: 0.002
  Median: 0.017
  Standard Deviation: 0.096

Sample residual statistics:
  Mean: -0.028
  Median: -0.029
  Standard Deviation: 0.066

Quadrant RMSE: 0.120

---------------------------------------------------
Total correlated GCPs in Lower Left Quadrant: 376

GCP statistics this quadrant only (in Pixels)
Line residual statistics:
  Mean: 0.045
  Median: 0.046
  Standard Deviation: 0.098

Sample residual statistics:
  Mean: -0.021
  Median: -0.024
  Standard Deviation: 0.082

Quadrant RMSE: 0.137

---------------------------------------------------
Total correlated GCPs in Lower Right Quadrant: 0

GCP statistics this quadrant only (in Pixels)
Line residual statistics:
  Mean: 0.000
  Median: 0.000
  Standard Deviation: 0.000

Sample residual statistics:
  Mean: 0.000
  Median: 0.000
  Standard Deviation: 0.000

Quadrant RMSE: 0.000

---------------------------------------------------
---------------------------------------------------
Total correlated GCPs in scene: 1126

GCP statistics entire scene (in Pixels)
Line residual statistics:
  Mean: 0.029
  Median: 0.029
  Standard Deviation: 0.105

Sample residual statistics:
  Mean: -0.009
  Median: -0.006
  Standard Deviation: 0.074

Scene RMSE: 0.132

