Fri. Sep.  9, 2016             LANDSAT 5                 Time: 16:12
                         Image Assessment System
                           GCP Residual Report
----------------------------------------------------------------------------
WOID: L19559920            Path/Row: 014 / 032

L0R Reference Image: L51GNC1006197150100_HDF.162532109
Acquisition Date: Jul 16, 2006

Band Number:  5

GLS date for each WRS-2 path/row used:
Path  Row   Date
014   032   09-23-1999


Point_ID         Latitude  Longitude    Height       Across    Along    Residual  Residual
                                                      Scan      Scan      In y      in x
                                                    Residual  Residual    dir       dir
                   (deg)     (deg)     (meters)     (meters)  (meters)  (meters)  (meters)

0140320001_01   39.805434  -75.427445   -32.455      -2.599    -2.090    -2.162    -2.536
0140320002_01   40.844760  -73.788842   -27.396      -2.952    -1.552    -2.613    -2.073
0140320003_01   40.948134  -74.065321   -15.668      -0.757    -0.370    -0.676    -0.504
0140320004_01   40.978516  -73.787468    47.304      -1.897     1.292    -2.104     0.916
0140320005_01   39.597576  -74.342643   -30.984      -1.076    -2.310    -0.627    -2.469
0140320007_01   40.869077  -74.151518    -4.729       2.410     2.960     1.817     3.355
0140320008_01   40.462764  -74.295361    -1.381       5.785     0.910     5.511     1.970
0140320009_01   40.348343  -74.123108   -16.496      -4.683     2.329    -5.032     1.415
0140320012_01   39.992673  -75.274339    41.869      -0.368     1.049    -0.556     0.962
0140320013_01   40.876867  -74.352585    25.543      -1.629     0.308    -1.658    -0.000
0140320014_01   41.034599  -75.065550   265.632       2.285     0.621     2.129     1.033
0140320016_01   39.989676  -74.158986   -27.474      -2.041    -0.162    -1.976    -0.540
0140320017_01   40.909079  -74.530737   203.203      -0.338     0.356    -0.399     0.287
0140320018_01   40.362150  -74.024706   -18.215      -4.184    -1.207    -3.885    -1.965
0140320019_01   41.002140  -74.203678   125.341       2.290     1.663     1.939     2.057
0140320020_01   40.098094  -74.091837   -27.866      -0.432    -0.731    -0.289    -0.798
0140320021_01   40.155362  -75.136205    49.267      -1.249    -1.559    -0.936    -1.763
0140320022_01   40.260332  -74.001827   -22.602      -1.355    -1.984    -0.964    -2.201
0140320023_01   40.207880  -74.441131    51.843       0.193     2.097    -0.201     2.095
0140320024_01   40.171667  -75.246519    38.178      -4.493    -0.227    -4.368    -1.059
0140320025_01   39.957452  -75.178311   -28.973      -0.809    -2.002    -0.421    -2.116
0140320026_01   40.603280  -74.097800    16.189       2.408     4.161     1.591     4.534
0140320027_01   40.482680  -74.484165    -1.784       1.928     0.330     1.832     0.682
0140320028_01   40.569220  -74.938214   144.014      -3.526     1.045    -3.656     0.371
0140320029_01   40.851084  -75.265036   197.558       3.180     5.154     2.167     5.650
0140320030_01   39.894887  -74.752838   -18.246      -1.480     2.389    -1.899     2.069
0140320031_01   39.881033  -75.875588   125.109      -4.049     0.087    -3.990    -0.668
0140320032_01   40.330097  -74.257896    13.724      -2.405     0.824    -2.515     0.361
0140320033_01   40.003845  -75.232910    52.481       2.486     4.294     1.641     4.679
0140320034_01   40.535374  -74.198250    -6.496      -2.390     1.099    -2.552     0.634
0140320035_01   39.870199  -75.139147   -27.239       5.336     1.275     5.002     2.246
0140320036_01   40.001070  -75.091614   -24.348       2.647     3.586     1.932     4.014
0140320037_01   39.575384  -74.752579    -7.417      -0.171    -1.908     0.187    -1.905
0140320038_01   40.890743  -73.900892     7.681       0.329    -3.208     0.917    -3.090
0140320039_01   40.269896  -74.815696    13.164       5.755     2.600     5.167     3.624
0140320041_01   40.998681  -75.557052   469.341       0.335     0.036     0.324     0.097
0140320043_01   40.361513  -75.731967    69.510      -2.936     0.034    -2.887    -0.511
0140320044_01   39.857539  -75.095281   -28.243       2.651     1.326     2.356     1.796
0140320045_01   40.451689  -74.342177    -5.624       2.887    -0.181     2.868     0.359
0140320046_01   40.685601  -74.318581    -1.702       0.358    -1.555     0.639    -1.460
0140320047_01   39.699187  -75.558709   -18.511       3.476    -4.271     4.211    -3.546
0140320048_01   40.336427  -75.155640    96.453      -1.485    -1.259    -1.223    -1.512
0140320049_01   40.788161  -74.002499    -1.738       3.804     0.302     3.678     1.003
0140320050_01   40.675469  -75.347048    64.468       6.605    -6.254     7.649    -4.916
0140320051_01   40.597285  -74.376918    -7.258      -3.828     3.063    -4.328     2.297
0140320052_01   40.369305  -74.586092     0.020       3.176     1.139     2.907     1.709
0140320053_01   40.856112  -75.180698   173.073      -2.681    -0.958    -2.454    -1.438
0140320054_01   40.804332  -75.086663    81.998       1.377    -0.598     1.464    -0.332
0140320055_01   40.510479  -75.296268   109.912      -3.948    -0.971    -3.695    -1.686
0140320057_01   40.030276  -75.260073    68.982      -3.276     0.147    -3.243    -0.466
0140320058_01   40.484142  -74.509639     4.000       0.515    -0.813     0.656    -0.703
0140320059_01   40.902666  -75.128109   122.481      -1.830    -1.401    -1.536    -1.715
0140320061_01   40.520817  -74.633328    -8.987      -3.967     3.008    -4.455     2.217
0140320062_01   40.610151  -74.463327    -6.471       0.895    -3.319     1.495    -3.093
0140320063_01   40.947799  -74.549354   220.724       3.353     0.762     3.151     1.370
0140320065_01   40.950594  -73.704930   -13.516      -6.079    -1.176    -5.754    -2.285
0140320066_01   40.403094  -75.212714   103.118      -3.930    -0.508    -3.764    -1.229
0140320067_01   40.389696  -75.284427   135.939      -0.285     1.577    -0.572     1.495
0140320068_01   40.547533  -74.424500    -1.385       1.199     2.475     0.717     2.653
0140320069_01   40.818104  -73.935885   -28.955      -0.356    -3.627     0.321    -3.629
0140320070_01   39.663913  -75.771067    -4.805       6.539    -1.271     6.659    -0.030
0140320071_01   39.781890  -75.708972    46.435       1.463    -3.179     2.031    -2.849
0140320072_01   40.881202  -74.675855   306.319      -2.953     0.679    -3.025     0.118
0140320073_01   40.653594  -75.423230    85.425       3.284    -1.969     3.592    -1.324
0140320074_01   40.253826  -75.004116    25.831       0.506     3.073    -0.075     3.111
0140320075_01   40.865901  -74.198549    87.717      -2.908    -2.319    -2.427    -2.818
0140320076_01   39.749436  -76.094175    63.500      -0.202    -0.665    -0.072    -0.690
0140320077_01   40.042458  -75.355071    79.994      -1.550    -0.987    -1.338    -1.257
0140320079_01   39.841734  -76.051108   105.121      -2.665     3.925    -3.346     3.358
0140320080_01   39.698992  -75.856837    71.774      -3.266    -0.996    -3.019    -1.586
0140320081_01   40.156785  -76.001704   144.577      -3.284    -1.006    -3.035    -1.598
0140320082_01   39.981445  -74.784500   -17.666       1.449     1.735     1.099     1.973
0140320083_01   40.135578  -74.189587   -12.000      -2.060     2.326    -2.457     1.899
0140320084_01   39.960343  -75.699571   106.569      -4.178     3.135    -4.685     2.301
0140320085_01   40.578708  -74.252320   -21.684       4.532    -6.271     5.614    -5.316
0140320086_01   40.312531  -75.487469    80.078      -4.420     3.945    -5.073     3.052
0140320087_01   40.004607  -75.503549   109.849      -3.125     0.537    -3.167    -0.054
0140320089_01   40.670550  -75.265739    79.887       4.633    -2.249     4.968    -1.348
0140320091_01   40.381208  -75.480896    71.216       2.167     0.116     2.107     0.517
0140320092_01   41.113810  -75.555881   487.482      -0.028     0.127    -0.049     0.119
0140320093_01   40.322671  -75.132656    75.205       0.166    -0.179     0.197    -0.145
0140320094_01   40.832035  -73.866282   -22.096      -0.507    -2.201    -0.092    -2.256
0140320095_01   40.717101  -73.805011     1.958       2.323     3.768     1.580     4.132
0140320096_01   40.254028  -75.279625    70.075       2.977     1.609     2.624     2.133
0140320097_01   40.773997  -74.158062   -24.319       3.461    -0.085     3.413     0.560
0140320100_01   40.063315  -74.345224    -3.424       2.945    -4.935     3.809    -4.298
0140320101_01   40.212760  -74.758033   -21.440       3.751    -0.531     3.782     0.176
0140320102_01   40.428235  -74.518888     1.000       6.386     1.437     6.003     2.599
0140320104_01   40.791652  -74.952587   127.661      -3.380    -1.878    -2.970    -2.471
0140320105_01   40.254409  -74.299644    18.888       0.358    -2.298     0.778    -2.190
0140320106_01   40.704794  -74.193381   -29.595       2.766    -0.062     2.727     0.453
0140320107_01   40.479406  -74.321379   -24.555      -1.028    -1.979    -0.643    -2.135
0140320108_01   40.735811  -75.691287   173.733      -3.694     2.827    -4.150     2.091
0140320109_01   40.817986  -73.839486   -29.568      -4.085     2.032    -4.390     1.236
0140320110_01   40.900594  -74.572825   165.435       0.512    -1.550     0.790    -1.426
0140320111_01   39.952023  -75.592018    88.933       4.916    -1.907     5.184    -0.957
0140320112_01   40.528496  -75.214881   150.581      -3.448     1.385    -3.642     0.720
0140320113_01   40.725801  -73.733809    -6.983       2.391     3.218     1.749     3.605
0140320114_01   40.280053  -74.032592   -16.000      -2.290    -0.366    -2.182    -0.786
0140320116_01   39.760487  -75.110907   -16.325       0.671     3.666    -0.024     3.725
0140320117_01   40.327078  -74.134683    -9.000      -2.140    -0.727    -1.968    -1.112
0140320118_01   40.347979  -74.799234    29.081      -1.017     0.603    -1.110     0.403
0140320119_01   40.286497  -75.264935    68.530      -1.427    -0.253    -1.353    -0.513
0140320120_01   40.412426  -75.110909   123.086      -2.506     1.788    -2.792     1.290
0140320122_01   39.775908  -75.568087    48.602       2.374    -0.814     2.484    -0.357
0140320124_01   40.260965  -74.044859   -15.000      -1.835    -0.006    -1.802    -0.348
0140320127_01   40.842410  -73.934073    29.268       3.617    -4.548     4.394    -3.794
0140320128_01   41.019962  -74.551360   261.667      -0.720     0.379    -0.777     0.238
0140320129_01   39.928058  -74.123579   -31.000       2.468    -1.951     2.785    -1.455
0140320130_01   39.872511  -75.217380   -31.000       2.302     1.050     2.065     1.460
0140320131_01   40.207776  -74.019167   -27.000      -0.503    -1.762    -0.168    -1.824
0140320134_01   40.384341  -75.082235   121.076      -3.179     3.308    -3.736     2.657
0140320135_01   40.858007  -74.604423   243.915       4.102     0.701     3.897     1.449
0140320136_01   41.142711  -75.030982   319.000       2.093    -4.034     2.803    -3.573
0140320137_01   40.194471  -76.049486   119.148      -0.488     4.060    -1.233     3.896
0140320138_01   40.676477  -74.284596    -0.594      -3.450    -1.076    -3.189    -1.698
0140320139_01   40.089761  -74.988621    -2.654       4.206    -0.365     4.198     0.425
0140320140_01   40.218996  -74.102918    -5.409      -6.258    -1.582    -5.852    -2.719
0140320141_01   39.930005  -75.056409   -28.000       2.674    -0.868     2.787    -0.355
0140320142_01   40.223492  -74.722734   -19.000      -0.800     0.635    -0.904     0.475
0140320143_01   40.328658  -75.939968    33.652       3.635    -0.760     3.713    -0.071
0140320144_01   40.224945  -74.138805     3.529      -0.911     1.868    -1.244     1.664
0140320146_01   40.353276  -75.937130    61.609       5.720     0.370     5.550     1.426
0140320147_01   39.849263  -75.697741    77.010      -0.079    -0.049    -0.067    -0.063
0140320148_01   40.989163  -73.964881   -13.162      -0.158    -3.089     0.417    -3.063
0140320150_01   40.151009  -74.155238   -19.789      -3.639     2.444    -4.030     1.721
0140320153_01   39.946933  -75.983185   107.179       2.002     1.231     1.738     1.581
0140320154_01   40.061203  -74.145443   -28.296      -1.955    -0.666    -1.797    -1.019
0140320156_01   40.545954  -74.556664   -14.713       0.185    -2.651     0.674    -2.569
0140320158_01   40.054038  -74.897177   -24.000      -1.970    -0.418    -1.856    -0.777
0140320159_01   40.130289  -74.562193     8.223      -5.600     3.223    -6.099     2.122
0140320160_01   40.863265  -73.999593   -30.000       4.184     1.096     3.904     1.854
0140320162_01   40.038203  -75.217202    58.313      -1.505     1.534    -1.762     1.226
0140320163_01   40.245369  -75.378350    34.762      -5.996    -2.010    -5.512    -3.088
0140320164_01   40.756094  -73.687744     6.704      -1.134    -3.232    -0.516    -3.385
0140320166_01   40.180768  -75.454458    11.792      -0.124    -1.789     0.212    -1.779
0140320167_01   40.047982  -74.685815   -13.844      -2.569     2.835    -3.050     2.305
0140320168_01   40.725186  -75.556897   100.790       3.199     1.564     2.852     2.129
0140320169_01   40.482150  -74.627521    -6.990       0.301     0.371     0.226     0.420
0140320170_01   40.510584  -74.969075   128.033      -4.172     1.152    -4.310     0.356
0140320171_01   40.738841  -73.956691   -29.439       0.493     2.966    -0.067     3.004
0140320172_01   41.040536  -74.560500   350.538       1.920    -0.310     1.942     0.052
0140320173_01   40.275648  -75.127271    32.041      -1.144    -2.101    -0.732    -2.276
0140320174_01   40.536326  -74.667604    -2.483       0.919    -0.247     0.948    -0.072
0140320175_01   40.136247  -74.966428    18.302       2.350     0.895     2.141     1.317
0140320176_01   39.781216  -75.811963    87.145       0.968     0.189     0.917     0.366
0140320178_01   40.324814  -76.011246    78.057       1.173    -0.097     1.172     0.122
0140320179_01   40.809197  -75.617710   157.267       1.243    -0.762     1.364    -0.518
0140320182_01   40.615281  -73.760014   -30.019       0.813     0.138     0.771     0.286
0140320183_01   39.935350  -75.131554   -31.000       1.644    -4.659     2.483    -4.269
0140320184_01   40.303536  -74.639447    -4.498      -3.801     1.599    -4.030     0.863
0140320185_01   40.051410  -74.655903     3.968      -0.846     4.758    -1.717     4.514
0140320186_01   40.409024  -74.513721    -3.080       1.205     1.291     0.943     1.492
0140320188_01   40.470472  -75.389520   144.556      -0.001     1.876    -0.348     1.842
0140320189_01   39.950619  -74.778275   -19.052       5.257     1.091     4.958     2.050
0140320190_01   41.070605  -75.782626   392.013      -3.894     6.183    -4.967     5.349
0140320191_01   40.620949  -75.478000    48.317       4.877    -5.899     5.886    -4.888
0140320192_01   40.289450  -74.126693   -15.000      -5.577    -0.276    -5.426    -1.310
0140320193_01   40.086216  -74.913316   -28.990       6.712    -4.279     7.387    -2.952
0140320194_01   40.077526  -75.130068    25.598      -1.743    -1.335    -1.462    -1.635
0140320195_01   40.067056  -74.978071   -21.573       3.125    -0.013     3.071     0.570
0140320196_01   40.804703  -75.648610   192.210      -2.908    -3.109    -2.276    -3.591
0140320197_01   39.942830  -74.184843   -32.886      -1.005    -1.284    -0.749    -1.449
0140320198_01   40.472393  -74.857966    14.866      -2.765     0.527    -2.813     0.004
0140320199_01   40.504123  -75.494873   146.230      -4.124    -1.868    -3.700    -2.600
0140320200_01   40.637419  -74.074636   -28.778       0.995    -0.030     0.981     0.155
0140320201_01   40.297003  -74.374743    -3.412       0.765     1.659     0.442     1.771
0140320202_01   39.968397  -75.560543    98.338      -2.076    -1.305    -1.794    -1.668
0140320203_01   40.148954  -75.013971    35.787       3.281     0.503     3.128     1.105
0140320205_01   40.149740  -74.333476     0.859      -1.229    -0.201    -1.171    -0.426
0140320206_01   39.565970  -74.775314   -17.062       2.505    -4.375     3.275    -3.828
0140320207_01   40.200172  -75.468687    49.100       0.615    -3.040     1.171    -2.871
0140320208_01   40.909406  -74.123574   -10.782      -0.402    -1.733    -0.074    -1.777
0140320209_01   40.522565  -74.520339    -8.094       0.256    -0.404     0.326    -0.349
0140320210_01   40.209449  -75.569575     8.166       1.339    -0.908     1.485    -0.643
0140320211_01   39.936623  -74.811678   -24.896      -2.405     3.762    -3.062     3.246
0140320212_01   39.798738  -74.181290   -31.000      -1.976     0.702    -2.073     0.320
0140320213_01   40.594835  -74.280858   -25.276       3.054     1.629     2.696     2.168
0140320215_01   40.043780  -75.086747    -2.464       5.258    -2.794     5.684    -1.765
0140320216_01   40.217498  -75.296750    75.995       2.340    -2.561     2.775    -2.079
0140320217_01   40.197160  -75.202200    54.415      -0.348     0.768    -0.484     0.689
0140320218_01   40.093001  -75.033668    13.399       3.536     1.150     3.258     1.787
0140320219_01   39.796021  -75.740303    91.852      -0.142    -1.577     0.156    -1.575
0140320220_01   39.770279  -75.499035    28.196      -2.069    -1.767    -1.701    -2.121
0140320221_01   39.679485  -75.932856    70.882      -5.529    -0.593    -5.316    -1.612
0140320222_01   41.025517  -74.264774    82.617       2.271     0.874     2.068     1.280
0140320223_01   40.286308  -75.488693    60.200      -0.759     1.797    -1.079     1.623
0140320224_01   40.350552  -75.265186   100.892      -3.315    -2.058    -2.871    -2.637
0140320225_01   39.975758  -74.582504    -7.995       1.635     0.759     1.464     1.050
0140320226_01   40.196717  -74.864888    24.075       2.310    -0.117     2.290     0.315
0140320227_01   39.831415  -75.548209    80.896       2.309    -3.247     2.873    -2.758
0140320228_01   40.094673  -74.661316    -8.178      -6.602     4.903    -7.395     3.585
0140320229_01   40.738885  -74.160992   -25.810       0.797    -0.940     0.956    -0.775
0140320230_01   40.391268  -75.769757    82.405       1.459    -1.457     1.706    -1.160
0140320231_01   39.746889  -74.531364   -16.000       1.992    -0.580     2.063    -0.198
0140320232_01   40.782947  -74.125950    -4.197      -0.580     1.438    -0.837     1.305
0140320233_01   40.714229  -74.229495    16.515       3.114     1.177     2.838     1.734
0140320235_01   40.406302  -75.700632   117.102      -5.432    -0.724    -5.197    -1.719
0140320237_01   40.336631  -74.594416    -9.970       3.235    -0.963     3.355    -0.344
0140320238_01   39.605302  -74.863598   -10.390       0.786     1.250     0.538     1.373
0140320239_01   39.997234  -75.947357   189.926      -1.549    -0.210    -1.480    -0.494
0140320240_01   40.338783  -74.183275    -7.460      -3.160     2.885    -3.641     2.244
0140320241_01   39.790937  -75.921746   117.178       0.580     3.524    -0.086     3.568
0140320242_01   40.088858  -75.764932   125.467      -2.941     1.607    -3.185     1.031
0140320243_01   39.730341  -74.260167   -16.282       0.724    -4.367     1.523    -4.153
0140320244_01   40.357070  -74.976918     8.311      -2.464     0.844    -2.576     0.370
0140320245_01   40.306679  -75.391401    69.328      -1.964     1.855    -2.273     1.457
0140320246_01   39.646675  -75.375066   -19.949       6.791     3.154     6.080     4.364
0140320248_01   40.649103  -75.769519   147.981      -1.654    -4.316    -0.819    -4.544
0140320250_01   41.041520  -74.118968    52.280       3.465     2.312     2.974     2.913
