Fri. Sep. 16, 2016             LANDSAT 5                 Time: 07:58
                         Image Assessment System
                           GCP Residual Report
----------------------------------------------------------------------------
WOID: L19740011            Path/Row: 013 / 032

L0R Reference Image: L51LGS1002227150100_HDF.162601252
Acquisition Date: Aug 15, 2002

Band Number:  5

GLS date for each WRS-2 path/row used:
Path  Row   Date
013   032   10-20-2000


Point_ID         Latitude  Longitude    Height       Across    Along    Residual  Residual
                                                      Scan      Scan      In y      in x
                                                    Residual  Residual    dir       dir
                   (deg)     (deg)     (meters)     (meters)  (meters)  (meters)  (meters)

0130320002_01   40.985966  -74.209579   109.451      -3.339     4.654    -4.070     4.029
0130320003_01   40.797198  -72.637571   -32.354       2.218    -1.378     2.417    -0.987
0130320004_01   41.050400  -73.531986   -15.842      -1.730     2.200    -2.073     1.880
0130320006_01   40.577940  -74.178956   -28.593       6.282    -1.795     6.492    -0.717
0130320008_01   40.742508  -74.255819    36.008      -2.127     3.874    -2.745     3.462
0130320009_01   40.528315  -74.193730   -22.011      -4.991    -2.349    -4.524    -3.152
0130320010_01   40.471312  -74.278993    -4.971      -3.546    -0.806    -3.359    -1.389
0130320011_01   40.320072  -74.446563    15.000       1.412     0.522     1.303     0.751
0130320012_01   40.704794  -73.791026   -15.364       1.601    -2.314     1.966    -2.013
0130320014_01   41.031222  -73.762948    33.541      -2.009     3.126    -2.503     2.745
0130320015_01   40.849362  -73.315786    24.221      -4.487     2.991    -4.924     2.197
0130320016_01   40.246943  -74.117011    -0.020      -1.777    -4.089    -1.063    -4.328
0130320017_01   40.997453  -73.842051    24.670      -6.152     3.835    -6.705     2.752
0130320018_01   40.689480  -74.096283   -23.540       2.649    -0.139     2.634     0.306
0130320019_01   40.348265  -74.045041   -22.951      -6.483    -1.919    -6.066    -2.979
0130320020_01   40.017080  -74.100998   -32.000       2.962    -0.785     3.051    -0.276
0130320021_01   40.830719  -73.926433   -25.000       0.077    -1.704     0.361    -1.667
0130320022_01   40.684149  -73.833291   -20.021       0.477    -3.419     1.044    -3.290
0130320023_01   40.627324  -74.207084   -29.527       3.609    -1.104     3.743    -0.484
0130320024_01   40.707930  -73.860221   -11.161      -2.104    -2.352    -1.679    -2.671
0130320025_01   40.799067  -73.664494    23.537      -2.449    -0.075    -2.402    -0.484
0130320026_01   40.761740  -73.733483    20.856      -1.685    -0.819    -1.524    -1.089
0130320028_01   40.815703  -72.604548   -29.085       0.442     0.117     0.417     0.189
0130320029_01   40.857797  -73.395655    36.005      -1.970     1.689    -2.225     1.335
0130320030_01   40.813219  -72.576184   -27.298       3.732     1.113     3.493     1.723
0130320031_01   40.559868  -74.308164    -2.814      -0.384    -1.009    -0.209    -1.059
0130320032_01   40.761611  -73.377712    17.883      -5.341     3.280    -5.814     2.338
0130320034_01   40.466811  -74.389095   -32.000       3.819    -4.834     4.575    -4.124
0130320035_01   40.997535  -73.674050    -2.958      -0.435     0.719    -0.549     0.636
0130320036_01   40.888862  -73.901991   -15.490       0.284    -2.026     0.619    -1.950
0130320037_01   40.440476  -74.232983   -21.941      -3.806     1.267    -3.963     0.611
0130320038_01   40.672778  -74.004221   -30.000       3.673    -0.575     3.716     0.048
0130320040_01   41.137758  -73.265178   -27.482      -0.640     1.300    -0.848     1.174
0130320041_01   40.663038  -73.913156   -23.863      -0.644    -3.333    -0.075    -3.393
0130320044_01   40.028130  -74.336771   -11.875       1.852    -0.475     1.905    -0.156
0130320045_01   40.832091  -72.510748   -29.489       0.559    -1.044     0.726    -0.936
0130320046_01   40.254409  -74.299644    18.888      -0.190    -2.998     0.317    -2.987
0130320047_01   40.880966  -73.278311    13.341      -1.767     2.721    -2.197     2.387
0130320048_01   40.901465  -72.303373   -28.668      -5.108    -5.230    -4.162    -6.014
0130320049_01   40.862059  -72.411392   -29.885      -0.833    -0.704    -0.703    -0.834
0130320050_01   39.798738  -74.181290   -31.000       0.779    -1.886     1.086    -1.727
0130320052_01   39.950177  -74.537004   -11.575       3.229    -0.212     3.218     0.334
0130320054_01   40.703019  -73.251655   -30.243       1.168    -1.148     1.344    -0.936
0130320055_01   40.651400  -74.099636   -31.000       4.755     0.846     4.545     1.630
0130320059_01   40.839950  -72.474518   -32.035      -5.090     2.189    -5.385     1.304
0130320060_01   40.794862  -74.027647   -29.864       2.677    -3.679     3.255    -3.178
0130320061_01   41.083545  -73.462677   -15.734      -5.017     3.036    -5.453     2.154
0130320062_01   39.673538  -74.297501    -5.740      -0.149    -1.848     0.165    -1.846
0130320066_01   40.928985  -74.139706   -20.218       2.687     1.383     2.417     1.812
0130320067_01   40.063206  -74.055365   -31.609       2.422    -0.296     2.437     0.115
0130320068_01   40.753076  -72.797619   -29.124       4.931     3.287     4.311     4.068
0130320071_01   40.773303  -73.441769    28.159      -4.219     2.416    -4.563     1.674
0130320072_01   40.647365  -74.003179    17.815       0.901     0.627     0.783     0.769
0130320074_01   40.910900  -74.179838     3.081       1.048     1.335     0.809     1.491
0130320078_01   40.545627  -74.235682   -14.045       2.785    -0.595     2.845    -0.119
0130320079_01   40.881471  -74.043115   -29.200       0.534    -1.451     0.770    -1.341
0130320080_01   39.671251  -74.156914   -31.000       0.088     4.615    -0.693     4.562
0130320081_01   40.857971  -73.640532   -28.120      -0.604     0.951    -0.755     0.836
0130320082_01   40.899458  -73.478701   -32.000      -4.211     5.515    -5.075     4.732
0130320083_01   40.853379  -73.922152   -30.795       1.379    -2.928     1.849    -2.655
0130320086_01   40.056895  -74.111730   -31.615       3.014    -0.864     3.116    -0.344
0130320087_01   40.728748  -73.614036   -10.000       1.094    -1.163     1.273    -0.963
0130320088_01   40.063315  -74.345224    -3.424       5.176    -0.540     5.192     0.338
0130320089_01   39.737284  -74.496768    -4.243       1.837     0.323     1.756     0.628
0130320090_01   40.100594  -74.033378   -29.946      -0.257     4.047    -0.935     3.945
0130320092_01   40.783988  -73.900165   -28.172       5.671    -1.583     5.855    -0.611
0130320094_01   40.768713  -72.739878   -29.624       4.894     3.605     4.221     4.375
0130320095_01   40.575041  -73.575036   -32.953       2.728     1.049     2.513     1.492
0130320096_01   40.787516  -72.666357   -30.431      -3.706    -4.588    -2.886    -5.145
0130320097_01   40.439273  -74.345128   -24.866      -1.037    -0.503    -0.937    -0.670
0130320098_01   40.698016  -73.954843   -27.807      -1.686    -3.142    -1.134    -3.379
0130320099_01   40.019276  -74.452868    22.019       0.161     1.022    -0.013     1.034
0130320100_01   40.993042  -74.038294   -10.698      -5.985     1.940    -6.224     0.912
0130320101_01   40.629209  -73.748405   -29.343       2.799    -2.708     3.213    -2.200
0130320103_01   40.822648  -73.960004   -32.000       0.044    -4.176     0.743    -4.109
0130320104_01   40.655550  -73.407608   -31.619       1.377    -2.302     1.743    -2.038
0130320105_01   40.241116  -74.248640     5.368      -5.792    -1.562    -5.444    -2.512
0130320106_01   39.761465  -74.266488     5.734      -5.863     1.648    -6.055     0.636
0130320107_01   39.758370  -74.095966   -33.773      -2.613     5.095    -3.434     4.581
0130320108_01   40.730650  -72.869760   -29.035       3.330    -1.148     3.475    -0.573
0130320109_01   40.669321  -73.349073   -30.091       2.187    -3.005     2.660    -2.595
0130320110_01   40.091202  -74.221786   -21.000       1.385     0.579     1.267     0.804
0130320111_01   40.738885  -74.160992   -25.810       2.559     0.197     2.489     0.622
0130320113_01   40.731814  -73.492118    -4.000      -0.117    -0.876     0.031    -0.883
0130320114_01   40.607318  -74.061930   -16.425      -0.842     0.190    -0.861     0.047
0130320116_01   40.702132  -73.671759   -17.716      -2.830    -1.158    -2.595    -1.615
0130320117_01   40.776091  -74.078402   -30.000       3.328    -0.816     3.417    -0.247
0130320118_01   39.862333  -74.318378    11.564      -1.001    -0.121    -0.966    -0.288
0130320119_01   40.563395  -74.225203   -30.000       2.413    -3.435     2.955    -2.982
0130320121_01   40.680789  -73.435051   -27.000      -0.565    -0.182    -0.527    -0.275
0130320122_01   39.777713  -74.115680   -31.000      -1.436    -3.991    -0.742    -4.175
0130320124_01   41.024974  -72.446763   -29.799       0.348     0.405     0.275     0.457
0130320126_01   40.842333  -73.666829   -27.616      -1.585    -0.897    -1.412    -1.149
0130320127_01   39.940846  -74.171874   -31.275      -3.245    -1.934    -2.872    -2.452
0130320131_01   40.680451  -73.315076   -30.082       3.129    -1.823     3.390    -1.273
0130320132_01   40.661770  -73.865621   -31.124       1.797    -2.030     2.111    -1.700
0130320133_01   39.928397  -74.499233    -2.226      -0.900     0.857    -1.031     0.693
0130320135_01   40.756389  -73.954640   -26.334      -2.039    -4.278    -1.292    -4.558
0130320137_01   40.719578  -73.948467   -28.586       0.947    -2.844     1.410    -2.645
0130320138_01   40.768890  -74.282184    68.379      -5.011     3.797    -5.574     2.904
0130320139_01   40.535371  -74.324711    27.678      -2.977    -1.277    -2.719    -1.757
0130320140_01   40.787891  -74.002503    -7.496       0.885    -2.083     1.221    -1.905
0130320141_01   39.760479  -74.550185    -8.647      -0.960     2.838    -1.425     2.634
0130320142_01   40.186610  -74.009252   -30.898       0.190     2.792    -0.283     2.784
0130320143_01   40.739764  -73.586449    -4.148      -0.100    -0.622     0.006    -0.630
0130320144_01   40.567967  -74.109615   -28.000      -0.856    -6.446     0.239    -6.496
0130320145_01   40.841022  -73.693899   -21.153      -2.361    -0.637    -2.220    -1.023
0130320147_01   40.693247  -74.129254   -27.591       5.853     1.266     5.556     2.228
0130320149_01   39.721836  -74.125495   -32.323       1.836     5.606     0.863     5.834
0130320150_01   40.915771  -73.406010   -29.813       1.367    -0.200     1.381     0.032
0130320152_01   40.771222  -74.044699   -28.277       1.937    -2.630     2.350    -2.268
0130320153_01   39.912061  -74.191174   -20.784       1.366    -2.313     1.736    -2.050
0130320154_01   40.742899  -72.830997   -31.486       1.089     1.142     0.882     1.308
0130320155_01   40.839914  -73.898529    -9.132      -0.864    -0.591    -0.752    -0.727
0130320156_01   40.105804  -74.110038   -22.342      -3.091     0.043    -3.054    -0.477
0130320157_01   39.763305  -74.513741    -9.916       1.442     3.191     0.883     3.387
0130320159_01   40.201374  -74.437308    54.059      -6.497     1.173    -6.599     0.065
0130320160_01   40.933678  -73.090583     4.604      -3.124     1.136    -3.270     0.596
0130320163_01   40.845585  -74.050038   -30.000       0.093    -0.233     0.131    -0.215
0130320164_01   40.899689  -74.090223   -19.733      -2.385     1.713    -2.638     1.290
0130320165_01   40.692493  -74.296142    -3.000       0.637     3.999    -0.044     4.048
0130320166_01   40.016077  -74.184675   -12.000      -4.119     1.080    -4.241     0.372
0130320168_01   39.978490  -74.074451   -31.558       0.739     2.635     0.284     2.721
0130320169_01   39.921786  -74.081534   -32.589      -2.168     4.008    -2.812     3.585
0130320170_01   40.424301  -73.991981   -33.000      -0.373    -2.114    -0.013    -2.146
0130320171_01   39.990431  -74.314646    -9.384       2.016     0.937     1.828     1.262
0130320172_01   40.899444  -73.359390   -31.400       1.855     0.957     1.668     1.254
0130320174_01   40.937192  -73.491733   -31.420       4.327     1.540     4.008     2.242
0130320177_01   40.664484  -74.187478   -22.741       4.190     0.272     4.084     0.969
0130320178_01   40.705311  -73.925254   -25.051       1.333    -1.840     1.622    -1.591
0130320181_01   39.928303  -74.234517   -25.016      -0.374     0.710    -0.488     0.636
0130320185_01   39.701100  -74.135905   -31.000       2.947     3.450     2.322     3.896
0130320186_01   40.910012  -73.542577   -32.000       3.485     2.128     3.079     2.681
0130320187_01   41.078182  -74.142764    72.984      -1.590     4.891    -2.386     4.554
0130320188_01   40.865901  -74.198549    87.717      -4.073     4.520    -4.771     3.774
0130320189_01   40.955158  -73.401142   -31.490       1.055     0.693     0.924     0.860
0130320190_01   40.872204  -74.135814   -17.651       2.032     0.606     1.901     0.937
0130320191_01   40.907967  -73.509495   -31.552       1.252    -2.146     1.594    -1.906
0130320192_01   39.654049  -74.170411   -31.072       0.678     4.447    -0.083     4.496
0130320193_01   40.650922  -73.485425   -31.895       2.105    -1.795     2.376    -1.417
0130320195_01   39.780236  -74.379795     2.529      -5.595     0.927    -5.670    -0.029
0130320196_01   40.812603  -74.016361   -29.000       3.343    -3.395     3.864    -2.787
0130320198_01   40.705603  -73.816936   -13.366       2.102    -2.088     2.422    -1.706
0130320200_01   40.747370  -74.103318   -30.000       5.984     0.593     5.798     1.586
0130320201_01   40.052140  -74.283781    -5.601      -2.603    -0.124    -2.544    -0.560
0130320203_01   41.122474  -73.547177    34.697      -3.389     4.536    -4.099     3.905
0130320204_01   40.769089  -74.152081    -0.606       1.847     1.702     1.535     1.987
0130320205_01   39.979539  -74.177731   -18.677      -3.444    -1.905    -3.073    -2.457
0130320206_01   41.060581  -73.657789    51.464      -6.832     5.118    -7.589     3.903
0130320207_01   40.793519  -73.936634   -29.778      -2.617    -3.594    -1.976    -3.981
0130320208_01   40.601214  -73.571644   -33.444       3.470    -2.031     3.761    -1.420
0130320209_01   40.839389  -74.156879     8.131       0.769     1.740     0.466     1.843
0130320210_01   39.810792  -74.434897     9.651       1.284    -3.538     1.862    -3.270
0130320211_01   40.675652  -73.495869   -26.000      -3.310     0.045    -3.271    -0.511
0130320214_01   41.144736  -74.152980   131.884       0.289     5.656    -0.661     5.622
0130320215_01   40.747555  -72.998914   -27.739       1.743    -1.414     1.955    -1.102
0130320217_01   40.885661  -72.344248   -28.139      -1.416     1.699    -1.680     1.437
0130320218_01   40.695822  -74.225091   -13.310       2.225     1.354     1.965     1.706
0130320220_01   40.475355  -74.321773   -29.128      -2.035    -5.697    -1.048    -5.956
0130320222_01   40.725609  -74.194195    -5.529       0.521    -1.834     0.821    -1.721
0130320223_01   40.057509  -74.157801   -23.011      -1.471     1.505    -1.703     1.235
0130320224_01   40.637419  -74.074636   -28.778      -1.034    -4.838    -0.207    -4.942
0130320226_01   40.717149  -73.426031   -15.000       1.987    -0.766     2.087    -0.422
0130320228_01   39.810248  -74.203935   -31.493       0.455    -2.294     0.835    -2.184
0130320231_01   39.933407  -74.271678    -2.177      -2.581    -2.433    -2.133    -2.831
0130320232_01   40.599152  -73.473831   -31.431       5.285     1.710     4.923     2.572
0130320234_01   40.727253  -73.694350    -4.845       0.282    -1.026     0.450    -0.964
0130320235_01   40.713223  -73.560018   -12.000      -2.212    -1.611    -1.910    -1.959
0130320236_01   41.111534  -73.337685   -29.291       4.697     1.276     4.417     2.043
0130320238_01   40.852851  -73.983022    51.961      -3.445     1.556    -3.656     0.957
0130320239_01   40.908143  -73.234863   -32.000       4.421     1.480     4.111     2.199
0130320243_01   39.781308  -74.554253    -7.748       4.115     4.798     3.244     5.421
0130320244_01   39.688325  -74.241723   -30.000      -4.882     1.834    -5.121     0.984
0130320246_01   39.842550  -74.147108   -33.000       1.740    -3.031     2.226    -2.693
0130320248_01   40.759794  -72.767545   -29.822       0.176    -0.349     0.232    -0.314
0130320249_01   40.704794  -74.193381   -29.595       2.759     0.885     2.571     1.335
0130320250_01   39.769614  -74.416319     0.927       1.623    -1.134     1.791    -0.844
0130320252_01   39.992080  -74.538829    -3.391       3.810     2.753     3.290     3.353
0130320256_01   40.877729  -73.984778   -28.275      -0.021    -0.789     0.112    -0.781
0130320257_01   40.015122  -74.243039   -15.852      -2.279    -1.472    -1.998    -1.834
