Wed. Aug. 31, 2016             LANDSAT 5                 Time: 13:45
                         Image Assessment System
                           GCP Residual Report
----------------------------------------------------------------------------
WOID: L19349670            Path/Row: 014 / 032

L0R Reference Image: L51EDC1010240150100_HDF.162441828
Acquisition Date: Aug 28, 2010

Band Number:  5

GLS date for each WRS-2 path/row used:
Path  Row   Date
014   032   09-23-1999


Point_ID         Latitude  Longitude    Height       Across    Along    Residual  Residual
                                                      Scan      Scan      In y      in x
                                                    Residual  Residual    dir       dir
                   (deg)     (deg)     (meters)     (meters)  (meters)  (meters)  (meters)

0140320001_01   39.805434  -75.427445   -32.455       3.917     1.256     3.615     1.962
0140320002_01   40.844760  -73.788842   -27.396      -2.433    -1.927    -2.039    -2.345
0140320003_01   40.948134  -74.065321   -15.668       0.665     0.818     0.498     0.926
0140320004_01   40.978516  -73.787468    47.304      -3.607     0.156    -3.576    -0.515
0140320005_01   39.597576  -74.342643   -30.984      -1.816     1.601    -2.085     1.234
0140320006_01   40.864834  -73.649647    -0.304      -3.482    -6.939    -2.143    -7.462
0140320007_01   40.869077  -74.151518    -4.729       1.070     0.579     0.941     0.767
0140320008_01   40.462764  -74.295361    -1.381       3.845    -0.371     3.841     0.348
0140320009_01   40.348343  -74.123108   -16.496      -3.694    -0.173    -3.600    -0.856
0140320010_01   40.600232  -75.454805    41.220       4.404    -2.964     4.878    -2.095
0140320011_01   40.627047  -74.167714   -25.800       5.062    -1.163     5.184    -0.205
0140320012_01   39.992673  -75.274339    41.869      -0.875    -3.529    -0.202    -3.628
0140320013_01   40.876867  -74.352585    25.543       0.616     1.072     0.405     1.166
0140320014_01   41.034599  -75.065550   265.632       1.563     0.533     1.438     0.812
0140320015_01   40.732542  -73.708102    -4.949       0.698     3.732    -0.011     3.794
0140320016_01   39.989676  -74.158986   -27.474      -2.781    -0.015    -2.733    -0.532
0140320017_01   40.909079  -74.530737   203.203       1.223    -0.103     1.219     0.126
0140320018_01   40.362150  -74.024706   -18.215      -4.519     0.077    -4.457    -0.764
0140320019_01   41.002140  -74.203678   125.341      -0.690     3.040    -1.242     2.857
0140320020_01   40.098094  -74.091837   -27.866      -2.087    -1.211    -1.829    -1.578
0140320021_01   40.155362  -75.136205    49.267       2.542     4.121     1.732     4.518
0140320022_01   40.260332  -74.001827   -22.602      -2.382    -1.594    -2.049    -2.008
0140320023_01   40.207880  -74.441131    51.843      -0.648    -1.548    -0.352    -1.640
0140320024_01   40.171667  -75.246519    38.178      -1.620     1.109    -1.795     0.789
0140320025_01   39.957452  -75.178311   -28.973       1.332    -3.424     1.945    -3.115
0140320026_01   40.603280  -74.097800    16.189       2.764    -2.331     3.142    -1.777
0140320027_01   40.482680  -74.484165    -1.784      -1.777    -0.019    -1.744    -0.348
0140320028_01   40.569220  -74.938214   144.014      -2.422    -1.137    -2.167    -1.564
0140320029_01   40.851084  -75.265036   197.558      -0.216    -4.244     0.576    -4.206
0140320030_01   39.894887  -74.752838   -18.246       0.276     1.362     0.016     1.389
0140320031_01   39.881033  -75.875588   125.109      -2.596    -3.239    -1.942    -3.662
0140320032_01   40.330097  -74.257896    13.724       1.233    -1.065     1.405    -0.817
0140320033_01   40.003845  -75.232910    52.481      -1.510    -1.245    -1.251    -1.502
0140320034_01   40.535374  -74.198250    -6.496       0.320    -1.390     0.568    -1.306
0140320035_01   39.870199  -75.139147   -27.239       3.278     2.681     2.721     3.242
0140320036_01   40.001070  -75.091614   -24.348       0.154     2.545    -0.321     2.528
0140320037_01   39.575384  -74.752579    -7.417      -2.141    -0.967    -1.925    -1.349
0140320038_01   40.890743  -73.900892     7.681      -1.609    -4.368    -0.777    -4.589
0140320039_01   40.269896  -74.815696    13.164       0.273    -0.985     0.450    -0.916
0140320040_01   40.796170  -74.619726   175.825      -0.957     1.988    -1.308     1.775
0140320041_01   40.998681  -75.557052   469.341      -1.991     0.092    -1.966    -0.276
0140320043_01   40.361513  -75.731967    69.510      -2.286     0.395    -2.314    -0.035
0140320044_01   39.857539  -75.095281   -28.243       2.463     2.666     1.924     3.076
0140320045_01   40.451689  -74.342177    -5.624       1.859    -0.761     1.964    -0.403
0140320046_01   40.685601  -74.318581    -1.702       0.050     0.219     0.006     0.224
0140320047_01   39.699187  -75.558709   -18.511       2.948     1.237     2.667     1.764
0140320048_01   40.336427  -75.155640    96.453       1.276     1.742     0.931     1.948
0140320049_01   40.788161  -74.002499    -1.738      -1.144    -0.160    -1.098    -0.370
0140320050_01   40.675469  -75.347048    64.468       5.464    -2.986     5.921    -1.921
0140320051_01   40.597285  -74.376918    -7.258      -1.319     1.645    -1.603     1.371
0140320052_01   40.369305  -74.586092     0.020       1.356    -0.886     1.495    -0.619
0140320053_01   40.856112  -75.180698   173.073      -0.683    -0.931    -0.496    -1.040
0140320054_01   40.804332  -75.086663    81.998       2.669    -2.675     3.118    -2.133
0140320055_01   40.510479  -75.296268   109.912      -2.560    -1.947    -2.151    -2.386
0140320056_01   40.300870  -74.252215    29.689      -2.616    -2.077    -2.187    -2.526
0140320057_01   40.030276  -75.260073    68.982      -1.054     1.362    -1.286     1.142
0140320058_01   40.484142  -74.509639     4.000      -2.247     0.266    -2.258    -0.156
0140320059_01   40.902666  -75.128109   122.481       0.338     1.956    -0.027     1.984
0140320060_01   39.992566  -76.019682   103.143       0.618     1.078     0.412     1.174
0140320061_01   40.520817  -74.633328    -8.987       0.411     2.093     0.015     2.132
0140320062_01   40.610151  -74.463327    -6.471      -0.497    -3.294     0.120    -3.328
0140320063_01   40.947799  -74.549354   220.724       0.526    -1.089     0.716    -0.972
0140320064_01   40.056895  -74.111730   -31.615      -0.077    -0.037    -0.073    -0.052
0140320065_01   40.950594  -73.704930   -13.516      -1.418    -4.613    -0.546    -4.795
0140320066_01   40.403094  -75.212714   103.118      -3.180     0.065    -3.133    -0.525
0140320067_01   40.389696  -75.284427   135.939       0.357     1.217     0.127     1.261
0140320068_01   40.547533  -74.424500    -1.385       1.177     3.892     0.432     4.041
0140320069_01   40.818104  -73.935885   -28.955       2.425    -1.277     2.613    -0.806
0140320070_01   39.663913  -75.771067    -4.805       3.402    -2.105     3.736    -1.434
0140320071_01   39.781890  -75.708972    46.435       0.183    -0.246     0.229    -0.207
0140320072_01   40.881202  -74.675855   306.319      -0.754    -0.705    -0.611    -0.832
0140320073_01   40.653594  -75.423230    85.425       4.798    -0.970     4.895    -0.064
0140320074_01   40.253826  -75.004116    25.831      -2.622     1.243    -2.805     0.735
0140320075_01   40.865901  -74.198549    87.717      -0.002     0.468    -0.091     0.459
0140320076_01   39.749436  -76.094175    63.500      -1.173     0.607    -1.259     0.380
0140320077_01   40.042458  -75.355071    79.994      -0.243    -1.122    -0.028    -1.147
0140320079_01   39.841734  -76.051108   105.121      -3.436    -4.220    -2.584    -4.780
0140320080_01   39.698992  -75.856837    71.774      -3.698     0.034    -3.634    -0.653
0140320081_01   40.156785  -76.001704   144.577      -3.540     6.088    -4.601     5.324
0140320082_01   39.981445  -74.784500   -17.666      -0.734    -3.168    -0.134    -3.247
0140320083_01   40.135578  -74.189587   -12.000      -3.420    -1.973    -2.996    -2.574
0140320084_01   39.960343  -75.699571   106.569      -0.568     6.192    -1.705     5.975
0140320085_01   40.578708  -74.252320   -21.684       0.892     0.031     0.867     0.195
0140320086_01   40.312531  -75.487469    80.078      -1.304     4.060    -2.031     3.746
0140320087_01   40.004607  -75.503549   109.849      -1.113     1.120    -1.298     0.894
0140320089_01   40.670550  -75.265739    79.887       3.975     0.110     3.885     0.844
0140320091_01   40.381208  -75.480896    71.216       1.558    -2.065     1.916    -1.739
0140320092_01   41.113810  -75.555881   487.482      -0.881     1.603    -1.156     1.411
0140320093_01   40.322671  -75.132656    75.205       1.756    -1.760     2.052    -1.402
0140320094_01   40.832035  -73.866282   -22.096       0.885    -1.633     1.166    -1.440
0140320095_01   40.717101  -73.805011     1.958       0.417     1.512     0.125     1.561
0140320096_01   40.254028  -75.279625    70.075       0.813    -2.369     1.240    -2.175
0140320097_01   40.773997  -74.158062   -24.319       0.907    -0.707     1.018    -0.527
0140320098_01   40.309000  -75.232542    74.660      -2.540    -1.753    -2.167    -2.192
0140320099_01   40.474566  -74.717103   133.476      -1.295     0.057    -1.283    -0.184
0140320100_01   40.063315  -74.345224    -3.424       3.033    -5.648     4.023    -4.983
0140320101_01   40.212760  -74.758033   -21.440       1.497    -0.098     1.487     0.182
0140320102_01   40.428235  -74.518888     1.000       1.135     0.389     1.040     0.592
0140320103_01   39.824322  -76.120952    98.715      -2.438    -2.992    -1.832    -3.389
0140320104_01   40.791652  -74.952587   127.661       1.061    -2.515     1.508    -2.273
0140320105_01   40.254409  -74.299644    18.888       2.034    -1.514     2.275    -1.110
0140320106_01   40.704794  -74.193381   -29.595       0.900     0.077     0.866     0.242
0140320107_01   40.479406  -74.321379   -24.555      -0.983    -1.507    -0.689    -1.662
0140320108_01   40.735811  -75.691287   173.733      -2.715     1.242    -2.891     0.719
0140320109_01   40.817986  -73.839486   -29.568      -3.224     2.334    -3.603     1.694
0140320110_01   40.900594  -74.572825   165.435       1.715     1.706     1.368     1.992
0140320111_01   39.952023  -75.592018    88.933       4.009     0.202     3.902     0.943
0140320112_01   40.528496  -75.214881   150.581      -2.069     2.528    -2.498     2.099
0140320113_01   40.725801  -73.733809    -6.983       0.309     5.026    -0.632     4.993
0140320114_01   40.280053  -74.032592   -16.000      -2.273    -1.593    -1.942    -1.987
0140320115_01   40.269180  -74.890854    37.984      -1.759    -2.289    -1.303    -2.574
0140320116_01   39.760487  -75.110907   -16.325       3.764     2.025     3.320     2.688
0140320117_01   40.327078  -74.134683    -9.000      -3.804    -0.166    -3.710    -0.870
0140320118_01   40.347979  -74.799234    29.081       0.013    -0.904     0.179    -0.885
0140320119_01   40.286497  -75.264935    68.530      -0.915    -0.699    -0.767    -0.856
0140320120_01   40.412426  -75.110909   123.086       0.584    -1.970     0.939    -1.826
0140320121_01   40.057739  -75.809959   162.289      -2.061     2.167    -2.422     1.746
0140320122_01   39.775908  -75.568087    48.602       2.611     1.997     2.195     2.447
0140320123_01   40.842337  -73.667184   -26.425       0.586     7.185    -0.759     7.166
0140320124_01   40.260965  -74.044859   -15.000      -2.938     0.491    -2.981    -0.064
0140320125_01   40.090599  -74.761985   -19.718      -2.103    -0.214    -2.027    -0.601
0140320127_01   40.842410  -73.934073    29.268      -2.650    -5.157    -1.653    -5.557
0140320128_01   41.019962  -74.551360   261.667      -0.304     2.333    -0.731     2.234
0140320129_01   39.928058  -74.123579   -31.000       1.657    -1.682     1.935    -1.345
0140320130_01   39.872511  -75.217380   -31.000       3.629     4.207     2.783     4.806
0140320131_01   40.207776  -74.019167   -27.000      -1.734    -2.159    -1.307    -2.443
0140320133_01   40.139070  -74.810416   -32.000       5.050     0.814     4.808     1.737
0140320134_01   40.384341  -75.082235   121.076      -1.266     3.774    -1.942     3.471
0140320135_01   40.858007  -74.604423   243.915       2.946     0.141     2.865     0.684
0140320136_01   41.142711  -75.030982   319.000      -0.357     0.344    -0.412     0.273
0140320137_01   40.194471  -76.049486   119.148       1.947     2.514     1.451     2.831
0140320138_01   40.676477  -74.284596    -0.594      -0.973    -0.888    -0.794    -1.053
0140320139_01   40.089761  -74.988621    -2.654       2.398     0.544     2.254     0.979
0140320140_01   40.218996  -74.102918    -5.409      -0.371    -1.446    -0.101    -1.490
0140320141_01   39.930005  -75.056409   -28.000       1.903     1.618     1.568     1.943
0140320142_01   40.223492  -74.722734   -19.000      -0.968    -0.740    -0.814    -0.906
0140320143_01   40.328658  -75.939968    33.652       0.377    -1.841     0.718    -1.737
0140320144_01   40.224945  -74.138805     3.529      -0.096    -1.414     0.163    -1.407
0140320145_01   40.639411  -74.236033   -26.267       0.891     0.964     0.693     1.111
0140320146_01   40.353276  -75.937130    61.609       4.601    -0.739     4.661     0.127
0140320147_01   39.849263  -75.697741    77.010       4.222     4.061     3.394     4.772
0140320148_01   40.989163  -73.964881   -13.162       0.670    -1.143     0.865    -0.999
0140320149_01   40.035091  -75.801955   141.802      -1.163     0.724    -1.272     0.496
0140320150_01   40.151009  -74.155238   -19.789      -3.198     1.040    -3.338     0.426
0140320152_01   39.752212  -75.225056    -5.000       0.812    -0.410     0.874    -0.251
0140320153_01   39.946933  -75.983185   107.179      -1.472    -3.216    -0.842    -3.430
0140320154_01   40.061203  -74.145443   -28.296      -1.368     1.270    -1.584     0.992
0140320155_01   40.679373  -74.016902   -31.000       1.488    -1.845     1.799    -1.537
0140320156_01   40.545954  -74.556664   -14.713       0.398    -3.384     1.016    -3.250
0140320158_01   40.054038  -74.897177   -24.000       0.089    -5.307     1.072    -5.195
0140320159_01   40.130289  -74.562193     8.223      -5.261     1.855    -5.513     0.844
0140320160_01   40.863265  -73.999593   -30.000       1.907     3.808     1.165     4.093
0140320162_01   40.038203  -75.217202    58.313       2.900     5.448     1.837     5.888
0140320163_01   40.245369  -75.378350    34.762      -2.162     1.409    -2.382     0.984
0140320164_01   40.756094  -73.687744     6.704       0.506     1.549     0.205     1.615
0140320165_01   39.752684  -76.149555    83.637      -0.280    -1.025    -0.079    -1.058
0140320166_01   40.180768  -75.454458    11.792      -0.103    -0.909     0.071    -0.911
0140320167_01   40.047982  -74.685815   -13.844      -3.875     3.498    -4.457     2.715
0140320168_01   40.725186  -75.556897   100.790      -0.093    -3.314     0.526    -3.271
0140320169_01   40.482150  -74.627521    -6.990       2.481     0.293     2.381     0.748
0140320170_01   40.510584  -74.969075   128.033       0.814     0.172     0.768     0.320
0140320171_01   40.738841  -73.956691   -29.439       2.121    -0.353     2.144     0.046
0140320172_01   41.040536  -74.560500   350.538       0.896     4.596     0.029     4.678
0140320173_01   40.275648  -75.127271    32.041      -0.452    -1.007    -0.257    -1.072
0140320174_01   40.536326  -74.667604    -2.483       4.386     3.117     3.729     3.874
0140320175_01   40.136247  -74.966428    18.302      -0.224    -3.767     0.479    -3.740
0140320176_01   39.781216  -75.811963    87.145       1.246    -0.953     1.405    -0.704
0140320177_01   39.783708  -76.155677   106.376      -2.006     0.386    -2.036     0.008
0140320178_01   40.324814  -76.011246    78.057      -0.740    -2.072    -0.336    -2.171
0140320179_01   40.809197  -75.617710   157.267       0.882     0.027     0.865     0.191
0140320180_01   39.911319  -76.037781   182.398      -1.973     1.714    -2.250     1.318
0140320181_01   40.684581  -75.447922    84.718       4.110     1.795     3.707     2.524
0140320182_01   40.615281  -73.760014   -30.019       0.755    -0.178     0.769    -0.036
0140320183_01   39.935350  -75.131554   -31.000       2.072    -4.582     2.886    -4.115
0140320184_01   40.303536  -74.639447    -4.498      -2.781     1.165    -2.949     0.628
0140320185_01   40.051410  -74.655903     3.968      -1.456     4.089    -2.191     3.744
0140320186_01   40.409024  -74.513721    -3.080      -4.038     1.249    -4.199     0.477
0140320187_01   40.780757  -74.370584    21.494       3.426     2.071     2.979     2.668
0140320188_01   40.470472  -75.389520   144.556      -1.293     0.639    -1.385     0.388
0140320189_01   39.950619  -74.778275   -19.052       0.839    -0.894     0.988    -0.722
0140320190_01   41.070605  -75.782626   392.013      -4.080     6.626    -5.224     5.753
0140320191_01   40.620949  -75.478000    48.317       3.498    -2.087     3.825    -1.401
0140320193_01   40.086216  -74.913316   -28.990       3.790    -2.490     4.183    -1.741
0140320194_01   40.077526  -75.130068    25.598      -0.908    -1.121    -0.683    -1.269
0140320195_01   40.067056  -74.978071   -21.573       1.498     0.210     1.432     0.485
0140320196_01   40.804703  -75.648610   192.210      -1.138    -4.939    -0.198    -5.059
0140320197_01   39.942830  -74.184843   -32.886      -2.076     0.847    -2.200     0.445
0140320198_01   40.472393  -74.857966    14.866      -3.382     1.568    -3.612     0.913
0140320199_01   40.504123  -75.494873   146.230      -1.953    -2.157    -1.515    -2.479
0140320200_01   40.637419  -74.074636   -28.778       2.400    -0.985     2.535    -0.523
0140320201_01   40.297003  -74.374743    -3.412       1.938     1.431     1.635     1.764
0140320202_01   39.968397  -75.560543    98.338      -3.033    -1.739    -2.652    -2.270
0140320203_01   40.148954  -75.013971    35.787      -0.991    -3.151    -0.389    -3.278
0140320205_01   40.149740  -74.333476     0.859       1.569     1.180     1.318     1.450
0140320206_01   39.565970  -74.775314   -17.062       1.403    -0.639     1.494    -0.366
0140320207_01   40.200172  -75.468687    49.100       1.115    -1.299     1.339    -1.068
0140320208_01   40.909406  -74.123574   -10.782       2.158    -1.421     2.379    -0.997
0140320209_01   40.522565  -74.520339    -8.094      -2.850    -0.854    -2.642    -1.368
0140320210_01   40.209449  -75.569575     8.166       1.611    -0.212     1.625     0.092
0140320211_01   39.936623  -74.811678   -24.896      -2.355     2.347    -2.750     1.867
0140320212_01   39.798738  -74.181290   -31.000      -1.370    -0.141    -1.324    -0.395
0140320213_01   40.594835  -74.280858   -25.276       0.011     1.025    -0.182     1.008
0140320215_01   40.043780  -75.086747    -2.464       6.820    -3.356     7.321    -2.029
0140320216_01   40.217498  -75.296750    75.995       1.793    -0.927     1.934    -0.578
0140320217_01   40.197160  -75.202200    54.415       0.921     2.229     0.492     2.360
0140320218_01   40.093001  -75.033668    13.399       3.322     0.616     3.148     1.222
0140320219_01   39.796021  -75.740303    91.852       0.857     0.346     0.781     0.500
0140320220_01   39.770279  -75.499035    28.196      -0.020     0.651    -0.138     0.636
0140320221_01   39.679485  -75.932856    70.882      -2.941    -1.341    -2.634    -1.862
0140320222_01   41.025517  -74.264774    82.617      -2.563     0.859    -2.678     0.369
0140320223_01   40.286308  -75.488693    60.200       0.264     2.355    -0.175     2.362
0140320224_01   40.350552  -75.265186   100.892      -1.057    -0.256    -0.989    -0.447
0140320225_01   39.975758  -74.582504    -7.995      -0.124     2.006    -0.497     1.947
0140320226_01   40.196717  -74.864888    24.075       1.436    -0.981     1.591    -0.697
0140320227_01   39.831415  -75.548209    80.896       2.788    -3.396     3.372    -2.817
0140320228_01   40.094673  -74.661316    -8.178      -3.407     3.292    -3.958     2.600
0140320229_01   40.738885  -74.160992   -25.810       5.817     2.874     5.178     3.900
0140320230_01   40.391268  -75.769757    82.405      -2.910    -2.488    -2.391    -2.981
0140320231_01   39.746889  -74.531364   -16.000      -0.801     1.477    -1.064     1.301
0140320232_01   40.782947  -74.125950    -4.197      -0.160     1.121    -0.368     1.070
0140320233_01   40.714229  -74.229495    16.515       2.968     1.115     2.705     1.645
0140320234_01   39.645427  -74.507924   -28.248       0.083    -1.514     0.360    -1.472
0140320235_01   40.406302  -75.700632   117.102      -4.367    -0.534    -4.185    -1.332
0140320237_01   40.336631  -74.594416    -9.970      -0.337    -0.409    -0.257    -0.464
0140320238_01   39.605302  -74.863598   -10.390       1.443     2.950     0.867     3.165
0140320239_01   39.997234  -75.947357   189.926      -1.250     4.397    -2.040     4.086
0140320240_01   40.338783  -74.183275    -7.460      -1.070    -0.403    -0.980    -0.595
0140320241_01   39.790937  -75.921746   117.178      -0.594    -0.574    -0.472    -0.673
0140320242_01   40.088858  -75.764932   125.467      -0.474    -0.852    -0.303    -0.923
0140320243_01   39.730341  -74.260167   -16.282       0.894     0.324     0.813     0.484
0140320244_01   40.357070  -74.976918     8.311      -3.876    -2.924    -3.264    -3.590
0140320245_01   40.306679  -75.391401    69.328      -2.905     5.480    -3.867     4.844
0140320246_01   39.646675  -75.375066   -19.949       1.932     1.114     1.691     1.453
0140320247_01   40.664464  -73.950398    -8.931       1.809     4.328     0.971     4.586
0140320248_01   40.649103  -75.769519   147.981      -6.845    -3.809    -6.010    -5.005
0140320251_01   39.809990  -75.059115    -1.683       3.401    -0.206     3.378     0.430
