==============================================================================
==============================================================================
Thu. Sep. 29 2016                  LANDSAT 5                       Time: 11:15
                            Image Assessment System
                            GEOMETRIC VERIFY Report
==============================================================================
Order ID: 0501609283367_05872                          Path / Row - 13 / 32
Reference Image: L51AAA1091213140100_HDF.L1G

Color mapping per rank
----------------------
Rank  1 is Green: total residual <= 0.5
Rank  2 is Cyan: 0.5 < total residual <=  1
Rank  3 is Blue:  1 < total residual <=  2
Rank  4 is Yellow:  2 < total residual <=  3
Rank  5 is Red:  3 < total residual

Percentage of residuals by rank
-------------------------------
Rank   1 -- 100.0%
Rank   2 --  0.0%
Rank   3 --  0.0%
Rank   4 --  0.0%
Rank   5 --  0.0%

       GCP    Latitude    Longitude  Sample   Line     Total    Rank
        ID                           Residual Residual Residual
              (Degree)    (Degree)   (Pixel)  (Pixel)  (Pixel)
----------------------------------------------------------------------
0130320091   41.24592    -74.16922     0.08      0.27     0.28     1 
0130320092   41.24565    -74.13234    -0.12      0.16     0.20     1 
0130320093   41.24537    -74.09547    -0.23      0.17     0.28     1 
0130320094   41.24507    -74.05860     0.16      0.14     0.21     1 
0130320095   41.24476    -74.02172     0.37      0.13     0.39     1 
0130320096   41.24444    -73.98485    -0.04      0.14     0.15     1 
0130320097   41.24411    -73.94798     0.32     -0.14     0.35     1 
0130320166   41.22052    -74.16954     0.21      0.10     0.23     1 
0130320167   41.22025    -74.13268     0.20     -0.04     0.20     1 
0130320168   41.21997    -74.09582     0.30      0.01     0.30     1 
0130320169   41.21967    -74.05896     0.11      0.34     0.36     1 
0130320170   41.21936    -74.02210     0.31      0.08     0.32     1 
0130320171   41.21905    -73.98524     0.07      0.05     0.09     1 
0130320174   41.21802    -73.87467     0.24     -0.08     0.26     1 
0130320175   41.21765    -73.83782     0.00      0.08     0.08     1 
0130320176   41.21727    -73.80096     0.33      0.01     0.33     1 
0130320177   41.21688    -73.76411     0.32     -0.13     0.34     1 
0130320241   41.19512    -74.16986     0.01      0.02     0.02     1 
0130320242   41.19485    -74.13302    -0.08      0.15     0.17     1 
0130320243   41.19457    -74.09617    -0.08      0.14     0.16     1 
0130320244   41.19427    -74.05932     0.24      0.21     0.32     1 
0130320245   41.19397    -74.02248     0.28      0.15     0.32     1 
0130320247   41.19332    -73.94879    -0.15      0.00     0.15     1 
0130320248   41.19297    -73.91195     0.06      0.10     0.12     1 
0130320249   41.19262    -73.87511    -0.07      0.08     0.10     1 
0130320250   41.19226    -73.83827     0.02      0.04     0.05     1 
0130320251   41.19188    -73.80143     0.14      0.07     0.16     1 
0130320252   41.19149    -73.76459     0.11     -0.04     0.12     1 
0130320253   41.19109    -73.72775     0.13      0.11     0.17     1 
0130320254   41.19067    -73.69091     0.28      0.16     0.33     1 
0130320255   41.19025    -73.65407     0.11      0.04     0.11     1 
0130320256   41.18981    -73.61723     0.08      0.04     0.09     1 
0130320257   41.18936    -73.58040    -0.01     -0.02     0.03     1 
0130320316   41.16972    -74.17018     0.37      0.14     0.40     1 
0130320317   41.16945    -74.13335    -0.13      0.19     0.23     1 
0130320318   41.16917    -74.09652     0.09      0.21     0.22     1 
0130320320   41.16857    -74.02286     0.44     -0.03     0.44     1 
0130320321   41.16825    -73.98603     0.38      0.11     0.40     1 
0130320322   41.16792    -73.94920     0.09      0.04     0.10     1 
0130320325   41.16686    -73.83871     0.17     -0.00     0.17     1 
0130320326   41.16648    -73.80189     0.08     -0.06     0.11     1 
0130320327   41.16609    -73.76506     0.15      0.12     0.19     1 
0130320328   41.16569    -73.72824     0.38     -0.02     0.38     1 
0130320329   41.16528    -73.69141     0.33      0.07     0.34     1 
0130320330   41.16485    -73.65459     0.06      0.05     0.08     1 
0130320331   41.16442    -73.61777    -0.09      0.06     0.11     1 
0130320332   41.16397    -73.58095     0.08     -0.08     0.11     1 
0130320333   41.16351    -73.54412    -0.04     -0.09     0.09     1 
0130320334   41.16304    -73.50731     0.23     -0.02     0.23     1 
0130320335   41.16256    -73.47049     0.25      0.00     0.25     1 
0130320336   41.16206    -73.43367     0.27     -0.01     0.27     1 
0130320337   41.16155    -73.39685     0.25     -0.02     0.26     1 
0130320391   41.14432    -74.17050     0.24      0.18     0.30     1 
0130320392   41.14405    -74.13368     0.34     -0.01     0.34     1 
0130320393   41.14377    -74.09687     0.29      0.09     0.30     1 
0130320394   41.14347    -74.06005     0.36      0.12     0.38     1 
0130320395   41.14317    -74.02323     0.46     -0.01     0.46     1 
0130320396   41.14285    -73.98642     0.17     -0.00     0.17     1 
0130320397   41.14252    -73.94960     0.27      0.01     0.27     1 
0130320398   41.14218    -73.91279     0.09      0.06     0.11     1 
0130320399   41.14182    -73.87598    -0.14      0.14     0.20     1 
0130320400   41.14146    -73.83916     0.26      0.08     0.27     1 
0130320401   41.14108    -73.80235     0.07      0.07     0.10     1 
0130320402   41.14070    -73.76554     0.15      0.08     0.17     1 
0130320403   41.14029    -73.72873     0.14      0.05     0.14     1 
0130320404   41.13988    -73.69192     0.32      0.07     0.33     1 
0130320405   41.13946    -73.65511     0.10     -0.00     0.10     1 
0130320406   41.13902    -73.61830     0.09      0.09     0.13     1 
0130320407   41.13858    -73.58149     0.00      0.03     0.03     1 
0130320408   41.13812    -73.54469     0.01      0.02     0.02     1 
0130320409   41.13764    -73.50788     0.08      0.07     0.11     1 
0130320410   41.13716    -73.47108     0.18     -0.00     0.18     1 
0130320411   41.13667    -73.43427     0.12      0.09     0.15     1 
0130320412   41.13616    -73.39747     0.20      0.03     0.20     1 
0130320413   41.13564    -73.36067     0.15     -0.06     0.16     1 
0130320414   41.13511    -73.32386     0.31     -0.05     0.31     1 
0130320415   41.13457    -73.28706    -0.12      0.04     0.12     1 
0130320416   41.13402    -73.25026    -0.17     -0.10     0.20     1 
0130320417   41.13345    -73.21347    -0.42     -0.03     0.42     1 
0130320466   41.11892    -74.17082     0.16      0.11     0.19     1 
0130320467   41.11865    -74.13402     0.10      0.11     0.15     1 
0130320469   41.11807    -74.06041     0.17      0.05     0.17     1 
0130320471   41.11745    -73.98681     0.36      0.08     0.37     1 
0130320472   41.11712    -73.95001     0.29      0.11     0.31     1 
0130320473   41.11678    -73.91321     0.27     -0.14     0.31     1 
0130320474   41.11643    -73.87641     0.31      0.02     0.31     1 
0130320475   41.11606    -73.83961     0.20     -0.06     0.21     1 
0130320476   41.11569    -73.80281     0.27     -0.02     0.28     1 
0130320477   41.11530    -73.76602     0.25      0.03     0.25     1 
0130320478   41.11490    -73.72922     0.11      0.11     0.16     1 
0130320479   41.11449    -73.69242     0.16     -0.03     0.16     1 
0130320480   41.11406    -73.65563     0.13     -0.03     0.13     1 
0130320481   41.11363    -73.61883     0.17     -0.06     0.19     1 
0130320482   41.11318    -73.58204     0.06     -0.06     0.08     1 
0130320483   41.11272    -73.54525     0.04      0.03     0.05     1 
0130320484   41.11225    -73.50846     0.11     -0.01     0.11     1 
0130320485   41.11177    -73.47167     0.24      0.03     0.24     1 
0130320486   41.11127    -73.43488     0.09     -0.05     0.10     1 
0130320487   41.11077    -73.39809     0.06     -0.07     0.09     1 
0130320488   41.11025    -73.36130    -0.13     -0.03     0.13     1 
0130320489   41.10972    -73.32451    -0.11     -0.08     0.14     1 
0130320540   41.09378    -74.20793     0.02      0.13     0.13     1 
0130320541   41.09352    -74.17114     0.22      0.19     0.29     1 
0130320542   41.09325    -74.13435     0.34      0.12     0.36     1 
0130320543   41.09297    -74.09756     0.34      0.00     0.34     1 
0130320544   41.09268    -74.06078     0.34     -0.01     0.34     1 
0130320545   41.09237    -74.02399     0.12      0.07     0.13     1 
0130320549   41.09103    -73.87684    -0.03     -0.10     0.11     1 
0130320550   41.09067    -73.84006     0.23      0.07     0.24     1 
0130320551   41.09029    -73.80327     0.32     -0.02     0.32     1 
0130320553   41.08950    -73.72971    -0.02     -0.04     0.04     1 
0130320554   41.08909    -73.69293     0.24     -0.07     0.25     1 
0130320555   41.08867    -73.65615     0.16     -0.02     0.16     1 
0130320556   41.08823    -73.61937     0.10      0.01     0.10     1 
0130320557   41.08778    -73.58259     0.24      0.01     0.24     1 
0130320558   41.08733    -73.54581     0.27      0.05     0.27     1 
0130320559   41.08686    -73.50903     0.14      0.12     0.18     1 
0130320560   41.08637    -73.47225     0.13      0.08     0.15     1 
0130320561   41.08588    -73.43548     0.15     -0.07     0.16     1 
0130320562   41.08538    -73.39870    -0.12     -0.14     0.19     1 
0130320563   41.08486    -73.36193    -0.16     -0.07     0.17     1 
0130320615   41.06838    -74.20824     0.13      0.04     0.13     1 
0130320616   41.06812    -74.17146     0.35      0.01     0.35     1 
0130320617   41.06785    -74.13469     0.08      0.02     0.09     1 
0130320618   41.06757    -74.09791     0.30      0.09     0.31     1 
0130320619   41.06728    -74.06114     0.45     -0.00     0.45     1 
0130320620   41.06697    -74.02436     0.18      0.05     0.19     1 
0130320621   41.06665    -73.98759     0.35      0.03     0.35     1 
0130320622   41.06632    -73.95082     0.19      0.17     0.25     1 
0130320624   41.06563    -73.87727    -0.09     -0.00     0.09     1 
0130320625   41.06527    -73.84050     0.22     -0.13     0.25     1 
0130320626   41.06489    -73.80374     0.32     -0.13     0.35     1 
0130320627   41.06450    -73.76697     0.01      0.09     0.09     1 
0130320628   41.06410    -73.73020     0.05      0.03     0.06     1 
0130320629   41.06369    -73.69343     0.21      0.00     0.21     1 
0130320630   41.06327    -73.65666     0.28     -0.01     0.28     1 
0130320631   41.06284    -73.61990     0.26     -0.05     0.27     1 
0130320632   41.06239    -73.58313     0.17     -0.08     0.19     1 
0130320633   41.06193    -73.54637     0.09     -0.04     0.10     1 
0130320634   41.06146    -73.50960    -0.06     -0.03     0.07     1 
0130320635   41.06098    -73.47284    -0.08     -0.14     0.16     1 
0130320636   41.06049    -73.43608    -0.14     -0.08     0.16     1 
0130320637   41.05998    -73.39932    -0.19     -0.06     0.19     1 
0130320690   41.04298    -74.20854     0.43      0.15     0.45     1 
0130320691   41.04272    -74.17178     0.31      0.15     0.34     1 
0130320692   41.04245    -74.13502     0.19     -0.01     0.19     1 
0130320693   41.04217    -74.09826     0.20      0.10     0.23     1 
0130320694   41.04188    -74.06150     0.10      0.08     0.13     1 
0130320695   41.04157    -74.02474     0.20     -0.01     0.20     1 
0130320696   41.04125    -73.98798     0.09     -0.04     0.10     1 
0130320697   41.04093    -73.95122     0.22     -0.01     0.22     1 
0130320698   41.04059    -73.91446    -0.01     -0.05     0.05     1 
0130320700   41.03987    -73.84095     0.11     -0.06     0.12     1 
0130320701   41.03949    -73.80419     0.24      0.10     0.26     1 
0130320702   41.03911    -73.76744     0.03     -0.03     0.04     1 
0130320703   41.03871    -73.73069     0.21     -0.03     0.21     1 
0130320704   41.03830    -73.69393     0.26     -0.07     0.27     1 
0130320705   41.03787    -73.65718     0.14      0.02     0.14     1 
0130320706   41.03744    -73.62043     0.14     -0.00     0.14     1 
0130320707   41.03699    -73.58368     0.03     -0.03     0.04     1 
0130320708   41.03654    -73.54693    -0.07      0.01     0.07     1 
0130320709   41.03607    -73.51018    -0.08     -0.03     0.08     1 
0130320710   41.03559    -73.47343    -0.07     -0.14     0.16     1 
0130320735   41.01976    -72.55507    -0.18      0.03     0.18     1 
0130320737   41.01818    -72.48163    -0.01      0.11     0.11     1 
0130320738   41.01737    -72.44492    -0.20     -0.01     0.20     1 
0130320740   41.01572    -72.37149     0.00      0.00     0.00     1 
0130320765   41.01758    -74.20884     0.20      0.06     0.20     1 
0130320766   41.01732    -74.17210     0.22     -0.01     0.22     1 
0130320767   41.01705    -74.13535     0.20      0.04     0.20     1 
0130320768   41.01677    -74.09860     0.21      0.08     0.23     1 
0130320769   41.01648    -74.06186     0.32      0.04     0.32     1 
0130320770   41.01617    -74.02511     0.16      0.09     0.19     1 
0130320771   41.01586    -73.98837    -0.02     -0.20     0.20     1 
0130320773   41.01519    -73.91488     0.39     -0.14     0.42     1 
0130320774   41.01483    -73.87814     0.18     -0.01     0.18     1 
0130320775   41.01447    -73.84140     0.24     -0.03     0.24     1 
0130320776   41.01410    -73.80465     0.08     -0.01     0.08     1 
0130320777   41.01371    -73.76791     0.22      0.01     0.22     1 
0130320778   41.01331    -73.73117     0.25     -0.04     0.25     1 
0130320779   41.01290    -73.69443     0.13     -0.03     0.13     1 
0130320780   41.01248    -73.65770     0.09     -0.01     0.09     1 
0130320781   41.01205    -73.62096    -0.12     -0.04     0.13     1 
0130320782   41.01160    -73.58422    -0.15     -0.05     0.16     1 
0130320783   41.01114    -73.54748    -0.25     -0.16     0.30     1 
0130320810   40.99438    -72.55600    -0.11      0.08     0.14     1 
0130320811   40.99359    -72.51930    -0.07     -0.07     0.10     1 
0130320812   40.99280    -72.48260    -0.14     -0.04     0.15     1 
0130320813   40.99199    -72.44590    -0.19     -0.02     0.19     1 
0130320815   40.99034    -72.37250    -0.28     -0.10     0.30     1 
0130320816   40.98950    -72.33580    -0.15     -0.05     0.16     1 
0130320817   40.98864    -72.29911    -0.16     -0.07     0.17     1 
0130320818   40.98777    -72.26242     0.08     -0.07     0.10     1 
0130320819   40.98690    -72.22572     0.04      0.07     0.08     1 
0130320839   40.99242    -74.24588     0.13      0.20     0.24     1 
0130320840   40.99218    -74.20915     0.12      0.03     0.12     1 
0130320841   40.99192    -74.17242     0.21      0.09     0.23     1 
0130320842   40.99165    -74.13568     0.21      0.08     0.23     1 
0130320843   40.99137    -74.09895     0.21      0.14     0.25     1 
0130320844   40.99108    -74.06222     0.26      0.05     0.27     1 
0130320845   40.99077    -74.02549     0.15     -0.01     0.15     1 
0130320846   40.99046    -73.98876     0.13      0.02     0.13     1 
0130320847   40.99013    -73.95203     0.25      0.00     0.25     1 
0130320848   40.98979    -73.91530     0.33     -0.14     0.35     1 
0130320849   40.98944    -73.87857     0.17     -0.02     0.17     1 
0130320850   40.98907    -73.84184     0.13      0.10     0.17     1 
0130320851   40.98870    -73.80511     0.19      0.01     0.20     1 
0130320852   40.98831    -73.76839     0.26      0.01     0.26     1 
0130320853   40.98791    -73.73166     0.09      0.04     0.09     1 
0130320854   40.98750    -73.69494     0.24     -0.02     0.24     1 
0130320855   40.98708    -73.65821    -0.17     -0.10     0.20     1 
0130320856   40.98665    -73.62149    -0.16     -0.01     0.16     1 
0130320885   40.96900    -72.55694     0.05     -0.11     0.12     1 
0130320891   40.96412    -72.33683     0.41      0.02     0.41     1 
0130320892   40.96327    -72.30014     0.06      0.12     0.13     1 
0130320893   40.96240    -72.26346     0.13      0.00     0.13     1 
0130320894   40.96152    -72.22679     0.15      0.03     0.15     1 
0130320895   40.96064    -72.19011    -0.07      0.02     0.08     1 
0130320914   40.96702    -74.24617    -0.10      0.09     0.14     1 
0130320915   40.96678    -74.20945     0.21      0.25     0.33     1 
0130320916   40.96652    -74.17273     0.31      0.05     0.31     1 
0130320917   40.96625    -74.13601     0.33      0.13     0.36     1 
0130320918   40.96597    -74.09930     0.39      0.09     0.40     1 
0130320919   40.96568    -74.06258     0.18      0.02     0.18     1 
0130320920   40.96537    -74.02586     0.17      0.01     0.17     1 
0130320921   40.96506    -73.98914     0.15      0.07     0.17     1 
0130320922   40.96473    -73.95243     0.29      0.10     0.30     1 
0130320924   40.96404    -73.87900     0.27     -0.11     0.29     1 
0130320925   40.96368    -73.84229     0.10     -0.03     0.10     1 
0130320926   40.96330    -73.80557     0.15     -0.06     0.16     1 
0130320927   40.96292    -73.76886     0.19     -0.07     0.20     1 
0130320928   40.96252    -73.73215     0.16     -0.03     0.16     1 
0130320929   40.96211    -73.69544     0.11     -0.08     0.14     1 
0130320930   40.96169    -73.65873    -0.03     -0.01     0.03     1 
0130320937   40.95841    -73.40178     0.18      0.24     0.31     1 
0130320944   40.95456    -73.14487    -0.14     -0.03     0.15     1 
0130320945   40.95396    -73.10818    -0.12     -0.09     0.15     1 
0130320946   40.95336    -73.07148    -0.03      0.03     0.04     1 
0130320949   40.95146    -72.96140     0.37      0.12     0.39     1 
0130320950   40.95081    -72.92471     0.45     -0.11     0.46     1 
0130320952   40.94946    -72.85134     0.25      0.03     0.25     1 
0130320958   40.94515    -72.63123     0.21     -0.00     0.21     1 
0130320959   40.94439    -72.59456     0.10     -0.04     0.11     1 
0130320960   40.94362    -72.55788     0.00      0.00     0.00     1 
0130320963   40.94123    -72.44786    -0.02     -0.10     0.11     1 
0130320964   40.94042    -72.41118    -0.19     -0.03     0.19     1 
0130320965   40.93959    -72.37451     0.40     -0.00     0.40     1 
0130320966   40.93874    -72.33785    -0.12     -0.09     0.14     1 
0130320967   40.93789    -72.30118     0.11     -0.03     0.12     1 
0130320969   40.93615    -72.22785    -0.16     -0.10     0.19     1 
0130320989   40.94162    -74.24646     0.16      0.09     0.18     1 
0130320990   40.94138    -74.20976     0.22      0.15     0.26     1 
0130320991   40.94112    -74.17305     0.08      0.09     0.12     1 
0130320992   40.94085    -74.13635    -0.00      0.15     0.15     1 
0130320993   40.94057    -74.09964     0.20      0.17     0.26     1 
0130320995   40.93997    -74.02623     0.17      0.06     0.19     1 
0130320996   40.93966    -73.98953     0.22      0.04     0.22     1 
0130320997   40.93933    -73.95283     0.20      0.05     0.21     1 
0130320999   40.93864    -73.87943     0.17      0.04     0.18     1 
0130321000   40.93828    -73.84273     0.29     -0.07     0.29     1 
0130321001   40.93790    -73.80603     0.19     -0.07     0.20     1 
0130321002   40.93752    -73.76933     0.12     -0.09     0.15     1 
0130321003   40.93712    -73.73263    -0.08     -0.06     0.10     1 
0130321004   40.93671    -73.69594    -0.12     -0.04     0.12     1 
0130321010   40.93401    -73.47577     0.23     -0.03     0.23     1 
0130321011   40.93352    -73.43908     0.08      0.01     0.08     1 
0130321012   40.93302    -73.40239    -0.06      0.04     0.07     1 
0130321013   40.93250    -73.36570    -0.18     -0.05     0.19     1 
0130321014   40.93198    -73.32901    -0.13      0.02     0.13     1 
0130321019   40.92917    -73.14558    -0.08     -0.10     0.13     1 
0130321020   40.92858    -73.10890     0.34     -0.08     0.35     1 
0130321021   40.92797    -73.07222     0.42      0.09     0.43     1 
0130321027   40.92408    -72.85216    -0.22     -0.07     0.23     1 
0130321028   40.92339    -72.81548     0.35     -0.07     0.35     1 
0130321029   40.92269    -72.77881     0.12      0.09     0.15     1 
0130321030   40.92197    -72.74214     0.12     -0.05     0.13     1 
0130321031   40.92125    -72.70548     0.00      0.04     0.04     1 
0130321032   40.92052    -72.66881     0.01     -0.07     0.07     1 
0130321033   40.91977    -72.63214    -0.08     -0.09     0.12     1 
0130321034   40.91901    -72.59548    -0.37      0.07     0.38     1 
0130321035   40.91824    -72.55881    -0.23     -0.04     0.24     1 
0130321038   40.91586    -72.44883    -0.25     -0.09     0.26     1 
0130321039   40.91504    -72.41217     0.00      0.07     0.07     1 
0130321040   40.91421    -72.37552     0.21     -0.01     0.21     1 
0130321041   40.91337    -72.33886    -0.09      0.05     0.11     1 
0130321042   40.91252    -72.30221     0.05     -0.07     0.09     1 
0130321064   40.91622    -74.24675     0.17      0.10     0.20     1 
0130321065   40.91598    -74.21006     0.25      0.17     0.30     1 
0130321066   40.91572    -74.17337     0.00      0.07     0.07     1 
0130321067   40.91545    -74.13668    -0.02      0.09     0.09     1 
0130321068   40.91517    -74.09999     0.17     -0.01     0.17     1 
0130321069   40.91488    -74.06330     0.02      0.03     0.03     1 
0130321070   40.91457    -74.02661     0.01      0.00     0.01     1 
0130321071   40.91426    -73.98992     0.18      0.05     0.19     1 
0130321072   40.91393    -73.95323     0.18      0.07     0.19     1 
0130321074   40.91324    -73.87986     0.10      0.03     0.11     1 
0130321075   40.91288    -73.84317     0.04      0.02     0.05     1 
0130321076   40.91251    -73.80649     0.11     -0.06     0.12     1 
0130321077   40.91212    -73.76980    -0.08      0.01     0.08     1 
0130321078   40.91172    -73.73312    -0.15     -0.08     0.17     1 
0130321082   40.91002    -73.58639    -0.15     -0.03     0.15     1 
0130321083   40.90956    -73.54971    -0.04     -0.16     0.17     1 
0130321084   40.90909    -73.51303    -0.09     -0.06     0.11     1 
0130321085   40.90861    -73.47635    -0.05     -0.02     0.06     1 
0130321086   40.90812    -73.43968    -0.02     -0.05     0.06     1 
0130321087   40.90762    -73.40300    -0.08     -0.00     0.08     1 
0130321088   40.90711    -73.36633    -0.10     -0.13     0.17     1 
0130321089   40.90658    -73.32965     0.11      0.02     0.12     1 
0130321090   40.90605    -73.29298     0.19      0.30     0.35     1 
0130321091   40.90550    -73.25630    -0.07      0.05     0.09     1 
0130321092   40.90494    -73.21963    -0.02     -0.13     0.13     1 
0130321093   40.90436    -73.18296     0.25     -0.06     0.26     1 
0130321095   40.90319    -73.10962     0.39     -0.02     0.39     1 
0130321096   40.90258    -73.07296     0.06      0.01     0.06     1 
0130321097   40.90196    -73.03629     0.22     -0.04     0.22     1 
0130321098   40.90133    -72.99963     0.20     -0.03     0.20     1 
0130321099   40.90069    -72.96296     0.34     -0.09     0.36     1 
0130321100   40.90003    -72.92630     0.28     -0.24     0.38     1 
0130321101   40.89937    -72.88964     0.26      0.01     0.26     1 
0130321102   40.89869    -72.85298     0.07      0.04     0.08     1 
0130321103   40.89800    -72.81632     0.21      0.08     0.22     1 
0130321104   40.89730    -72.77966     0.14     -0.00     0.14     1 
0130321105   40.89659    -72.74301     0.16     -0.15     0.22     1 
0130321106   40.89587    -72.70635    -0.01     -0.09     0.09     1 
0130321107   40.89513    -72.66970     0.03     -0.01     0.03     1 
0130321108   40.89438    -72.63305     0.16      0.04     0.16     1 
0130321109   40.89363    -72.59640     0.04     -0.00     0.04     1 
0130321110   40.89286    -72.55975    -0.13      0.02     0.13     1 
0130321111   40.89207    -72.52310    -0.04      0.05     0.06     1 
0130321112   40.89128    -72.48645    -0.05     -0.00     0.05     1 
0130321113   40.89048    -72.44981    -0.08     -0.05     0.09     1 
0130321114   40.88966    -72.41316     0.04     -0.07     0.08     1 
0130321115   40.88883    -72.37652    -0.08     -0.00     0.08     1 
0130321139   40.89082    -74.24704    -0.13      0.01     0.13     1 
0130321140   40.89057    -74.21036    -0.06      0.11     0.13     1 
0130321141   40.89032    -74.17368    -0.00      0.04     0.04     1 
0130321142   40.89005    -74.13701    -0.03      0.09     0.09     1 
0130321143   40.88977    -74.10033     0.07      0.04     0.08     1 
0130321145   40.88917    -74.02698     0.10     -0.03     0.10     1 
0130321146   40.88886    -73.99031     0.15      0.04     0.15     1 
0130321147   40.88853    -73.95363     0.23     -0.01     0.23     1 
0130321149   40.88784    -73.88029     0.21      0.07     0.22     1 
0130321150   40.88748    -73.84361     0.12     -0.09     0.15     1 
0130321151   40.88711    -73.80694     0.23      0.00     0.23     1 
0130321152   40.88672    -73.77027    -0.16      0.02     0.16     1 
0130321156   40.88506    -73.62360     0.20     -0.03     0.21     1 
0130321157   40.88462    -73.58693     0.25      0.02     0.25     1 
0130321158   40.88417    -73.55026     0.30     -0.01     0.30     1 
0130321159   40.88370    -73.51360    -0.09      0.04     0.10     1 
0130321161   40.88273    -73.44027     0.32      0.07     0.33     1 
0130321162   40.88223    -73.40361     0.29      0.08     0.30     1 
0130321163   40.88171    -73.36695     0.02      0.05     0.05     1 
0130321164   40.88119    -73.33029     0.12     -0.03     0.13     1 
0130321165   40.88065    -73.29363     0.09      0.13     0.16     1 
0130321168   40.87897    -73.18366     0.23     -0.11     0.26     1 
0130321170   40.87779    -73.11035     0.19     -0.04     0.19     1 
0130321171   40.87719    -73.07370     0.11      0.01     0.12     1 
0130321172   40.87657    -73.03704     0.32      0.13     0.35     1 
0130321173   40.87594    -73.00039     0.16     -0.02     0.16     1 
0130321174   40.87530    -72.96374     0.24     -0.01     0.25     1 
0130321175   40.87465    -72.92709     0.25      0.01     0.25     1 
0130321176   40.87398    -72.89045     0.20     -0.05     0.21     1 
0130321177   40.87331    -72.85380     0.30     -0.00     0.30     1 
0130321178   40.87262    -72.81716     0.10     -0.07     0.12     1 
0130321179   40.87192    -72.78051     0.18     -0.13     0.22     1 
0130321180   40.87121    -72.74387     0.02     -0.03     0.03     1 
0130321181   40.87048    -72.70723     0.16      0.05     0.17     1 
0130321183   40.86900    -72.63395    -0.03      0.02     0.03     1 
0130321184   40.86825    -72.59731     0.09     -0.06     0.11     1 
0130321185   40.86748    -72.56068     0.10     -0.08     0.13     1 
0130321186   40.86669    -72.52405     0.04      0.07     0.08     1 
0130321187   40.86590    -72.48741    -0.13     -0.06     0.15     1 
0130321189   40.86428    -72.41415    -0.40      0.05     0.40     1 
0130321213   40.86565    -74.28399     0.12      0.09     0.14     1 
0130321214   40.86542    -74.24733     0.31     -0.01     0.31     1 
0130321216   40.86492    -74.17400     0.02      0.06     0.06     1 
0130321217   40.86465    -74.13734    -0.09      0.02     0.09     1 
0130321218   40.86437    -74.10067    -0.09      0.01     0.09     1 
0130321219   40.86408    -74.06401    -0.18      0.02     0.19     1 
0130321220   40.86377    -74.02735    -0.07      0.03     0.07     1 
0130321221   40.86346    -73.99069    -0.02      0.01     0.02     1 
0130321223   40.86279    -73.91737     0.07      0.01     0.08     1 
0130321224   40.86244    -73.88071     0.16     -0.06     0.17     1 
0130321225   40.86208    -73.84406    -0.01      0.06     0.06     1 
0130321226   40.86171    -73.80740    -0.08     -0.04     0.09     1 
0130321227   40.86132    -73.77074    -0.12     -0.14     0.19     1 
0130321228   40.86093    -73.73409    -0.05      0.04     0.07     1 
0130321230   40.86010    -73.66078    -0.20     -0.03     0.20     1 
0130321231   40.85967    -73.62412     0.03     -0.03     0.04     1 
0130321232   40.85923    -73.58747     0.36      0.07     0.37     1 
0130321233   40.85877    -73.55082     0.34     -0.02     0.34     1 
0130321234   40.85830    -73.51417     0.47      0.06     0.47     1 
0130321235   40.85783    -73.47752     0.31      0.10     0.32     1 
0130321236   40.85734    -73.44087     0.45     -0.01     0.45     1 
0130321237   40.85683    -73.40422     0.16     -0.07     0.17     1 
0130321238   40.85632    -73.36757     0.20      0.02     0.20     1 
0130321239   40.85580    -73.33093     0.21      0.00     0.21     1 
0130321240   40.85526    -73.29428     0.19     -0.10     0.22     1 
0130321243   40.85358    -73.18435     0.09      0.02     0.10     1 
0130321244   40.85300    -73.14771     0.16     -0.01     0.16     1 
0130321245   40.85241    -73.11107     0.21     -0.06     0.22     1 
0130321246   40.85180    -73.07443     0.23      0.04     0.24     1 
0130321247   40.85118    -73.03779     0.17     -0.07     0.19     1 
0130321248   40.85055    -73.00116     0.15     -0.05     0.16     1 
0130321249   40.84991    -72.96452     0.45      0.01     0.45     1 
0130321250   40.84926    -72.92789     0.15     -0.07     0.17     1 
0130321252   40.84792    -72.85462     0.17      0.03     0.17     1 
0130321253   40.84723    -72.81799     0.31      0.09     0.33     1 
0130321254   40.84653    -72.78136     0.24     -0.02     0.24     1 
0130321255   40.84582    -72.74473     0.12      0.09     0.15     1 
0130321258   40.84362    -72.63486    -0.08     -0.00     0.08     1 
0130321259   40.84286    -72.59823     0.20     -0.05     0.21     1 
0130321260   40.84210    -72.56161    -0.09     -0.04     0.10     1 
0130321261   40.84132    -72.52499    -0.21     -0.08     0.22     1 
0130321288   40.84025    -74.28426     0.23     -0.02     0.23     1 
0130321289   40.84002    -74.24761     0.33      0.02     0.33     1 
0130321290   40.83977    -74.21096     0.18     -0.01     0.19     1 
0130321291   40.83951    -74.17431     0.21     -0.00     0.21     1 
0130321292   40.83925    -74.13766    -0.00     -0.03     0.03     1 
0130321293   40.83897    -74.10102    -0.06     -0.11     0.12     1 
0130321294   40.83868    -74.06437    -0.10      0.06     0.12     1 
0130321295   40.83837    -74.02772    -0.17      0.08     0.19     1 
0130321296   40.83806    -73.99108     0.12     -0.01     0.12     1 
0130321298   40.83739    -73.91779     0.18     -0.16     0.24     1 
0130321299   40.83704    -73.88114     0.06     -0.10     0.12     1 
0130321300   40.83668    -73.84450    -0.09     -0.00     0.09     1 
0130321301   40.83631    -73.80785    -0.09     -0.05     0.11     1 
0130321302   40.83593    -73.77121    -0.16      0.11     0.19     1 
0130321303   40.83553    -73.73457    -0.17      0.01     0.17     1 
0130321304   40.83512    -73.69793    -0.08      0.04     0.09     1 
0130321305   40.83470    -73.66129    -0.04      0.02     0.04     1 
0130321306   40.83427    -73.62465     0.24      0.03     0.24     1 
0130321307   40.83383    -73.58801     0.22      0.04     0.23     1 
0130321308   40.83337    -73.55137     0.39     -0.02     0.39     1 
0130321309   40.83291    -73.51474     0.23     -0.01     0.23     1 
0130321310   40.83243    -73.47810     0.22     -0.09     0.24     1 
0130321311   40.83194    -73.44146     0.23     -0.03     0.24     1 
0130321312   40.83144    -73.40483     0.05      0.04     0.06     1 
0130321313   40.83093    -73.36820     0.21      0.25     0.33     1 
0130321315   40.82987    -73.29493     0.19      0.04     0.19     1 
0130321316   40.82932    -73.25830     0.17      0.06     0.18     1 
0130321317   40.82876    -73.22167     0.18     -0.01     0.18     1 
0130321318   40.82819    -73.18504     0.21      0.03     0.21     1 
0130321319   40.82761    -73.14842     0.14      0.01     0.14     1 
0130321320   40.82702    -73.11179     0.11      0.08     0.13     1 
0130321321   40.82641    -73.07516     0.21     -0.10     0.23     1 
0130321322   40.82579    -73.03854     0.13     -0.05     0.14     1 
0130321323   40.82516    -73.00192     0.19     -0.03     0.19     1 
0130321324   40.82452    -72.96530     0.22     -0.03     0.22     1 
0130321325   40.82387    -72.92868     0.05      0.13     0.14     1 
0130321326   40.82321    -72.89206     0.19      0.09     0.21     1 
0130321327   40.82253    -72.85544     0.28      0.12     0.30     1 
0130321328   40.82185    -72.81882     0.22     -0.04     0.23     1 
0130321329   40.82115    -72.78221     0.23      0.04     0.23     1 
0130321330   40.82044    -72.74559     0.19      0.06     0.20     1 
0130321331   40.81972    -72.70898     0.25      0.01     0.25     1 
0130321332   40.81898    -72.67237     0.09      0.00     0.09     1 
0130321333   40.81824    -72.63576     0.06      0.04     0.08     1 
0130321334   40.81748    -72.59915    -0.04      0.01     0.04     1 
0130321335   40.81671    -72.56254    -0.01     -0.10     0.11     1 
0130321363   40.81485    -74.28454     0.22      0.11     0.24     1 
0130321364   40.81462    -74.24790     0.45      0.08     0.45     1 
0130321365   40.81437    -74.21126     0.01      0.07     0.07     1 
0130321366   40.81411    -74.17463     0.18      0.04     0.18     1 
0130321367   40.81385    -74.13799     0.08      0.04     0.10     1 
0130321368   40.81357    -74.10136    -0.10     -0.05     0.11     1 
0130321369   40.81327    -74.06473    -0.13     -0.02     0.14     1 
0130321370   40.81297    -74.02809    -0.21     -0.00     0.21     1 
0130321371   40.81266    -73.99146    -0.12     -0.07     0.14     1 
0130321373   40.81199    -73.91820     0.10     -0.16     0.19     1 
0130321374   40.81164    -73.88157    -0.07     -0.00     0.07     1 
0130321375   40.81128    -73.84494    -0.16     -0.04     0.16     1 
0130321376   40.81091    -73.80831    -0.19      0.01     0.19     1 
0130321377   40.81053    -73.77168    -0.20      0.05     0.21     1 
0130321378   40.81013    -73.73505     0.10     -0.09     0.14     1 
0130321379   40.80972    -73.69843    -0.01     -0.10     0.10     1 
0130321380   40.80931    -73.66180     0.01     -0.09     0.09     1 
0130321381   40.80888    -73.62517     0.06      0.00     0.06     1 
0130321382   40.80843    -73.58855     0.32      0.04     0.32     1 
0130321383   40.80798    -73.55192     0.22      0.00     0.22     1 
0130321384   40.80751    -73.51530    -0.09      0.00     0.09     1 
0130321385   40.80704    -73.47868    -0.05      0.08     0.10     1 
0130321386   40.80655    -73.44206     0.27     -0.02     0.27     1 
0130321387   40.80605    -73.40544     0.23     -0.01     0.23     1 
0130321388   40.80553    -73.36882     0.23      0.04     0.24     1 
0130321389   40.80501    -73.33220     0.29      0.05     0.29     1 
0130321390   40.80448    -73.29558     0.17     -0.06     0.18     1 
0130321391   40.80393    -73.25897     0.12      0.01     0.12     1 
0130321392   40.80337    -73.22235    -0.02     -0.12     0.13     1 
0130321393   40.80280    -73.18574    -0.04      0.01     0.04     1 
0130321394   40.80222    -73.14912     0.08      0.03     0.08     1 
0130321395   40.80163    -73.11251     0.16     -0.11     0.20     1 
0130321396   40.80102    -73.07590     0.21     -0.03     0.21     1 
0130321397   40.80040    -73.03929     0.20      0.01     0.20     1 
0130321398   40.79978    -73.00268     0.12      0.01     0.12     1 
0130321399   40.79914    -72.96607     0.10     -0.04     0.11     1 
0130321401   40.79782    -72.89286     0.13     -0.02     0.13     1 
0130321402   40.79715    -72.85626     0.23      0.06     0.24     1 
0130321403   40.79646    -72.81965    -0.05     -0.02     0.05     1 
0130321404   40.79576    -72.78305     0.14     -0.00     0.14     1 
0130321405   40.79505    -72.74645    -0.17     -0.02     0.17     1 
0130321406   40.79433    -72.70985    -0.08      0.02     0.08     1 
0130321438   40.78945    -74.28481     0.30      0.07     0.31     1 
0130321439   40.78921    -74.24819     0.28     -0.01     0.28     1 
0130321440   40.78897    -74.21156     0.14      0.05     0.15     1 
0130321441   40.78871    -74.17494     0.22      0.01     0.22     1 
0130321442   40.78845    -74.13832     0.14     -0.07     0.16     1 
0130321443   40.78816    -74.10170    -0.24     -0.05     0.24     1 
0130321444   40.78787    -74.06508    -0.19      0.01     0.19     1 
0130321445   40.78757    -74.02846    -0.01      0.04     0.04     1 
0130321447   40.78693    -73.95523    -0.01     -0.09     0.09     1 
0130321448   40.78659    -73.91861    -0.15     -0.10     0.18     1 
0130321449   40.78625    -73.88199    -0.16     -0.04     0.17     1 
0130321450   40.78589    -73.84538    -0.14     -0.01     0.14     1 
0130321451   40.78551    -73.80876     0.05      0.02     0.05     1 
0130321452   40.78513    -73.77215    -0.13     -0.15     0.20     1 
0130321453   40.78473    -73.73553    -0.00      0.08     0.08     1 
0130321454   40.78433    -73.69892     0.22     -0.08     0.23     1 
0130321455   40.78391    -73.66231     0.08     -0.04     0.09     1 
0130321456   40.78348    -73.62570     0.14     -0.06     0.15     1 
0130321457   40.78304    -73.58909     0.25     -0.06     0.26     1 
0130321458   40.78258    -73.55248     0.14     -0.04     0.15     1 
0130321459   40.78212    -73.51587    -0.01     -0.11     0.11     1 
0130321460   40.78164    -73.47926     0.08     -0.14     0.16     1 
0130321461   40.78115    -73.44265    -0.07      0.02     0.07     1 
0130321462   40.78065    -73.40605    -0.09      0.15     0.17     1 
0130321463   40.78014    -73.36944     0.29      0.03     0.29     1 
0130321464   40.77962    -73.33284     0.07      0.03     0.07     1 
0130321465   40.77908    -73.29623     0.05     -0.06     0.07     1 
0130321467   40.77798    -73.22303     0.11     -0.05     0.13     1 
0130321468   40.77741    -73.18643     0.21     -0.05     0.22     1 
0130321469   40.77683    -73.14983     0.15     -0.02     0.16     1 
0130321470   40.77623    -73.11323     0.08     -0.08     0.11     1 
0130321471   40.77563    -73.07663    -0.07     -0.06     0.09     1 
0130321472   40.77501    -73.04004    -0.07      0.00     0.07     1 
0130321473   40.77439    -73.00344     0.00      0.06     0.06     1 
0130321474   40.77375    -72.96685     0.11     -0.01     0.11     1 
0130321475   40.77310    -72.93026     0.06      0.01     0.06     1 
0130321476   40.77244    -72.89366     0.04      0.01     0.04     1 
0130321478   40.77108    -72.82048    -0.04     -0.02     0.05     1 
0130321479   40.77038    -72.78390    -0.05     -0.04     0.06     1 
0130321480   40.76967    -72.74731     0.44     -0.18     0.48     1 
0130321513   40.76404    -74.28508    -0.01      0.01     0.01     1 
0130321514   40.76381    -74.24847     0.15     -0.01     0.15     1 
0130321515   40.76357    -74.21187    -0.01     -0.01     0.01     1 
0130321516   40.76331    -74.17526     0.05     -0.04     0.06     1 
0130321517   40.76304    -74.13865    -0.01     -0.01     0.01     1 
0130321518   40.76276    -74.10205    -0.07      0.04     0.09     1 
0130321519   40.76247    -74.06544    -0.18      0.20     0.27     1 
0130321520   40.76217    -74.02883    -0.03      0.01     0.03     1 
0130321521   40.76186    -73.99223     0.13     -0.28     0.31     1 
0130321524   40.76085    -73.88242    -0.08      0.05     0.10     1 
0130321525   40.76049    -73.84582    -0.10      0.00     0.10     1 
0130321528   40.75934    -73.73602     0.10     -0.04     0.10     1 
0130321529   40.75893    -73.69942     0.03     -0.03     0.05     1 
0130321530   40.75851    -73.66282     0.04      0.00     0.04     1 
0130321531   40.75808    -73.62622     0.02     -0.03     0.03     1 
0130321532   40.75764    -73.58962     0.05     -0.10     0.11     1 
0130321533   40.75719    -73.55303    -0.12      0.00     0.12     1 
0130321534   40.75672    -73.51643    -0.05      0.00     0.05     1 
0130321535   40.75624    -73.47984     0.01      0.02     0.02     1 
0130321536   40.75576    -73.44325     0.20      0.09     0.22     1 
0130321537   40.75526    -73.40665    -0.02      0.08     0.08     1 
0130321538   40.75475    -73.37006     0.35      0.03     0.36     1 
0130321539   40.75422    -73.33347    -0.06     -0.09     0.11     1 
0130321540   40.75369    -73.29688    -0.04     -0.06     0.07     1 
0130321541   40.75314    -73.26029     0.04     -0.08     0.09     1 
0130321542   40.75259    -73.22370     0.15      0.14     0.20     1 
0130321543   40.75202    -73.18712     0.21      0.04     0.21     1 
0130321544   40.75144    -73.15053    -0.01     -0.01     0.02     1 
0130321545   40.75084    -73.11395     0.06     -0.05     0.07     1 
0130321546   40.75024    -73.07736     0.13     -0.05     0.14     1 
0130321547   40.74963    -73.04078     0.21     -0.06     0.22     1 
0130321548   40.74900    -73.00420    -0.07     -0.01     0.07     1 
0130321549   40.74836    -72.96762    -0.00      0.02     0.02     1 
0130321550   40.74771    -72.93104    -0.12     -0.11     0.16     1 
0130321551   40.74705    -72.89446    -0.20     -0.11     0.22     1 
0130321552   40.74637    -72.85789    -0.16     -0.09     0.18     1 
0130321587   40.73886    -74.32195     0.04      0.09     0.10     1 
0130321588   40.73864    -74.28535     0.13      0.03     0.13     1 
0130321589   40.73841    -74.24876    -0.01      0.06     0.06     1 
0130321590   40.73817    -74.21216     0.05     -0.02     0.05     1 
0130321591   40.73791    -74.17557    -0.07      0.01     0.07     1 
0130321592   40.73764    -74.13898    -0.18     -0.02     0.18     1 
0130321593   40.73736    -74.10239    -0.11      0.02     0.11     1 
0130321594   40.73707    -74.06579     0.03     -0.12     0.13     1 
0130321595   40.73677    -74.02920    -0.14     -0.01     0.14     1 
0130321597   40.73613    -73.95602    -0.08     -0.12     0.14     1 
0130321598   40.73580    -73.91943    -0.08      0.09     0.13     1 
0130321600   40.73509    -73.84626    -0.04     -0.05     0.07     1 
0130321601   40.73472    -73.80967     0.04     -0.18     0.19     1 
0130321602   40.73433    -73.77308     0.13     -0.01     0.13     1 
0130321603   40.73394    -73.73650     0.09      0.00     0.09     1 
0130321605   40.73311    -73.66333     0.05     -0.07     0.09     1 
0130321606   40.73268    -73.62674     0.01      0.05     0.05     1 
0130321607   40.73224    -73.59016    -0.01      0.01     0.01     1 
0130321608   40.73179    -73.55358    -0.00     -0.04     0.04     1 
0130321609   40.73133    -73.51700     0.08     -0.01     0.08     1 
0130321610   40.73085    -73.48042    -0.14      0.04     0.14     1 
0130321611   40.73036    -73.44384     0.02     -0.09     0.09     1 
0130321612   40.72986    -73.40726     0.01      0.12     0.12     1 
0130321613   40.72935    -73.37068     0.05     -0.02     0.05     1 
0130321614   40.72883    -73.33410     0.04     -0.08     0.09     1 
0130321615   40.72830    -73.29753     0.16     -0.08     0.17     1 
0130321616   40.72775    -73.26095     0.05     -0.12     0.13     1 
0130321617   40.72719    -73.22438     0.01      0.01     0.01     1 
0130321618   40.72663    -73.18781     0.13     -0.06     0.14     1 
0130321619   40.72604    -73.15124    -0.06     -0.08     0.10     1 
0130321620   40.72545    -73.11467    -0.05     -0.01     0.05     1 
0130321621   40.72485    -73.07810    -0.15     -0.12     0.19     1 
0130321622   40.72424    -73.04153    -0.16      0.01     0.16     1 
0130321662   40.71346    -74.32220     0.13      0.02     0.13     1 
0130321663   40.71324    -74.28562     0.11      0.04     0.12     1 
0130321664   40.71301    -74.24904    -0.04     -0.07     0.08     1 
0130321665   40.71276    -74.21246     0.07     -0.11     0.13     1 
0130321666   40.71251    -74.17588    -0.12     -0.22     0.25     1 
0130321667   40.71224    -74.13931    -0.14     -0.02     0.14     1 
0130321668   40.71196    -74.10273    -0.20     -0.02     0.20     1 
0130321669   40.71167    -74.06615    -0.11     -0.07     0.13     1 
0130321670   40.71137    -74.02957    -0.15     -0.18     0.23     1 
0130321671   40.71106    -73.99300    -0.04     -0.11     0.12     1 
0130321673   40.71039    -73.91984    -0.04     -0.00     0.04     1 
0130321674   40.71005    -73.88327    -0.05     -0.05     0.07     1 
0130321675   40.70969    -73.84670     0.11      0.00     0.11     1 
0130321676   40.70932    -73.81012     0.06     -0.04     0.07     1 
0130321677   40.70893    -73.77355    -0.11     -0.01     0.11     1 
0130321678   40.70854    -73.73698     0.04     -0.03     0.05     1 
0130321679   40.70813    -73.70041     0.02      0.04     0.05     1 
0130321680   40.70772    -73.66384    -0.00     -0.06     0.06     1 
0130321682   40.70685    -73.59070     0.09     -0.02     0.09     1 
0130321683   40.70639    -73.55413     0.08     -0.18     0.20     1 
0130321684   40.70593    -73.51756     0.12     -0.18     0.21     1 
0130321685   40.70545    -73.48099     0.12     -0.05     0.13     1 
0130321686   40.70497    -73.44443     0.11     -0.02     0.11     1 
0130321687   40.70447    -73.40786     0.02      0.01     0.02     1 
0130321688   40.70396    -73.37130     0.14      0.03     0.15     1 
0130321689   40.70344    -73.33474    -0.01     -0.06     0.06     1 
0130321690   40.70290    -73.29818     0.03      0.02     0.03     1 
0130321691   40.70236    -73.26161    -0.03     -0.02     0.04     1 
0130321692   40.70180    -73.22505    -0.23     -0.08     0.24     1 
0130321693   40.70123    -73.18850     0.01      0.02     0.02     1 
0130321694   40.70065    -73.15194    -0.11     -0.08     0.14     1 
0130321737   40.68806    -74.32246     0.09      0.07     0.11     1 
0130321738   40.68784    -74.28589     0.20      0.11     0.23     1 
0130321739   40.68760    -74.24933     0.24     -0.07     0.25     1 
0130321740   40.68736    -74.21276    -0.03      0.05     0.06     1 
0130321741   40.68711    -74.17620    -0.14      0.02     0.14     1 
0130321742   40.68684    -74.13963    -0.11      0.13     0.18     1 
0130321743   40.68656    -74.10307    -0.05     -0.04     0.06     1 
0130321744   40.68627    -74.06651    -0.16     -0.01     0.16     1 
0130321745   40.68597    -74.02994    -0.12     -0.18     0.22     1 
0130321746   40.68566    -73.99338    -0.17      0.04     0.17     1 
0130321747   40.68533    -73.95682     0.04      0.01     0.04     1 
0130321749   40.68465    -73.88369     0.04     -0.01     0.04     1 
0130321750   40.68429    -73.84713    -0.06      0.00     0.06     1 
0130321752   40.68353    -73.77402     0.22     -0.21     0.31     1 
0130321753   40.68314    -73.73746     0.03     -0.04     0.05     1 
0130321754   40.68274    -73.70090     0.01      0.06     0.06     1 
0130321755   40.68232    -73.66434     0.04     -0.00     0.04     1 
0130321756   40.68189    -73.62779     0.11     -0.04     0.12     1 
0130321757   40.68145    -73.59123     0.17     -0.04     0.18     1 
0130321758   40.68100    -73.55468     0.23      0.01     0.23     1 
0130321759   40.68053    -73.51812     0.08      0.05     0.10     1 
0130321760   40.68006    -73.48157     0.12      0.03     0.13     1 
0130321762   40.67907    -73.40847     0.01     -0.05     0.06     1 
0130321763   40.67856    -73.37192     0.12     -0.07     0.14     1 
0130321764   40.67804    -73.33537    -0.09     -0.02     0.09     1 
0130321765   40.67751    -73.29882    -0.16      0.04     0.17     1 
0130321812   40.66265    -74.32272     0.05      0.09     0.11     1 
0130321813   40.66243    -74.28617     0.03     -0.02     0.03     1 
0130321814   40.66220    -74.24961     0.22      0.03     0.23     1 
0130321815   40.66196    -74.21306    -0.08     -0.01     0.09     1 
0130321816   40.66170    -74.17651    -0.07      0.04     0.08     1 
0130321817   40.66144    -74.13996     0.01      0.08     0.08     1 
0130321818   40.66116    -74.10341    -0.21      0.06     0.22     1 
0130321819   40.66087    -74.06686    -0.14      0.09     0.16     1 
0130321821   40.66025    -73.99376    -0.11     -0.04     0.11     1 
0130321822   40.65993    -73.95721     0.10     -0.08     0.13     1 
0130321824   40.65925    -73.88412    -0.00      0.05     0.05     1 
0130321825   40.65889    -73.84757    -0.17     -0.06     0.18     1 
0130321826   40.65852    -73.81103    -0.19      0.02     0.19     1 
0130321827   40.65814    -73.77448    -0.01     -0.04     0.04     1 
0130321828   40.65774    -73.73794    -0.10     -0.06     0.11     1 
0130321829   40.65734    -73.70139    -0.06     -0.07     0.09     1 
0130321830   40.65692    -73.66485    -0.06     -0.01     0.06     1 
0130321831   40.65649    -73.62831     0.02      0.10     0.10     1 
0130321832   40.65605    -73.59177     0.09     -0.02     0.09     1 
0130321833   40.65560    -73.55522     0.03     -0.02     0.04     1 
0130321834   40.65514    -73.51869    -0.16      0.00     0.16     1 
0130321835   40.65466    -73.48215    -0.09     -0.04     0.10     1 
0130321836   40.65418    -73.44561    -0.11     -0.03     0.11     1 
0130321837   40.65368    -73.40907    -0.12     -0.02     0.12     1 
0130321838   40.65317    -73.37254    -0.15     -0.01     0.15     1 
0130321839   40.65265    -73.33600    -0.22      0.05     0.23     1 
0130321840   40.65212    -73.29947    -0.10      0.03     0.11     1 
0130321841   40.65157    -73.26293    -0.13     -0.05     0.14     1 
0130321842   40.65102    -73.22640    -0.11     -0.11     0.16     1 
0130321843   40.65045    -73.18987    -0.11      0.01     0.12     1 
0130321887   40.63725    -74.32298     0.16     -0.08     0.18     1 
0130321888   40.63703    -74.28644     0.15      0.08     0.17     1 
0130321889   40.63680    -74.24990     0.10      0.07     0.12     1 
0130321890   40.63656    -74.21336    -0.10      0.03     0.10     1 
0130321891   40.63630    -74.17682    -0.27      0.04     0.27     1 
0130321892   40.63603    -74.14029     0.05      0.04     0.06     1 
0130321893   40.63576    -74.10375     0.14     -0.06     0.15     1 
0130321895   40.63517    -74.03068     0.01     -0.09     0.09     1 
0130321898   40.63419    -73.92107    -0.14     -0.03     0.15     1 
0130321899   40.63385    -73.88454    -0.20     -0.05     0.20     1 
0130321900   40.63349    -73.84801    -0.29     -0.11     0.31     1 
0130321901   40.63312    -73.81148    -0.33     -0.15     0.36     1 
0130321902   40.63274    -73.77495    -0.12     -0.02     0.13     1 
0130321903   40.63234    -73.73841    -0.15     -0.06     0.16     1 
0130321904   40.63194    -73.70188     0.00     -0.07     0.07     1 
0130321905   40.63152    -73.66536    -0.18     -0.04     0.19     1 
0130321906   40.63109    -73.62883    -0.03     -0.07     0.07     1 
0130321907   40.63065    -73.59230    -0.10     -0.02     0.10     1 
0130321908   40.63020    -73.55577    -0.13      0.03     0.13     1 
0130321909   40.62974    -73.51925    -0.16     -0.01     0.16     1 
0130321910   40.62927    -73.48272    -0.09     -0.07     0.11     1 
0130321911   40.62878    -73.44620    -0.15     -0.05     0.16     1 
0130321912   40.62828    -73.40967    -0.10     -0.05     0.11     1 
0130321961   40.61206    -74.35976     0.30     -0.02     0.30     1 
0130321962   40.61185    -74.32323     0.03     -0.02     0.04     1 
0130321963   40.61163    -74.28671     0.05     -0.02     0.05     1 
0130321965   40.61115    -74.21366    -0.14      0.04     0.14     1 
0130321966   40.61090    -74.17713     0.02     -0.10     0.10     1 
0130321967   40.61063    -74.14061     0.13     -0.02     0.13     1 
0130321968   40.61035    -74.10409     0.08      0.06     0.10     1 
0130321970   40.60977    -74.03104     0.08      0.12     0.14     1 
0130321973   40.60880    -73.92148    -0.18     -0.02     0.18     1 
0130321974   40.60845    -73.88496    -0.24     -0.06     0.25     1 
0130321975   40.60809    -73.84844    -0.22     -0.07     0.23     1 
0130321976   40.60772    -73.81193    -0.21     -0.08     0.23     1 
0130321977   40.60734    -73.77541    -0.20     -0.00     0.20     1 
0130321978   40.60695    -73.73889    -0.05     -0.03     0.06     1 
0130321979   40.60654    -73.70238    -0.09     -0.03     0.09     1 
0130321980   40.60612    -73.66586    -0.13      0.01     0.13     1 
0130321981   40.60570    -73.62935    -0.17      0.09     0.19     1 
0130321982   40.60526    -73.59283    -0.18      0.00     0.18     1 
0130321983   40.60481    -73.55632    -0.13      0.05     0.14     1 
0130321984   40.60435    -73.51981    -0.08     -0.10     0.12     1 
0130322036   40.58665    -74.36000     0.22     -0.05     0.23     1 
0130322037   40.58644    -74.32349     0.23     -0.03     0.23     1 
0130322038   40.58622    -74.28698    -0.00     -0.02     0.02     1 
0130322039   40.58599    -74.25047    -0.27      0.01     0.27     1 
0130322040   40.58575    -74.21396    -0.11      0.04     0.12     1 
0130322041   40.58550    -74.17745    -0.22     -0.08     0.24     1 
0130322042   40.58523    -74.14094     0.39     -0.02     0.39     1 
0130322043   40.58495    -74.10443     0.16     -0.04     0.16     1 
0130322046   40.58405    -73.99490     0.05     -0.04     0.06     1 
0130322047   40.58373    -73.95840     0.01     -0.04     0.04     1 
0130322048   40.58339    -73.92189    -0.46      0.02     0.46     1 
0130322049   40.58305    -73.88538    -0.10      0.10     0.14     1 
0130322051   40.58232    -73.81238    -0.09     -0.04     0.10     1 
0130322111   40.56125    -74.36024     0.19     -0.15     0.25     1 
0130322112   40.56104    -74.32374     0.17      0.01     0.17     1 
0130322113   40.56082    -74.28725     0.08     -0.02     0.08     1 
0130322114   40.56059    -74.25075    -0.04      0.02     0.04     1 
0130322115   40.56035    -74.21425    -0.13     -0.14     0.18     1 
0130322116   40.56009    -74.17776    -0.07     -0.06     0.10     1 
0130322117   40.55983    -74.14126     0.16     -0.16     0.23     1 
0130322118   40.55955    -74.10477    -0.18     -0.23     0.29     1 
0130322186   40.53585    -74.36048     0.00     -0.02     0.02     1 
0130322187   40.53564    -74.32400     0.08     -0.21     0.22     1 
0130322188   40.53542    -74.28752     0.08     -0.12     0.14     1 
0130322189   40.53519    -74.25103    -0.08     -0.11     0.14     1 
0130322191   40.53469    -74.17807     0.34     -0.22     0.40     1 
0130322261   40.51044    -74.36073     0.03      0.08     0.08     1 
0130322262   40.51023    -74.32425     0.07      0.05     0.09     1 
0130322263   40.51002    -74.28778    -0.15      0.03     0.16     1 
0130322264   40.50978    -74.25132    -0.03     -0.03     0.05     1 
0130322265   40.50954    -74.21485    -0.21     -0.12     0.24     1 
0130322335   40.48523    -74.39742    -0.19     -0.04     0.20     1 
0130322336   40.48504    -74.36097    -0.10      0.11     0.15     1 
0130322337   40.48483    -74.32451     0.07     -0.22     0.23     1 
0130322338   40.48461    -74.28805     0.00     -0.13     0.13     1 
0130322411   40.45963    -74.36121    -0.01     -0.03     0.03     1 
0130322412   40.45943    -74.32476     0.19     -0.13     0.23     1 
0130322414   40.45898    -74.25188     0.06     -0.19     0.20     1 
0130322416   40.45848    -74.17900     0.02     -0.25     0.25     1 
0130322417   40.45822    -74.14256     0.17      0.08     0.19     1 
0130322485   40.43442    -74.39788     0.08     -0.04     0.09     1 
0130322486   40.43423    -74.36145    -0.03     -0.01     0.03     1 
0130322487   40.43402    -74.32502     0.02     -0.02     0.03     1 
0130322488   40.43380    -74.28859     0.01     -0.02     0.03     1 
0130322489   40.43357    -74.25216     0.12      0.01     0.12     1 
0130322490   40.43333    -74.21573    -0.14     -0.08     0.16     1 
0130322491   40.43308    -74.17931     0.04     -0.07     0.08     1 
0130322492   40.43282    -74.14288     0.04     -0.12     0.12     1 
0130322493   40.43254    -74.10645    -0.04     -0.21     0.21     1 
0130322496   40.43164    -73.99718    -0.25     -0.26     0.36     1 
0130322560   40.40902    -74.39810     0.24      0.01     0.24     1 
0130322561   40.40883    -74.36169    -0.09      0.04     0.10     1 
0130322562   40.40862    -74.32527     0.12     -0.06     0.13     1 
0130322563   40.40840    -74.28886     0.29     -0.05     0.29     1 
0130322564   40.40817    -74.25244     0.16     -0.13     0.20     1 
0130322565   40.40793    -74.21603     0.06     -0.06     0.08     1 
0130322566   40.40768    -74.17961     0.29      0.01     0.29     1 
0130322567   40.40741    -74.14320     0.27      0.09     0.29     1 
0130322568   40.40714    -74.10679     0.32      0.05     0.33     1 
0130322569   40.40685    -74.07038     0.38     -0.12     0.40     1 
0130322570   40.40655    -74.03396     0.11     -0.02     0.11     1 
0130322571   40.40624    -73.99755    -0.07      0.00     0.07     1 
0130322635   40.38362    -74.39833     0.12      0.10     0.16     1 
0130322636   40.38342    -74.36193     0.27     -0.05     0.27     1 
0130322637   40.38321    -74.32553     0.22      0.04     0.23     1 
0130322639   40.38277    -74.25272     0.43     -0.08     0.44     1 
0130322640   40.38253    -74.21632     0.34     -0.13     0.36     1 
0130322641   40.38227    -74.17992     0.27     -0.11     0.29     1 
0130322642   40.38201    -74.14352     0.39     -0.12     0.41     1 
0130322643   40.38173    -74.10712     0.27     -0.12     0.29     1 
0130322644   40.38145    -74.07073     0.31     -0.14     0.34     1 
0130322645   40.38115    -74.03433     0.06     -0.13     0.14     1 
0130322646   40.38084    -73.99793    -0.17     -0.10     0.20     1 
0130322709   40.35840    -74.43494     0.25     -0.03     0.26     1 
0130322710   40.35821    -74.39856     0.30      0.02     0.30     1 
0130322711   40.35802    -74.36217     0.30     -0.08     0.30     1 
0130322712   40.35781    -74.32578     0.33      0.03     0.33     1 
0130322715   40.35712    -74.21662     0.43     -0.09     0.44     1 
0130322716   40.35687    -74.18023     0.28     -0.04     0.28     1 
0130322717   40.35661    -74.14384     0.23     -0.05     0.24     1 
0130322718   40.35633    -74.10746     0.37     -0.04     0.37     1 
0130322719   40.35605    -74.07107    -0.14     -0.10     0.17     1 
0130322720   40.35575    -74.03469     0.20     -0.07     0.21     1 
0130322721   40.35544    -73.99831    -0.03     -0.07     0.08     1 
0130322784   40.33299    -74.43516     0.37     -0.07     0.38     1 
0130322785   40.33281    -74.39878     0.27      0.05     0.27     1 
0130322786   40.33261    -74.36241     0.38     -0.02     0.39     1 
0130322789   40.33196    -74.25328     0.24     -0.00     0.24     1 
0130322790   40.33172    -74.21691     0.40     -0.06     0.40     1 
0130322791   40.33147    -74.18054     0.20      0.01     0.20     1 
0130322792   40.33120    -74.14417     0.05     -0.05     0.07     1 
0130322793   40.33093    -74.10779     0.17     -0.03     0.17     1 
0130322794   40.33064    -74.07142     0.10     -0.03     0.11     1 
0130322795   40.33034    -74.03505     0.01     -0.11     0.11     1 
0130322796   40.33004    -73.99868    -0.08     -0.07     0.11     1 
0130322859   40.30759    -74.43537     0.33      0.08     0.34     1 
0130322860   40.30740    -74.39901     0.31     -0.05     0.31     1 
0130322861   40.30721    -74.36265     0.19      0.04     0.19     1 
0130322862   40.30700    -74.32628     0.29     -0.02     0.29     1 
0130322863   40.30678    -74.28992     0.25     -0.11     0.27     1 
0130322864   40.30656    -74.25356     0.45     -0.00     0.45     1 
0130322865   40.30631    -74.21720     0.23      0.05     0.23     1 
0130322866   40.30606    -74.18085     0.29     -0.07     0.30     1 
0130322867   40.30580    -74.14449     0.06     -0.05     0.08     1 
0130322868   40.30553    -74.10813     0.23     -0.11     0.25     1 
0130322869   40.30524    -74.07177     0.26     -0.02     0.26     1 
0130322870   40.30494    -74.03541     0.05     -0.03     0.06     1 
0130322871   40.30463    -73.99906    -0.07     -0.10     0.13     1 
0130322934   40.28218    -74.43558     0.40     -0.01     0.40     1 
0130322936   40.28180    -74.36288     0.34     -0.06     0.35     1 
0130322937   40.28160    -74.32654     0.25     -0.04     0.25     1 
0130322938   40.28138    -74.29019     0.15      0.02     0.15     1 
0130322939   40.28115    -74.25384     0.32      0.02     0.32     1 
0130322940   40.28091    -74.21750     0.15      0.04     0.16     1 
0130322941   40.28066    -74.18115     0.26      0.03     0.26     1 
0130322942   40.28040    -74.14481     0.44     -0.07     0.45     1 
0130322943   40.28012    -74.10846     0.22     -0.10     0.24     1 
0130322944   40.27984    -74.07212     0.24     -0.05     0.24     1 
0130322946   40.27923    -73.99943     0.06      0.01     0.06     1 
0130323009   40.25677    -74.43579     0.41      0.11     0.43     1 
0130323010   40.25659    -74.39946     0.21      0.01     0.21     1 
0130323011   40.25640    -74.36312     0.19      0.01     0.19     1 
0130323012   40.25619    -74.32679     0.12     -0.02     0.12     1 
0130323013   40.25597    -74.29045     0.04     -0.00     0.04     1 
0130323014   40.25575    -74.25412    -0.13      0.07     0.15     1 
0130323016   40.25525    -74.18146     0.24      0.05     0.24     1 
0130323017   40.25499    -74.14513     0.16     -0.09     0.18     1 
0130323018   40.25472    -74.10880     0.17      0.04     0.17     1 
0130323019   40.25443    -74.07247     0.31      0.04     0.31     1 
0130323020   40.25414    -74.03614     0.18     -0.01     0.19     1 
0130323021   40.25383    -73.99981     0.05     -0.12     0.13     1 
0130323083   40.23154    -74.47232     0.21     -0.03     0.21     1 
0130323084   40.23137    -74.43600     0.16     -0.09     0.18     1 
0130323085   40.23119    -74.39968     0.24     -0.03     0.24     1 
0130323086   40.23099    -74.36336     0.36      0.05     0.36     1 
0130323087   40.23079    -74.32704     0.12     -0.03     0.13     1 
0130323088   40.23057    -74.29072     0.14     -0.05     0.15     1 
0130323089   40.23034    -74.25440     0.14     -0.10     0.17     1 
0130323090   40.23010    -74.21808     0.33      0.08     0.34     1 
0130323091   40.22985    -74.18176     0.16      0.02     0.16     1 
0130323092   40.22959    -74.14545     0.23      0.01     0.23     1 
0130323094   40.22903    -74.07281     0.20     -0.06     0.20     1 
0130323095   40.22873    -74.03650     0.13     -0.07     0.15     1 
0130323158   40.20614    -74.47252     0.11     -0.05     0.12     1 
0130323159   40.20596    -74.43621     0.17      0.13     0.21     1 
0130323160   40.20578    -74.39991     0.25     -0.10     0.26     1 
0130323161   40.20559    -74.36360     0.25     -0.11     0.27     1 
0130323162   40.20538    -74.32729     0.37     -0.02     0.37     1 
0130323163   40.20517    -74.29099     0.42     -0.02     0.42     1 
0130323164   40.20494    -74.25468     0.30     -0.02     0.30     1 
0130323165   40.20470    -74.21837     0.33     -0.05     0.33     1 
0130323166   40.20445    -74.18207     0.32     -0.06     0.33     1 
0130323167   40.20419    -74.14577     0.34     -0.05     0.34     1 
0130323168   40.20391    -74.10946     0.21     -0.04     0.22     1 
0130323169   40.20363    -74.07316     0.24      0.03     0.24     1 
0130323170   40.20333    -74.03686    -0.00     -0.01     0.01     1 
0130323233   40.18073    -74.47272     0.26      0.04     0.27     1 
0130323234   40.18056    -74.43642     0.31     -0.03     0.31     1 
0130323235   40.18038    -74.40013     0.28     -0.02     0.28     1 
0130323236   40.18018    -74.36383     0.10     -0.05     0.12     1 
0130323237   40.17998    -74.32754     0.21     -0.11     0.24     1 
0130323238   40.17976    -74.29125     0.31     -0.13     0.33     1 
0130323239   40.17953    -74.25496     0.28      0.01     0.28     1 
0130323240   40.17929    -74.21867    -0.00      0.04     0.04     1 
0130323241   40.17904    -74.18237     0.26     -0.02     0.26     1 
0130323242   40.17878    -74.14608     0.16     -0.06     0.17     1 
0130323243   40.17851    -74.10979     0.25     -0.20     0.33     1 
0130323244   40.17822    -74.07350     0.22     -0.09     0.24     1 
0130323245   40.17793    -74.03722    -0.01     -0.12     0.12     1 
0130323308   40.15532    -74.47291     0.27      0.03     0.27     1 
0130323309   40.15515    -74.43663     0.47     -0.01     0.47     1 
0130323310   40.15497    -74.40035     0.15     -0.11     0.19     1 
0130323311   40.15478    -74.36407     0.12      0.03     0.13     1 
0130323312   40.15457    -74.32779     0.18      0.05     0.18     1 
0130323313   40.15436    -74.29151     0.30      0.00     0.30     1 
0130323314   40.15413    -74.25524     0.18     -0.09     0.20     1 
0130323315   40.15389    -74.21896     0.18     -0.03     0.18     1 
0130323316   40.15364    -74.18268     0.37     -0.05     0.37     1 
0130323317   40.15338    -74.14640     0.22     -0.04     0.22     1 
0130323318   40.15310    -74.11013     0.15     -0.10     0.18     1 
0130323319   40.15282    -74.07385     0.29     -0.01     0.29     1 
0130323320   40.15252    -74.03757     0.04      0.01     0.04     1 
0130323383   40.12992    -74.47311     0.27      0.06     0.28     1 
0130323384   40.12975    -74.43684     0.04      0.00     0.04     1 
0130323387   40.12917    -74.32804     0.18     -0.11     0.21     1 
0130323388   40.12895    -74.29178     0.08      0.11     0.13     1 
0130323389   40.12872    -74.25551     0.30      0.07     0.31     1 
0130323390   40.12848    -74.21925     0.20     -0.07     0.21     1 
0130323391   40.12823    -74.18298     0.24     -0.05     0.24     1 
0130323392   40.12797    -74.14672     0.33     -0.04     0.33     1 
0130323393   40.12770    -74.11046     0.15      0.05     0.16     1 
0130323394   40.12742    -74.07419     0.20     -0.04     0.20     1 
0130323457   40.10467    -74.50956     0.30      0.06     0.31     1 
0130323458   40.10451    -74.47330     0.27      0.02     0.27     1 
0130323459   40.10434    -74.43705    -0.10      0.04     0.11     1 
0130323460   40.10416    -74.40080     0.05     -0.04     0.06     1 
0130323461   40.10397    -74.36455     0.38     -0.02     0.38     1 
0130323462   40.10376    -74.32829     0.29      0.00     0.29     1 
0130323464   40.10332    -74.25579     0.37      0.05     0.37     1 
0130323465   40.10308    -74.21954     0.19      0.02     0.20     1 
0130323466   40.10283    -74.18329     0.22     -0.05     0.23     1 
0130323467   40.10257    -74.14704     0.18     -0.08     0.20     1 
0130323468   40.10230    -74.11079     0.28      0.01     0.28     1 
0130323469   40.10201    -74.07454     0.18     -0.16     0.24     1 
0130323470   40.10172    -74.03829    -0.07     -0.28     0.29     1 
0130323532   40.07926    -74.50974     0.31     -0.11     0.32     1 
0130323533   40.07910    -74.47350     0.39     -0.07     0.40     1 
0130323534   40.07894    -74.43726     0.20      0.01     0.20     1 
0130323535   40.07875    -74.40102     0.14      0.08     0.16     1 
0130323536   40.07856    -74.36478     0.23      0.10     0.25     1 
0130323537   40.07836    -74.32854    -0.15      0.03     0.16     1 
0130323538   40.07814    -74.29230     0.17      0.02     0.17     1 
0130323539   40.07791    -74.25607     0.38      0.04     0.38     1 
0130323540   40.07767    -74.21983     0.04      0.05     0.06     1 
0130323541   40.07742    -74.18359    -0.10      0.02     0.10     1 
0130323542   40.07716    -74.14736     0.18      0.01     0.18     1 
0130323544   40.07661    -74.07488     0.15     -0.05     0.16     1 
0130323545   40.07631    -74.03865    -0.07     -0.22     0.23     1 
0130323607   40.05386    -74.50992     0.22      0.04     0.23     1 
0130323608   40.05370    -74.47370     0.22     -0.04     0.22     1 
0130323609   40.05353    -74.43747    -0.04      0.08     0.09     1 
0130323610   40.05335    -74.40124    -0.08      0.09     0.12     1 
0130323611   40.05315    -74.36502     0.11     -0.01     0.12     1 
0130323612   40.05295    -74.32879    -0.01      0.17     0.17     1 
0130323613   40.05273    -74.29257     0.17     -0.12     0.21     1 
0130323615   40.05227    -74.22012     0.17      0.05     0.18     1 
0130323616   40.05202    -74.18390    -0.03      0.02     0.03     1 
0130323617   40.05176    -74.14767     0.02     -0.02     0.02     1 
0130323618   40.05149    -74.11145    -0.04      0.06     0.07     1 
0130323619   40.05120    -74.07523    -0.12     -0.03     0.13     1 
0130323682   40.02845    -74.51010     0.03     -0.00     0.03     1 
0130323683   40.02829    -74.47389    -0.11      0.00     0.11     1 
0130323684   40.02812    -74.43768     0.10      0.02     0.10     1 
0130323685   40.02794    -74.40147     0.08      0.04     0.09     1 
0130323686   40.02775    -74.36525     0.01      0.09     0.09     1 
0130323687   40.02754    -74.32904    -0.02     -0.00     0.02     1 
0130323688   40.02733    -74.29283     0.12      0.12     0.17     1 
0130323689   40.02710    -74.25662     0.16     -0.07     0.18     1 
0130323690   40.02687    -74.22041     0.31     -0.04     0.32     1 
0130323691   40.02661    -74.18420     0.28     -0.02     0.28     1 
0130323692   40.02636    -74.14799     0.09     -0.05     0.10     1 
0130323693   40.02608    -74.11178    -0.05      0.03     0.06     1 
0130323694   40.02580    -74.07557    -0.07     -0.05     0.09     1 
0130323756   40.00319    -74.54649     0.05     -0.02     0.05     1 
0130323758   40.00289    -74.47409     0.02     -0.02     0.03     1 
0130323759   40.00272    -74.43789     0.01     -0.04     0.04     1 
0130323760   40.00254    -74.40169     0.13     -0.02     0.14     1 
0130323761   40.00234    -74.36549     0.16     -0.05     0.16     1 
0130323762   40.00214    -74.32929    -0.12     -0.02     0.12     1 
0130323763   40.00192    -74.29309     0.22     -0.07     0.24     1 
0130323764   40.00170    -74.25690     0.05      0.09     0.11     1 
0130323765   40.00146    -74.22070     0.28      0.07     0.29     1 
0130323766   40.00121    -74.18450     0.46      0.04     0.46     1 
0130323767   40.00095    -74.14830    -0.07      0.07     0.10     1 
0130323768   40.00068    -74.11211    -0.07      0.01     0.07     1 
0130323769   40.00039    -74.07591    -0.09     -0.03     0.10     1 
0130323831   39.97778    -74.54666    -0.04     -0.03     0.05     1 
0130323832   39.97764    -74.51047     0.02     -0.10     0.10     1 
0130323833   39.97748    -74.47428     0.05     -0.05     0.07     1 
0130323834   39.97731    -74.43810     0.09     -0.04     0.10     1 
0130323835   39.97713    -74.40191     0.05      0.06     0.07     1 
0130323836   39.97694    -74.36572     0.12      0.04     0.13     1 
0130323837   39.97673    -74.32954     0.12      0.10     0.16     1 
0130323838   39.97652    -74.29335    -0.08     -0.05     0.09     1 
0130323839   39.97629    -74.25717    -0.05      0.05     0.06     1 
0130323842   39.97554    -74.14862     0.26      0.05     0.26     1 
0130323843   39.97527    -74.11244    -0.03     -0.09     0.09     1 
0130323906   39.95238    -74.54682    -0.09     -0.02     0.09     1 
0130323907   39.95223    -74.51065     0.11     -0.06     0.12     1 
0130323908   39.95207    -74.47448     0.13      0.07     0.14     1 
0130323909   39.95190    -74.43830     0.05      0.03     0.06     1 
0130323910   39.95172    -74.40213     0.13     -0.06     0.15     1 
0130323911   39.95153    -74.36596     0.08     -0.09     0.12     1 
0130323912   39.95133    -74.32979    -0.02     -0.41     0.41     1 
0130323913   39.95111    -74.29362     0.16     -0.12     0.21     1 
0130323916   39.95040    -74.18510     0.15      0.02     0.15     1 
0130323917   39.95014    -74.14893    -0.02      0.18     0.18     1 
0130323918   39.94987    -74.11276    -0.05     -0.02     0.05     1 
0130323919   39.94959    -74.07660    -0.04     -0.04     0.06     1 
0130323981   39.92697    -74.54699     0.20     -0.02     0.20     1 
0130323982   39.92682    -74.51083     0.14     -0.22     0.26     1 
0130323983   39.92667    -74.47467     0.30      0.04     0.30     1 
0130323984   39.92650    -74.43851     0.17     -0.15     0.23     1 
0130323985   39.92632    -74.40235     0.12     -0.13     0.18     1 
0130323986   39.92612    -74.36619     0.00     -0.08     0.08     1 
0130323987   39.92592    -74.33003    -0.10      0.15     0.18     1 
0130323988   39.92571    -74.29388     0.32      0.12     0.35     1 
0130323989   39.92548    -74.25772     0.06      0.06     0.09     1 
0130323990   39.92524    -74.22156     0.02     -0.06     0.06     1 
0130323993   39.92446    -74.11309    -0.09     -0.06     0.10     1 
0130324056   39.90156    -74.54716     0.03     -0.03     0.04     1 
0130324057   39.90142    -74.51101     0.08      0.05     0.10     1 
0130324058   39.90126    -74.47486     0.14     -0.08     0.16     1 
0130324059   39.90109    -74.43872     0.41      0.03     0.41     1 
0130324060   39.90091    -74.40257     0.24      0.24     0.34     1 
0130324062   39.90051    -74.33028     0.03      0.01     0.03     1 
0130324063   39.90030    -74.29414    -0.02      0.03     0.04     1 
0130324065   39.89984    -74.22185     0.11     -0.01     0.11     1 
0130324069   39.89878    -74.07728    -0.03      0.01     0.03     1 
0130324130   39.87629    -74.58346     0.25     -0.02     0.25     1 
0130324131   39.87616    -74.54733    -0.15     -0.01     0.15     1 
0130324132   39.87601    -74.51119     0.21      0.06     0.22     1 
0130324134   39.87568    -74.43893     0.17     -0.01     0.17     1 
0130324135   39.87550    -74.40279     0.08     -0.23     0.25     1 
0130324136   39.87531    -74.36666    -0.02      0.11     0.11     1 
0130324137   39.87511    -74.33053     0.11     -0.01     0.11     1 
0130324138   39.87489    -74.29440    -0.01      0.15     0.15     1 
0130324139   39.87467    -74.25827    -0.07     -0.13     0.15     1 
0130324144   39.87337    -74.07762    -0.06     -0.03     0.07     1 
0130324205   39.85088    -74.58361     0.22      0.08     0.23     1 
0130324206   39.85075    -74.54749     0.15      0.05     0.16     1 
0130324207   39.85060    -74.51137     0.27      0.03     0.27     1 
0130324209   39.85028    -74.43913     0.19      0.04     0.20     1 
0130324210   39.85010    -74.40301     0.18      0.02     0.18     1 
0130324211   39.84990    -74.36689     0.01     -0.00     0.01     1 
0130324212   39.84970    -74.33078     0.35     -0.12     0.37     1 
0130324217   39.84852    -74.15019    -0.10      0.04     0.11     1 
0130324280   39.82548    -74.58376     0.13      0.16     0.21     1 
0130324281   39.82534    -74.54766     0.05      0.03     0.06     1 
0130324282   39.82520    -74.51155     0.03      0.10     0.10     1 
0130324283   39.82504    -74.47545     0.20      0.09     0.22     1 
0130324284   39.82487    -74.43934     0.05      0.07     0.09     1 
0130324285   39.82469    -74.40323     0.17     -0.03     0.17     1 
0130324286   39.82450    -74.36713     0.10      0.02     0.11     1 
0130324289   39.82386    -74.25881     0.08     -0.06     0.10     1 
0130324290   39.82362    -74.22271    -0.02      0.01     0.02     1 
0130324291   39.82337    -74.18661    -0.03      0.02     0.04     1 
0130324292   39.82311    -74.15050    -0.09      0.20     0.22     1 
0130324355   39.80007    -74.58392     0.10      0.08     0.12     1 
0130324356   39.79993    -74.54783     0.13      0.01     0.13     1 
0130324357   39.79979    -74.51173     0.07     -0.21     0.22     1 
0130324358   39.79963    -74.47564     0.07     -0.05     0.08     1 
0130324359   39.79946    -74.43955    -0.14      0.25     0.29     1 
0130324360   39.79928    -74.40345    -0.06      0.05     0.08     1 
0130324361   39.79909    -74.36736     0.02      0.06     0.06     1 
0130324363   39.79867    -74.29518     0.20      0.10     0.23     1 
0130324365   39.79821    -74.22300     0.29     -0.01     0.29     1 
0130324366   39.79797    -74.18691     0.11     -0.07     0.13     1 
0130324368   39.79744    -74.11473    -0.02      0.04     0.05     1 
0130324430   39.77466    -74.58407     0.27      0.13     0.30     1 
0130324431   39.77453    -74.54799     0.05      0.21     0.22     1 
0130324432   39.77438    -74.51191    -0.17     -0.31     0.35     1 
0130324433   39.77422    -74.47583     0.02      0.05     0.06     1 
0130324434   39.77405    -74.43975     0.09      0.04     0.10     1 
0130324435   39.77387    -74.40367     0.07     -0.05     0.09     1 
0130324436   39.77368    -74.36759     0.16     -0.02     0.16     1 
0130324437   39.77348    -74.33151     0.30     -0.12     0.32     1 
0130324438   39.77327    -74.29544    -0.30     -0.12     0.32     1 
0130324440   39.77281    -74.22328     0.24      0.04     0.24     1 
0130324442   39.77230    -74.15113     0.04     -0.07     0.08     1 
0130324443   39.77203    -74.11505     0.12      0.07     0.13     1 
0130324505   39.74925    -74.58423     0.08      0.09     0.12     1 
0130324506   39.74912    -74.54816    -0.04      0.01     0.05     1 
0130324507   39.74897    -74.51209     0.14     -0.04     0.14     1 
0130324508   39.74882    -74.47602     0.31      0.15     0.34     1 
0130324509   39.74865    -74.43996    -0.01     -0.03     0.03     1 
0130324510   39.74847    -74.40389     0.10      0.06     0.12     1 
0130324511   39.74828    -74.36783     0.16     -0.07     0.18     1 
0130324513   39.74786    -74.29570     0.40      0.03     0.40     1 
0130324516   39.74715    -74.18750    -0.10      0.09     0.13     1 
0130324517   39.74690    -74.15144    -0.09     -0.13     0.16     1 
0130324580   39.72384    -74.58438    -0.06     -0.02     0.06     1 
0130324581   39.72371    -74.54832     0.08      0.03     0.09     1 
0130324582   39.72356    -74.51227     0.07      0.05     0.08     1 
0130324583   39.72341    -74.47622     0.14      0.30     0.33     1 
0130324584   39.72324    -74.44016     0.13      0.10     0.17     1 
0130324585   39.72306    -74.40411     0.12      0.06     0.13     1 
0130324586   39.72287    -74.36806    -0.08     -0.05     0.10     1 
0130324588   39.72245    -74.29595     0.03      0.02     0.04     1 
0130324591   39.72175    -74.18780     0.08      0.07     0.10     1 
0130324592   39.72149    -74.15175     0.06      0.10     0.12     1 
0130324654   39.69856    -74.62057     0.32      0.11     0.34     1 
0130324655   39.69844    -74.58453     0.18      0.14     0.22     1 
0130324656   39.69830    -74.54849    -0.02     -0.03     0.04     1 
0130324657   39.69816    -74.51245     0.16      0.09     0.19     1 
0130324658   39.69800    -74.47641    -0.11     -0.21     0.23     1 
0130324659   39.69783    -74.44037     0.14      0.11     0.17     1 
0130324660   39.69765    -74.40433    -0.01      0.08     0.08     1 
0130324661   39.69746    -74.36829     0.12      0.03     0.12     1 
0130324662   39.69726    -74.33225     0.08      0.09     0.12     1 
0130324664   39.69682    -74.26018     0.13     -0.02     0.13     1 
0130324665   39.69659    -74.22414     0.31      0.21     0.38     1 
0130324666   39.69634    -74.18810     0.02      0.10     0.10     1 
0130324667   39.69608    -74.15206    -0.05      0.04     0.07     1 
0130324731   39.67289    -74.54865     0.16      0.14     0.21     1 
0130324732   39.67275    -74.51263     0.00      0.03     0.03     1 
0130324735   39.67224    -74.40455     0.11      0.13     0.17     1 
0130324736   39.67205    -74.36852     0.15      0.08     0.17     1 
0130324737   39.67185    -74.33250     0.06     -0.14     0.15     1 
0130324740   39.67118    -74.22442     0.00      0.08     0.08     1 
0130324741   39.67094    -74.18840     0.04      0.14     0.15     1 
0130324812   39.64644    -74.33274     0.07      0.10     0.12     1 
0130324813   39.64623    -74.29673     0.13      0.14     0.19     1 
0130324814   39.64601    -74.26072     0.06      0.10     0.12     1 
0130324815   39.64577    -74.22471     0.07      0.01     0.07     1 
0130324816   39.64553    -74.18869    -0.05     -0.09     0.10     1 
----------------------------------------------------------------------
---------------------------------------------------
Total correlated GCPs in Upper Left Quadrant: 594

GCP statistics this quadrant only (in Pixels)
Line residual statistics:
  Mean: 0.067
  Median: 0.076
  Standard Deviation: 0.163

Sample residual statistics:
  Mean: 0.001
  Median: -0.003
  Standard Deviation: 0.083

Quadrant RMSE: 0.195

---------------------------------------------------
Total correlated GCPs in Upper Right Quadrant: 186

GCP statistics this quadrant only (in Pixels)
Line residual statistics:
  Mean: 0.064
  Median: 0.067
  Standard Deviation: 0.166

Sample residual statistics:
  Mean: -0.018
  Median: -0.015
  Standard Deviation: 0.064

Quadrant RMSE: 0.190

---------------------------------------------------
Total correlated GCPs in Lower Left Quadrant: 357

GCP statistics this quadrant only (in Pixels)
Line residual statistics:
  Mean: 0.135
  Median: 0.136
  Standard Deviation: 0.145

Sample residual statistics:
  Mean: -0.008
  Median: -0.010
  Standard Deviation: 0.086

Quadrant RMSE: 0.216

---------------------------------------------------
Total correlated GCPs in Lower Right Quadrant: 0

GCP statistics this quadrant only (in Pixels)
Line residual statistics:
  Mean: 0.000
  Median: 0.000
  Standard Deviation: 0.000

Sample residual statistics:
  Mean: 0.000
  Median: 0.000
  Standard Deviation: 0.000

Quadrant RMSE: 0.000

---------------------------------------------------
---------------------------------------------------
Total correlated GCPs in scene: 1137

GCP statistics entire scene (in Pixels)
Line residual statistics:
  Mean: 0.088
  Median: 0.094
  Standard Deviation: 0.161

Sample residual statistics:
  Mean: -0.005
  Median: -0.006
  Standard Deviation: 0.082

Scene RMSE: 0.201

