Sat. Sep. 24, 2016             LANDSAT 5                 Time: 06:19
                         Image Assessment System
                           GCP Residual Report
----------------------------------------------------------------------------
WOID: L19921326            Path/Row: 013 / 032

L0R Reference Image: L51XXX1098248150100_HDF.162681118
Acquisition Date: Sep 05, 1998

Band Number:  5

GLS date for each WRS-2 path/row used:
Path  Row   Date
013   032   10-20-2000


Point_ID         Latitude  Longitude    Height       Across    Along    Residual  Residual
                                                      Scan      Scan      In y      in x
                                                    Residual  Residual    dir       dir
                   (deg)     (deg)     (meters)     (meters)  (meters)  (meters)  (meters)

0130320001_01   40.899350  -72.547400    -5.607       1.176     0.559     1.069     0.750
0130320003_01   40.797198  -72.637571   -32.354       3.578     4.664     2.748     5.202
0130320004_01   41.050400  -73.531986   -15.842       1.098     0.157     1.054     0.339
0130320005_01   40.837345  -73.132134    -7.643      -2.334    -3.205    -1.763    -3.551
0130320006_01   40.577940  -74.178956   -28.593       5.452    -0.818     5.507     0.109
0130320008_01   40.742508  -74.255819    36.008      -0.360     4.780    -1.164     4.651
0130320009_01   40.528315  -74.193730   -22.011      -1.997    -2.379    -1.573    -2.681
0130320010_01   40.471312  -74.278993    -4.971      -0.903    -0.482    -0.813    -0.626
0130320011_01   40.320072  -74.446563    15.000       1.942    -2.712     2.365    -2.347
0130320012_01   40.704794  -73.791026   -15.364       0.824    -2.705     1.264    -2.528
0130320014_01   41.031222  -73.762948    33.541      -2.126    -0.547    -2.007    -0.895
0130320015_01   40.849362  -73.315786    24.221      -5.227     2.661    -5.600     1.747
0130320016_01   40.246943  -74.117011    -0.020       4.337    -5.451     5.190    -4.643
0130320017_01   40.997453  -73.842051    24.670      -2.792     1.035    -2.929     0.552
0130320018_01   40.689480  -74.096283   -23.540       0.235     0.955     0.067     0.980
0130320019_01   40.348265  -74.045041   -22.951      -5.424    -2.437    -4.939    -3.314
0130320020_01   40.017080  -74.100998   -32.000       0.954    -0.983     1.103    -0.808
0130320021_01   40.830719  -73.926433   -25.000       0.355    -1.913     0.668    -1.826
0130320022_01   40.684149  -73.833291   -20.021      -1.940     1.296    -2.133     0.952
0130320023_01   40.627324  -74.207084   -29.527       2.036    -1.990     2.336    -1.620
0130320024_01   40.707930  -73.860221   -11.161      -1.057     2.016    -1.384     1.811
0130320025_01   40.799067  -73.664494    23.537       1.216    -3.112     1.719    -2.864
0130320026_01   40.761740  -73.733483    20.856      -1.869    -2.272    -1.464    -2.553
0130320027_01   40.706608  -73.311220   -27.502      -4.587     1.268    -4.736     0.481
0130320028_01   40.815703  -72.604548   -29.085      -0.754     0.323    -0.795     0.193
0130320029_01   40.857797  -73.395655    36.005      -1.939     1.176    -2.110     0.835
0130320030_01   40.813219  -72.576184   -27.298      -6.548    -4.749    -5.658    -5.782
0130320031_01   40.559868  -74.308164    -2.814       1.119    -0.216     1.134    -0.025
0130320032_01   40.761611  -73.377712    17.883      -2.942     0.981    -3.066     0.474
0130320033_01   40.949976  -72.368043    21.203       0.270     3.070    -0.245     3.074
0130320034_01   40.466811  -74.389095   -32.000       2.491    -4.290     3.172    -3.811
0130320035_01   40.997535  -73.674050    -2.958       0.057     0.060     0.044     0.069
0130320036_01   40.888862  -73.901991   -15.490      -0.433    -2.879     0.052    -2.910
0130320037_01   40.440476  -74.232983   -21.941      -0.939    -1.160    -0.735    -1.301
0130320038_01   40.672778  -74.004221   -30.000       2.381     2.672     1.893     3.034
0130320039_01   40.391259  -74.189358    51.326      -6.861     2.574    -7.200     1.384
0130320040_01   41.137758  -73.265178   -27.482       0.247    -1.395     0.477    -1.334
0130320041_01   40.663038  -73.913156   -23.863      -2.079     0.200    -2.087    -0.152
0130320042_01   40.929434  -72.332519   -24.015       3.934    -3.124     4.406    -2.419
0130320044_01   40.028130  -74.336771   -11.875       3.002    -3.606     3.563    -3.048
0130320045_01   40.832091  -72.510748   -29.489       6.531     5.524     5.517     6.546
0130320046_01   40.254409  -74.299644    18.888       1.748    -1.645     1.996    -1.327
0130320047_01   40.880966  -73.278311    13.341      -6.106     4.064    -6.702     2.983
0130320048_01   40.901465  -72.303373   -28.668      -1.479    -2.790    -0.987    -2.999
0130320050_01   39.798738  -74.181290   -31.000      -1.790     0.808    -1.904     0.495
0130320051_01   40.939614  -72.203474   -26.483      -1.269    -1.678    -0.966    -1.867
0130320052_01   39.950177  -74.537004   -11.575       1.992    -0.509     2.044    -0.166
0130320054_01   40.703019  -73.251655   -30.243       2.308    -0.851     2.418    -0.450
0130320055_01   40.651400  -74.099636   -31.000       3.766     1.213     3.503     1.828
0130320056_01   40.852614  -73.157330     5.136      -4.861     5.272    -5.677     4.383
0130320060_01   40.794862  -74.027647   -29.864       3.010    -2.841     3.440    -2.296
0130320061_01   41.083545  -73.462677   -15.734      -1.018    -0.294    -0.956    -0.460
0130320065_01   40.809518  -72.824205   -22.039      -3.904     3.236    -4.391     2.536
0130320066_01   40.928985  -74.139706   -20.218       3.717     0.227     3.621     0.846
0130320067_01   40.063206  -74.055365   -31.609       1.163    -1.079     1.325    -0.868
0130320070_01   40.916756  -72.264281   -26.107       1.413    -2.568     1.828    -2.294
0130320071_01   40.773303  -73.441769    28.159      -3.844     2.255    -4.169     1.579
0130320072_01   40.647365  -74.003179    17.815       0.367     5.148    -0.508     5.136
0130320073_01   40.943221  -72.577493   -28.992       4.477    -4.771     5.217    -3.952
0130320074_01   40.910900  -74.179838     3.081       0.673     0.561     0.564     0.665
0130320076_01   40.946991  -72.439437   -30.802       2.927     1.705     2.603     2.174
0130320077_01   40.950996  -72.171632   -30.218       2.310    -0.835     2.423    -0.434
0130320078_01   40.545627  -74.235682   -14.045       4.061     0.005     3.997     0.687
0130320079_01   40.881471  -74.043115   -29.200       0.688    -2.061     1.020    -1.917
0130320081_01   40.857971  -73.640532   -28.120       1.489     2.557     1.036     2.771
0130320083_01   40.853379  -73.922152   -30.795      -1.726    -2.215    -1.334    -2.472
0130320085_01   39.891523  -74.273525   -15.133       1.487     5.333     0.560     5.507
0130320086_01   40.056895  -74.111730   -31.615       1.978     0.124     1.925     0.456
0130320087_01   40.728748  -73.614036   -10.000       2.797    -1.898     3.073    -1.401
0130320089_01   39.737284  -74.496768    -4.243      -1.550     2.465    -1.949     2.168
0130320090_01   40.100594  -74.033378   -29.946       0.718    -1.241     0.913    -1.102
0130320091_01   40.964243  -72.562108   -21.427       3.390    -0.642     3.453    -0.063
0130320092_01   40.783988  -73.900165   -28.172       5.552    -0.975     5.633    -0.030
0130320095_01   40.575041  -73.575036   -32.953       6.493    -5.378     7.304    -4.210
0130320096_01   40.787516  -72.666357   -30.431       6.615     5.008     5.685     6.051
0130320097_01   40.439273  -74.345128   -24.866       0.911    -0.869     1.039    -0.703
0130320098_01   40.698016  -73.954843   -27.807      -1.706    -2.767    -1.221    -3.013
0130320099_01   40.019276  -74.452868    22.019      -0.765    -0.335    -0.702    -0.459
0130320100_01   40.993042  -74.038294   -10.698      -5.380     0.535    -5.397    -0.373
0130320101_01   40.629209  -73.748405   -29.343       1.605    -1.860     1.893    -1.564
0130320102_01   40.875895  -72.537230   -18.903      -1.301    -1.004    -1.112    -1.207
0130320103_01   40.822648  -73.960004   -32.000       1.818    -3.518     2.379    -3.163
0130320104_01   40.655550  -73.407608   -31.619       6.411    -1.477     6.567    -0.379
0130320105_01   40.241116  -74.248640     5.368      -2.868    -1.998    -2.494    -2.451
0130320107_01   39.758370  -74.095966   -33.773      -1.747    -2.266    -1.341    -2.528
0130320108_01   40.730650  -72.869760   -29.035      -3.771     4.760    -4.516     4.061
0130320109_01   40.669321  -73.349073   -30.091       1.157    -2.194     1.509    -1.968
0130320110_01   40.091202  -74.221786   -21.000       1.552    -1.847     1.837    -1.559
0130320111_01   40.738885  -74.160992   -25.810       1.433     1.404     1.172     1.624
0130320112_01   39.739329  -74.115471   -31.350       4.870    -2.742     5.260    -1.879
0130320113_01   40.731814  -73.492118    -4.000       3.734    -0.013     3.682     0.614
0130320114_01   40.607318  -74.061930   -16.425       1.809    -0.515     1.866    -0.204
0130320115_01   40.917360  -72.568463   -30.156       3.200     0.009     3.156     0.547
0130320116_01   40.702132  -73.671759   -17.716      -4.328    -0.046    -4.261    -0.771
0130320117_01   40.776091  -74.078402   -30.000       3.687    -0.870     3.776    -0.240
0130320118_01   39.862333  -74.318378    11.564       0.391    -1.049     0.558    -0.968
0130320119_01   40.563395  -74.225203   -30.000       4.260    -2.570     4.627    -1.818
0130320120_01   40.896528  -72.504059   -30.689      -0.457    -2.334    -0.056    -2.377
0130320121_01   40.680789  -73.435051   -27.000      -1.827     1.323    -2.025     0.998
0130320122_01   39.777713  -74.115680   -31.000      -1.712     3.394    -2.264     3.057
0130320123_01   39.852418  -74.381952    12.098      -2.021    -0.821    -1.857    -1.150
0130320124_01   41.024974  -72.446763   -29.799       6.575    -5.449     7.399    -4.269
0130320125_01   40.865481  -74.256936   115.831      -5.617     6.529    -6.636     5.494
0130320127_01   39.940846  -74.171874   -31.275      -1.858     0.182    -1.865    -0.134
0130320128_01   41.014471  -72.560613   -29.827       0.911     7.054    -0.281     7.110
0130320129_01   40.819865  -72.716444   -26.181      -2.082     0.156    -2.077    -0.194
0130320131_01   40.680451  -73.315076   -30.082       5.492    -3.018     5.921    -2.052
0130320132_01   40.661770  -73.865621   -31.124       1.251    -0.877     1.378    -0.654
0130320133_01   39.928397  -74.499233    -2.226      -2.474    -3.944    -1.777    -4.304
0130320134_01   40.956359  -72.248032   -20.000       1.780     1.163     1.564     1.447
0130320135_01   40.756389  -73.954640   -26.334      -0.798    -2.871    -0.308    -2.964
0130320136_01   40.975263  -72.339585    47.525      -4.864    -1.585    -4.528    -2.378
0130320137_01   40.719578  -73.948467   -28.586       0.832    -0.176     0.846    -0.034
0130320138_01   40.768890  -74.282184    68.379      -5.130     2.236    -5.437     1.344
0130320139_01   40.535371  -74.324711    27.678      -0.970     1.136    -1.152     0.956
0130320140_01   40.787891  -74.002503    -7.496       2.039    -4.073     2.690    -3.673
0130320141_01   39.760479  -74.550185    -8.647      -0.520     4.061    -1.205     3.915
0130320143_01   40.739764  -73.586449    -4.148       1.631    -0.571     1.702    -0.288
0130320144_01   40.567967  -74.109615   -28.000       1.093    -3.321     1.632    -3.090
0130320145_01   40.841022  -73.693899   -21.153      -1.742     2.056    -2.065     1.735
0130320146_01   40.359030  -74.260052    -3.216      -5.078     0.684    -5.125    -0.179
0130320147_01   40.693247  -74.129254   -27.591       3.926     2.268     3.484     2.894
0130320149_01   39.721836  -74.125495   -32.323       3.329     1.140     3.085     1.686
0130320150_01   40.915771  -73.406010   -29.813      -5.362    -0.206    -5.254    -1.102
0130320152_01   40.771222  -74.044699   -28.277       3.147    -1.102     3.283    -0.559
0130320153_01   39.912061  -74.191174   -20.784       2.926    -3.777     3.519    -3.229
0130320155_01   40.839914  -73.898529    -9.132      -1.003    -1.690    -0.709    -1.834
0130320157_01   39.763305  -74.513741    -9.916      -3.966     3.609    -4.524     2.888
0130320159_01   40.201374  -74.437308    54.059      -1.991     2.988    -2.471     2.609
0130320161_01   40.809960  -72.776533   -20.008      -1.178     3.434    -1.736     3.190
0130320162_01   40.900078  -72.383912   -17.865       1.359     0.196     1.311     0.423
0130320163_01   40.845585  -74.050038   -30.000      -0.478     2.483    -0.893     2.368
0130320164_01   40.899689  -74.090223   -19.733      -0.886     1.334    -1.102     1.167
0130320165_01   40.692493  -74.296142    -3.000      -1.009     2.559    -1.430     2.353
0130320166_01   40.016077  -74.184675   -12.000      -4.373     0.661    -4.425    -0.086
0130320167_01   40.916827  -72.727714   -19.271       2.827     0.209     2.755     0.681
0130320168_01   39.978490  -74.074451   -31.558       1.795    -3.468     2.351    -3.116
0130320169_01   39.921786  -74.081534   -32.589      -2.166    -0.633    -2.031    -0.989
0130320170_01   40.424301  -73.991981   -33.000       5.037    -1.879     5.278    -1.005
0130320171_01   39.990431  -74.314646    -9.384       4.428    -5.496     5.288    -4.670
0130320172_01   40.899444  -73.359390   -31.400      -0.025    -3.572     0.573    -3.525
0130320173_01   40.309954  -74.322725     2.801      -5.716     0.059    -5.648    -0.902
0130320174_01   40.937192  -73.491733   -31.420       0.171     4.282    -0.552     4.250
0130320176_01   40.926202  -72.616592   -30.518       4.627    -2.615     5.003    -1.800
0130320177_01   40.664484  -74.187478   -22.741       1.310     1.573     1.022     1.770
0130320178_01   40.705311  -73.925254   -25.051       1.901     0.209     1.835     0.525
0130320180_01   40.917522  -72.450905   -33.449       3.664     0.215     3.580     0.829
0130320181_01   39.928303  -74.234517   -25.016      -3.638    -1.102    -3.404    -1.700
0130320183_01   39.739425  -74.380511    -6.000      -4.978    -2.147    -4.547    -2.957
0130320184_01   40.774747  -72.716924   -29.608       5.717    -6.830     6.786    -5.774
0130320185_01   39.701100  -74.135905   -31.000       2.637     4.354     1.859     4.737
0130320192_01   39.654049  -74.170411   -31.072       5.606     3.854     4.870     4.746
0130320193_01   40.650922  -73.485425   -31.895       2.758    -0.737     2.841    -0.263
0130320195_01   39.780236  -74.379795     2.529      -4.676    -0.118    -4.592    -0.906
0130320196_01   40.812603  -74.016361   -29.000       2.618    -0.072     2.588     0.367
0130320198_01   40.705603  -73.816936   -13.366       2.312     2.228     1.902     2.585
0130320199_01   40.977429  -72.471774   -30.925      -3.370     5.780    -4.289     5.135
0130320200_01   40.747370  -74.103318   -30.000       4.793     1.476     4.471     2.259
0130320201_01   40.052140  -74.283781    -5.601      -3.211     0.743    -3.295     0.192
0130320203_01   41.122474  -73.547177    34.697      -0.666     2.627    -1.099     2.479
0130320204_01   40.769089  -74.152081    -0.606       0.619     2.644     0.161     2.710
0130320205_01   39.979539  -74.177731   -18.677      -4.358    -0.250    -4.257    -0.981
0130320206_01   41.060581  -73.657789    51.464      -6.554     4.102    -7.151     2.948
0130320207_01   40.793519  -73.936634   -29.778      -0.584     0.850    -0.722     0.740
0130320208_01   40.601214  -73.571644   -33.444      -0.347     0.851    -0.487     0.781
0130320210_01   39.810792  -74.434897     9.651       1.084    -4.899     1.893    -4.645
0130320211_01   40.675652  -73.495869   -26.000      -2.030     0.478    -2.083     0.130
0130320212_01   40.849862  -72.702959   -12.009      -2.659    -0.587    -2.522    -1.024
0130320213_01   39.685678  -74.502041   -18.889      -0.455     5.923    -1.456     5.760
0130320215_01   40.747555  -72.998914   -27.739       2.050    -2.011     2.359    -1.638
0130320217_01   40.885661  -72.344248   -28.139      -3.542    -1.187    -3.291    -1.764
0130320218_01   40.695822  -74.225091   -13.310       3.433     3.284     2.826     3.813
0130320219_01   40.947778  -72.936569    28.548      -3.971     1.732    -4.205     1.042
0130320220_01   40.475355  -74.321773   -29.128      -0.765    -2.942    -0.264    -3.029
0130320222_01   40.725609  -74.194195    -5.529      -0.239    -0.092    -0.225    -0.131
0130320223_01   40.057509  -74.157801   -23.011      -2.231    -0.261    -2.159    -0.633
0130320224_01   40.637419  -74.074636   -28.778       1.214    -4.080     1.879    -3.818
0130320226_01   40.717149  -73.426031   -15.000       0.192     1.833    -0.120     1.840
0130320227_01   39.679411  -74.330674   -24.707      -0.364     0.700    -0.481     0.628
0130320228_01   39.810248  -74.203935   -31.493      -2.717    -0.303    -2.630    -0.757
0130320229_01   40.991586  -72.603182   -24.030      -6.338     0.570    -6.343    -0.500
0130320230_01   40.939272  -72.701288   -17.136      -4.200    -2.442    -3.730    -3.112
0130320231_01   39.933407  -74.271678    -2.177      -2.434     2.180    -2.771     1.738
0130320233_01   40.641718  -73.167401   -29.004       1.596    -3.925     2.233    -3.600
0130320235_01   40.713223  -73.560018   -12.000      -4.356    -1.934    -3.971    -2.637
0130320238_01   40.852851  -73.983022    51.961      -1.449    -0.110    -1.414    -0.351
0130320239_01   40.908143  -73.234863   -32.000      -4.177    -3.124    -3.595    -3.780
0130320240_01   40.954851  -72.751360     2.228      -0.259     1.985    -0.587     1.915
0130320241_01   40.919174  -72.682748   -23.991      -0.585     0.551    -0.667     0.446
0130320243_01   39.781308  -74.554253    -7.748       3.844     2.118     3.425     2.736
0130320244_01   39.688325  -74.241723   -30.000      -6.041     3.878    -6.614     2.802
0130320245_01   40.858243  -72.571340   -21.524      -5.126    -2.637    -4.610    -3.460
0130320246_01   39.842550  -74.147108   -33.000       2.105     1.021     1.899     1.361
0130320248_01   40.759794  -72.767545   -29.822       0.306     2.169    -0.061     2.191
0130320249_01   40.704794  -74.193381   -29.595       2.651     0.188     2.576     0.630
0130320250_01   39.769614  -74.416319     0.927       0.122     1.073    -0.066     1.078
0130320251_01   40.868023  -73.011309    -3.641      -3.163     4.341    -3.847     3.750
0130320252_01   39.992080  -74.538829    -3.391       2.214    -1.796     2.480    -1.397
0130320253_01   40.929059  -72.902591     2.891      -4.223     2.049    -4.507     1.313
0130320256_01   40.877729  -73.984778   -28.275       1.812     1.352     1.555     1.636
0130320257_01   40.015122  -74.243039   -15.852       4.609     4.908     3.710     5.614
