==============================================================================
==============================================================================
Thu. Sep. 22 2016                  LANDSAT 5                       Time: 23:47
                            Image Assessment System
                            GEOMETRIC VERIFY Report
==============================================================================
Order ID: 0501609171697_07502                          Path / Row - 13 / 32
Reference Image: L51XXX1000190150100_HDF.L1G

Color mapping per rank
----------------------
Rank  1 is Green: total residual <= 0.5
Rank  2 is Cyan: 0.5 < total residual <=  1
Rank  3 is Blue:  1 < total residual <=  2
Rank  4 is Yellow:  2 < total residual <=  3
Rank  5 is Red:  3 < total residual

Percentage of residuals by rank
-------------------------------
Rank   1 -- 100.0%
Rank   2 --  0.0%
Rank   3 --  0.0%
Rank   4 --  0.0%
Rank   5 --  0.0%

       GCP    Latitude    Longitude  Sample   Line     Total    Rank
        ID                           Residual Residual Residual
              (Degree)    (Degree)   (Pixel)  (Pixel)  (Pixel)
----------------------------------------------------------------------
0130320016   41.27901    -74.14874     0.45      0.03     0.45     1 
0130320091   41.25334    -74.14907    -0.01      0.03     0.03     1 
0130320092   41.25306    -74.11183    -0.11      0.15     0.18     1 
0130320094   41.25246    -74.03736     0.23      0.21     0.32     1 
0130320095   41.25214    -74.00013     0.35      0.17     0.39     1 
0130320096   41.25181    -73.96289     0.02     -0.06     0.06     1 
0130320167   41.22739    -74.11218    -0.09      0.10     0.13     1 
0130320168   41.22710    -74.07496     0.10      0.10     0.14     1 
0130320170   41.22648    -74.00052     0.26      0.10     0.28     1 
0130320171   41.22615    -73.96330    -0.03      0.09     0.09     1 
0130320173   41.22545    -73.88886     0.29     -0.02     0.29     1 
0130320174   41.22509    -73.85165    -0.02     -0.08     0.08     1 
0130320175   41.22471    -73.81443     0.17      0.05     0.17     1 
0130320176   41.22432    -73.77721    -0.16      0.05     0.17     1 
0130320241   41.20200    -74.14974    -0.12      0.11     0.17     1 
0130320242   41.20172    -74.11253     0.03      0.04     0.05     1 
0130320243   41.20143    -74.07532    -0.14      0.15     0.21     1 
0130320244   41.20112    -74.03812     0.39      0.20     0.44     1 
0130320245   41.20081    -74.00091     0.21      0.23     0.31     1 
0130320246   41.20048    -73.96371     0.02      0.11     0.11     1 
0130320248   41.19978    -73.88930     0.01      0.11     0.11     1 
0130320249   41.19942    -73.85209     0.28      0.05     0.29     1 
0130320250   41.19904    -73.81489     0.37     -0.02     0.37     1 
0130320251   41.19865    -73.77769     0.29      0.08     0.30     1 
0130320252   41.19825    -73.74049     0.23     -0.01     0.23     1 
0130320253   41.19784    -73.70329     0.40      0.10     0.41     1 
0130320254   41.19741    -73.66609     0.39      0.06     0.40     1 
0130320255   41.19698    -73.62889     0.14      0.06     0.15     1 
0130320256   41.19653    -73.59169    -0.04      0.02     0.05     1 
0130320257   41.19607    -73.55449     0.21     -0.05     0.22     1 
0130320316   41.17633    -74.15007     0.21      0.07     0.22     1 
0130320317   41.17605    -74.11288    -0.12      0.16     0.20     1 
0130320318   41.17576    -74.07568     0.38      0.13     0.40     1 
0130320320   41.17514    -74.00130     0.38      0.13     0.40     1 
0130320321   41.17481    -73.96411    -0.02      0.12     0.12     1 
0130320323   41.17412    -73.88973     0.15      0.02     0.16     1 
0130320325   41.17338    -73.81535     0.29      0.03     0.29     1 
0130320326   41.17299    -73.77817     0.28      0.10     0.29     1 
0130320330   41.17131    -73.62942     0.25      0.04     0.25     1 
0130320331   41.17086    -73.59224     0.22      0.05     0.23     1 
0130320333   41.16993    -73.51788     0.28      0.02     0.28     1 
0130320334   41.16945    -73.48070     0.31      0.05     0.31     1 
0130320335   41.16895    -73.44352     0.19     -0.02     0.19     1 
0130320336   41.16844    -73.40634     0.22      0.05     0.22     1 
0130320337   41.16792    -73.36916     0.22     -0.06     0.23     1 
0130320390   41.15093    -74.18758     0.31      0.18     0.36     1 
0130320391   41.15066    -74.15040     0.13      0.05     0.14     1 
0130320392   41.15038    -74.11322     0.41      0.08     0.42     1 
0130320393   41.15009    -74.07604     0.39      0.14     0.42     1 
0130320395   41.14947    -74.00169     0.19      0.09     0.21     1 
0130320396   41.14914    -73.96451     0.11      0.03     0.11     1 
0130320397   41.14880    -73.92734     0.12      0.07     0.14     1 
0130320399   41.14808    -73.85299     0.17      0.13     0.21     1 
0130320401   41.14732    -73.77864     0.28      0.07     0.29     1 
0130320402   41.14692    -73.74147     0.27      0.11     0.29     1 
0130320404   41.14608    -73.66713     0.01      0.12     0.12     1 
0130320405   41.14565    -73.62996     0.31      0.07     0.32     1 
0130320406   41.14520    -73.59279     0.18      0.05     0.19     1 
0130320407   41.14474    -73.55562     0.13      0.20     0.24     1 
0130320408   41.14427    -73.51846     0.30      0.10     0.31     1 
0130320409   41.14378    -73.48129     0.22      0.03     0.22     1 
0130320410   41.14329    -73.44412     0.27      0.08     0.29     1 
0130320411   41.14278    -73.40696     0.23      0.05     0.24     1 
0130320412   41.14226    -73.36980     0.09     -0.01     0.09     1 
0130320413   41.14173    -73.33263     0.21      0.08     0.22     1 
0130320415   41.14063    -73.25831    -0.01     -0.01     0.01     1 
0130320416   41.14006    -73.22115    -0.19     -0.11     0.22     1 
0130320465   41.12526    -74.18790     0.32      0.09     0.33     1 
0130320466   41.12499    -74.15073     0.15      0.06     0.17     1 
0130320469   41.12412    -74.03924     0.15      0.06     0.16     1 
0130320470   41.12380    -74.00208     0.31      0.15     0.35     1 
0130320472   41.12313    -73.92776     0.34      0.02     0.34     1 
0130320476   41.12165    -73.77912     0.20      0.11     0.23     1 
0130320477   41.12125    -73.74196    -0.02      0.08     0.08     1 
0130320478   41.12084    -73.70480     0.20      0.07     0.21     1 
0130320479   41.12042    -73.66765     0.30      0.05     0.30     1 
0130320480   41.11998    -73.63049     0.30      0.10     0.32     1 
0130320481   41.11953    -73.59334     0.04      0.08     0.09     1 
0130320482   41.11907    -73.55618     0.10      0.11     0.15     1 
0130320483   41.11860    -73.51903     0.25      0.07     0.26     1 
0130320485   41.11762    -73.44473     0.35      0.09     0.36     1 
0130320486   41.11711    -73.40758     0.07      0.06     0.09     1 
0130320487   41.11660    -73.37043     0.05      0.03     0.06     1 
0130320488   41.11606    -73.33328    -0.17      0.05     0.18     1 
0130320490   41.11496    -73.25899    -0.26     -0.01     0.26     1 
0130320540   41.09959    -74.18821     0.18      0.05     0.18     1 
0130320541   41.09932    -74.15106     0.11      0.12     0.16     1 
0130320543   41.09875    -74.07676     0.41      0.11     0.43     1 
0130320544   41.09845    -74.03962     0.18      0.09     0.20     1 
0130320545   41.09813    -74.00247     0.05      0.10     0.12     1 
0130320546   41.09780    -73.96532     0.01      0.04     0.04     1 
0130320547   41.09746    -73.92817     0.11      0.01     0.11     1 
0130320550   41.09637    -73.81674     0.14      0.02     0.14     1 
0130320551   41.09599    -73.77960     0.21      0.01     0.21     1 
0130320552   41.09559    -73.74245    -0.23     -0.03     0.23     1 
0130320554   41.09475    -73.66817     0.28      0.01     0.28     1 
0130320555   41.09432    -73.63103     0.09     -0.04     0.10     1 
0130320556   41.09387    -73.59389     0.31      0.01     0.31     1 
0130320557   41.09341    -73.55675     0.26      0.05     0.26     1 
0130320558   41.09294    -73.51961     0.07      0.04     0.08     1 
0130320559   41.09246    -73.48247     0.25      0.06     0.26     1 
0130320560   41.09196    -73.44534     0.10      0.06     0.12     1 
0130320561   41.09145    -73.40820    -0.13      0.00     0.13     1 
0130320562   41.09093    -73.37107    -0.14      0.00     0.14     1 
0130320615   41.07392    -74.18853     0.35      0.10     0.36     1 
0130320616   41.07365    -74.15139     0.19      0.05     0.19     1 
0130320617   41.07337    -74.11426     0.20      0.08     0.22     1 
0130320618   41.07308    -74.07712     0.40      0.03     0.40     1 
0130320619   41.07278    -74.03999     0.40      0.05     0.41     1 
0130320620   41.07246    -74.00286     0.30     -0.05     0.30     1 
0130320621   41.07213    -73.96572     0.07      0.03     0.07     1 
0130320622   41.07180    -73.92859     0.07      0.05     0.08     1 
0130320623   41.07144    -73.89146    -0.02     -0.16     0.16     1 
0130320624   41.07108    -73.85433     0.10      0.07     0.12     1 
0130320625   41.07070    -73.81720     0.06      0.02     0.06     1 
0130320626   41.07032    -73.78007     0.21      0.10     0.23     1 
0130320627   41.06992    -73.74294     0.08     -0.00     0.08     1 
0130320628   41.06951    -73.70581     0.08     -0.03     0.09     1 
0130320629   41.06909    -73.66868     0.23      0.00     0.23     1 
0130320630   41.06865    -73.63156     0.29      0.00     0.29     1 
0130320631   41.06820    -73.59443     0.22      0.05     0.22     1 
0130320632   41.06774    -73.55731     0.12      0.02     0.12     1 
0130320633   41.06727    -73.52018    -0.02      0.01     0.02     1 
0130320634   41.06679    -73.48306     0.08      0.01     0.08     1 
0130320635   41.06630    -73.44594    -0.06     -0.00     0.06     1 
0130320636   41.06579    -73.40882    -0.12     -0.06     0.13     1 
0130320637   41.06527    -73.37170    -0.01     -0.06     0.06     1 
0130320689   41.04850    -74.22597     0.19      0.03     0.19     1 
0130320690   41.04825    -74.18884     0.33      0.12     0.35     1 
0130320691   41.04798    -74.15172     0.45      0.10     0.46     1 
0130320692   41.04770    -74.11460     0.12      0.08     0.14     1 
0130320693   41.04741    -74.07748     0.29      0.02     0.29     1 
0130320694   41.04711    -74.04036     0.35     -0.02     0.35     1 
0130320695   41.04679    -74.00324     0.25     -0.04     0.25     1 
0130320696   41.04646    -73.96613     0.26      0.04     0.26     1 
0130320697   41.04613    -73.92901     0.30      0.10     0.32     1 
0130320698   41.04577    -73.89189    -0.20     -0.02     0.20     1 
0130320699   41.04541    -73.85477     0.33      0.07     0.33     1 
0130320700   41.04504    -73.81766     0.32      0.00     0.32     1 
0130320701   41.04465    -73.78054     0.14      0.03     0.14     1 
0130320702   41.04425    -73.74343     0.19     -0.06     0.20     1 
0130320703   41.04384    -73.70632     0.20     -0.01     0.20     1 
0130320704   41.04342    -73.66920     0.19     -0.01     0.19     1 
0130320705   41.04298    -73.63209     0.24      0.06     0.24     1 
0130320706   41.04254    -73.59498     0.08     -0.04     0.09     1 
0130320707   41.04208    -73.55787    -0.01      0.01     0.01     1 
0130320708   41.04161    -73.52076    -0.02     -0.02     0.03     1 
0130320709   41.04113    -73.48365    -0.13     -0.02     0.13     1 
0130320711   41.04013    -73.40944     0.20     -0.17     0.26     1 
0130320734   41.02519    -72.55629    -0.00     -0.10     0.10     1 
0130320736   41.02359    -72.48214     0.02      0.03     0.03     1 
0130320737   41.02278    -72.44506    -0.26     -0.03     0.27     1 
0130320739   41.02111    -72.37092    -0.00     -0.00     0.00     1 
0130320764   41.02283    -74.22627     0.34      0.11     0.36     1 
0130320765   41.02258    -74.18916     0.26      0.14     0.30     1 
0130320766   41.02231    -74.15205     0.21      0.09     0.23     1 
0130320767   41.02203    -74.11495     0.35      0.20     0.40     1 
0130320768   41.02174    -74.07784     0.28      0.10     0.30     1 
0130320769   41.02144    -74.04073    -0.07      0.02     0.07     1 
0130320770   41.02112    -74.00363     0.21      0.04     0.22     1 
0130320772   41.02046    -73.92942     0.37      0.02     0.37     1 
0130320773   41.02011    -73.89232    -0.12      0.03     0.12     1 
0130320775   41.01937    -73.81812     0.38     -0.01     0.38     1 
0130320776   41.01898    -73.78102     0.13     -0.02     0.13     1 
0130320777   41.01859    -73.74392     0.33      0.01     0.33     1 
0130320778   41.01817    -73.70682     0.22     -0.01     0.22     1 
0130320779   41.01775    -73.66972     0.18      0.03     0.18     1 
0130320780   41.01732    -73.63262    -0.03     -0.01     0.03     1 
0130320781   41.01687    -73.59552    -0.12     -0.03     0.12     1 
0130320782   41.01641    -73.55843    -0.19     -0.04     0.19     1 
0130320783   41.01594    -73.52133    -0.17      0.01     0.17     1 
0130320809   40.99954    -72.55724    -0.10     -0.01     0.10     1 
0130320810   40.99875    -72.52018     0.02      0.01     0.03     1 
0130320811   40.99794    -72.48312    -0.23     -0.02     0.23     1 
0130320812   40.99713    -72.44606    -0.27     -0.09     0.29     1 
0130320814   40.99546    -72.37194    -0.32     -0.11     0.34     1 
0130320815   40.99461    -72.33488    -0.20     -0.11     0.23     1 
0130320816   40.99375    -72.29783    -0.24     -0.16     0.29     1 
0130320817   40.99287    -72.26078    -0.03     -0.14     0.14     1 
0130320818   40.99198    -72.22373     0.03     -0.01     0.03     1 
0130320819   40.99108    -72.18668     0.02     -0.07     0.07     1 
0130320839   40.99716    -74.22657     0.10      0.18     0.20     1 
0130320840   40.99691    -74.18947     0.33      0.12     0.35     1 
0130320841   40.99664    -74.15238     0.15      0.16     0.22     1 
0130320842   40.99636    -74.11529     0.18      0.16     0.25     1 
0130320843   40.99607    -74.07820     0.40      0.07     0.41     1 
0130320844   40.99577    -74.04111     0.22      0.10     0.25     1 
0130320845   40.99545    -74.00402     0.26      0.09     0.27     1 
0130320846   40.99513    -73.96693     0.38      0.01     0.38     1 
0130320847   40.99479    -73.92984     0.41      0.17     0.44     1 
0130320849   40.99408    -73.85566     0.34      0.02     0.34     1 
0130320850   40.99370    -73.81858     0.17      0.04     0.18     1 
0130320851   40.99332    -73.78149     0.28      0.03     0.28     1 
0130320852   40.99292    -73.74441     0.19      0.10     0.22     1 
0130320853   40.99251    -73.70732     0.24      0.04     0.24     1 
0130320854   40.99209    -73.67024    -0.03     -0.06     0.07     1 
0130320855   40.99165    -73.63315    -0.17     -0.01     0.17     1 
0130320869   40.98433    -73.11409     0.42      0.19     0.46     1 
0130320880   40.97693    -72.70640     0.25     -0.12     0.28     1 
0130320881   40.97619    -72.66934     0.12      0.00     0.12     1 
0130320884   40.97389    -72.55819    -0.00      0.02     0.02     1 
0130320885   40.97310    -72.52114    -0.27     -0.08     0.28     1 
0130320889   40.96981    -72.37296     0.03     -0.11     0.12     1 
0130320890   40.96896    -72.33592     0.21      0.02     0.21     1 
0130320891   40.96810    -72.29888    -0.02      0.00     0.02     1 
0130320892   40.96723    -72.26184     0.08     -0.02     0.08     1 
0130320893   40.96634    -72.22480     0.12     -0.06     0.14     1 
0130320894   40.96544    -72.18777    -0.04     -0.05     0.07     1 
0130320914   40.97149    -74.22687     0.03      0.15     0.15     1 
0130320915   40.97124    -74.18979     0.25      0.19     0.31     1 
0130320916   40.97097    -74.15271     0.17      0.09     0.19     1 
0130320917   40.97069    -74.11563     0.24      0.07     0.25     1 
0130320918   40.97040    -74.07856     0.14      0.06     0.15     1 
0130320919   40.97010    -74.04148     0.34     -0.02     0.34     1 
0130320920   40.96978    -74.00440    -0.01      0.03     0.04     1 
0130320921   40.96946    -73.96733     0.22      0.05     0.23     1 
0130320922   40.96912    -73.93025     0.42      0.08     0.42     1 
0130320924   40.96841    -73.85611     0.22      0.03     0.22     1 
0130320925   40.96803    -73.81903     0.25      0.12     0.28     1 
0130320926   40.96765    -73.78196     0.21      0.00     0.21     1 
0130320927   40.96725    -73.74489     0.20      0.05     0.20     1 
0130320928   40.96684    -73.70782     0.08      0.01     0.08     1 
0130320929   40.96642    -73.67075    -0.13     -0.04     0.14     1 
0130320936   40.96314    -73.41129     0.16      0.21     0.26     1 
0130320943   40.95927    -73.15187    -0.06      0.08     0.10     1 
0130320944   40.95867    -73.11481    -0.06     -0.02     0.06     1 
0130320945   40.95806    -73.07776    -0.02      0.10     0.10     1 
0130320946   40.95743    -73.04071    -0.03     -0.03     0.04     1 
0130320947   40.95680    -73.00366     0.16      0.03     0.16     1 
0130320948   40.95615    -72.96661     0.32      0.06     0.33     1 
0130320949   40.95549    -72.92956     0.25      0.07     0.26     1 
0130320950   40.95482    -72.89251     0.27     -0.02     0.27     1 
0130320951   40.95413    -72.85546     0.18     -0.00     0.18     1 
0130320952   40.95344    -72.81842     0.19     -0.03     0.19     1 
0130320953   40.95273    -72.78137     0.22      0.05     0.22     1 
0130320954   40.95201    -72.74433    -0.06      0.01     0.06     1 
0130320956   40.95054    -72.67025     0.24      0.03     0.24     1 
0130320957   40.94978    -72.63321     0.10     -0.01     0.10     1 
0130320958   40.94902    -72.59617     0.02      0.04     0.04     1 
0130320959   40.94824    -72.55913    -0.27     -0.01     0.27     1 
0130320962   40.94583    -72.44803    -0.09     -0.02     0.09     1 
0130320963   40.94501    -72.41100    -0.23      0.03     0.23     1 
0130320964   40.94417    -72.37398     0.13      0.13     0.19     1 
0130320965   40.94332    -72.33695    -0.23     -0.05     0.23     1 
0130320966   40.94246    -72.29992     0.02      0.01     0.02     1 
0130320968   40.94070    -72.22588    -0.34     -0.09     0.35     1 
0130320989   40.94582    -74.22717     0.25      0.06     0.26     1 
0130320990   40.94557    -74.19010     0.19      0.09     0.21     1 
0130320991   40.94530    -74.15304     0.01      0.08     0.08     1 
0130320992   40.94502    -74.11598     0.22      0.06     0.22     1 
0130320993   40.94473    -74.07891     0.29      0.15     0.33     1 
0130320994   40.94443    -74.04185     0.34      0.08     0.35     1 
0130320995   40.94411    -74.00479     0.17      0.08     0.19     1 
0130320996   40.94379    -73.96773     0.30      0.05     0.30     1 
0130320997   40.94345    -73.93067     0.41     -0.03     0.41     1 
0130320998   40.94310    -73.89361    -0.03      0.01     0.03     1 
0130320999   40.94274    -73.85655     0.15      0.06     0.16     1 
0130321000   40.94237    -73.81949     0.19      0.02     0.19     1 
0130321001   40.94198    -73.78243     0.38     -0.00     0.38     1 
0130321002   40.94158    -73.74538     0.12     -0.02     0.12     1 
0130321003   40.94117    -73.70832    -0.18     -0.04     0.18     1 
0130321009   40.93847    -73.48600    -0.01      0.05     0.05     1 
0130321010   40.93798    -73.44895     0.11      0.09     0.14     1 
0130321011   40.93747    -73.41190     0.01      0.08     0.08     1 
0130321012   40.93695    -73.37485    -0.14     -0.09     0.17     1 
0130321013   40.93643    -73.33781     0.10      0.14     0.17     1 
0130321018   40.93361    -73.15259    -0.06      0.01     0.06     1 
0130321019   40.93301    -73.11554     0.35      0.04     0.35     1 
0130321020   40.93240    -73.07851     0.21      0.06     0.22     1 
0130321021   40.93177    -73.04147     0.11      0.01     0.12     1 
0130321022   40.93114    -73.00443     0.15     -0.09     0.17     1 
0130321024   40.92983    -72.93036     0.16     -0.02     0.16     1 
0130321025   40.92916    -72.89332     0.19      0.03     0.19     1 
0130321026   40.92848    -72.85629    -0.01     -0.02     0.02     1 
0130321027   40.92778    -72.81926     0.29      0.06     0.30     1 
0130321028   40.92708    -72.78223     0.18      0.13     0.23     1 
0130321029   40.92636    -72.74520     0.01      0.03     0.03     1 
0130321030   40.92563    -72.70817     0.04     -0.06     0.07     1 
0130321031   40.92489    -72.67115    -0.02     -0.02     0.03     1 
0130321032   40.92413    -72.63412    -0.13     -0.06     0.14     1 
0130321033   40.92336    -72.59710    -0.42     -0.12     0.44     1 
0130321034   40.92259    -72.56008    -0.11      0.03     0.11     1 
0130321037   40.92018    -72.44902    -0.25     -0.02     0.25     1 
0130321038   40.91936    -72.41201    -0.02     -0.02     0.03     1 
0130321039   40.91852    -72.37499     0.08      0.05     0.10     1 
0130321040   40.91767    -72.33798     0.02     -0.22     0.23     1 
0130321041   40.91681    -72.30097    -0.40     -0.22     0.46     1 
0130321063   40.92039    -74.26452     0.10      0.07     0.12     1 
0130321064   40.92015    -74.22746     0.27      0.08     0.29     1 
0130321065   40.91989    -74.19042     0.03      0.02     0.03     1 
0130321066   40.91963    -74.15337    -0.02      0.03     0.04     1 
0130321067   40.91935    -74.11632     0.13      0.03     0.13     1 
0130321068   40.91906    -74.07927     0.12      0.07     0.13     1 
0130321069   40.91876    -74.04222     0.06      0.07     0.09     1 
0130321070   40.91844    -74.00517     0.19      0.05     0.20     1 
0130321071   40.91812    -73.96813     0.24      0.14     0.27     1 
0130321073   40.91743    -73.89404     0.07      0.05     0.09     1 
0130321074   40.91707    -73.85699    -0.01      0.06     0.06     1 
0130321075   40.91670    -73.81995     0.03     -0.03     0.04     1 
0130321076   40.91631    -73.78290    -0.00      0.03     0.03     1 
0130321077   40.91591    -73.74586    -0.12     -0.05     0.13     1 
0130321081   40.91421    -73.59770    -0.03     -0.09     0.09     1 
0130321082   40.91375    -73.56066     0.08      0.14     0.16     1 
0130321083   40.91328    -73.52362    -0.08      0.04     0.09     1 
0130321084   40.91280    -73.48659    -0.08      0.03     0.08     1 
0130321085   40.91231    -73.44955    -0.03     -0.04     0.04     1 
0130321086   40.91181    -73.41252    -0.03      0.01     0.03     1 
0130321087   40.91129    -73.37548     0.00     -0.01     0.01     1 
0130321088   40.91076    -73.33845     0.33      0.10     0.34     1 
0130321089   40.91022    -73.30142     0.34      0.06     0.34     1 
0130321090   40.90967    -73.26439     0.04      0.12     0.13     1 
0130321091   40.90911    -73.22736    -0.10     -0.02     0.10     1 
0130321092   40.90853    -73.19033     0.30     -0.03     0.30     1 
0130321093   40.90795    -73.15330     0.19      0.02     0.19     1 
0130321094   40.90735    -73.11627     0.37     -0.03     0.37     1 
0130321095   40.90674    -73.07925     0.07     -0.03     0.08     1 
0130321096   40.90611    -73.04222     0.17      0.01     0.17     1 
0130321097   40.90548    -73.00520     0.14     -0.01     0.14     1 
0130321098   40.90483    -72.96818     0.21      0.04     0.21     1 
0130321099   40.90417    -72.93116     0.08     -0.03     0.09     1 
0130321100   40.90350    -72.89414     0.29     -0.00     0.29     1 
0130321101   40.90282    -72.85712     0.10     -0.03     0.11     1 
0130321102   40.90213    -72.82010     0.13     -0.00     0.13     1 
0130321103   40.90142    -72.78309     0.07     -0.03     0.08     1 
0130321104   40.90070    -72.74607     0.13     -0.10     0.17     1 
0130321105   40.89997    -72.70906     0.09     -0.01     0.09     1 
0130321106   40.89923    -72.67205     0.02     -0.01     0.03     1 
0130321107   40.89848    -72.63504     0.06      0.09     0.11     1 
0130321108   40.89771    -72.59803    -0.04     -0.03     0.05     1 
0130321109   40.89694    -72.56102    -0.04     -0.04     0.06     1 
0130321110   40.89615    -72.52402    -0.14     -0.04     0.14     1 
0130321111   40.89535    -72.48701    -0.07     -0.07     0.10     1 
0130321112   40.89453    -72.45001    -0.08     -0.05     0.10     1 
0130321113   40.89371    -72.41301     0.04      0.02     0.04     1 
0130321114   40.89287    -72.37601    -0.16     -0.07     0.17     1 
0130321115   40.89202    -72.33901    -0.17     -0.07     0.18     1 
0130321138   40.89472    -74.26480    -0.02      0.05     0.05     1 
0130321139   40.89448    -74.22776    -0.04      0.08     0.09     1 
0130321140   40.89422    -74.19073     0.13      0.06     0.15     1 
0130321141   40.89396    -74.15369    -0.13      0.07     0.15     1 
0130321142   40.89368    -74.11666     0.04      0.09     0.10     1 
0130321143   40.89339    -74.07962     0.01      0.03     0.03     1 
0130321144   40.89309    -74.04259     0.03     -0.03     0.04     1 
0130321145   40.89277    -74.00556     0.09      0.14     0.17     1 
0130321146   40.89245    -73.96853     0.07      0.06     0.09     1 
0130321148   40.89176    -73.89446     0.09      0.05     0.11     1 
0130321149   40.89140    -73.85743     0.02     -0.06     0.06     1 
0130321150   40.89103    -73.82040    -0.09     -0.02     0.09     1 
0130321151   40.89064    -73.78338    -0.10      0.01     0.10     1 
0130321152   40.89025    -73.74635    -0.27     -0.08     0.29     1 
0130321155   40.88899    -73.63527     0.05     -0.03     0.06     1 
0130321156   40.88854    -73.59824     0.30      0.06     0.31     1 
0130321157   40.88809    -73.56122     0.24      0.03     0.25     1 
0130321158   40.88762    -73.52420    -0.13     -0.07     0.15     1 
0130321160   40.88665    -73.45015     0.39      0.11     0.41     1 
0130321161   40.88614    -73.41313    -0.00     -0.01     0.01     1 
0130321162   40.88563    -73.37611     0.07      0.06     0.09     1 
0130321163   40.88510    -73.33909     0.06      0.02     0.07     1 
0130321164   40.88456    -73.30208     0.32      0.09     0.34     1 
0130321165   40.88401    -73.26506     0.25      0.05     0.25     1 
0130321166   40.88345    -73.22804     0.30      0.04     0.31     1 
0130321167   40.88287    -73.19103     0.12      0.09     0.15     1 
0130321168   40.88229    -73.15401     0.20      0.10     0.22     1 
0130321169   40.88169    -73.11700     0.13      0.03     0.13     1 
0130321170   40.88108    -73.07999     0.09      0.05     0.10     1 
0130321171   40.88045    -73.04298     0.20      0.04     0.20     1 
0130321172   40.87982    -73.00597     0.16      0.01     0.16     1 
0130321173   40.87918    -72.96896     0.31      0.05     0.31     1 
0130321174   40.87852    -72.93196     0.15     -0.01     0.15     1 
0130321175   40.87785    -72.89495     0.33      0.02     0.33     1 
0130321176   40.87717    -72.85795     0.29      0.01     0.29     1 
0130321177   40.87647    -72.82094     0.18     -0.02     0.18     1 
0130321178   40.87577    -72.78394     0.12      0.01     0.12     1 
0130321179   40.87505    -72.74694     0.06     -0.07     0.09     1 
0130321180   40.87432    -72.70995     0.15      0.03     0.15     1 
0130321181   40.87358    -72.67295     0.03     -0.03     0.05     1 
0130321182   40.87283    -72.63595    -0.00     -0.10     0.10     1 
0130321183   40.87206    -72.59896     0.10      0.07     0.12     1 
0130321184   40.87129    -72.56196     0.10     -0.01     0.10     1 
0130321185   40.87050    -72.52497     0.09      0.04     0.10     1 
0130321186   40.86970    -72.48798    -0.28     -0.13     0.31     1 
0130321187   40.86889    -72.45099    -0.13     -0.01     0.13     1 
0130321188   40.86806    -72.41401    -0.18     -0.09     0.20     1 
0130321213   40.86905    -74.26508     0.15      0.21     0.26     1 
0130321214   40.86880    -74.22806     0.15      0.07     0.17     1 
0130321215   40.86855    -74.19104     0.04      0.13     0.13     1 
0130321216   40.86829    -74.15402    -0.03      0.08     0.09     1 
0130321217   40.86801    -74.11700    -0.02      0.10     0.10     1 
0130321218   40.86772    -74.07998     0.03      0.01     0.03     1 
0130321219   40.86742    -74.04296    -0.06      0.04     0.07     1 
0130321220   40.86710    -74.00594    -0.04      0.01     0.04     1 
0130321221   40.86678    -73.96892     0.10     -0.04     0.10     1 
0130321223   40.86609    -73.89489    -0.04     -0.06     0.08     1 
0130321224   40.86573    -73.85788    -0.03     -0.02     0.03     1 
0130321225   40.86536    -73.82086     0.04     -0.07     0.08     1 
0130321226   40.86498    -73.78385    -0.09     -0.08     0.12     1 
0130321228   40.86417    -73.70982     0.11      0.09     0.14     1 
0130321230   40.86332    -73.63580     0.08      0.06     0.10     1 
0130321231   40.86288    -73.59878     0.29      0.10     0.31     1 
0130321232   40.86242    -73.56177     0.38      0.06     0.39     1 
0130321233   40.86195    -73.52477     0.40      0.09     0.41     1 
0130321234   40.86147    -73.48776     0.46      0.07     0.46     1 
0130321235   40.86098    -73.45075     0.34      0.08     0.35     1 
0130321236   40.86048    -73.41374     0.31      0.04     0.31     1 
0130321237   40.85996    -73.37674     0.05      0.06     0.08     1 
0130321238   40.85944    -73.33973     0.25      0.07     0.26     1 
0130321239   40.85890    -73.30273     0.19      0.07     0.20     1 
0130321240   40.85835    -73.26573     0.23      0.06     0.24     1 
0130321241   40.85779    -73.22873     0.16     -0.06     0.17     1 
0130321242   40.85721    -73.19173     0.11     -0.03     0.11     1 
0130321243   40.85663    -73.15473     0.09      0.00     0.09     1 
0130321244   40.85603    -73.11773     0.16      0.00     0.16     1 
0130321245   40.85542    -73.08073     0.22      0.10     0.24     1 
0130321246   40.85480    -73.04374     0.14      0.01     0.14     1 
0130321247   40.85416    -73.00674     0.15      0.06     0.16     1 
0130321248   40.85352    -72.96975     0.20      0.12     0.24     1 
0130321249   40.85286    -72.93276     0.41      0.04     0.41     1 
0130321250   40.85219    -72.89576     0.19     -0.00     0.19     1 
0130321251   40.85151    -72.85877     0.22      0.11     0.24     1 
0130321252   40.85082    -72.82179     0.20      0.00     0.20     1 
0130321253   40.85011    -72.78480     0.25      0.03     0.26     1 
0130321254   40.84940    -72.74781     0.23      0.04     0.24     1 
0130321255   40.84867    -72.71083     0.06      0.04     0.07     1 
0130321256   40.84793    -72.67385     0.17      0.04     0.17     1 
0130321257   40.84718    -72.63686    -0.08     -0.01     0.08     1 
0130321258   40.84641    -72.59988     0.08     -0.02     0.08     1 
0130321259   40.84564    -72.56290     0.09      0.32     0.33     1 
0130321260   40.84485    -72.52593    -0.19     -0.02     0.19     1 
0130321261   40.84405    -72.48895    -0.15     -0.08     0.18     1 
0130321288   40.84337    -74.26537     0.16      0.16     0.22     1 
0130321289   40.84313    -74.22836     0.22      0.09     0.24     1 
0130321290   40.84288    -74.19135     0.19     -0.02     0.19     1 
0130321291   40.84261    -74.15435    -0.04      0.06     0.07     1 
0130321292   40.84234    -74.11734     0.07      0.02     0.07     1 
0130321293   40.84205    -74.08034    -0.01      0.04     0.05     1 
0130321294   40.84175    -74.04333     0.00      0.02     0.02     1 
0130321295   40.84143    -74.00633    -0.07      0.04     0.08     1 
0130321296   40.84111    -73.96932     0.01     -0.03     0.04     1 
0130321297   40.84077    -73.93232    -0.05     -0.06     0.08     1 
0130321298   40.84042    -73.89532    -0.03     -0.01     0.03     1 
0130321299   40.84006    -73.85832    -0.07      0.02     0.07     1 
0130321300   40.83969    -73.82131    -0.07     -0.02     0.08     1 
0130321301   40.83931    -73.78432    -0.20      0.02     0.20     1 
0130321302   40.83891    -73.74732    -0.05     -0.01     0.05     1 
0130321303   40.83850    -73.71032    -0.09     -0.02     0.09     1 
0130321304   40.83808    -73.67332     0.14     -0.04     0.15     1 
0130321305   40.83765    -73.63632     0.23      0.01     0.23     1 
0130321306   40.83721    -73.59932     0.25      0.04     0.26     1 
0130321307   40.83675    -73.56233     0.41     -0.03     0.41     1 
0130321308   40.83629    -73.52533     0.33      0.07     0.33     1 
0130321309   40.83581    -73.48834     0.20      0.05     0.21     1 
0130321310   40.83532    -73.45135     0.41      0.18     0.45     1 
0130321311   40.83481    -73.41436     0.13      0.06     0.14     1 
0130321312   40.83430    -73.37736     0.24      0.17     0.29     1 
0130321313   40.83377    -73.34037     0.23      0.08     0.24     1 
0130321314   40.83324    -73.30339     0.09      0.07     0.12     1 
0130321315   40.83269    -73.26640     0.18      0.11     0.21     1 
0130321316   40.83212    -73.22941     0.12     -0.02     0.13     1 
0130321317   40.83155    -73.19242     0.15      0.04     0.16     1 
0130321318   40.83096    -73.15544     0.17      0.06     0.18     1 
0130321319   40.83037    -73.11845     0.01     -0.01     0.02     1 
0130321320   40.82976    -73.08147     0.16      0.04     0.17     1 
0130321321   40.82914    -73.04449     0.12     -0.01     0.12     1 
0130321322   40.82850    -73.00751     0.19     -0.04     0.19     1 
0130321323   40.82786    -72.97053     0.15      0.02     0.15     1 
0130321324   40.82720    -72.93355     0.17     -0.02     0.17     1 
0130321325   40.82653    -72.89658     0.13      0.07     0.15     1 
0130321326   40.82585    -72.85960     0.06      0.00     0.06     1 
0130321327   40.82516    -72.82263     0.22      0.05     0.22     1 
0130321328   40.82446    -72.78565     0.13      0.07     0.15     1 
0130321329   40.82374    -72.74868     0.20      0.10     0.23     1 
0130321330   40.82301    -72.71171     0.14     -0.04     0.15     1 
0130321331   40.82227    -72.67474     0.11      0.02     0.11     1 
0130321332   40.82152    -72.63778     0.05      0.01     0.05     1 
0130321364   40.81746    -74.22866     0.17      0.05     0.18     1 
0130321365   40.81721    -74.19167     0.17     -0.00     0.17     1 
0130321366   40.81694    -74.15467     0.16      0.05     0.17     1 
0130321367   40.81667    -74.11768    -0.02      0.04     0.04     1 
0130321368   40.81638    -74.08069    -0.13      0.04     0.13     1 
0130321369   40.81608    -74.04370    -0.12      0.09     0.15     1 
0130321370   40.81576    -74.00671    -0.03     -0.06     0.07     1 
0130321371   40.81544    -73.96972    -0.09     -0.07     0.11     1 
0130321372   40.81510    -73.93273    -0.08     -0.01     0.08     1 
0130321373   40.81475    -73.89574    -0.05     -0.04     0.07     1 
0130321374   40.81439    -73.85876    -0.06      0.02     0.07     1 
0130321375   40.81402    -73.82177    -0.17     -0.06     0.18     1 
0130321376   40.81364    -73.78478    -0.17     -0.09     0.19     1 
0130321377   40.81324    -73.74780     0.22     -0.10     0.24     1 
0130321378   40.81284    -73.71081    -0.04     -0.00     0.04     1 
0130321379   40.81242    -73.67383     0.08      0.01     0.08     1 
0130321380   40.81199    -73.63685     0.08     -0.06     0.10     1 
0130321381   40.81154    -73.59986     0.41      0.08     0.42     1 
0130321382   40.81109    -73.56288     0.25      0.09     0.27     1 
0130321383   40.81062    -73.52590     0.10      0.01     0.10     1 
0130321384   40.81014    -73.48892    -0.02     -0.04     0.04     1 
0130321385   40.80965    -73.45194     0.25      0.04     0.26     1 
0130321386   40.80915    -73.41497     0.12     -0.00     0.12     1 
0130321387   40.80864    -73.37799     0.21      0.04     0.21     1 
0130321388   40.80811    -73.34101     0.28      0.02     0.28     1 
0130321389   40.80757    -73.30404     0.22     -0.01     0.22     1 
0130321390   40.80702    -73.26707    -0.01      0.02     0.03     1 
0130321391   40.80646    -73.23009     0.01      0.05     0.05     1 
0130321392   40.80589    -73.19312     0.02     -0.00     0.02     1 
0130321393   40.80530    -73.15615     0.09      0.06     0.11     1 
0130321394   40.80471    -73.11918     0.01     -0.02     0.02     1 
0130321395   40.80410    -73.08221     0.26      0.11     0.29     1 
0130321396   40.80348    -73.04524     0.15      0.03     0.16     1 
0130321397   40.80284    -73.00828     0.20      0.02     0.21     1 
0130321398   40.80220    -72.97131     0.13      0.00     0.13     1 
0130321399   40.80154    -72.93435     0.07     -0.00     0.07     1 
0130321400   40.80088    -72.89739     0.23      0.05     0.23     1 
0130321401   40.80020    -72.86043     0.14      0.03     0.14     1 
0130321402   40.79951    -72.82346     0.07      0.02     0.07     1 
0130321403   40.79880    -72.78651     0.13     -0.02     0.13     1 
0130321404   40.79809    -72.74955    -0.11     -0.01     0.11     1 
0130321405   40.79736    -72.71259    -0.11     -0.02     0.11     1 
0130321406   40.79662    -72.67564    -0.12     -0.03     0.13     1 
0130321407   40.79587    -72.63868    -0.11     -0.07     0.13     1 
0130321438   40.79203    -74.26593     0.17      0.15     0.23     1 
0130321439   40.79179    -74.22895     0.18      0.04     0.18     1 
0130321440   40.79154    -74.19198     0.04      0.02     0.04     1 
0130321441   40.79127    -74.15500     0.08     -0.07     0.11     1 
0130321442   40.79099    -74.11802    -0.15     -0.03     0.16     1 
0130321443   40.79071    -74.08105    -0.17     -0.07     0.18     1 
0130321444   40.79040    -74.04407    -0.13     -0.03     0.13     1 
0130321445   40.79009    -74.00709    -0.07     -0.06     0.09     1 
0130321446   40.78977    -73.97012     0.05     -0.03     0.06     1 
0130321447   40.78943    -73.93314    -0.03     -0.12     0.12     1 
0130321448   40.78909    -73.89617    -0.19     -0.08     0.20     1 
0130321449   40.78872    -73.85920    -0.13     -0.07     0.15     1 
0130321450   40.78835    -73.82222     0.00     -0.08     0.08     1 
0130321451   40.78797    -73.78525    -0.11     -0.08     0.13     1 
0130321452   40.78757    -73.74828    -0.05      0.05     0.07     1 
0130321453   40.78717    -73.71131     0.09     -0.02     0.09     1 
0130321454   40.78675    -73.67434     0.17     -0.04     0.17     1 
0130321455   40.78632    -73.63737     0.11      0.06     0.13     1 
0130321456   40.78588    -73.60040     0.25      0.01     0.25     1 
0130321457   40.78542    -73.56344     0.04     -0.00     0.04     1 
0130321458   40.78496    -73.52647     0.02     -0.01     0.02     1 
0130321459   40.78448    -73.48950     0.09     -0.01     0.09     1 
0130321460   40.78399    -73.45254     0.15      0.05     0.16     1 
0130321461   40.78349    -73.41558    -0.05      0.03     0.06     1 
0130321462   40.78297    -73.37861     0.14     -0.01     0.14     1 
0130321463   40.78245    -73.34165     0.23      0.03     0.23     1 
0130321464   40.78191    -73.30469     0.15      0.06     0.16     1 
0130321465   40.78136    -73.26773     0.00      0.01     0.01     1 
0130321466   40.78080    -73.23077     0.10      0.02     0.11     1 
0130321467   40.78023    -73.19382    -0.01      0.01     0.01     1 
0130321468   40.77964    -73.15686     0.23     -0.05     0.23     1 
0130321469   40.77905    -73.11991    -0.00     -0.00     0.01     1 
0130321470   40.77844    -73.08295    -0.03      0.01     0.03     1 
0130321471   40.77782    -73.04600     0.09      0.03     0.09     1 
0130321472   40.77719    -73.00905     0.06      0.05     0.08     1 
0130321473   40.77654    -72.97209     0.12      0.04     0.12     1 
0130321474   40.77589    -72.93515     0.13      0.10     0.16     1 
0130321475   40.77522    -72.89820     0.08      0.04     0.09     1 
0130321476   40.77454    -72.86125     0.10     -0.00     0.10     1 
0130321477   40.77385    -72.82430    -0.05     -0.01     0.05     1 
0130321479   40.77243    -72.75042    -0.16     -0.16     0.22     1 
0130321480   40.77171    -72.71347    -0.03     -0.12     0.12     1 
0130321512   40.76659    -74.30318     0.06      0.16     0.17     1 
0130321513   40.76636    -74.26622     0.28      0.04     0.28     1 
0130321515   40.76586    -74.19229     0.06      0.07     0.09     1 
0130321516   40.76560    -74.15532    -0.02     -0.02     0.03     1 
0130321517   40.76532    -74.11836    -0.10      0.05     0.11     1 
0130321518   40.76503    -74.08140    -0.08     -0.04     0.09     1 
0130321519   40.76473    -74.04444    -0.11     -0.02     0.11     1 
0130321520   40.76442    -74.00747    -0.06     -0.05     0.08     1 
0130321521   40.76410    -73.97051     0.29     -0.12     0.32     1 
0130321522   40.76376    -73.93355    -0.13     -0.09     0.16     1 
0130321523   40.76342    -73.89659    -0.10     -0.05     0.12     1 
0130321524   40.76306    -73.85963    -0.13     -0.03     0.14     1 
0130321525   40.76268    -73.82268    -0.07     -0.04     0.09     1 
0130321526   40.76230    -73.78572    -0.03     -0.03     0.04     1 
0130321527   40.76191    -73.74876    -0.07      0.00     0.07     1 
0130321528   40.76150    -73.71181     0.12     -0.01     0.12     1 
0130321529   40.76108    -73.67485     0.02      0.03     0.03     1 
0130321530   40.76065    -73.63790     0.05      0.00     0.05     1 
0130321531   40.76021    -73.60094     0.06     -0.01     0.06     1 
0130321532   40.75975    -73.56399    -0.09      0.02     0.09     1 
0130321533   40.75929    -73.52704    -0.03      0.04     0.05     1 
0130321534   40.75881    -73.49009     0.01     -0.01     0.01     1 
0130321535   40.75832    -73.45314     0.12      0.05     0.13     1 
0130321536   40.75782    -73.41619    -0.09      0.00     0.09     1 
0130321537   40.75731    -73.37924     0.20      0.11     0.23     1 
0130321538   40.75678    -73.34229     0.03      0.02     0.04     1 
0130321539   40.75625    -73.30535    -0.04      0.07     0.08     1 
0130321540   40.75570    -73.26840     0.04      0.05     0.06     1 
0130321541   40.75514    -73.23145     0.19      0.11     0.22     1 
0130321542   40.75456    -73.19451     0.27      0.05     0.28     1 
0130321543   40.75398    -73.15757     0.04      0.02     0.05     1 
0130321544   40.75339    -73.12063     0.12      0.05     0.13     1 
0130321545   40.75278    -73.08369     0.18     -0.00     0.18     1 
0130321546   40.75216    -73.04675     0.17     -0.03     0.17     1 
0130321547   40.75153    -73.00981    -0.11     -0.11     0.15     1 
0130321548   40.75088    -72.97287    -0.05      0.02     0.06     1 
0130321549   40.75023    -72.93594    -0.11     -0.10     0.15     1 
0130321550   40.74956    -72.89901    -0.15      0.12     0.19     1 
0130321551   40.74888    -72.86207    -0.06      0.11     0.12     1 
0130321587   40.74091    -74.30345     0.20     -0.03     0.20     1 
0130321588   40.74068    -74.26650     0.13      0.10     0.17     1 
0130321589   40.74044    -74.22955     0.06      0.02     0.06     1 
0130321590   40.74019    -74.19260    -0.01      0.02     0.03     1 
0130321591   40.73993    -74.15565    -0.16      0.08     0.18     1 
0130321592   40.73965    -74.11870    -0.14      0.01     0.14     1 
0130321593   40.73936    -74.08175    -0.08     -0.01     0.08     1 
0130321594   40.73906    -74.04480    -0.03      0.00     0.03     1 
0130321596   40.73843    -73.97091    -0.09     -0.05     0.10     1 
0130321597   40.73809    -73.93396    -0.08     -0.01     0.08     1 
0130321598   40.73774    -73.89702    -0.08     -0.05     0.10     1 
0130321599   40.73739    -73.86007    -0.06     -0.03     0.07     1 
0130321600   40.73701    -73.82313    -0.09     -0.05     0.11     1 
0130321601   40.73663    -73.78619    -0.14     -0.00     0.14     1 
0130321602   40.73624    -73.74924     0.13     -0.03     0.13     1 
0130321603   40.73583    -73.71230    -0.08     -0.05     0.09     1 
0130321604   40.73541    -73.67536    -0.04     -0.03     0.05     1 
0130321605   40.73498    -73.63842     0.05     -0.03     0.06     1 
0130321606   40.73454    -73.60148    -0.09     -0.07     0.11     1 
0130321607   40.73409    -73.56454     0.14     -0.02     0.14     1 
0130321608   40.73362    -73.52760     0.02     -0.01     0.03     1 
0130321609   40.73315    -73.49067     0.05     -0.01     0.05     1 
0130321610   40.73266    -73.45373     0.13      0.02     0.13     1 
0130321611   40.73216    -73.41680    -0.06      0.00     0.06     1 
0130321612   40.73164    -73.37986    -0.01      0.02     0.02     1 
0130321613   40.73112    -73.34293     0.15      0.08     0.17     1 
0130321614   40.73058    -73.30600     0.18     -0.04     0.19     1 
0130321615   40.73004    -73.26906    -0.00     -0.06     0.06     1 
0130321616   40.72948    -73.23213     0.03      0.02     0.04     1 
0130321617   40.72890    -73.19521     0.15     -0.01     0.15     1 
0130321618   40.72832    -73.15828    -0.05     -0.05     0.07     1 
0130321619   40.72772    -73.12135    -0.06      0.05     0.08     1 
0130321620   40.72712    -73.08442    -0.07     -0.02     0.08     1 
0130321662   40.71524    -74.30372     0.01      0.09     0.09     1 
0130321663   40.71501    -74.26678     0.08      0.04     0.09     1 
0130321664   40.71477    -74.22984    -0.07      0.04     0.08     1 
0130321665   40.71452    -74.19291    -0.00     -0.05     0.05     1 
0130321666   40.71426    -74.15597    -0.06     -0.03     0.07     1 
0130321667   40.71398    -74.11904    -0.17      0.00     0.17     1 
0130321668   40.71369    -74.08210    -0.06     -0.04     0.07     1 
0130321669   40.71339    -74.04517    -0.02     -0.05     0.06     1 
0130321670   40.71308    -74.00824     0.05     -0.08     0.10     1 
0130321671   40.71276    -73.97131    -0.02      0.10     0.10     1 
0130321672   40.71242    -73.93437    -0.07      0.02     0.07     1 
0130321673   40.71207    -73.89744    -0.07      0.02     0.08     1 
0130321674   40.71172    -73.86051    -0.03     -0.06     0.07     1 
0130321675   40.71135    -73.82358    -0.02      0.03     0.04     1 
0130321676   40.71096    -73.78665    -0.16     -0.06     0.17     1 
0130321677   40.71057    -73.74972     0.01     -0.01     0.01     1 
0130321678   40.71016    -73.71280    -0.09      0.02     0.10     1 
0130321679   40.70975    -73.67587     0.07     -0.04     0.08     1 
0130321680   40.70932    -73.63894    -0.10     -0.03     0.10     1 
0130321681   40.70887    -73.60202     0.00     -0.02     0.02     1 
0130321682   40.70842    -73.56509     0.13     -0.05     0.14     1 
0130321683   40.70796    -73.52817     0.16     -0.06     0.17     1 
0130321684   40.70748    -73.49125     0.12      0.00     0.12     1 
0130321685   40.70699    -73.45432     0.17     -0.00     0.17     1 
0130321686   40.70649    -73.41740     0.00      0.02     0.02     1 
0130321687   40.70598    -73.38048     0.01     -0.05     0.05     1 
0130321688   40.70546    -73.34356     0.05      0.04     0.06     1 
0130321689   40.70492    -73.30665    -0.07     -0.02     0.07     1 
0130321690   40.70437    -73.26973     0.06     -0.02     0.07     1 
0130321691   40.70381    -73.23281    -0.20     -0.06     0.20     1 
0130321692   40.70324    -73.19590    -0.00      0.02     0.02     1 
0130321693   40.70266    -73.15898    -0.01      0.01     0.01     1 
0130321736   40.68979    -74.34091     0.21      0.14     0.25     1 
0130321737   40.68957    -74.30398    -0.04      0.08     0.09     1 
0130321738   40.68934    -74.26706     0.17      0.02     0.17     1 
0130321739   40.68910    -74.23014    -0.00      0.08     0.08     1 
0130321740   40.68885    -74.19322    -0.04      0.03     0.05     1 
0130321741   40.68858    -74.15630    -0.22      0.01     0.22     1 
0130321742   40.68831    -74.11938    -0.16      0.13     0.21     1 
0130321743   40.68802    -74.08246    -0.13      0.04     0.13     1 
0130321744   40.68772    -74.04554    -0.17      0.05     0.18     1 
0130321745   40.68741    -74.00862    -0.16      0.06     0.17     1 
0130321746   40.68709    -73.97170    -0.02     -0.04     0.05     1 
0130321747   40.68675    -73.93478    -0.04     -0.03     0.05     1 
0130321748   40.68641    -73.89786     0.10     -0.01     0.10     1 
0130321749   40.68605    -73.86095    -0.04     -0.03     0.05     1 
0130321750   40.68568    -73.82403     0.02     -0.03     0.04     1 
0130321752   40.68490    -73.75020     0.03     -0.03     0.04     1 
0130321753   40.68450    -73.71329     0.01      0.07     0.07     1 
0130321754   40.68408    -73.67638     0.06      0.06     0.09     1 
0130321755   40.68365    -73.63947    -0.08     -0.04     0.09     1 
0130321756   40.68321    -73.60255     0.16      0.06     0.18     1 
0130321757   40.68276    -73.56564     0.13      0.07     0.15     1 
0130321758   40.68229    -73.52873     0.13      0.02     0.13     1 
0130321759   40.68182    -73.49183     0.15      0.05     0.15     1 
0130321760   40.68133    -73.45492     0.04     -0.06     0.07     1 
0130321761   40.68083    -73.41801     0.03     -0.01     0.03     1 
0130321762   40.68032    -73.38111     0.01     -0.04     0.04     1 
0130321763   40.67979    -73.34420    -0.05     -0.02     0.05     1 
0130321764   40.67926    -73.30730    -0.08     -0.02     0.09     1 
0130321765   40.67871    -73.27039    -0.09     -0.11     0.14     1 
0130321771   40.67518    -73.04900    -0.10     -0.03     0.11     1 
0130321811   40.66411    -74.34116     0.25      0.04     0.25     1 
0130321812   40.66389    -74.30425     0.12      0.05     0.13     1 
0130321813   40.66367    -74.26734     0.01      0.02     0.02     1 
0130321814   40.66343    -74.23043     0.03     -0.04     0.06     1 
0130321815   40.66318    -74.19353    -0.09     -0.04     0.10     1 
0130321816   40.66291    -74.15662    -0.11      0.17     0.20     1 
0130321817   40.66264    -74.11971    -0.14      0.01     0.14     1 
0130321818   40.66235    -74.08281    -0.09      0.07     0.11     1 
0130321820   40.66174    -74.00900    -0.14      0.07     0.16     1 
0130321821   40.66142    -73.97209     0.03      0.02     0.04     1 
0130321822   40.66108    -73.93519    -0.08     -0.01     0.09     1 
0130321823   40.66074    -73.89829    -0.09     -0.05     0.10     1 
0130321824   40.66038    -73.86139    -0.09     -0.05     0.10     1 
0130321825   40.66001    -73.82448    -0.11     -0.00     0.11     1 
0130321826   40.65963    -73.78758    -0.11     -0.01     0.11     1 
0130321827   40.65923    -73.75068    -0.10      0.01     0.10     1 
0130321828   40.65883    -73.71378    -0.00      0.01     0.01     1 
0130321829   40.65841    -73.67688     0.01     -0.06     0.06     1 
0130321830   40.65798    -73.63999    -0.01     -0.03     0.03     1 
0130321831   40.65754    -73.60309     0.11     -0.01     0.11     1 
0130321832   40.65709    -73.56619    -0.00      0.03     0.03     1 
0130321833   40.65662    -73.52930    -0.02      0.00     0.02     1 
0130321834   40.65615    -73.49240    -0.08     -0.01     0.08     1 
0130321835   40.65566    -73.45551    -0.07      0.02     0.08     1 
0130321836   40.65516    -73.41862    -0.13      0.03     0.13     1 
0130321837   40.65465    -73.38173    -0.09      0.00     0.09     1 
0130321838   40.65413    -73.34484    -0.09     -0.03     0.10     1 
0130321839   40.65359    -73.30795    -0.13     -0.10     0.17     1 
0130321840   40.65305    -73.27106    -0.10     -0.08     0.13     1 
0130321841   40.65249    -73.23417    -0.05     -0.08     0.09     1 
0130321842   40.65192    -73.19728    -0.18     -0.10     0.21     1 
0130321886   40.63844    -74.34141     0.17      0.02     0.17     1 
0130321887   40.63822    -74.30452     0.14      0.07     0.15     1 
0130321888   40.63799    -74.26762     0.12      0.02     0.13     1 
0130321889   40.63775    -74.23073    -0.10     -0.00     0.10     1 
0130321890   40.63750    -74.19384    -0.13      0.05     0.14     1 
0130321891   40.63724    -74.15694    -0.06     -0.04     0.07     1 
0130321892   40.63696    -74.12005    -0.07     -0.02     0.07     1 
0130321893   40.63668    -74.08316    -0.00     -0.05     0.05     1 
0130321895   40.63607    -74.00938    -0.18     -0.04     0.18     1 
0130321897   40.63541    -73.93560    -0.01     -0.02     0.03     1 
0130321898   40.63506    -73.89871    -0.12      0.03     0.12     1 
0130321899   40.63471    -73.86182    -0.24      0.01     0.24     1 
0130321900   40.63434    -73.82493    -0.21     -0.00     0.21     1 
0130321901   40.63396    -73.78805    -0.08     -0.02     0.08     1 
0130321902   40.63356    -73.75116    -0.13     -0.08     0.15     1 
0130321903   40.63316    -73.71428     0.08      0.02     0.08     1 
0130321904   40.63274    -73.67739    -0.12     -0.06     0.13     1 
0130321905   40.63231    -73.64051    -0.00     -0.01     0.01     1 
0130321906   40.63187    -73.60362    -0.08     -0.03     0.08     1 
0130321907   40.63142    -73.56674    -0.09      0.03     0.10     1 
0130321908   40.63096    -73.52986     0.01     -0.09     0.09     1 
0130321909   40.63048    -73.49298    -0.12     -0.12     0.17     1 
0130321910   40.63000    -73.45610    -0.16      0.12     0.20     1 
0130321911   40.62950    -73.41922    -0.04     -0.01     0.04     1 
0130321912   40.62899    -73.38235    -0.03     -0.02     0.03     1 
0130321913   40.62846    -73.34547    -0.02      0.05     0.06     1 
0130321914   40.62793    -73.30859    -0.10      0.03     0.11     1 
0130321961   40.61277    -74.34166     0.26      0.04     0.26     1 
0130321962   40.61255    -74.30478     0.06      0.03     0.06     1 
0130321963   40.61232    -74.26790    -0.09     -0.04     0.10     1 
0130321964   40.61208    -74.23103    -0.15      0.02     0.15     1 
0130321965   40.61183    -74.19415    -0.12      0.00     0.12     1 
0130321966   40.61157    -74.15727     0.09     -0.01     0.09     1 
0130321967   40.61129    -74.12039    -0.04     -0.03     0.05     1 
0130321968   40.61100    -74.08351    -0.01     -0.12     0.12     1 
0130321969   40.61071    -74.04663     0.07      0.03     0.08     1 
0130321970   40.61040    -74.00976    -0.01     -0.09     0.10     1 
0130321971   40.61007    -73.97288    -0.04     -0.05     0.07     1 
0130321972   40.60974    -73.93601     0.02      0.09     0.09     1 
0130321973   40.60939    -73.89913    -0.23     -0.09     0.25     1 
0130321974   40.60904    -73.86226    -0.13     -0.05     0.14     1 
0130321975   40.60867    -73.82538    -0.11     -0.02     0.11     1 
0130321976   40.60829    -73.78851    -0.12     -0.08     0.14     1 
0130321977   40.60789    -73.75164    -0.07     -0.02     0.07     1 
0130321978   40.60749    -73.71477    -0.07     -0.07     0.10     1 
0130321979   40.60707    -73.67790    -0.06      0.00     0.06     1 
0130321980   40.60665    -73.64103    -0.13      0.05     0.14     1 
0130321981   40.60621    -73.60416    -0.05      0.00     0.05     1 
0130321982   40.60575    -73.56729    -0.11      0.03     0.12     1 
0130321983   40.60529    -73.53042    -0.12      0.01     0.12     1 
0130321984   40.60482    -73.49356    -0.20     -0.03     0.20     1 
0130322036   40.58709    -74.34192     0.39      0.01     0.39     1 
0130322037   40.58687    -74.30505     0.25      0.01     0.25     1 
0130322038   40.58665    -74.26818    -0.04     -0.02     0.05     1 
0130322039   40.58641    -74.23132    -0.08     -0.09     0.12     1 
0130322040   40.58616    -74.19445    -0.15     -0.11     0.19     1 
0130322041   40.58589    -74.15759     0.02     -0.00     0.02     1 
0130322043   40.58533    -74.08386    -0.04      0.01     0.04     1 
0130322044   40.58503    -74.04700    -0.31     -0.05     0.32     1 
0130322045   40.58472    -74.01014    -0.01      0.03     0.03     1 
0130322046   40.58440    -73.97328    -0.03     -0.06     0.07     1 
0130322047   40.58407    -73.93641    -0.20     -0.03     0.20     1 
0130322048   40.58372    -73.89955    -0.03     -0.00     0.03     1 
0130322050   40.58300    -73.82583     0.04     -0.09     0.10     1 
0130322052   40.58223    -73.75212     0.01     -0.08     0.09     1 
0130322055   40.58098    -73.64155    -0.02     -0.05     0.06     1 
0130322057   40.58009    -73.56784    -0.00     -0.02     0.02     1 
0130322110   40.56162    -74.37902     0.28     -0.11     0.30     1 
0130322111   40.56142    -74.34217     0.11     -0.09     0.14     1 
0130322112   40.56120    -74.30531    -0.03     -0.04     0.05     1 
0130322113   40.56097    -74.26846     0.00     -0.14     0.14     1 
0130322114   40.56074    -74.23161    -0.15     -0.02     0.15     1 
0130322115   40.56048    -74.19476    -0.04     -0.05     0.07     1 
0130322116   40.56022    -74.15791    -0.01     -0.05     0.05     1 
0130322117   40.55995    -74.12106    -0.04     -0.19     0.20     1 
0130322119   40.55936    -74.04736    -0.17      0.04     0.17     1 
0130322123   40.55805    -73.89997    -0.21     -0.11     0.24     1 
0130322185   40.53595    -74.37926    -0.04     -0.07     0.08     1 
0130322186   40.53574    -74.34242     0.09     -0.00     0.09     1 
0130322187   40.53553    -74.30558    -0.01     -0.07     0.07     1 
0130322188   40.53530    -74.26874    -0.15     -0.06     0.16     1 
0130322189   40.53506    -74.23191     0.10     -0.09     0.13     1 
0130322190   40.53481    -74.19507     0.17     -0.02     0.17     1 
0130322191   40.53455    -74.15823     0.04     -0.11     0.12     1 
0130322192   40.53427    -74.12140     0.25     -0.24     0.35     1 
0130322260   40.51027    -74.37949     0.01     -0.09     0.09     1 
0130322261   40.51007    -74.34267    -0.07     -0.03     0.08     1 
0130322262   40.50986    -74.30585    -0.11     -0.05     0.12     1 
0130322263   40.50963    -74.26902    -0.07     -0.09     0.11     1 
0130322264   40.50939    -74.23220     0.07     -0.05     0.09     1 
0130322265   40.50914    -74.19538    -0.16     -0.03     0.16     1 
0130322335   40.48460    -74.37973    -0.19     -0.07     0.21     1 
0130322336   40.48440    -74.34292    -0.12      0.08     0.14     1 
0130322337   40.48418    -74.30611     0.09     -0.04     0.10     1 
0130322338   40.48395    -74.26930    -0.13     -0.04     0.14     1 
0130322345   40.48204    -74.01165    -0.00     -0.09     0.09     1 
0130322410   40.45893    -74.37997    -0.15     -0.11     0.18     1 
0130322411   40.45872    -74.34317     0.02     -0.07     0.08     1 
0130322412   40.45851    -74.30637     0.08     -0.09     0.12     1 
0130322413   40.45828    -74.26958    -0.02     -0.09     0.09     1 
0130322414   40.45804    -74.23278    -0.08     -0.15     0.17     1 
0130322415   40.45779    -74.19599    -0.15     -0.31     0.34     1 
0130322416   40.45753    -74.15919    -0.28     -0.29     0.41     1 
0130322419   40.45667    -74.04882    -0.17     -0.12     0.21     1 
0130322420   40.45637    -74.01202    -0.11     -0.03     0.12     1 
0130322484   40.43344    -74.41698     0.19     -0.12     0.22     1 
0130322485   40.43325    -74.38020     0.12      0.00     0.12     1 
0130322486   40.43305    -74.34342    -0.05     -0.02     0.05     1 
0130322487   40.43283    -74.30664     0.13     -0.11     0.17     1 
0130322488   40.43261    -74.26986     0.02     -0.07     0.08     1 
0130322489   40.43237    -74.23307     0.08     -0.03     0.08     1 
0130322490   40.43212    -74.19630    -0.03     -0.12     0.13     1 
0130322491   40.43186    -74.15951     0.07     -0.08     0.11     1 
0130322492   40.43158    -74.12274     0.11     -0.06     0.13     1 
0130322493   40.43130    -74.08595    -0.22     -0.08     0.23     1 
0130322496   40.43037    -73.97562     0.05     -0.03     0.06     1 
0130322559   40.40777    -74.41721     0.23     -0.04     0.23     1 
0130322560   40.40758    -74.38044     0.05      0.03     0.06     1 
0130322561   40.40737    -74.34367     0.12     -0.02     0.12     1 
0130322562   40.40716    -74.30690     0.19      0.02     0.19     1 
0130322563   40.40693    -74.27013     0.29      0.03     0.30     1 
0130322564   40.40669    -74.23337     0.05     -0.02     0.06     1 
0130322565   40.40644    -74.19660     0.14      0.08     0.16     1 
0130322566   40.40618    -74.15983     0.33      0.06     0.34     1 
0130322567   40.40591    -74.12307     0.28      0.06     0.28     1 
0130322568   40.40563    -74.08630     0.40      0.03     0.41     1 
0130322569   40.40533    -74.04954     0.36     -0.01     0.36     1 
0130322570   40.40502    -74.01277    -0.12      0.14     0.18     1 
0130322571   40.40470    -73.97601    -0.19     -0.12     0.22     1 
0130322634   40.38209    -74.41743     0.24     -0.04     0.24     1 
0130322635   40.38190    -74.38067     0.02      0.04     0.05     1 
0130322636   40.38170    -74.34392     0.32      0.00     0.32     1 
0130322637   40.38148    -74.30716     0.20      0.01     0.20     1 
0130322638   40.38126    -74.27041     0.18     -0.09     0.21     1 
0130322640   40.38077    -74.19691     0.41     -0.07     0.42     1 
0130322641   40.38051    -74.16015     0.26     -0.10     0.28     1 
0130322643   40.37995    -74.08665     0.19     -0.01     0.19     1 
0130322644   40.37966    -74.04990     0.18     -0.04     0.18     1 
0130322645   40.37935    -74.01315    -0.03     -0.16     0.17     1 
0130322646   40.37903    -73.97640    -0.19      0.04     0.19     1 
0130322709   40.35642    -74.41765     0.23      0.05     0.24     1 
0130322712   40.35581    -74.30743     0.35     -0.01     0.35     1 
0130322713   40.35558    -74.27069     0.34      0.00     0.34     1 
0130322714   40.35535    -74.23395     0.36     -0.04     0.36     1 
0130322715   40.35510    -74.19721     0.19     -0.06     0.20     1 
0130322716   40.35484    -74.16047     0.38     -0.00     0.38     1 
0130322717   40.35456    -74.12373     0.24     -0.03     0.24     1 
0130322718   40.35428    -74.08700    -0.11     -0.13     0.17     1 
0130322719   40.35398    -74.05026     0.03     -0.12     0.12     1 
0130322720   40.35368    -74.01352     0.13     -0.05     0.14     1 
0130322721   40.35336    -73.97679    -0.14      0.00     0.14     1 
0130322784   40.33074    -74.41787     0.43      0.02     0.43     1 
0130322785   40.33055    -74.38114     0.23      0.10     0.25     1 
0130322786   40.33035    -74.34442     0.14     -0.03     0.14     1 
0130322787   40.33013    -74.30769     0.22     -0.05     0.22     1 
0130322788   40.32991    -74.27097     0.30     -0.04     0.30     1 
0130322789   40.32967    -74.23424     0.34     -0.04     0.35     1 
0130322790   40.32942    -74.19751     0.26      0.05     0.27     1 
0130322791   40.32916    -74.16079     0.05      0.00     0.05     1 
0130322792   40.32889    -74.12407     0.34     -0.01     0.34     1 
0130322793   40.32861    -74.08734     0.03     -0.07     0.07     1 
0130322794   40.32831    -74.05062     0.12     -0.03     0.12     1 
0130322795   40.32800    -74.01390    -0.14     -0.12     0.18     1 
0130322796   40.32769    -73.97718    -0.07      0.02     0.07     1 
0130322858   40.30525    -74.45480     0.04      0.07     0.08     1 
0130322859   40.30507    -74.41809     0.37      0.08     0.38     1 
0130322860   40.30488    -74.38138     0.27      0.07     0.28     1 
0130322861   40.30467    -74.34467     0.22      0.01     0.22     1 
0130322862   40.30446    -74.30795     0.34     -0.03     0.34     1 
0130322863   40.30423    -74.27124     0.14     -0.03     0.14     1 
0130322864   40.30400    -74.23453     0.25      0.02     0.25     1 
0130322865   40.30375    -74.19782     0.28      0.02     0.28     1 
0130322866   40.30349    -74.16111     0.27     -0.01     0.27     1 
0130322867   40.30322    -74.12440     0.04     -0.03     0.04     1 
0130322868   40.30293    -74.08769     0.23     -0.01     0.23     1 
0130322869   40.30264    -74.05098     0.16     -0.05     0.17     1 
0130322870   40.30233    -74.01427    -0.08     -0.08     0.11     1 
0130322871   40.30201    -73.97756    -0.07      0.08     0.11     1 
0130322933   40.27957    -74.45501     0.34      0.01     0.34     1 
0130322935   40.27920    -74.38161     0.32     -0.02     0.32     1 
0130322936   40.27900    -74.34491     0.33      0.02     0.33     1 
0130322938   40.27856    -74.27152     0.30      0.01     0.30     1 
0130322939   40.27832    -74.23482     0.19     -0.01     0.19     1 
0130322940   40.27808    -74.19812     0.09     -0.05     0.10     1 
0130322941   40.27781    -74.16142     0.22     -0.01     0.22     1 
0130322942   40.27754    -74.12473     0.30     -0.20     0.36     1 
0130322943   40.27726    -74.08803     0.29     -0.07     0.30     1 
0130322944   40.27696    -74.05134     0.06     -0.07     0.09     1 
0130322945   40.27666    -74.01464     0.22     -0.03     0.22     1 
0130323009   40.25372    -74.41853     0.43      0.04     0.43     1 
0130323010   40.25353    -74.38184     0.14     -0.06     0.16     1 
0130323011   40.25332    -74.34516     0.15     -0.01     0.15     1 
0130323012   40.25311    -74.30848     0.10     -0.03     0.11     1 
0130323013   40.25289    -74.27179     0.07     -0.06     0.09     1 
0130323014   40.25265    -74.23511     0.09     -0.10     0.13     1 
0130323015   40.25240    -74.19843     0.31     -0.05     0.32     1 
0130323016   40.25214    -74.16174     0.06     -0.06     0.08     1 
0130323017   40.25187    -74.12506     0.03     -0.08     0.09     1 
0130323018   40.25159    -74.08838     0.11     -0.03     0.12     1 
0130323019   40.25129    -74.05170     0.13     -0.05     0.14     1 
0130323020   40.25099    -74.01502     0.26     -0.03     0.27     1 
0130323083   40.22822    -74.45542     0.41      0.02     0.41     1 
0130323084   40.22804    -74.41875     0.35     -0.03     0.35     1 
0130323085   40.22785    -74.38208     0.12     -0.09     0.15     1 
0130323086   40.22765    -74.34541     0.21     -0.00     0.21     1 
0130323087   40.22744    -74.30874     0.14     -0.07     0.16     1 
0130323088   40.22721    -74.27207     0.11     -0.05     0.12     1 
0130323089   40.22698    -74.23540     0.23      0.00     0.23     1 
0130323090   40.22673    -74.19873     0.32     -0.05     0.32     1 
0130323091   40.22647    -74.16206     0.29      0.04     0.30     1 
0130323092   40.22620    -74.12539     0.20     -0.05     0.20     1 
0130323093   40.22591    -74.08872     0.10     -0.06     0.12     1 
0130323094   40.22562    -74.05205     0.05     -0.06     0.08     1 
0130323095   40.22531    -74.01539    -0.07     -0.10     0.12     1 
0130323158   40.20254    -74.45563     0.19      0.09     0.21     1 
0130323159   40.20237    -74.41897     0.22      0.00     0.22     1 
0130323160   40.20217    -74.38231     0.38     -0.01     0.38     1 
0130323161   40.20197    -74.34565     0.29     -0.12     0.31     1 
0130323162   40.20176    -74.30900     0.01     -0.19     0.19     1 
0130323163   40.20154    -74.27234     0.41     -0.17     0.44     1 
0130323164   40.20130    -74.23569     0.39      0.02     0.39     1 
0130323165   40.20105    -74.19903     0.30     -0.03     0.30     1 
0130323166   40.20079    -74.16237     0.23      0.00     0.23     1 
0130323167   40.20052    -74.12572     0.16     -0.04     0.17     1 
0130323168   40.20024    -74.08907     0.25     -0.18     0.31     1 
0130323169   40.19994    -74.05241     0.08     -0.06     0.11     1 
0130323170   40.19964    -74.01576    -0.07     -0.06     0.09     1 
0130323232   40.17703    -74.49248     0.18     -0.09     0.20     1 
0130323233   40.17687    -74.45583     0.23     -0.03     0.23     1 
0130323234   40.17669    -74.41919     0.26     -0.01     0.26     1 
0130323235   40.17650    -74.38254     0.12     -0.06     0.14     1 
0130323236   40.17630    -74.34590     0.18     -0.09     0.20     1 
0130323237   40.17609    -74.30926     0.30     -0.06     0.31     1 
0130323238   40.17586    -74.27262     0.33     -0.00     0.33     1 
0130323239   40.17562    -74.23597     0.20      0.02     0.21     1 
0130323240   40.17538    -74.19933    -0.04     -0.15     0.15     1 
0130323241   40.17512    -74.16269     0.32     -0.15     0.35     1 
0130323242   40.17485    -74.12605     0.12     -0.13     0.18     1 
0130323243   40.17457    -74.08941     0.23     -0.02     0.23     1 
0130323244   40.17427    -74.05277     0.06      0.03     0.07     1 
0130323245   40.17397    -74.01613    -0.07     -0.10     0.12     1 
0130323308   40.15119    -74.45604     0.34     -0.04     0.35     1 
0130323309   40.15101    -74.41941     0.23     -0.02     0.23     1 
0130323310   40.15082    -74.38278     0.19     -0.04     0.20     1 
0130323311   40.15062    -74.34615     0.22      0.04     0.22     1 
0130323312   40.15041    -74.30952     0.17      0.00     0.17     1 
0130323313   40.15019    -74.27289     0.25      0.01     0.25     1 
0130323314   40.14995    -74.23626     0.19     -0.00     0.19     1 
0130323315   40.14970    -74.19963     0.30     -0.07     0.31     1 
0130323316   40.14944    -74.16301     0.28     -0.16     0.32     1 
0130323317   40.14917    -74.12638     0.21     -0.07     0.22     1 
0130323318   40.14889    -74.08975     0.22     -0.06     0.22     1 
0130323319   40.14860    -74.05313     0.14     -0.05     0.15     1 
0130323383   40.12552    -74.45624    -0.08      0.07     0.11     1 
0130323384   40.12534    -74.41963     0.22     -0.01     0.22     1 
0130323385   40.12515    -74.38301     0.30      0.01     0.30     1 
0130323386   40.12495    -74.34639     0.31      0.02     0.31     1 
0130323387   40.12474    -74.30978     0.24     -0.08     0.25     1 
0130323388   40.12451    -74.27316     0.16      0.03     0.16     1 
0130323389   40.12427    -74.23655     0.28     -0.03     0.28     1 
0130323390   40.12403    -74.19993     0.24      0.01     0.24     1 
0130323391   40.12377    -74.16332     0.21     -0.06     0.22     1 
0130323392   40.12350    -74.12671     0.25     -0.05     0.26     1 
0130323393   40.12322    -74.09010     0.05     -0.05     0.07     1 
0130323394   40.12292    -74.05348     0.10     -0.08     0.12     1 
0130323457   40.10001    -74.49305     0.31      0.07     0.31     1 
0130323458   40.09984    -74.45645     0.27     -0.04     0.28     1 
0130323459   40.09966    -74.41984     0.18     -0.01     0.18     1 
0130323460   40.09947    -74.38324     0.33      0.08     0.34     1 
0130323461   40.09927    -74.34664     0.36     -0.04     0.36     1 
0130323462   40.09906    -74.31004     0.25      0.02     0.25     1 
0130323463   40.09884    -74.27344     0.28     -0.03     0.28     1 
0130323464   40.09860    -74.23684     0.14      0.03     0.14     1 
0130323465   40.09835    -74.20024     0.23     -0.01     0.23     1 
0130323466   40.09810    -74.16363     0.22     -0.03     0.22     1 
0130323467   40.09783    -74.12704     0.24     -0.01     0.24     1 
0130323468   40.09754    -74.09044     0.01     -0.05     0.05     1 
0130323469   40.09725    -74.05384    -0.07     -0.09     0.11     1 
0130323532   40.07433    -74.49324     0.20      0.04     0.21     1 
0130323533   40.07416    -74.45665     0.22      0.03     0.22     1 
0130323534   40.07399    -74.42006     0.10      0.05     0.11     1 
0130323535   40.07380    -74.38347     0.31      0.04     0.32     1 
0130323536   40.07360    -74.34689     0.04     -0.01     0.04     1 
0130323537   40.07338    -74.31030     0.01     -0.08     0.09     1 
0130323538   40.07316    -74.27371     0.28      0.04     0.28     1 
0130323539   40.07292    -74.23712     0.12      0.01     0.12     1 
0130323540   40.07268    -74.20054     0.23      0.06     0.24     1 
0130323541   40.07242    -74.16395    -0.03     -0.04     0.05     1 
0130323542   40.07215    -74.12736     0.07     -0.03     0.08     1 
0130323543   40.07187    -74.09078     0.04     -0.06     0.07     1 
0130323544   40.07158    -74.05419    -0.04     -0.03     0.05     1 
0130323606   40.04881    -74.53001     0.35     -0.02     0.35     1 
0130323607   40.04865    -74.49343     0.20     -0.05     0.20     1 
0130323608   40.04849    -74.45686     0.07      0.02     0.08     1 
0130323609   40.04831    -74.42028     0.15      0.01     0.15     1 
0130323610   40.04812    -74.38371     0.15      0.03     0.15     1 
0130323611   40.04792    -74.34713    -0.00     -0.01     0.01     1 
0130323612   40.04771    -74.31056     0.26      0.01     0.26     1 
0130323613   40.04748    -74.27398     0.07     -0.04     0.08     1 
0130323614   40.04725    -74.23741     0.24     -0.05     0.25     1 
0130323615   40.04700    -74.20084     0.10      0.10     0.14     1 
0130323616   40.04675    -74.16426     0.10      0.01     0.10     1 
0130323617   40.04648    -74.12769     0.06     -0.02     0.06     1 
0130323618   40.04619    -74.09112    -0.01     -0.03     0.03     1 
0130323619   40.04590    -74.05455     0.00     -0.07     0.07     1 
0130323681   40.02313    -74.53018    -0.01     -0.08     0.08     1 
0130323682   40.02298    -74.49362    -0.02     -0.11     0.12     1 
0130323683   40.02281    -74.45706     0.01     -0.05     0.05     1 
0130323684   40.02263    -74.42050     0.04     -0.06     0.08     1 
0130323685   40.02244    -74.38394     0.07     -0.03     0.08     1 
0130323686   40.02224    -74.34737    -0.04     -0.04     0.06     1 
0130323687   40.02203    -74.31082     0.05     -0.06     0.08     1 
0130323688   40.02181    -74.27425     0.13      0.07     0.14     1 
0130323690   40.02133    -74.20114     0.23     -0.03     0.23     1 
0130323691   40.02107    -74.16458     0.01     -0.05     0.05     1 
0130323692   40.02080    -74.12802    -0.05     -0.06     0.08     1 
0130323693   40.02052    -74.09146    -0.06     -0.02     0.06     1 
0130323694   40.02023    -74.05490    -0.05     -0.09     0.10     1 
0130323756   39.99745    -74.53036    -0.01      0.05     0.05     1 
0130323757   39.99730    -74.49381    -0.01     -0.15     0.15     1 
0130323758   39.99713    -74.45726     0.01      0.01     0.02     1 
0130323759   39.99696    -74.42071     0.20      0.02     0.20     1 
0130323760   39.99677    -74.38417     0.20     -0.05     0.20     1 
0130323761   39.99657    -74.34762    -0.10     -0.09     0.14     1 
0130323762   39.99636    -74.31107    -0.10     -0.08     0.12     1 
0130323763   39.99613    -74.27453     0.15     -0.01     0.15     1 
0130323764   39.99590    -74.23798     0.16     -0.00     0.16     1 
0130323765   39.99565    -74.20144     0.17     -0.02     0.17     1 
0130323766   39.99540    -74.16489     0.11     -0.06     0.12     1 
0130323767   39.99513    -74.12834    -0.05     -0.04     0.06     1 
0130323768   39.99484    -74.09180    -0.08      0.00     0.08     1 
0130323831   39.97178    -74.53054     0.13     -0.00     0.13     1 
0130323832   39.97162    -74.49400    -0.08     -0.09     0.12     1 
0130323833   39.97146    -74.45746     0.08     -0.01     0.08     1 
0130323834   39.97128    -74.42093     0.07     -0.01     0.07     1 
0130323835   39.97109    -74.38440     0.16     -0.02     0.16     1 
0130323836   39.97089    -74.34786     0.11      0.02     0.11     1 
0130323837   39.97068    -74.31133     0.06     -0.02     0.06     1 
0130323838   39.97046    -74.27480     0.08     -0.07     0.11     1 
0130323839   39.97022    -74.23826     0.05     -0.00     0.05     1 
0130323840   39.96998    -74.20173     0.02     -0.01     0.02     1 
0130323841   39.96972    -74.16520     0.22     -0.01     0.22     1 
0130323842   39.96945    -74.12867    -0.04     -0.01     0.04     1 
0130323843   39.96917    -74.09214    -0.00     -0.10     0.10     1 
0130323906   39.94610    -74.53071    -0.04     -0.04     0.06     1 
0130323907   39.94594    -74.49419    -0.01     -0.05     0.05     1 
0130323908   39.94578    -74.45767     0.17     -0.05     0.18     1 
0130323909   39.94560    -74.42115     0.17     -0.02     0.17     1 
0130323910   39.94541    -74.38463     0.17     -0.07     0.18     1 
0130323911   39.94521    -74.34811     0.05      0.02     0.06     1 
0130323912   39.94500    -74.31159     0.16     -0.10     0.19     1 
0130323913   39.94478    -74.27507     0.13     -0.06     0.14     1 
0130323914   39.94455    -74.23855     0.04     -0.01     0.04     1 
0130323915   39.94430    -74.20203     0.06     -0.02     0.06     1 
0130323916   39.94404    -74.16551    -0.04     -0.05     0.06     1 
0130323917   39.94378    -74.12900    -0.06     -0.07     0.09     1 
0130323918   39.94349    -74.09248    -0.05     -0.11     0.12     1 
0130323980   39.92056    -74.56739     0.18      0.10     0.21     1 
0130323981   39.92042    -74.53088     0.15      0.03     0.16     1 
0130323982   39.92027    -74.49438     0.13     -0.01     0.13     1 
0130323983   39.92010    -74.45787    -0.05      0.06     0.08     1 
0130323984   39.91992    -74.42136     0.10      0.00     0.10     1 
0130323985   39.91974    -74.38486     0.07     -0.03     0.08     1 
0130323986   39.91954    -74.34835     0.05     -0.07     0.08     1 
0130323987   39.91933    -74.31185     0.06     -0.02     0.06     1 
0130323988   39.91911    -74.27534     0.19     -0.04     0.19     1 
0130323989   39.91887    -74.23883     0.03     -0.09     0.09     1 
0130323990   39.91862    -74.20233     0.03     -0.05     0.05     1 
0130323991   39.91837    -74.16583     0.25     -0.03     0.25     1 
0130323992   39.91810    -74.12932     0.07     -0.08     0.11     1 
0130323993   39.91782    -74.09282     0.06     -0.01     0.07     1 
0130324055   39.89488    -74.56755    -0.06     -0.01     0.06     1 
0130324056   39.89474    -74.53106    -0.07     -0.02     0.07     1 
0130324057   39.89459    -74.49457     0.09      0.01     0.09     1 
0130324058   39.89442    -74.45807     0.02      0.01     0.02     1 
0130324059   39.89425    -74.42158     0.16      0.01     0.16     1 
0130324060   39.89406    -74.38509     0.02      0.02     0.03     1 
0130324061   39.89386    -74.34859     0.02      0.00     0.02     1 
0130324062   39.89365    -74.31210     0.14     -0.01     0.14     1 
0130324063   39.89343    -74.27561     0.02     -0.05     0.05     1 
0130324064   39.89319    -74.23912     0.18     -0.04     0.18     1 
0130324065   39.89295    -74.20263     0.15     -0.06     0.16     1 
0130324066   39.89269    -74.16614     0.31     -0.06     0.32     1 
0130324067   39.89243    -74.12965    -0.06     -0.10     0.12     1 
0130324068   39.89214    -74.09316     0.03      0.05     0.06     1 
0130324130   39.86921    -74.56772     0.12     -0.08     0.15     1 
0130324131   39.86906    -74.53123     0.08     -0.05     0.10     1 
0130324132   39.86891    -74.49475     0.14     -0.00     0.14     1 
0130324133   39.86875    -74.45828    -0.11     -0.06     0.13     1 
0130324134   39.86857    -74.42180     0.25     -0.09     0.27     1 
0130324135   39.86838    -74.38532    -0.00     -0.00     0.00     1 
0130324136   39.86818    -74.34884    -0.06     -0.06     0.09     1 
0130324137   39.86797    -74.31236     0.08     -0.03     0.09     1 
0130324138   39.86775    -74.27588    -0.02     -0.00     0.02     1 
0130324139   39.86752    -74.23940    -0.01     -0.04     0.04     1 
0130324140   39.86727    -74.20292     0.20      0.01     0.20     1 
0130324141   39.86702    -74.16645     0.06      0.00     0.06     1 
0130324142   39.86675    -74.12997    -0.01     -0.12     0.12     1 
0130324205   39.84353    -74.56788     0.13      0.04     0.13     1 
0130324206   39.84339    -74.53141     0.12      0.04     0.13     1 
0130324207   39.84323    -74.49494     0.06      0.02     0.06     1 
0130324208   39.84307    -74.45848     0.11      0.07     0.13     1 
0130324209   39.84289    -74.42201     0.10     -0.01     0.10     1 
0130324210   39.84271    -74.38554     0.05     -0.03     0.06     1 
0130324211   39.84251    -74.34908     0.06     -0.03     0.07     1 
0130324212   39.84230    -74.31261     0.01     -0.08     0.08     1 
0130324213   39.84208    -74.27615     0.09     -0.06     0.11     1 
0130324214   39.84184    -74.23969     0.05     -0.11     0.12     1 
0130324215   39.84160    -74.20322     0.05      0.02     0.06     1 
0130324216   39.84134    -74.16676    -0.03     -0.04     0.05     1 
0130324218   39.84079    -74.09383    -0.02      0.04     0.04     1 
0130324280   39.81785    -74.56804     0.10      0.02     0.10     1 
0130324281   39.81771    -74.53159     0.08      0.07     0.11     1 
0130324282   39.81756    -74.49513     0.03      0.06     0.06     1 
0130324283   39.81739    -74.45868    -0.03      0.12     0.12     1 
0130324284   39.81722    -74.42223     0.01     -0.04     0.04     1 
0130324285   39.81703    -74.38577     0.04      0.06     0.07     1 
0130324286   39.81683    -74.34932     0.28      0.03     0.29     1 
0130324287   39.81662    -74.31287     0.03     -0.02     0.04     1 
0130324288   39.81640    -74.27642    -0.02     -0.00     0.02     1 
0130324289   39.81617    -74.23997    -0.02     -0.03     0.04     1 
0130324290   39.81592    -74.20352    -0.02     -0.06     0.07     1 
0130324291   39.81567    -74.16707    -0.04     -0.05     0.06     1 
0130324354   39.79230    -74.60464     0.12      0.07     0.14     1 
0130324355   39.79217    -74.56820    -0.00      0.03     0.03     1 
0130324356   39.79203    -74.53176     0.10      0.01     0.10     1 
0130324357   39.79188    -74.49532    -0.01     -0.08     0.08     1 
0130324358   39.79171    -74.45888     0.28      0.04     0.28     1 
0130324359   39.79154    -74.42244    -0.10     -0.02     0.11     1 
0130324360   39.79135    -74.38600     0.01      0.00     0.01     1 
0130324361   39.79115    -74.34956     0.07      0.07     0.10     1 
0130324362   39.79094    -74.31313     0.21      0.05     0.22     1 
0130324363   39.79072    -74.27669     0.09     -0.04     0.10     1 
0130324364   39.79049    -74.24025     0.17     -0.03     0.17     1 
0130324365   39.79024    -74.20382     0.22     -0.00     0.22     1 
0130324367   39.78972    -74.13094    -0.05     -0.06     0.08     1 
0130324429   39.76662    -74.60479     0.07      0.10     0.12     1 
0130324430   39.76649    -74.56836     0.17      0.07     0.18     1 
0130324431   39.76635    -74.53193    -0.05      0.03     0.05     1 
0130324432   39.76620    -74.49551     0.14      0.15     0.20     1 
0130324433   39.76604    -74.45908     0.05      0.10     0.11     1 
0130324434   39.76586    -74.42266    -0.01      0.04     0.04     1 
0130324435   39.76567    -74.38623     0.07      0.01     0.08     1 
0130324436   39.76548    -74.34981    -0.02      0.04     0.04     1 
0130324437   39.76527    -74.31338     0.23      0.10     0.25     1 
0130324438   39.76505    -74.27696     0.09     -0.01     0.09     1 
0130324439   39.76481    -74.24053     0.24     -0.00     0.24     1 
0130324440   39.76457    -74.20411     0.01      0.00     0.01     1 
0130324442   39.76405    -74.13127    -0.01      0.00     0.01     1 
0130324443   39.76377    -74.09484     0.23      0.15     0.27     1 
0130324504   39.74095    -74.60493     0.06      0.11     0.12     1 
0130324505   39.74082    -74.56852     0.05      0.18     0.19     1 
0130324506   39.74068    -74.53211    -0.03      0.03     0.05     1 
0130324507   39.74052    -74.49569     0.09      0.10     0.13     1 
0130324508   39.74036    -74.45928     0.16      0.03     0.17     1 
0130324509   39.74018    -74.42287    -0.01      0.08     0.08     1 
0130324510   39.74000    -74.38646    -0.03     -0.10     0.10     1 
0130324511   39.73980    -74.35005     0.36      0.11     0.37     1 
0130324512   39.73959    -74.31364     0.07     -0.04     0.08     1 
0130324513   39.73937    -74.27723     0.12      0.05     0.13     1 
0130324514   39.73914    -74.24082     0.26      0.05     0.27     1 
0130324515   39.73889    -74.20441    -0.01      0.03     0.03     1 
0130324516   39.73864    -74.16800    -0.01      0.06     0.06     1 
0130324517   39.73837    -74.13159    -0.00      0.01     0.01     1 
0130324579   39.71527    -74.60508     0.11      0.12     0.16     1 
0130324580   39.71514    -74.56868     0.06      0.01     0.06     1 
0130324581   39.71500    -74.53228    -0.00      0.02     0.02     1 
0130324582   39.71484    -74.49588     0.12      0.09     0.15     1 
0130324583   39.71468    -74.45948     0.06      0.10     0.12     1 
0130324584   39.71451    -74.42308    -0.05      0.04     0.06     1 
0130324585   39.71432    -74.38669    -0.08      0.05     0.09     1 
0130324586   39.71412    -74.35029     0.14      0.07     0.15     1 
0130324587   39.71391    -74.31389     0.19      0.09     0.21     1 
0130324588   39.71369    -74.27749     0.15      0.06     0.16     1 
0130324589   39.71346    -74.24110     0.23      0.09     0.25     1 
0130324590   39.71321    -74.20470     0.01     -0.03     0.03     1 
0130324591   39.71296    -74.16831    -0.00      0.08     0.08     1 
0130324592   39.71269    -74.13191    -0.04      0.02     0.05     1 
0130324654   39.68959    -74.60523    -0.01      0.12     0.12     1 
0130324655   39.68946    -74.56884     0.29      0.22     0.36     1 
0130324656   39.68932    -74.53245     0.09     -0.01     0.09     1 
0130324657   39.68917    -74.49607    -0.04      0.05     0.06     1 
0130324658   39.68900    -74.45968     0.06     -0.04     0.07     1 
0130324659   39.68883    -74.42330    -0.04     -0.08     0.09     1 
0130324660   39.68864    -74.38691    -0.02     -0.03     0.04     1 
0130324661   39.68844    -74.35053     0.01      0.01     0.02     1 
0130324662   39.68823    -74.31414     0.05      0.04     0.06     1 
0130324663   39.68801    -74.27776     0.20      0.03     0.20     1 
0130324664   39.68778    -74.24138     0.13      0.05     0.14     1 
0130324665   39.68754    -74.20500    -0.05      0.02     0.05     1 
0130324666   39.68728    -74.16861    -0.03      0.03     0.04     1 
0130324733   39.66333    -74.45988     0.01      0.04     0.04     1 
0130324734   39.66315    -74.42351     0.06      0.04     0.07     1 
0130324735   39.66296    -74.38714     0.22      0.04     0.22     1 
0130324736   39.66277    -74.35077     0.09      0.02     0.09     1 
0130324737   39.66256    -74.31440     0.12      0.08     0.14     1 
0130324738   39.66234    -74.27803     0.17      0.04     0.17     1 
0130324739   39.66210    -74.24166    -0.03      0.02     0.03     1 
0130324740   39.66186    -74.20529     0.02      0.08     0.08     1 
0130324741   39.66161    -74.16892    -0.03      0.09     0.09     1 
0130324813   39.63666    -74.27830     0.04      0.05     0.06     1 
0130324814   39.63643    -74.24194    -0.06     -0.07     0.09     1 
0130324815   39.63618    -74.20558    -0.06     -0.01     0.06     1 
----------------------------------------------------------------------
---------------------------------------------------
Total correlated GCPs in Upper Left Quadrant: 616

GCP statistics this quadrant only (in Pixels)
Line residual statistics:
  Mean: 0.068
  Median: 0.044
  Standard Deviation: 0.162

Sample residual statistics:
  Mean: 0.019
  Median: 0.019
  Standard Deviation: 0.070

Quadrant RMSE: 0.190

---------------------------------------------------
Total correlated GCPs in Upper Right Quadrant: 211

GCP statistics this quadrant only (in Pixels)
Line residual statistics:
  Mean: 0.051
  Median: 0.075
  Standard Deviation: 0.155

Sample residual statistics:
  Mean: -0.003
  Median: -0.001
  Standard Deviation: 0.066

Quadrant RMSE: 0.176

---------------------------------------------------
Total correlated GCPs in Lower Left Quadrant: 401

GCP statistics this quadrant only (in Pixels)
Line residual statistics:
  Mean: 0.116
  Median: 0.105
  Standard Deviation: 0.131

Sample residual statistics:
  Mean: -0.013
  Median: -0.014
  Standard Deviation: 0.061

Quadrant RMSE: 0.186

---------------------------------------------------
Total correlated GCPs in Lower Right Quadrant: 0

GCP statistics this quadrant only (in Pixels)
Line residual statistics:
  Mean: 0.000
  Median: 0.000
  Standard Deviation: 0.000

Sample residual statistics:
  Mean: 0.000
  Median: 0.000
  Standard Deviation: 0.000

Quadrant RMSE: 0.000

---------------------------------------------------
---------------------------------------------------
Total correlated GCPs in scene: 1228

GCP statistics entire scene (in Pixels)
Line residual statistics:
  Mean: 0.081
  Median: 0.073
  Standard Deviation: 0.153

Sample residual statistics:
  Mean: 0.004
  Median: 0.001
  Standard Deviation: 0.068

Scene RMSE: 0.186

