Fri. Sep.  9, 2016             LANDSAT 5                 Time: 08:48
                         Image Assessment System
                           GCP Residual Report
----------------------------------------------------------------------------
WOID: L19552373            Path/Row: 014 / 032

L0R Reference Image: L51GNC1008251150100_HDF.162531344
Acquisition Date: Sep 07, 2008

Band Number:  5

GLS date for each WRS-2 path/row used:
Path  Row   Date
014   032   09-23-1999


Point_ID         Latitude  Longitude    Height       Across    Along    Residual  Residual
                                                      Scan      Scan      In y      in x
                                                    Residual  Residual    dir       dir
                   (deg)     (deg)     (meters)     (meters)  (meters)  (meters)  (meters)

0140320001_01   39.805434  -75.427445   -32.455      -2.972     0.974    -3.093     0.407
0140320002_01   40.844760  -73.788842   -27.396      -3.485     1.701    -3.759     1.022
0140320003_01   40.948134  -74.065321   -15.668       1.482     2.469     0.985     2.696
0140320004_01   40.978516  -73.787468    47.304      -1.442     0.887    -1.601     0.601
0140320005_01   39.597576  -74.342643   -30.984      -1.340     0.815    -1.486     0.547
0140320007_01   40.869077  -74.151518    -4.729       2.401     0.662     2.222     1.091
0140320008_01   40.462764  -74.295361    -1.381       4.595    -2.530     4.967    -1.637
0140320009_01   40.348343  -74.123108   -16.496      -0.904    -1.201    -0.684    -1.350
0140320010_01   40.600232  -75.454805    41.220       2.292    -2.413     2.710    -1.944
0140320011_01   40.627047  -74.167714   -25.800       2.410    -2.456     2.806    -1.970
0140320012_01   39.992673  -75.274339    41.869       0.903     0.151     0.864     0.317
0140320013_01   40.876867  -74.352585    25.543       0.578     0.572     0.453     0.667
0140320014_01   41.034599  -75.065550   265.632       2.000    -1.671     2.279    -1.271
0140320015_01   40.732542  -73.708102    -4.949       0.777     3.248     0.139     3.330
0140320016_01   39.989676  -74.158986   -27.474      -2.986     0.574    -3.060     0.006
0140320017_01   40.909079  -74.530737   203.203      -0.479    -0.294    -0.421    -0.378
0140320018_01   40.362150  -74.024706   -18.215      -3.901    -1.931    -3.495    -2.623
0140320019_01   41.002140  -74.203678   125.341       1.352    -0.326     1.376    -0.073
0140320020_01   40.098094  -74.091837   -27.866      -2.735     1.767    -3.034     1.224
0140320021_01   40.155362  -75.136205    49.267      -0.487     3.841    -1.187     3.682
0140320022_01   40.260332  -74.001827   -22.602      -2.383    -1.708    -2.046    -2.124
0140320023_01   40.207880  -74.441131    51.843      -0.616    -5.437     0.389    -5.455
0140320024_01   40.171667  -75.246519    38.178      -1.437     1.287    -1.645     0.999
0140320025_01   39.957452  -75.178311   -28.973      -2.222     0.119    -2.203    -0.295
0140320026_01   40.603280  -74.097800    16.189       3.692    -2.118     4.000    -1.400
0140320027_01   40.482680  -74.484165    -1.784       0.366    -1.874     0.696    -1.775
0140320028_01   40.569220  -74.938214   144.014      -1.985    -0.135    -1.923    -0.499
0140320029_01   40.851084  -75.265036   197.558       0.803     0.123     0.775     0.271
0140320030_01   39.894887  -74.752838   -18.246       1.545     0.755     1.370     1.026
0140320031_01   39.881033  -75.875588   125.109      -2.512    -1.930    -2.091    -2.357
0140320032_01   40.330097  -74.257896    13.724       3.928    -0.255     3.889     0.475
0140320033_01   40.003845  -75.232910    52.481       1.459     2.953     0.889     3.171
0140320034_01   40.535374  -74.198250    -6.496      -0.729    -3.275    -0.126    -3.355
0140320035_01   39.870199  -75.139147   -27.239       2.673     3.007     2.068     3.449
0140320036_01   40.001070  -75.091614   -24.348       2.030     2.477     1.535     2.809
0140320037_01   39.575384  -74.752579    -7.417      -1.290     1.931    -1.635     1.655
0140320038_01   40.890743  -73.900892     7.681       0.146    -2.113     0.514    -2.052
0140320039_01   40.269896  -74.815696    13.164      -1.429     0.239    -1.451    -0.031
0140320040_01   40.796170  -74.619726   175.825      -2.710     1.159    -2.879     0.636
0140320041_01   40.998681  -75.557052   469.341      -5.384     0.421    -5.345    -0.576
0140320043_01   40.361513  -75.731967    69.510      -1.413    -2.776    -0.857    -2.984
0140320044_01   39.857539  -75.095281   -28.243       1.172     1.798     0.817     1.983
0140320045_01   40.451689  -74.342177    -5.624       3.206    -1.643     3.440    -1.023
0140320046_01   40.685601  -74.318581    -1.702       1.007     0.211     0.938     0.391
0140320047_01   39.699187  -75.558709   -18.511       1.085    -1.232     1.303    -1.007
0140320048_01   40.336427  -75.155640    96.453       0.221     0.671     0.097     0.701
0140320049_01   40.788161  -74.002499    -1.738      -1.466    -0.227    -1.416    -0.497
0140320050_01   40.675469  -75.347048    64.468       3.827    -1.406     4.029    -0.672
0140320051_01   40.597285  -74.376918    -7.258       0.992     0.778     0.819     0.946
0140320052_01   40.369305  -74.586092     0.020       1.790    -0.603     1.862    -0.262
0140320053_01   40.856112  -75.180698   173.073      -0.591    -1.803    -0.239    -1.878
0140320054_01   40.804332  -75.086663    81.998       1.105    -1.834     1.430    -1.596
0140320055_01   40.510479  -75.296268   109.912       0.638    -0.132     0.660    -0.010
0140320056_01   40.300870  -74.252215    29.689      -2.421    -3.316    -1.780    -3.708
0140320057_01   40.030276  -75.260073    68.982      -0.447    -1.004    -0.249    -1.068
0140320058_01   40.484142  -74.509639     4.000       0.426    -1.507     0.688    -1.403
0140320059_01   40.902666  -75.128109   122.481      -0.146     0.601    -0.247     0.565
0140320060_01   39.992566  -76.019682   103.143      -0.064    -2.528     0.427    -2.491
0140320061_01   40.520817  -74.633328    -8.987      -1.551     0.597    -1.639     0.298
0140320062_01   40.610151  -74.463327    -6.471       0.490    -2.812     0.992    -2.673
0140320063_01   40.947799  -74.549354   220.724      -0.986    -0.464    -0.887    -0.638
0140320064_01   40.056895  -74.111730   -31.615      -1.365     0.634    -1.479     0.365
0140320065_01   40.950594  -73.704930   -13.516      -4.835     1.962    -5.134     1.029
0140320066_01   40.403094  -75.212714   103.118      -2.657     1.191    -2.824     0.679
0140320067_01   40.389696  -75.284427   135.939      -0.185     0.505    -0.267     0.463
0140320068_01   40.547533  -74.424500    -1.385       1.598     1.808     1.225     2.069
0140320069_01   40.818104  -73.935885   -28.955      -1.902    -1.348    -1.639    -1.679
0140320070_01   39.663913  -75.771067    -4.805       2.578    -2.273     2.967    -1.752
0140320071_01   39.781890  -75.708972    46.435       2.197     0.746     2.032     1.142
0140320072_01   40.881202  -74.675855   306.319       2.010    -1.220     2.196    -0.827
0140320073_01   40.653594  -75.423230    85.425       1.775     0.540     1.656     0.860
0140320074_01   40.253826  -75.004116    25.831      -2.747     2.399    -3.142     1.848
0140320075_01   40.865901  -74.198549    87.717       1.522    -0.467     1.568    -0.180
0140320076_01   39.749436  -76.094175    63.500      -1.169     1.684    -1.440     1.441
0140320077_01   40.042458  -75.355071    79.994       0.327    -0.864     0.488    -0.786
0140320078_01   40.647365  -74.003179    17.815      -0.209    -2.178     0.178    -2.181
0140320079_01   39.841734  -76.051108   105.121      -2.309     4.620    -3.104     4.114
0140320080_01   39.698992  -75.856837    71.774      -0.372    -0.001    -0.349    -0.067
0140320081_01   40.156785  -76.001704   144.577      -2.954     3.175    -3.468     2.575
0140320082_01   39.981445  -74.784500   -17.666      -0.463    -0.258    -0.413    -0.340
0140320083_01   40.135578  -74.189587   -12.000       0.710    -1.747     1.002    -1.588
0140320084_01   39.960343  -75.699571   106.569      -1.218     3.655    -1.860     3.366
0140320085_01   40.578708  -74.252320   -21.684       1.389    -0.512     1.445    -0.249
0140320086_01   40.312531  -75.487469    80.078       0.141     2.541    -0.321     2.523
0140320087_01   40.004607  -75.503549   109.849       0.551     0.037     0.544     0.140
0140320089_01   40.670550  -75.265739    79.887       1.825     1.338     1.554     1.653
0140320090_01   40.639498  -73.881963   -30.612       3.948    -4.005     4.597    -3.208
0140320091_01   40.381208  -75.480896    71.216       1.563     0.865     1.386     1.141
0140320092_01   41.113810  -75.555881   487.482      -1.729     4.696    -2.545     4.293
0140320093_01   40.322671  -75.132656    75.205      -0.459    -1.103    -0.243    -1.168
0140320094_01   40.832035  -73.866282   -22.096       0.639    -2.087     0.992    -1.936
0140320095_01   40.717101  -73.805011     1.958      -1.491     2.585    -1.964     2.259
0140320096_01   40.254028  -75.279625    70.075       2.656     0.849     2.457     1.327
0140320097_01   40.773997  -74.158062   -24.319       1.677     0.759     1.493     1.053
0140320098_01   40.309000  -75.232542    74.660      -1.913    -2.056    -1.492    -2.372
0140320099_01   40.474566  -74.717103   133.476      -2.906    -2.588    -2.379    -3.080
0140320100_01   40.063315  -74.345224    -3.424       3.965    -4.164     4.650    -3.357
0140320101_01   40.212760  -74.758033   -21.440      -0.959     0.051    -0.956    -0.128
0140320102_01   40.428235  -74.518888     1.000       2.668    -1.946     2.971    -1.420
0140320103_01   39.824322  -76.120952    98.715       2.378    -6.742     3.609    -6.177
0140320104_01   40.791652  -74.952587   127.661      -0.327    -2.545     0.152    -2.559
0140320105_01   40.254409  -74.299644    18.888       1.307    -1.862     1.613    -1.589
0140320106_01   40.704794  -74.193381   -29.595       2.147     0.087     2.079     0.480
0140320107_01   40.479406  -74.321379   -24.555      -0.065    -1.218     0.148    -1.211
0140320108_01   40.735811  -75.691287   173.733      -0.686     1.077    -0.854     0.934
0140320109_01   40.817986  -73.839486   -29.568      -7.015     3.491    -7.556     2.128
0140320110_01   40.900594  -74.572825   165.435       0.657     0.466     0.555     0.578
0140320111_01   39.952023  -75.592018    88.933       3.224    -0.069     3.190     0.532
0140320112_01   40.528496  -75.214881   150.581      -1.085     2.684    -1.555     2.436
0140320113_01   40.725801  -73.733809    -6.983      -1.430     4.557    -2.270     4.206
0140320114_01   40.280053  -74.032592   -16.000      -3.667    -2.005    -3.252    -2.653
0140320116_01   39.760487  -75.110907   -16.325       3.386     1.474     3.051     2.076
0140320117_01   40.327078  -74.134683    -9.000      -3.371     0.546    -3.430    -0.092
0140320118_01   40.347979  -74.799234    29.081      -1.667    -0.978    -1.460    -1.269
0140320119_01   40.286497  -75.264935    68.530       0.466     0.164     0.433     0.248
0140320120_01   40.412426  -75.110909   123.086       0.506    -1.221     0.726    -1.104
0140320121_01   40.057739  -75.809959   162.289      -0.775     3.671    -1.425     3.464
0140320122_01   39.775908  -75.568087    48.602       2.175    -0.292     2.199     0.119
0140320124_01   40.260965  -74.044859   -15.000      -4.944    -0.079    -4.862    -0.998
0140320127_01   40.842410  -73.934073    29.268       0.991    -2.897     1.489    -2.666
0140320128_01   41.019962  -74.551360   261.667      -0.266     1.000    -0.449     0.931
0140320129_01   39.928058  -74.123579   -31.000       0.550     0.930     0.347     1.012
0140320131_01   40.207776  -74.019167   -27.000      -4.488    -1.153    -4.216    -1.969
0140320133_01   40.139070  -74.810416   -32.000       3.164     2.618     2.617     3.157
0140320134_01   40.384341  -75.082235   121.076      -1.338     1.476    -1.584     1.202
0140320135_01   40.858007  -74.604423   243.915       1.831    -0.490     1.884    -0.144
0140320136_01   41.142711  -75.030982   319.000      -0.140     1.105    -0.334     1.060
0140320137_01   40.194471  -76.049486   119.148       2.942    -0.136     2.938     0.414
0140320138_01   40.676477  -74.284596    -0.594       0.772    -0.535     0.844    -0.385
0140320139_01   40.089761  -74.988621    -2.654       0.234     0.821     0.076     0.849
0140320140_01   40.218996  -74.102918    -5.409       0.564    -2.654     1.026    -2.506
0140320141_01   39.930005  -75.056409   -28.000       0.520     0.986     0.327     1.065
0140320143_01   40.328658  -75.939968    33.652       0.917    -3.706     1.608    -3.466
0140320144_01   40.224945  -74.138805     3.529       0.663    -1.344     0.880    -1.200
0140320145_01   40.639411  -74.236033   -26.267       1.357     0.105     1.300     0.352
0140320146_01   40.353276  -75.937130    61.609       3.923     2.695     3.375     3.376
0140320147_01   39.849263  -75.697741    77.010       2.607    -0.644     2.692    -0.147
0140320148_01   40.989163  -73.964881   -13.162       1.793    -1.544     2.029    -1.189
0140320149_01   40.035091  -75.801955   141.802      -3.419     2.861    -3.872     2.179
0140320150_01   40.151009  -74.155238   -19.789      -0.551     1.237    -0.790     1.109
0140320152_01   39.752212  -75.225056    -5.000       0.653    -0.138     0.668    -0.014
0140320153_01   39.946933  -75.983185   107.179       0.655     0.587     0.555     0.701
0140320154_01   40.061203  -74.145443   -28.296      -2.670     0.601    -2.753     0.091
0140320155_01   40.679373  -74.016902   -31.000       1.074    -1.132     1.246    -0.916
0140320156_01   40.545954  -74.556664   -14.713      -1.355    -1.698    -1.024    -1.920
0140320158_01   40.054038  -74.897177   -24.000      -1.225    -2.869    -0.675    -3.045
0140320159_01   40.130289  -74.562193     8.223      -0.028     1.039    -0.230     1.013
0140320160_01   40.863265  -73.999593   -30.000      -0.050     1.345    -0.315     1.308
0140320161_01   40.751314  -74.373350    23.838       0.366     4.599    -0.500     4.582
0140320162_01   40.038203  -75.217202    58.313      -0.327     1.707    -0.634     1.617
0140320163_01   40.245369  -75.378350    34.762      -1.212    -1.382    -0.926    -1.580
0140320164_01   40.756094  -73.687744     6.704      -2.616     2.616    -3.077     2.081
0140320165_01   39.752684  -76.149555    83.637      -3.063    -1.295    -2.745    -1.835
0140320166_01   40.180768  -75.454458    11.792       1.036     1.655     0.720     1.819
0140320167_01   40.047982  -74.685815   -13.844      -3.602     5.083    -4.487     4.323
0140320168_01   40.725186  -75.556897   100.790       1.641     0.376     1.557     0.675
0140320169_01   40.482150  -74.627521    -6.990       0.866     1.783     0.514     1.910
0140320170_01   40.510584  -74.969075   128.033       0.356     0.148     0.324     0.211
0140320171_01   40.738841  -73.956691   -29.439       1.751     0.982     1.519     1.285
0140320172_01   41.040536  -74.560500   350.538       0.483     4.008    -0.268     4.023
0140320173_01   40.275648  -75.127271    32.041      -0.247    -0.925    -0.068    -0.954
0140320174_01   40.536326  -74.667604    -2.483       3.429     0.476     3.275     1.101
0140320175_01   40.136247  -74.966428    18.302      -0.587     0.333    -0.640     0.218
0140320176_01   39.781216  -75.811963    87.145       1.548    -0.010     1.537     0.280
0140320177_01   39.783708  -76.155677   106.376       1.062     0.494     0.974     0.686
0140320178_01   40.324814  -76.011246    78.057      -3.354    -3.679    -2.589    -4.229
0140320179_01   40.809197  -75.617710   157.267       0.065     1.580    -0.211     1.566
0140320180_01   39.911319  -76.037781   182.398       0.226    -3.947     0.975    -3.830
0140320181_01   40.684581  -75.447922    84.718       0.246    -3.811     0.959    -3.695
0140320182_01   40.615281  -73.760014   -30.019      -0.980     1.636    -1.289     1.420
0140320183_01   39.935350  -75.131554   -31.000       1.921    -1.941     2.247    -1.550
0140320184_01   40.303536  -74.639447    -4.498      -1.457    -0.149    -1.411    -0.418
0140320185_01   40.051410  -74.655903     3.968       4.258     3.256     3.570     3.985
0140320186_01   40.409024  -74.513721    -3.080       0.521    -0.870     0.663    -0.760
0140320187_01   40.780757  -74.370584    21.494      -0.505    -1.338    -0.259    -1.410
0140320188_01   40.470472  -75.389520   144.556      -0.178     1.021    -0.353     0.972
0140320189_01   39.950619  -74.778275   -19.052       3.862    -1.236     4.015    -0.499
0140320191_01   40.620949  -75.478000    48.317       0.407    -0.917     0.583    -0.823
0140320192_01   40.289450  -74.126693   -15.000      -3.614     0.445    -3.651    -0.237
0140320193_01   40.086216  -74.913316   -28.990       2.159     1.168     1.901     1.547
0140320194_01   40.077526  -75.130068    25.598      -0.801    -0.134    -0.760    -0.280
0140320195_01   40.067056  -74.978071   -21.573       0.703     1.405     0.429     1.510
0140320197_01   39.942830  -74.184843   -32.886      -3.236     1.286    -3.436     0.659
0140320198_01   40.472393  -74.857966    14.866      -3.029    -0.020    -2.972    -0.580
0140320199_01   40.504123  -75.494873   146.230      -1.646    -4.285    -0.811    -4.510
0140320200_01   40.637419  -74.074636   -28.778       2.955     2.428     2.437     2.928
0140320201_01   40.297003  -74.374743    -3.412       3.572    -0.592     3.605     0.079
0140320202_01   39.968397  -75.560543    98.338       1.689    -0.878     1.832    -0.547
0140320203_01   40.148954  -75.013971    35.787      -1.482    -2.065    -1.073    -2.302
0140320204_01   40.572870  -75.588949   106.261       2.512     2.482     2.023     2.904
0140320205_01   40.149740  -74.333476     0.859       1.050    -0.481     1.105    -0.281
0140320206_01   39.565970  -74.775314   -17.062       1.857    -0.658     1.936    -0.303
0140320207_01   40.200172  -75.468687    49.100       1.086     0.065     1.065     0.267
0140320208_01   40.909406  -74.123574   -10.782       3.168     0.030     3.091     0.612
0140320209_01   40.522565  -74.520339    -8.094      -1.054    -1.593    -0.749    -1.762
0140320210_01   40.209449  -75.569575     8.166      -0.012     0.159    -0.029     0.157
0140320211_01   39.936623  -74.811678   -24.896       2.413     1.172     2.147     1.597
0140320212_01   39.798738  -74.181290   -31.000      -3.188     1.104    -3.356     0.488
0140320213_01   40.594835  -74.280858   -25.276       2.787     1.099     2.521     1.592
0140320215_01   40.043780  -75.086747    -2.464       5.490     0.456     5.308     1.465
0140320216_01   40.217498  -75.296750    75.995       1.476    -0.217     1.496     0.062
0140320217_01   40.197160  -75.202200    54.415      -0.046     0.903    -0.208     0.880
0140320218_01   40.093001  -75.033668    13.399       1.109     1.443     0.821     1.622
0140320219_01   39.796021  -75.740303    91.852       0.709     0.220     0.669     0.351
0140320220_01   39.770279  -75.499035    28.196       1.543    -1.286     1.762    -0.976
0140320221_01   39.679485  -75.932856    70.882      -3.865    -0.662    -3.655    -1.364
0140320222_01   41.025517  -74.264774    82.617      -3.390     0.970    -3.519     0.325
0140320223_01   40.286308  -75.488693    60.200       2.567     3.376     1.907     3.792
0140320224_01   40.350552  -75.265186   100.892      -0.491    -1.001    -0.291    -1.073
0140320226_01   40.196717  -74.864888    24.075      -1.240    -0.865    -1.061    -1.079
0140320227_01   39.831415  -75.548209    80.896       2.742    -3.725     3.393    -3.147
0140320228_01   40.094673  -74.661316    -8.178      -0.655     0.503    -0.745     0.371
0140320229_01   40.738885  -74.160992   -25.810       3.951     1.256     3.634     1.961
0140320230_01   40.391268  -75.769757    82.405      -1.732    -2.055    -1.302    -2.335
0140320231_01   39.746889  -74.531364   -16.000       0.311     4.210    -0.490     4.190
0140320232_01   40.782947  -74.125950    -4.197       0.650     2.069     0.242     2.150
0140320233_01   40.714229  -74.229495    16.515       2.610     0.531     2.452     1.002
0140320234_01   39.645427  -74.507924   -28.248      -2.204     0.229    -2.222    -0.187
0140320235_01   40.406302  -75.700632   117.102      -3.780    -2.872    -3.164    -3.516
0140320237_01   40.336631  -74.594416    -9.970      -0.249    -1.167    -0.037    -1.194
0140320238_01   39.605302  -74.863598   -10.390       1.776     0.644     1.617     0.961
0140320239_01   39.997234  -75.947357   189.926      -6.244    -0.105    -6.092    -1.256
0140320240_01   40.338783  -74.183275    -7.460       0.668    -1.656     0.945    -1.506
0140320241_01   39.790937  -75.921746   117.178      -1.011     1.118    -1.183     0.914
0140320242_01   40.088858  -75.764932   125.467      -1.632     1.363    -1.839     1.039
0140320243_01   39.730341  -74.260167   -16.282      -1.492    -3.504    -0.835    -3.722
0140320244_01   40.357070  -74.976918     8.311      -2.180    -1.034    -1.949    -1.419
0140320245_01   40.306679  -75.391401    69.328      -0.367     2.760    -0.862     2.645
0140320246_01   39.646675  -75.375066   -19.949       0.740    -0.846     0.888    -0.692
0140320247_01   40.664464  -73.950398    -8.931      -0.135    -1.746     0.170    -1.744
0140320248_01   40.649103  -75.769519   147.981      -6.422    -4.220    -5.506    -5.326
0140320249_01   40.139349  -75.986305    96.092      -4.734     3.060    -5.195     2.134
